0 0.48828125 0.23958333333333334 0.486328125 0.22916666666666666 0.48828125 0.22569444444444445 0.48828125 0.21875 0.4921875 0.21180555555555555 0.505859375 0.21180555555555555 0.509765625 0.23958333333333334 0.505859375 0.24305555555555555 0.4921875 0.24305555555555555 0.490234375 0.23958333333333334
0 0.564453125 0.4027777777777778 0.568359375 0.4097222222222222 0.568359375 0.4340277777777778 0.56640625 0.4375 0.55859375 0.4375 0.552734375 0.4270833333333333 0.552734375 0.4166666666666667 0.5546875 0.4097222222222222 0.5625 0.4027777777777778
0 0.568359375 0.4930555555555556 0.564453125 0.4826388888888889 0.564453125 0.4722222222222222 0.572265625 0.4548611111111111 0.578125 0.4548611111111111 0.58203125 0.4618055555555556 0.58203125 0.4791666666666667 0.578125 0.4930555555555556 0.5703125 0.4930555555555556
1 0.58984375 0.3993055555555556 0.591796875 0.4027777777777778 0.595703125 0.4027777777777778 0.6015625 0.4131944444444444 0.609375 0.4166666666666667 0.61328125 0.4236111111111111 0.61328125 0.4583333333333333 0.611328125 0.4618055555555556 0.609375 0.4826388888888889 0.60546875 0.4895833333333333 0.5703125 0.4479166666666667 0.568359375 0.40625 0.57421875 0.3993055555555556 0.587890625 0.3993055555555556
1 0.544921875 0.4270833333333333 0.55859375 0.4444444444444444 0.556640625 0.4652777777777778 0.5546875 0.4722222222222222 0.53125 0.5104166666666666 0.5234375 0.5173611111111112 0.51171875 0.5173611111111112 0.501953125 0.5034722222222222 0.5078125 0.4791666666666667 0.5078125 0.46875 0.509765625 0.4652777777777778 0.505859375 0.4479166666666667 0.5078125 0.4409722222222222 0.51953125 0.4305555555555556 0.54296875 0.4270833333333333
1 0.48046875 0.2326388888888889 0.486328125 0.2326388888888889 0.48828125 0.22916666666666666 0.505859375 0.22916666666666666 0.513671875 0.2361111111111111 0.51953125 0.25 0.51953125 0.2638888888888889 0.513671875 0.2847222222222222 0.509765625 0.2881944444444444 0.484375 0.2881944444444444 0.482421875 0.28125 0.482421875 0.2708333333333333 0.4765625 0.2604166666666667 0.4765625 0.25 0.48046875 0.2361111111111111
1 0.60546875 0.4826388888888889 0.609375 0.5 0.609375 0.5138888888888888 0.607421875 0.5173611111111112 0.599609375 0.5173611111111112 0.58984375 0.5069444444444444 0.583984375 0.5069444444444444 0.58203125 0.5104166666666666 0.576171875 0.5034722222222222 0.576171875 0.5 0.5859375 0.4861111111111111 0.58984375 0.46875 0.591796875 0.46875 0.599609375 0.4826388888888889 0.603515625 0.4826388888888889
2 0.595703125 0.4791666666666667 0.603515625 0.4895833333333333 0.61328125 0.4895833333333333 0.615234375 0.4930555555555556 0.62109375 0.4930555555555556 0.630859375 0.5 0.64453125 0.4930555555555556 0.65625 0.4756944444444444 0.666015625 0.4861111111111111 0.666015625 0.4895833333333333 0.66015625 0.4895833333333333 0.65234375 0.4965277777777778 0.638671875 0.5208333333333334 0.638671875 0.53125 0.63671875 0.5347222222222222 0.6328125 0.5381944444444444 0.625 0.5381944444444444 0.619140625 0.5486111111111112 0.6171875 0.5486111111111112 0.61328125 0.5590277777777778 0.60546875 0.5590277777777778 0.59765625 0.5381944444444444 0.59765625 0.5243055555555556 0.58984375 0.5138888888888888 0.58203125 0.5138888888888888 0.578125 0.5104166666666666 0.578125 0.5069444444444444 0.56640625 0.4826388888888889 0.56640625 0.4722222222222222 0.5703125 0.4618055555555556 0.580078125 0.4618055555555556 0.5859375 0.4722222222222222 0.58984375 0.4722222222222222 0.59375 0.4791666666666667
2 0.595703125 0.4027777777777778 0.61328125 0.4236111111111111 0.61328125 0.4409722222222222 0.615234375 0.4479166666666667 0.61328125 0.4513888888888889 0.611328125 0.4756944444444444 0.609375 0.4791666666666667 0.611328125 0.4895833333333333 0.6015625 0.4895833333333333 0.59375 0.4756944444444444 0.583984375 0.46875 0.578125 0.4583333333333333 0.5703125 0.4583333333333333 0.568359375 0.4548611111111111 0.568359375 0.4444444444444444 0.564453125 0.4375 0.560546875 0.4375 0.552734375 0.4270833333333333 0.552734375 0.4166666666666667 0.55859375 0.40625 0.5625 0.40625 0.5703125 0.3993055555555556 0.591796875 0.3993055555555556 0.59375 0.4027777777777778
2 0.544921875 0.4270833333333333 0.560546875 0.4444444444444444 0.564453125 0.4583333333333333 0.564453125 0.46875 0.546875 0.4826388888888889 0.533203125 0.5104166666666666 0.525390625 0.5173611111111112 0.513671875 0.5381944444444444 0.513671875 0.5416666666666666 0.505859375 0.5555555555555556 0.50390625 0.5694444444444444 0.4921875 0.5798611111111112 0.48828125 0.5798611111111112 0.490234375 0.5347222222222222 0.4921875 0.53125 0.4921875 0.5208333333333334 0.498046875 0.5069444444444444 0.5078125 0.4722222222222222 0.5078125 0.4652777777777778 0.50390625 0.4583333333333333 0.505859375 0.4444444444444444 0.513671875 0.4340277777777778 0.517578125 0.4340277777777778 0.51953125 0.4305555555555556 0.54296875 0.4270833333333333
2 0.50390625 0.21180555555555555 0.525390625 0.2638888888888889 0.525390625 0.28125 0.529296875 0.2881944444444444 0.529296875 0.2951388888888889 0.52734375 0.2986111111111111 0.525390625 0.2951388888888889 0.515625 0.2986111111111111 0.51171875 0.2916666666666667 0.505859375 0.3020833333333333 0.505859375 0.3090277777777778 0.50390625 0.3125 0.505859375 0.3472222222222222 0.50390625 0.3506944444444444 0.50390625 0.3819444444444444 0.501953125 0.3888888888888889 0.5 0.3888888888888889 0.4921875 0.3715277777777778 0.4921875 0.3506944444444444 0.484375 0.3333333333333333 0.484375 0.3229166666666667 0.482421875 0.3194444444444444 0.482421875 0.2951388888888889 0.47265625 0.2881944444444444 0.4765625 0.2743055555555556 0.474609375 0.2673611111111111 0.474609375 0.2534722222222222 0.48046875 0.2326388888888889 0.482421875 0.2326388888888889 0.4921875 0.21180555555555555 0.501953125 0.21180555555555555