0 0.39453125 0.4409722222222222 0.3984375 0.4479166666666667 0.3984375 0.4583333333333333 0.400390625 0.4618055555555556 0.3984375 0.4652777777777778 0.390625 0.4583333333333333 0.380859375 0.4583333333333333 0.3828125 0.4444444444444444 0.38671875 0.4409722222222222 0.392578125 0.4409722222222222
0 0.41796875 0.3611111111111111 0.42578125 0.375 0.42578125 0.3888888888888889 0.421875 0.3993055555555556 0.41796875 0.3993055555555556 0.416015625 0.4027777777777778 0.40625 0.3958333333333333 0.40234375 0.3819444444444444 0.404296875 0.3784722222222222 0.404296875 0.3715277777777778 0.41015625 0.3611111111111111 0.416015625 0.3611111111111111
0 0.69140625 0.3715277777777778 0.693359375 0.375 0.693359375 0.3923611111111111 0.677734375 0.4097222222222222 0.671875 0.40625 0.669921875 0.3993055555555556 0.669921875 0.3784722222222222 0.677734375 0.3680555555555556 0.6875 0.3680555555555556 0.689453125 0.3715277777777778
0 0.4375 0.28125 0.44140625 0.2847222222222222 0.443359375 0.2916666666666667 0.443359375 0.3090277777777778 0.439453125 0.3159722222222222 0.427734375 0.3159722222222222 0.42578125 0.3090277777777778 0.427734375 0.2881944444444444 0.435546875 0.28125
0 0.98984375 0.337037037037037 0.0203125 0.0462962962962963
0 0.494140625 0.40625 0.498046875 0.4097222222222222 0.498046875 0.4166666666666667 0.5 0.4201388888888889 0.5 0.4409722222222222 0.498046875 0.4479166666666667 0.494140625 0.4513888888888889 0.484375 0.4513888888888889 0.48046875 0.4444444444444444 0.48046875 0.4166666666666667 0.484375 0.4097222222222222 0.4921875 0.40625
1 0.404296875 0.3854166666666667 0.41015625 0.3958333333333333 0.4140625 0.3958333333333333 0.416015625 0.3993055555555556 0.421875 0.3958333333333333 0.42578125 0.3854166666666667 0.431640625 0.3888888888888889 0.43359375 0.3958333333333333 0.431640625 0.4097222222222222 0.427734375 0.4097222222222222 0.41796875 0.4305555555555556 0.40625 0.4409722222222222 0.3984375 0.4409722222222222 0.396484375 0.4375 0.396484375 0.4166666666666667 0.392578125 0.4097222222222222 0.39453125 0.3958333333333333 0.400390625 0.3854166666666667 0.40234375 0.3854166666666667
1 0.39453125 0.4583333333333333 0.400390625 0.46875 0.400390625 0.4756944444444444 0.40234375 0.4791666666666667 0.40234375 0.5034722222222222 0.3984375 0.5208333333333334 0.39453125 0.5243055555555556 0.373046875 0.5173611111111112 0.361328125 0.5069444444444444 0.36328125 0.5 0.365234375 0.4722222222222222 0.375 0.4652777777777778 0.380859375 0.4548611111111111 0.390625 0.4548611111111111 0.392578125 0.4583333333333333
1 0.69921875 0.4027777777777778 0.70703125 0.4340277777777778 0.708984375 0.4583333333333333 0.712890625 0.46875 0.712890625 0.4791666666666667 0.70703125 0.4895833333333333 0.703125 0.4826388888888889 0.703125 0.4583333333333333 0.6953125 0.4409722222222222 0.685546875 0.4409722222222222 0.68359375 0.4444444444444444 0.6875 0.4513888888888889 0.693359375 0.4756944444444444 0.693359375 0.4861111111111111 0.689453125 0.4895833333333333 0.677734375 0.4375 0.677734375 0.4131944444444444 0.689453125 0.3993055555555556 0.6953125 0.3993055555555556 0.697265625 0.4027777777777778
1 0.998046875 0.3611111111111111 0.998046875 0.4618055555555556 0.99609375 0.4583333333333333 0.994140625 0.4305555555555556 0.98828125 0.4166666666666667 0.98828125 0.4097222222222222 0.986328125 0.40625 0.986328125 0.3993055555555556 0.98828125 0.3958333333333333 0.98828125 0.375 0.990234375 0.3680555555555556 0.99609375 0.3645833333333333
1 0.4765625 0.4479166666666667 0.48046875 0.4479166666666667 0.484375 0.4548611111111111 0.501953125 0.4513888888888889 0.5078125 0.46875 0.50390625 0.4930555555555556 0.5 0.4930555555555556 0.49609375 0.4861111111111111 0.490234375 0.4861111111111111 0.484375 0.4965277777777778 0.482421875 0.5104166666666666 0.478515625 0.5138888888888888 0.47265625 0.5138888888888888 0.46875 0.5069444444444444 0.46875 0.4861111111111111 0.4765625 0.4513888888888889
1 0.44921875 0.3090277777777778 0.45703125 0.3159722222222222 0.478515625 0.3576388888888889 0.478515625 0.3645833333333333 0.466796875 0.375 0.4609375 0.375 0.455078125 0.3645833333333333 0.447265625 0.3645833333333333 0.443359375 0.3576388888888889 0.4375 0.3541666666666667 0.427734375 0.3368055555555556 0.427734375 0.3194444444444444 0.439453125 0.3194444444444444 0.4453125 0.3090277777777778 0.447265625 0.3090277777777778
2 0.6875 0.3680555555555556 0.69140625 0.3715277777777778 0.693359375 0.3784722222222222 0.693359375 0.3923611111111111 0.69921875 0.4027777777777778 0.705078125 0.4236111111111111 0.70703125 0.4444444444444444 0.708984375 0.4479166666666667 0.708984375 0.4583333333333333 0.720703125 0.4861111111111111 0.720703125 0.4965277777777778 0.716796875 0.5069444444444444 0.7109375 0.5486111111111112 0.72265625 0.5694444444444444 0.74609375 0.5972222222222222 0.74609375 0.6041666666666666 0.73828125 0.625 0.734375 0.625 0.732421875 0.6215277777777778 0.732421875 0.6041666666666666 0.73046875 0.5972222222222222 0.72265625 0.5868055555555556 0.71875 0.5868055555555556 0.712890625 0.5972222222222222 0.712890625 0.6006944444444444 0.70703125 0.6041666666666666 0.703125 0.59375 0.703125 0.5833333333333334 0.697265625 0.5729166666666666 0.689453125 0.5659722222222222 0.6796875 0.5659722222222222 0.677734375 0.5625 0.673828125 0.5625 0.666015625 0.5520833333333334 0.666015625 0.53125 0.69140625 0.4965277777777778 0.6875 0.4861111111111111 0.6875 0.4791666666666667 0.68359375 0.4722222222222222 0.677734375 0.4756944444444444 0.669921875 0.4861111111111111 0.66796875 0.4826388888888889 0.66796875 0.4722222222222222 0.673828125 0.46875 0.6796875 0.4583333333333333 0.677734375 0.4166666666666667 0.669921875 0.3993055555555556 0.669921875 0.3784722222222222 0.673828125 0.3715277777777778 0.685546875 0.3680555555555556
2 0.41796875 0.3611111111111111 0.431640625 0.3854166666666667 0.431640625 0.3923611111111111 0.43359375 0.3958333333333333 0.431640625 0.4097222222222222 0.43359375 0.4166666666666667 0.4453125 0.4375 0.453125 0.4444444444444444 0.453125 0.4513888888888889 0.451171875 0.4548611111111111 0.447265625 0.4548611111111111 0.427734375 0.4236111111111111 0.423828125 0.4236111111111111 0.419921875 0.4305555555555556 0.419921875 0.4479166666666667 0.416015625 0.4618055555555556 0.416015625 0.4826388888888889 0.419921875 0.4930555555555556 0.419921875 0.5034722222222222 0.41796875 0.5069444444444444 0.419921875 0.5138888888888888 0.419921875 0.5208333333333334 0.41796875 0.5243055555555556 0.419921875 0.5451388888888888 0.41796875 0.5520833333333334 0.412109375 0.5451388888888888 0.412109375 0.5277777777777778 0.40625 0.5034722222222222 0.40625 0.4861111111111111 0.40234375 0.4722222222222222 0.40234375 0.4583333333333333 0.39453125 0.4375 0.38671875 0.4375 0.38671875 0.4270833333333333 0.390625 0.4131944444444444 0.390625 0.3993055555555556 0.41015625 0.3611111111111111 0.416015625 0.3611111111111111
2 0.998046875 0.3159722222222222 0.998046875 0.5347222222222222 0.990234375 0.53125 0.984375 0.5173611111111112 0.984375 0.5069444444444444 0.994140625 0.4756944444444444 0.994140625 0.4583333333333333 0.99609375 0.4548611111111111 0.994140625 0.4270833333333333 0.990234375 0.4201388888888889 0.96875 0.4201388888888889 0.96875 0.4097222222222222 0.982421875 0.40625 0.98828125 0.3923611111111111 0.98828125 0.3645833333333333 0.98046875 0.3402777777777778 0.98046875 0.3298611111111111 0.984375 0.3194444444444444 0.99609375 0.3159722222222222
2 0.390625 0.4409722222222222 0.392578125 0.4444444444444444 0.396484375 0.4444444444444444 0.396484375 0.4513888888888889 0.400390625 0.4583333333333333 0.400390625 0.46875 0.404296875 0.4861111111111111 0.400390625 0.5173611111111112 0.39453125 0.5347222222222222 0.39453125 0.5451388888888888 0.396484375 0.5486111111111112 0.39453125 0.5520833333333334 0.39453125 0.5659722222222222 0.396484375 0.5694444444444444 0.3984375 0.6145833333333334 0.396484375 0.6180555555555556 0.396484375 0.6284722222222222 0.392578125 0.6388888888888888 0.392578125 0.6458333333333334 0.3984375 0.6666666666666666 0.38671875 0.6631944444444444 0.37890625 0.6527777777777778 0.37890625 0.6458333333333334 0.384765625 0.6284722222222222 0.384765625 0.6041666666666666 0.3828125 0.5972222222222222 0.373046875 0.5833333333333334 0.36328125 0.5590277777777778 0.35546875 0.5590277777777778 0.353515625 0.5555555555555556 0.349609375 0.5590277777777778 0.337890625 0.5833333333333334 0.328125 0.6145833333333334 0.3203125 0.6145833333333334 0.31640625 0.6076388888888888 0.31640625 0.6041666666666666 0.318359375 0.6041666666666666 0.326171875 0.5902777777777778 0.328125 0.5729166666666666 0.33203125 0.5625 0.34375 0.5451388888888888 0.349609375 0.5277777777777778 0.361328125 0.5069444444444444 0.361328125 0.4965277777777778 0.359375 0.4930555555555556 0.34765625 0.4930555555555556 0.345703125 0.4965277777777778 0.337890625 0.4965277777777778 0.3359375 0.5 0.32421875 0.5 0.322265625 0.4965277777777778 0.314453125 0.5 0.310546875 0.4965277777777778 0.33203125 0.4930555555555556 0.34765625 0.4826388888888889 0.353515625 0.4826388888888889 0.36328125 0.46875 0.375 0.4652777777777778 0.3828125 0.4513888888888889 0.3828125 0.4479166666666667 0.388671875 0.4444444444444444
2 0.49609375 0.4097222222222222 0.5 0.4270833333333333 0.5 0.4444444444444444 0.505859375 0.4618055555555556 0.5078125 0.4756944444444444 0.50390625 0.4895833333333333 0.50390625 0.5 0.4921875 0.5208333333333334 0.490234375 0.53125 0.48828125 0.53125 0.474609375 0.5590277777777778 0.474609375 0.5659722222222222 0.478515625 0.5694444444444444 0.48046875 0.5763888888888888 0.4765625 0.5868055555555556 0.47265625 0.5868055555555556 0.470703125 0.5902777777777778 0.453125 0.5902777777777778 0.44921875 0.5868055555555556 0.44921875 0.5729166666666666 0.4609375 0.5451388888888888 0.4609375 0.5381944444444444 0.453125 0.53125 0.4375 0.53125 0.4296875 0.5208333333333334 0.4296875 0.5138888888888888 0.44140625 0.5 0.44921875 0.5 0.451171875 0.4965277777777778 0.466796875 0.4895833333333333 0.470703125 0.4756944444444444 0.46875 0.4722222222222222 0.470703125 0.4583333333333333 0.4765625 0.4479166666666667 0.478515625 0.4270833333333333 0.482421875 0.4131944444444444 0.490234375 0.40625 0.494140625 0.4097222222222222
2 0.453125 0.3125 0.45703125 0.3159722222222222 0.470703125 0.3402777777777778 0.470703125 0.34375 0.474609375 0.3472222222222222 0.4765625 0.3541666666666667 0.478515625 0.3541666666666667 0.484375 0.3715277777777778 0.48046875 0.4097222222222222 0.474609375 0.4305555555555556 0.474609375 0.4409722222222222 0.470703125 0.4479166666666667 0.46484375 0.4409722222222222 0.45703125 0.4444444444444444 0.447265625 0.4340277777777778 0.4453125 0.4236111111111111 0.447265625 0.4201388888888889 0.44921875 0.3923611111111111 0.451171875 0.3888888888888889 0.451171875 0.3715277777777778 0.447265625 0.3645833333333333 0.439453125 0.3576388888888889 0.435546875 0.3645833333333333 0.435546875 0.3715277777777778 0.431640625 0.3819444444444444 0.427734375 0.375 0.427734375 0.3541666666666667 0.4296875 0.3506944444444444 0.4296875 0.3402777777777778 0.42578125 0.3263888888888889 0.42578125 0.2986111111111111 0.427734375 0.2951388888888889 0.427734375 0.2881944444444444 0.43359375 0.28125 0.44140625 0.2847222222222222 0.443359375 0.2986111111111111 0.451171875 0.3125