0 0.017578125 0.013888888888888888 0.0234375 0.027777777777777776 0.0234375 0.041666666666666664 0.015625 0.052083333333333336 0.01171875 0.052083333333333336 0.00390625 0.03125 0.005859375 0.020833333333333332 0.009765625 0.013888888888888888 0.015625 0.013888888888888888
0 0.705078125 0.3576388888888889 0.708984375 0.3645833333333333 0.7109375 0.3784722222222222 0.6953125 0.3888888888888889 0.69140625 0.3888888888888889 0.69140625 0.3645833333333333 0.697265625 0.3576388888888889 0.703125 0.3576388888888889
0 0.171875 0.052083333333333336 0.181640625 0.059027777777777776 0.18359375 0.06597222222222222 0.18359375 0.0798611111111111 0.1796875 0.08680555555555555 0.171875 0.08680555555555555 0.16796875 0.08333333333333333 0.1640625 0.07291666666666667 0.1640625 0.06597222222222222 0.16796875 0.05555555555555555 0.169921875 0.05555555555555555
0 0.3203125 0.4236111111111111 0.322265625 0.4270833333333333 0.322265625 0.4409722222222222 0.31640625 0.4479166666666667 0.310546875 0.4479166666666667 0.302734375 0.4548611111111111 0.298828125 0.4548611111111111 0.296875 0.4513888888888889 0.296875 0.4340277777777778 0.306640625 0.4201388888888889 0.31640625 0.4201388888888889 0.318359375 0.4236111111111111
0 0.361328125 0.3611111111111111 0.369140625 0.3819444444444444 0.3671875 0.3923611111111111 0.36328125 0.3993055555555556 0.3515625 0.3958333333333333 0.34375 0.3854166666666667 0.34375 0.375 0.349609375 0.3611111111111111 0.359375 0.3611111111111111
0 0.634765625 0.24305555555555555 0.634765625 0.2604166666666667 0.623046875 0.2708333333333333 0.615234375 0.2708333333333333 0.615234375 0.2604166666666667 0.61328125 0.2569444444444444 0.615234375 0.2534722222222222 0.615234375 0.2465277777777778 0.62109375 0.23958333333333334 0.630859375 0.23958333333333334 0.6328125 0.24305555555555555
0 0.08958333333333333 0.1685185185185185 0.017708333333333333 0.04259259259259259
1 0.341796875 0.3888888888888889 0.34765625 0.3958333333333333 0.361328125 0.4027777777777778 0.36328125 0.4097222222222222 0.361328125 0.4236111111111111 0.35546875 0.4409722222222222 0.353515625 0.4583333333333333 0.34765625 0.4652777777777778 0.345703125 0.4722222222222222 0.34375 0.4652777777777778 0.3359375 0.4583333333333333 0.3359375 0.4548611111111111 0.33203125 0.4513888888888889 0.326171875 0.4375 0.328125 0.4236111111111111 0.333984375 0.4097222222222222 0.333984375 0.3958333333333333 0.33984375 0.3888888888888889
1 0.63671875 0.2638888888888889 0.64453125 0.2881944444444444 0.64453125 0.3020833333333333 0.6484375 0.3125 0.6484375 0.3229166666666667 0.63671875 0.3333333333333333 0.626953125 0.3333333333333333 0.625 0.3298611111111111 0.626953125 0.3263888888888889 0.623046875 0.3229166666666667 0.619140625 0.3125 0.619140625 0.2777777777777778 0.623046875 0.2708333333333333 0.626953125 0.2708333333333333 0.634765625 0.2638888888888889
1 0.033203125 0.04861111111111111 0.037109375 0.05555555555555555 0.037109375 0.07291666666666667 0.0390625 0.0763888888888889 0.0390625 0.08680555555555555 0.04296875 0.09722222222222222 0.041015625 0.10416666666666667 0.03515625 0.10416666666666667 0.033203125 0.1076388888888889 0.009765625 0.1076388888888889 0.00390625 0.10069444444444445 0.00390625 0.06597222222222222 0.009765625 0.05555555555555555 0.015625 0.05555555555555555 0.0234375 0.04513888888888889 0.029296875 0.04513888888888889 0.03125 0.04861111111111111
1 0.15625 0.11458333333333333 0.154296875 0.10416666666666667 0.16015625 0.0763888888888889 0.166015625 0.0763888888888889 0.171875 0.08680555555555555 0.1796875 0.08680555555555555 0.18359375 0.0798611111111111 0.189453125 0.0798611111111111 0.19140625 0.08333333333333333 0.19140625 0.09375 0.189453125 0.10069444444444445 0.173828125 0.125 0.166015625 0.125 0.158203125 0.11458333333333333
1 0.71484375 0.3854166666666667 0.716796875 0.3888888888888889 0.720703125 0.3888888888888889 0.728515625 0.4027777777777778 0.720703125 0.4236111111111111 0.720703125 0.4305555555555556 0.716796875 0.4409722222222222 0.716796875 0.4513888888888889 0.70703125 0.4513888888888889 0.705078125 0.4548611111111111 0.6953125 0.4548611111111111 0.693359375 0.4583333333333333 0.6875 0.4583333333333333 0.685546875 0.4305555555555556 0.6796875 0.4201388888888889 0.6796875 0.40625 0.68359375 0.3993055555555556 0.69140625 0.3958333333333333 0.697265625 0.3888888888888889 0.701171875 0.3888888888888889 0.703125 0.3854166666666667 0.712890625 0.3854166666666667
1 0.123046875 0 0.15625 0 0.1484375 0.020833333333333332 0.140625 0.020833333333333332 0.134765625 0.027777777777777776 0.126953125 0.027777777777777776 0.123046875 0.024305555555555556 0.123046875 0.003472222222222222
1 0.095703125 0.1527777777777778 0.10546875 0.17708333333333334 0.10546875 0.1909722222222222 0.09765625 0.2013888888888889 0.07421875 0.2013888888888889 0.07421875 0.1909722222222222 0.0703125 0.1840277777777778 0.064453125 0.17708333333333334 0.060546875 0.18055555555555555 0.060546875 0.16666666666666666 0.068359375 0.1527777777777778 0.072265625 0.1527777777777778 0.07421875 0.14930555555555555 0.091796875 0.14930555555555555 0.09375 0.1527777777777778
1 0.32057291666666665 0.4800925925925925 0.0421875 0.08240740740740742
1 0.337890625 0 0.3671875 0 0.369140625 0.003472222222222222 0.369140625 0.013888888888888888 0.3671875 0.020833333333333332 0.365234375 0.020833333333333332 0.359375 0.03125 0.349609375 0.03125 0.34765625 0.027777777777777776 0.34375 0.027777777777777776 0.33984375 0.020833333333333332 0.33984375 0.013888888888888888 0.337890625 0.010416666666666666 0.33984375 0.006944444444444444 0.337890625 0.003472222222222222
1 0.0546875 0.034722222222222224 0.0625 0.041666666666666664 0.06640625 0.041666666666666664 0.0859375 0.06944444444444445 0.0859375 0.0763888888888889 0.08203125 0.08680555555555555 0.072265625 0.09722222222222222 0.0703125 0.09375 0.0703125 0.08333333333333333 0.072265625 0.0763888888888889 0.0703125 0.07291666666666667 0.0703125 0.052083333333333336 0.068359375 0.04861111111111111 0.0625 0.04861111111111111 0.05859375 0.05555555555555555 0.05859375 0.0763888888888889 0.056640625 0.0798611111111111 0.056640625 0.08680555555555555 0.052734375 0.0763888888888889 0.041015625 0.0763888888888889 0.0390625 0.07291666666666667 0.037109375 0.052083333333333336 0.03125 0.041666666666666664 0.0390625 0.034722222222222224 0.052734375 0.034722222222222224
1 0.517578125 0 0.546875 0 0.54296875 0.027777777777777776 0.533203125 0.034722222222222224 0.521484375 0.034722222222222224 0.517578125 0.03125 0.517578125 0.003472222222222222
1 0.279296875 0 0.30859375 0 0.30859375 0.03125 0.3046875 0.03819444444444445 0.30078125 0.034722222222222224 0.283203125 0.034722222222222224 0.28125 0.03125 0.27734375 0.03125 0.27734375 0.006944444444444444 0.279296875 0.003472222222222222
2 0.361328125 0.3611111111111111 0.365234375 0.3680555555555556 0.369140625 0.3854166666666667 0.36328125 0.4027777777777778 0.36328125 0.4201388888888889 0.35546875 0.4409722222222222 0.35546875 0.4513888888888889 0.36328125 0.4652777777777778 0.375 0.46875 0.375 0.4722222222222222 0.373046875 0.4756944444444444 0.36328125 0.4756944444444444 0.357421875 0.46875 0.349609375 0.46875 0.34765625 0.4722222222222222 0.3515625 0.4895833333333333 0.357421875 0.5034722222222222 0.357421875 0.5243055555555556 0.3515625 0.5381944444444444 0.34765625 0.5381944444444444 0.341796875 0.5277777777777778 0.341796875 0.5208333333333334 0.34375 0.5173611111111112 0.341796875 0.5138888888888888 0.34375 0.4722222222222222 0.341796875 0.4652777777777778 0.328125 0.4444444444444444 0.326171875 0.4236111111111111 0.32421875 0.4201388888888889 0.32421875 0.4027777777777778 0.333984375 0.3888888888888889 0.341796875 0.3854166666666667 0.345703125 0.3680555555555556 0.349609375 0.3611111111111111 0.359375 0.3611111111111111
2 0.10546875 0 0.11328125 0 0.11328125 0.006944444444444444 0.115234375 0.010416666666666666 0.115234375 0.017361111111111112 0.11328125 0.020833333333333332 0.11328125 0.04513888888888889 0.111328125 0.04861111111111111 0.10546875 0.04861111111111111 0.10546875 0.003472222222222222
2 0.01953125 0.017361111111111112 0.025390625 0.03819444444444445 0.03125 0.04861111111111111 0.033203125 0.04861111111111111 0.037109375 0.059027777777777776 0.037109375 0.07291666666666667 0.04296875 0.09375 0.041015625 0.1423611111111111 0.0390625 0.14583333333333334 0.03515625 0.14583333333333334 0.02734375 0.1388888888888889 0.015625 0.1388888888888889 0.001953125 0.16666666666666666 0 0.16666666666666666 0 0.1597222222222222 0.00390625 0.1527777777777778 0.00390625 0.1111111111111111 0.001953125 0.1076388888888889 0.00390625 0.10416666666666667 0.00390625 0.0763888888888889 0 0.06944444444444445 0.00390625 0.06597222222222222 0.00390625 0.05555555555555555 0.005859375 0.052083333333333336 0.00390625 0.04861111111111111 0.00390625 0.027777777777777776 0.009765625 0.013888888888888888 0.015625 0.013888888888888888 0.017578125 0.017361111111111112
2 0.177734375 0.05555555555555555 0.181640625 0.059027777777777776 0.18359375 0.06944444444444445 0.189453125 0.0798611111111111 0.19140625 0.0798611111111111 0.19140625 0.08333333333333333 0.197265625 0.09375 0.201171875 0.09375 0.208984375 0.1076388888888889 0.21484375 0.1111111111111111 0.21875 0.12152777777777778 0.21484375 0.125 0.197265625 0.10416666666666667 0.1875 0.10416666666666667 0.177734375 0.12152777777777778 0.177734375 0.1423611111111111 0.17578125 0.14583333333333334 0.17578125 0.15625 0.166015625 0.1909722222222222 0.162109375 0.19791666666666666 0.1640625 0.21875 0.158203125 0.21875 0.15234375 0.20833333333333334 0.15234375 0.2013888888888889 0.15625 0.1909722222222222 0.15625 0.18055555555555555 0.16015625 0.1701388888888889 0.158203125 0.16319444444444445 0.154296875 0.16319444444444445 0.150390625 0.1736111111111111 0.138671875 0.1875 0.134765625 0.19444444444444445 0.12890625 0.2152777777777778 0.125 0.2152777777777778 0.125 0.2013888888888889 0.1328125 0.18055555555555555 0.14453125 0.1597222222222222 0.14453125 0.14583333333333334 0.150390625 0.12152777777777778 0.150390625 0.1111111111111111 0.15234375 0.1076388888888889 0.15234375 0.09722222222222222 0.154296875 0.09027777777777778 0.169921875 0.05555555555555555 0.17578125 0.05555555555555555
2 0.703125 0.3576388888888889 0.70703125 0.3611111111111111 0.7109375 0.3784722222222222 0.71484375 0.3854166666666667 0.72265625 0.3888888888888889 0.72265625 0.3923611111111111 0.73046875 0.4027777777777778 0.767578125 0.4027777777777778 0.767578125 0.4097222222222222 0.765625 0.4131944444444444 0.7578125 0.4131944444444444 0.755859375 0.4166666666666667 0.724609375 0.4166666666666667 0.720703125 0.4236111111111111 0.720703125 0.4305555555555556 0.716796875 0.4409722222222222 0.716796875 0.4548611111111111 0.720703125 0.4618055555555556 0.732421875 0.4722222222222222 0.744140625 0.4965277777777778 0.748046875 0.5104166666666666 0.748046875 0.5659722222222222 0.755859375 0.5798611111111112 0.76171875 0.5833333333333334 0.759765625 0.5902777777777778 0.7421875 0.5902777777777778 0.740234375 0.5868055555555556 0.736328125 0.5868055555555556 0.736328125 0.5798611111111112 0.73828125 0.5763888888888888 0.73828125 0.5520833333333334 0.734375 0.5347222222222222 0.734375 0.5173611111111112 0.728515625 0.5069444444444444 0.72265625 0.5034722222222222 0.71875 0.4965277777777778 0.71484375 0.5 0.71484375 0.5069444444444444 0.7265625 0.5347222222222222 0.7265625 0.5416666666666666 0.72265625 0.5486111111111112 0.720703125 0.5486111111111112 0.708984375 0.5243055555555556 0.703125 0.5 0.697265625 0.4895833333333333 0.69140625 0.4965277777777778 0.69140625 0.5104166666666666 0.689453125 0.5173611111111112 0.685546875 0.5208333333333334 0.6796875 0.5104166666666666 0.6796875 0.5034722222222222 0.677734375 0.5 0.6796875 0.4930555555555556 0.677734375 0.4861111111111111 0.6796875 0.4791666666666667 0.6796875 0.40625 0.69140625 0.3923611111111111 0.69140625 0.3680555555555556 0.693359375 0.3611111111111111 0.701171875 0.3576388888888889
2 0.251953125 0 0.255859375 0 0.2578125 0.003472222222222222 0.26171875 0 0.259765625 0.006944444444444444 0.25390625 0.013888888888888888 0.251953125 0.03125 0.248046875 0.034722222222222224 0.244140625 0.034722222222222224 0.2421875 0.03125 0.2421875 0.024305555555555556 0.251953125 0.003472222222222222
2 0.123046875 0 0.158203125 0 0.166015625 0.020833333333333332 0.166015625 0.034722222222222224 0.1640625 0.03819444444444445 0.162109375 0.03819444444444445 0.162109375 0.034722222222222224 0.154296875 0.020833333333333332 0.150390625 0.03125 0.15234375 0.034722222222222224 0.15234375 0.04513888888888889 0.154296875 0.04861111111111111 0.158203125 0.0763888888888889 0.15234375 0.09027777777777778 0.1484375 0.09027777777777778 0.1328125 0.0763888888888889 0.1328125 0.07291666666666667 0.123046875 0.05555555555555555 0.12109375 0.04861111111111111 0.12109375 0.017361111111111112 0.123046875 0.013888888888888888 0.123046875 0.003472222222222222
2 0.1015625 0.2743055555555556 0.095703125 0.2673611111111111 0.09375 0.2604166666666667 0.09375 0.25 0.091796875 0.2465277777777778 0.080078125 0.2604166666666667 0.072265625 0.2881944444444444 0.064453125 0.2881944444444444 0.0703125 0.2604166666666667 0.0703125 0.25 0.072265625 0.2465277777777778 0.07421875 0.22916666666666666 0.064453125 0.21180555555555555 0.052734375 0.21180555555555555 0.05078125 0.20833333333333334 0.056640625 0.1909722222222222 0.060546875 0.16319444444444445 0.072265625 0.14930555555555555 0.09765625 0.14930555555555555 0.099609375 0.15625 0.1015625 0.1597222222222222 0.10546875 0.1597222222222222 0.109375 0.1701388888888889 0.11328125 0.16319444444444445 0.119140625 0.16319444444444445 0.12109375 0.16666666666666666 0.12109375 0.1736111111111111 0.1171875 0.17708333333333334 0.111328125 0.17708333333333334 0.107421875 0.1840277777777778 0.09765625 0.21875 0.09765625 0.2361111111111111 0.099609375 0.23958333333333334 0.099609375 0.2465277777777778 0.103515625 0.2534722222222222 0.103515625 0.2708333333333333
2 0.0546875 0.034722222222222224 0.0625 0.041666666666666664 0.06640625 0.041666666666666664 0.078125 0.059027777777777776 0.0859375 0.06597222222222222 0.095703125 0.08333333333333333 0.095703125 0.125 0.09765625 0.1284722222222222 0.09765625 0.1388888888888889 0.111328125 0.1597222222222222 0.119140625 0.1597222222222222 0.12109375 0.16319444444444445 0.123046875 0.1701388888888889 0.123046875 0.1909722222222222 0.1171875 0.1909722222222222 0.11328125 0.17708333333333334 0.10546875 0.1736111111111111 0.095703125 0.14930555555555555 0.091796875 0.14583333333333334 0.078125 0.14583333333333334 0.072265625 0.13541666666666666 0.068359375 0.1388888888888889 0.05859375 0.1701388888888889 0.056640625 0.1701388888888889 0.056640625 0.1527777777777778 0.0546875 0.14583333333333334 0.048828125 0.13541666666666666 0.044921875 0.13541666666666666 0.04296875 0.1284722222222222 0.052734375 0.10416666666666667 0.0546875 0.09722222222222222 0.0546875 0.08680555555555555 0.048828125 0.0763888888888889 0.041015625 0.0763888888888889 0.0390625 0.07291666666666667 0.037109375 0.052083333333333336 0.03125 0.041666666666666664 0.0390625 0.034722222222222224 0.052734375 0.034722222222222224
2 0.6171875 0.24305555555555555 0.62109375 0.23958333333333334 0.630859375 0.23958333333333334 0.634765625 0.24305555555555555 0.63671875 0.25 0.63671875 0.2638888888888889 0.64453125 0.2881944444444444 0.64453125 0.2986111111111111 0.646484375 0.3020833333333333 0.646484375 0.3090277777777778 0.650390625 0.3159722222222222 0.650390625 0.3263888888888889 0.65234375 0.3298611111111111 0.65234375 0.3506944444444444 0.650390625 0.3541666666666667 0.650390625 0.3611111111111111 0.640625 0.3888888888888889 0.6484375 0.4027777777777778 0.66015625 0.4131944444444444 0.662109375 0.4201388888888889 0.662109375 0.4409722222222222 0.66015625 0.4444444444444444 0.65625 0.4444444444444444 0.65234375 0.4375 0.65234375 0.4270833333333333 0.6484375 0.4201388888888889 0.640625 0.4131944444444444 0.623046875 0.4131944444444444 0.62109375 0.4097222222222222 0.62109375 0.3402777777777778 0.6171875 0.3333333333333333 0.615234375 0.3194444444444444 0.609375 0.3125 0.609375 0.3090277777777778 0.6171875 0.3020833333333333 0.6171875 0.2743055555555556 0.615234375 0.2708333333333333 0.615234375 0.25 0.6171875 0.2465277777777778
2 0.27734375 0 0.318359375 0 0.3203125 0.006944444444444444 0.3203125 0.020833333333333332 0.31640625 0.034722222222222224 0.306640625 0.04513888888888889 0.306640625 0.052083333333333336 0.30078125 0.059027777777777776 0.296875 0.0763888888888889 0.294921875 0.0763888888888889 0.29296875 0.08333333333333333 0.28515625 0.09375 0.283203125 0.10069444444444445 0.283203125 0.12152777777777778 0.27734375 0.12152777777777778 0.271484375 0.10416666666666667 0.26953125 0.10416666666666667 0.26171875 0.11805555555555555 0.26171875 0.12152777777777778 0.255859375 0.12152777777777778 0.255859375 0.1111111111111111 0.2578125 0.10416666666666667 0.2734375 0.06597222222222222 0.27734375 0.003472222222222222
2 0.580078125 0.8993055555555556 0.583984375 0.8958333333333334 0.63671875 0.8958333333333334 0.642578125 0.9097222222222222 0.642578125 0.9201388888888888 0.578125 0.9201388888888888 0.578125 0.90625 0.580078125 0.9027777777777778
2 0.337890625 0 0.373046875 0 0.376953125 0.010416666666666666 0.376953125 0.024305555555555556 0.37109375 0.024305555555555556 0.369140625 0.027777777777777776 0.369140625 0.034722222222222224 0.37109375 0.03819444444444445 0.369140625 0.06597222222222222 0.37109375 0.06944444444444445 0.369140625 0.07291666666666667 0.369140625 0.09027777777777778 0.365234375 0.1076388888888889 0.3671875 0.13194444444444445 0.361328125 0.13194444444444445 0.357421875 0.125 0.357421875 0.1111111111111111 0.359375 0.1076388888888889 0.359375 0.09027777777777778 0.357421875 0.08333333333333333 0.35546875 0.0798611111111111 0.349609375 0.0798611111111111 0.34765625 0.07291666666666667 0.341796875 0.07291666666666667 0.337890625 0.0625 0.337890625 0.027777777777777776 0.333984375 0.017361111111111112 0.337890625 0.003472222222222222
2 0.517578125 0 0.548828125 0 0.548828125 0.006944444444444444 0.546875 0.010416666666666666 0.546875 0.034722222222222224 0.55078125 0.041666666666666664 0.55078125 0.0625 0.548828125 0.06597222222222222 0.55078125 0.06944444444444445 0.55078125 0.08333333333333333 0.55859375 0.1111111111111111 0.55859375 0.125 0.564453125 0.1388888888888889 0.564453125 0.14583333333333334 0.55859375 0.14583333333333334 0.5546875 0.1388888888888889 0.546875 0.10416666666666667 0.541015625 0.09375 0.537109375 0.09375 0.529296875 0.0798611111111111 0.52734375 0.0798611111111111 0.517578125 0.059027777777777776 0.517578125 0.04861111111111111 0.515625 0.04513888888888889 0.515625 0.024305555555555556 0.517578125 0.020833333333333332 0.515625 0.013888888888888888 0.517578125 0.010416666666666666 0.517578125 0.003472222222222222
2 0.318359375 0.4201388888888889 0.326171875 0.4305555555555556 0.328125 0.4444444444444444 0.3359375 0.4583333333333333 0.337890625 0.4583333333333333 0.33984375 0.4652777777777778 0.341796875 0.4652777777777778 0.33984375 0.5243055555555556 0.345703125 0.5381944444444444 0.345703125 0.5451388888888888 0.33203125 0.5729166666666666 0.33203125 0.5763888888888888 0.32421875 0.5833333333333334 0.32421875 0.59375 0.31640625 0.6111111111111112 0.31640625 0.6215277777777778 0.314453125 0.625 0.31640625 0.6701388888888888 0.3125 0.6736111111111112 0.287109375 0.6736111111111112 0.28515625 0.6701388888888888 0.29296875 0.6631944444444444 0.298828125 0.6527777777777778 0.298828125 0.6458333333333334 0.294921875 0.6423611111111112 0.294921875 0.6354166666666666 0.3046875 0.6145833333333334 0.302734375 0.6076388888888888 0.302734375 0.5763888888888888 0.30859375 0.5486111111111112 0.318359375 0.5277777777777778 0.31640625 0.5138888888888888 0.30859375 0.4965277777777778 0.298828125 0.4965277777777778 0.296875 0.5 0.2734375 0.5 0.26171875 0.5104166666666666 0.2578125 0.5104166666666666 0.255859375 0.5069444444444444 0.255859375 0.5 0.259765625 0.4930555555555556 0.267578125 0.4930555555555556 0.26953125 0.4895833333333333 0.287109375 0.4895833333333333 0.2890625 0.4861111111111111 0.298828125 0.4861111111111111 0.30078125 0.4826388888888889 0.30078125 0.4618055555555556 0.296875 0.4513888888888889 0.296875 0.4340277777777778 0.306640625 0.4201388888888889 0.31640625 0.4201388888888889