0 0.64453125 0.13541666666666666 0.65234375 0.1423611111111111 0.65625 0.1597222222222222 0.65625 0.18055555555555555 0.654296875 0.1840277777777778 0.654296875 0.19444444444444445 0.6484375 0.2048611111111111 0.638671875 0.2013888888888889 0.634765625 0.1909722222222222 0.62890625 0.1840277777777778 0.625 0.1840277777777778 0.62109375 0.17708333333333334 0.62109375 0.16319444444444445 0.623046875 0.15625 0.6328125 0.1388888888888889 0.63671875 0.13541666666666666 0.642578125 0.13541666666666666
0 0.234375 0.3645833333333333 0.2421875 0.3819444444444444 0.244140625 0.4201388888888889 0.23828125 0.4201388888888889 0.236328125 0.4236111111111111 0.220703125 0.4236111111111111 0.21875 0.4270833333333333 0.212890625 0.4270833333333333 0.208984375 0.4201388888888889 0.208984375 0.4131944444444444 0.20703125 0.4097222222222222 0.20703125 0.3958333333333333 0.2109375 0.3819444444444444 0.2109375 0.3680555555555556 0.216796875 0.3611111111111111 0.23046875 0.3611111111111111 0.232421875 0.3645833333333333
1 0.015625 0.28125 0.01953125 0.2847222222222222 0.025390625 0.2986111111111111 0.025390625 0.3298611111111111 0.017578125 0.3541666666666667 0.017578125 0.3993055555555556 0.00390625 0.4097222222222222 0 0.4097222222222222 0 0.2847222222222222 0.009765625 0.2847222222222222 0.013671875 0.28125
1 0.072265625 0 0.119140625 0 0.119140625 0.010416666666666666 0.1171875 0.013888888888888888 0.0859375 0.013888888888888888 0.083984375 0.010416666666666666 0.078125 0.010416666666666666 0.07421875 0.003472222222222222
1 0.423828125 0.9652777777777778 0.42578125 0.96875 0.44140625 0.96875 0.443359375 0.9722222222222222 0.443359375 0.9791666666666666 0.439453125 0.9861111111111112 0.439453125 0.9930555555555556 0.435546875 0.9930555555555556 0.43359375 0.9965277777777778 0.359375 0.9965277777777778 0.359375 0.96875 0.361328125 0.9652777777777778 0.421875 0.9652777777777778
1 0.26171875 0.4270833333333333 0.267578125 0.4444444444444444 0.267578125 0.4548611111111111 0.26171875 0.4722222222222222 0.259765625 0.5034722222222222 0.2578125 0.5069444444444444 0.2578125 0.5486111111111112 0.259765625 0.5520833333333334 0.263671875 0.6006944444444444 0.259765625 0.6076388888888888 0.25390625 0.6076388888888888 0.251953125 0.6111111111111112 0.240234375 0.6111111111111112 0.23828125 0.6076388888888888 0.2265625 0.6076388888888888 0.224609375 0.6041666666666666 0.203125 0.6006944444444444 0.203125 0.5763888888888888 0.205078125 0.5729166666666666 0.20703125 0.5208333333333334 0.205078125 0.5173611111111112 0.203125 0.4930555555555556 0.189453125 0.4756944444444444 0.185546875 0.46875 0.185546875 0.4618055555555556 0.1875 0.4583333333333333 0.1875 0.4513888888888889 0.1953125 0.4409722222222222 0.201171875 0.4409722222222222 0.203125 0.4375 0.2265625 0.4375 0.2421875 0.4270833333333333 0.259765625 0.4270833333333333
1 0.625 0.1909722222222222 0.6484375 0.21180555555555555 0.65234375 0.21875 0.65234375 0.23958333333333334 0.6484375 0.2465277777777778 0.640625 0.2534722222222222 0.63671875 0.2534722222222222 0.630859375 0.2638888888888889 0.630859375 0.2708333333333333 0.62890625 0.2743055555555556 0.634765625 0.2951388888888889 0.634765625 0.3125 0.630859375 0.3159722222222222 0.626953125 0.3125 0.6015625 0.3125 0.599609375 0.3090277777777778 0.59375 0.3090277777777778 0.587890625 0.2916666666666667 0.587890625 0.2673611111111111 0.59375 0.25 0.59375 0.2361111111111111 0.58984375 0.22569444444444445 0.58984375 0.19791666666666666 0.591796875 0.19444444444444445 0.591796875 0.1875 0.595703125 0.18055555555555555 0.61328125 0.18055555555555555 0.615234375 0.1840277777777778 0.619140625 0.1840277777777778 0.623046875 0.1909722222222222
1 0.67578125 0.11805555555555555 0.6796875 0.13541666666666666 0.6796875 0.1597222222222222 0.681640625 0.16319444444444445 0.681640625 0.17708333333333334 0.68359375 0.18055555555555555 0.68359375 0.19444444444444445 0.681640625 0.19791666666666666 0.658203125 0.19444444444444445 0.65625 0.1909722222222222 0.658203125 0.1840277777777778 0.658203125 0.1597222222222222 0.654296875 0.1423611111111111 0.650390625 0.13541666666666666 0.650390625 0.1284722222222222 0.65234375 0.125 0.673828125 0.11805555555555555
1 0.67578125 0.11805555555555555 0.6796875 0.13541666666666666 0.6796875 0.1597222222222222 0.681640625 0.16319444444444445 0.681640625 0.17708333333333334 0.68359375 0.18055555555555555 0.68359375 0.19444444444444445 0.681640625 0.19791666666666666 0.65625 0.19791666666666666 0.65625 0.1875 0.658203125 0.1840277777777778 0.658203125 0.1597222222222222 0.654296875 0.1423611111111111 0.650390625 0.13541666666666666 0.650390625 0.1284722222222222 0.65625 0.12152777777777778 0.673828125 0.11805555555555555
0 0.3989583333333333 0.8212962962962963 0.04895833333333333 0.061111111111111116
2 0.857421875 0 0.876953125 0 0.876953125 0.024305555555555556 0.873046875 0.041666666666666664 0.86328125 0.04861111111111111 0.857421875 0.04861111111111111 0.853515625 0.041666666666666664 0.853515625 0.027777777777777776 0.857421875 0.013888888888888888 0.857421875 0.003472222222222222
2 0 0.22916666666666666 0.005859375 0.22916666666666666 0.013671875 0.23958333333333334 0.013671875 0.2465277777777778 0.015625 0.25 0.015625 0.2777777777777778 0.025390625 0.2951388888888889 0.025390625 0.3298611111111111 0.017578125 0.3576388888888889 0.017578125 0.3888888888888889 0.01953125 0.3923611111111111 0.01953125 0.4097222222222222 0.025390625 0.4236111111111111 0.025390625 0.4513888888888889 0.021484375 0.4583333333333333 0.021484375 0.46875 0.01171875 0.5 0.01171875 0.5069444444444444 0.0078125 0.5034722222222222 0 0.5034722222222222 0 0.2326388888888889
2 0 0.5069444444444444 0.001953125 0.5069444444444444 0.009765625 0.5208333333333334 0.009765625 0.5381944444444444 0.01953125 0.5555555555555556 0.025390625 0.5763888888888888 0.025390625 0.5868055555555556 0.0234375 0.59375 0.017578125 0.59375 0.0078125 0.6006944444444444 0.0078125 0.59375 0.00390625 0.5833333333333334 0.00390625 0.5729166666666666 0 0.5694444444444444 0 0.5104166666666666
2 0.40625 0.7986111111111112 0.416015625 0.8125 0.41796875 0.8194444444444444 0.41796875 0.8402777777777778 0.416015625 0.8402777777777778 0.416015625 0.8333333333333334 0.408203125 0.8229166666666666 0.39453125 0.8229166666666666 0.380859375 0.8368055555555556 0.37890625 0.8298611111111112 0.37890625 0.8159722222222222 0.384765625 0.8055555555555556 0.39453125 0.7986111111111112 0.404296875 0.7986111111111112
2 0.359375 0.9652777777777778 0.439453125 0.9652777777777778 0.44140625 0.96875 0.4453125 0.96875 0.4453125 0.9756944444444444 0.447265625 0.9791666666666666 0.447265625 0.9965277777777778 0.359375 0.9965277777777778 0.359375 0.96875
2 0.029296875 0.5972222222222222 0.0390625 0.6215277777777778 0.0390625 0.6354166666666666 0.037109375 0.6423611111111112 0.0234375 0.6423611111111112 0.017578125 0.6354166666666666 0.013671875 0.6354166666666666 0.0078125 0.6458333333333334 0.0078125 0.65625 0.017578125 0.6770833333333334 0.017578125 0.6840277777777778 0.01953125 0.6875 0.017578125 0.6909722222222222 0.017578125 0.7013888888888888 0.009765625 0.7152777777777778 0.009765625 0.7256944444444444 0.001953125 0.7326388888888888 0 0.7326388888888888 0 0.65625 0.00390625 0.6527777777777778 0.00390625 0.6458333333333334 0 0.6423611111111112 0 0.6006944444444444 0.0078125 0.59375 0.025390625 0.59375 0.02734375 0.5972222222222222
2 0.06640625 0.10069444444444445 0.0625 0.09027777777777778 0.0625 0.03125 0.064453125 0.027777777777777776 0.06640625 0.003472222222222222 0.068359375 0 0.13671875 0 0.13671875 0.06597222222222222 0.130859375 0.07291666666666667 0.123046875 0.07291666666666667 0.1171875 0.0625 0.1171875 0.05555555555555555 0.11328125 0.04861111111111111 0.10546875 0.06944444444444445 0.103515625 0.09375 0.119140625 0.12152777777777778 0.123046875 0.125 0.12890625 0.125 0.134765625 0.13541666666666666 0.13671875 0.13541666666666666 0.140625 0.1423611111111111 0.140625 0.1597222222222222 0.13671875 0.16666666666666666 0.134765625 0.17708333333333334 0.126953125 0.18055555555555555 0.123046875 0.1736111111111111 0.12109375 0.1527777777777778 0.109375 0.1423611111111111 0.10546875 0.14930555555555555 0.10546875 0.17708333333333334 0.103515625 0.18055555555555555 0.103515625 0.19444444444444445 0.10546875 0.19791666666666666 0.107421875 0.21875 0.103515625 0.22569444444444445 0.099609375 0.22569444444444445 0.091796875 0.2326388888888889 0.076171875 0.2326388888888889 0.076171875 0.2222222222222222 0.080078125 0.2152777777777778 0.08203125 0.2048611111111111 0.0859375 0.19791666666666666 0.0859375 0.1909722222222222 0.08984375 0.1840277777777778 0.08984375 0.17708333333333334 0.087890625 0.1736111111111111 0.087890625 0.14930555555555555 0.0859375 0.14583333333333334 0.087890625 0.1388888888888889 0.087890625 0.12152777777777778 0.08203125 0.1111111111111111 0.072265625 0.1076388888888889 0.068359375 0.10069444444444445
2 0.234375 0.3645833333333333 0.240234375 0.375 0.2421875 0.3854166666666667 0.248046875 0.3958333333333333 0.251953125 0.3958333333333333 0.255859375 0.4027777777777778 0.2578125 0.4201388888888889 0.267578125 0.4409722222222222 0.267578125 0.4479166666666667 0.271484375 0.4548611111111111 0.27734375 0.4583333333333333 0.283203125 0.46875 0.283203125 0.4861111111111111 0.28125 0.4895833333333333 0.27734375 0.4930555555555556 0.26171875 0.4895833333333333 0.2578125 0.5069444444444444 0.2578125 0.5451388888888888 0.259765625 0.5486111111111112 0.26171875 0.5868055555555556 0.263671875 0.5902777777777778 0.263671875 0.6041666666666666 0.259765625 0.6145833333333334 0.259765625 0.6597222222222222 0.2578125 0.6631944444444444 0.2578125 0.6909722222222222 0.259765625 0.6944444444444444 0.259765625 0.7291666666666666 0.26171875 0.7326388888888888 0.26171875 0.7395833333333334 0.259765625 0.7430555555555556 0.2578125 0.7916666666666666 0.255859375 0.7951388888888888 0.255859375 0.8506944444444444 0.251953125 0.8576388888888888 0.244140625 0.8541666666666666 0.2421875 0.8472222222222222 0.2421875 0.8194444444444444 0.23828125 0.8090277777777778 0.23046875 0.8263888888888888 0.21875 0.8263888888888888 0.2109375 0.8125 0.2109375 0.8055555555555556 0.216796875 0.7951388888888888 0.216796875 0.78125 0.21484375 0.7777777777777778 0.21484375 0.75 0.212890625 0.7465277777777778 0.212890625 0.7326388888888888 0.2109375 0.7291666666666666 0.2109375 0.6875 0.208984375 0.6840277777777778 0.208984375 0.6597222222222222 0.20703125 0.65625 0.20703125 0.6458333333333334 0.203125 0.6284722222222222 0.203125 0.5763888888888888 0.205078125 0.5729166666666666 0.205078125 0.5416666666666666 0.20703125 0.5381944444444444 0.203125 0.53125 0.19921875 0.5381944444444444 0.197265625 0.5555555555555556 0.189453125 0.5763888888888888 0.1875 0.5763888888888888 0.166015625 0.6180555555555556 0.16015625 0.6180555555555556 0.16015625 0.6006944444444444 0.16796875 0.5902777777777778 0.17578125 0.5625 0.17578125 0.5555555555555556 0.181640625 0.5381944444444444 0.18359375 0.5208333333333334 0.189453125 0.5 0.189453125 0.4756944444444444 0.185546875 0.46875 0.1875 0.4513888888888889 0.193359375 0.4409722222222222 0.205078125 0.4375 0.208984375 0.4305555555555556 0.208984375 0.4097222222222222 0.20703125 0.4027777777777778 0.208984375 0.3993055555555556 0.2109375 0.3715277777777778 0.216796875 0.3611111111111111 0.23046875 0.3611111111111111 0.232421875 0.3645833333333333
2 0.642578125 0.13541666666666666 0.64453125 0.1388888888888889 0.6484375 0.1388888888888889 0.654296875 0.14930555555555555 0.654296875 0.16319444444444445 0.65625 0.16666666666666666 0.65625 0.18055555555555555 0.650390625 0.2048611111111111 0.650390625 0.2152777777777778 0.654296875 0.2222222222222222 0.654296875 0.2326388888888889 0.650390625 0.2465277777777778 0.650390625 0.28125 0.65234375 0.2847222222222222 0.654296875 0.3090277777777778 0.658203125 0.3159722222222222 0.658203125 0.3229166666666667 0.66015625 0.3263888888888889 0.66015625 0.3368055555555556 0.662109375 0.3402777777777778 0.662109375 0.3506944444444444 0.666015625 0.3680555555555556 0.666015625 0.3784722222222222 0.6640625 0.3819444444444444 0.66015625 0.3784722222222222 0.654296875 0.3645833333333333 0.650390625 0.3611111111111111 0.646484375 0.3645833333333333 0.646484375 0.4097222222222222 0.642578125 0.4236111111111111 0.642578125 0.4409722222222222 0.64453125 0.4444444444444444 0.64453125 0.4826388888888889 0.642578125 0.4861111111111111 0.642578125 0.5069444444444444 0.640625 0.5104166666666666 0.640625 0.5208333333333334 0.64453125 0.5277777777777778 0.654296875 0.5277777777777778 0.654296875 0.5416666666666666 0.646484375 0.5486111111111112 0.63671875 0.5486111111111112 0.634765625 0.5520833333333334 0.62890625 0.5520833333333334 0.626953125 0.5486111111111112 0.626953125 0.5381944444444444 0.62890625 0.5347222222222222 0.62890625 0.4861111111111111 0.626953125 0.4826388888888889 0.626953125 0.4513888888888889 0.625 0.4479166666666667 0.626953125 0.4340277777777778 0.615234375 0.4097222222222222 0.611328125 0.40625 0.603515625 0.40625 0.6015625 0.4097222222222222 0.603515625 0.4131944444444444 0.603515625 0.4305555555555556 0.59375 0.4548611111111111 0.59375 0.4618055555555556 0.58984375 0.4756944444444444 0.58203125 0.4930555555555556 0.576171875 0.5138888888888888 0.572265625 0.5381944444444444 0.56640625 0.5555555555555556 0.56640625 0.5694444444444444 0.564453125 0.5729166666666666 0.560546875 0.5729166666666666 0.5546875 0.5590277777777778 0.55859375 0.5451388888888888 0.560546875 0.5243055555555556 0.56640625 0.5069444444444444 0.56640625 0.4965277777777778 0.5703125 0.4826388888888889 0.572265625 0.4583333333333333 0.583984375 0.4270833333333333 0.583984375 0.3993055555555556 0.58203125 0.3958333333333333 0.58203125 0.3888888888888889 0.583984375 0.3854166666666667 0.583984375 0.375 0.587890625 0.3576388888888889 0.587890625 0.3298611111111111 0.591796875 0.3159722222222222 0.591796875 0.3020833333333333 0.580078125 0.2777777777777778 0.58203125 0.23958333333333334 0.583984375 0.2361111111111111 0.583984375 0.22916666666666666 0.58984375 0.2152777777777778 0.58984375 0.19791666666666666 0.591796875 0.19444444444444445 0.591796875 0.1875 0.595703125 0.18055555555555555 0.615234375 0.18055555555555555 0.619140625 0.1736111111111111 0.623046875 0.15625 0.6328125 0.1388888888888889 0.640625 0.13541666666666666
2 0.796875 0 0.85546875 0 0.85546875 0.024305555555555556 0.853515625 0.027777777777777776 0.85546875 0.03125 0.849609375 0.03819444444444445 0.849609375 0.04513888888888889 0.83984375 0.06944444444444445 0.83984375 0.09027777777777778 0.84765625 0.1111111111111111 0.857421875 0.1111111111111111 0.859375 0.11458333333333333 0.869140625 0.11458333333333333 0.873046875 0.11805555555555555 0.873046875 0.1284722222222222 0.869140625 0.1423611111111111 0.86328125 0.1527777777777778 0.86328125 0.1597222222222222 0.859375 0.1701388888888889 0.8515625 0.17708333333333334 0.837890625 0.18055555555555555 0.833984375 0.1875 0.8359375 0.19444444444444445 0.8359375 0.20833333333333334 0.830078125 0.2152777777777778 0.826171875 0.2152777777777778 0.818359375 0.2222222222222222 0.8046875 0.2222222222222222 0.8046875 0.20833333333333334 0.810546875 0.2013888888888889 0.81640625 0.18055555555555555 0.81640625 0.16666666666666666 0.814453125 0.16319444444444445 0.814453125 0.14583333333333334 0.8125 0.1423611111111111 0.8125 0.12152777777777778 0.80859375 0.1076388888888889 0.794921875 0.09722222222222222 0.794921875 0.020833333333333332 0.796875 0.017361111111111112 0.796875 0.003472222222222222
2 0.240234375 0 0.291015625 0 0.283203125 0.027777777777777776 0.283203125 0.059027777777777776 0.28515625 0.0625 0.28515625 0.07291666666666667 0.2890625 0.0798611111111111 0.287109375 0.08680555555555555 0.2890625 0.09375 0.2890625 0.11458333333333333 0.298828125 0.14930555555555555 0.30078125 0.1736111111111111 0.30859375 0.2013888888888889 0.31640625 0.20833333333333334 0.31640625 0.2152777777777778 0.318359375 0.21875 0.314453125 0.22916666666666666 0.310546875 0.22916666666666666 0.30859375 0.2326388888888889 0.298828125 0.2326388888888889 0.296875 0.2361111111111111 0.279296875 0.2361111111111111 0.27734375 0.2326388888888889 0.27734375 0.22916666666666666 0.294921875 0.20833333333333334 0.294921875 0.19791666666666666 0.287109375 0.1736111111111111 0.279296875 0.1597222222222222 0.27734375 0.14583333333333334 0.2734375 0.13541666666666666 0.265625 0.12152777777777778 0.26171875 0.1076388888888889 0.26171875 0.09722222222222222 0.255859375 0.08333333333333333 0.25 0.08680555555555555 0.244140625 0.10069444444444445 0.244140625 0.11805555555555555 0.240234375 0.125 0.240234375 0.13194444444444445 0.23046875 0.16666666666666666 0.23046875 0.1736111111111111 0.228515625 0.17708333333333334 0.228515625 0.19791666666666666 0.2265625 0.2013888888888889 0.216796875 0.2048611111111111 0.212890625 0.19791666666666666 0.203125 0.19791666666666666 0.201171875 0.19444444444444445 0.197265625 0.19444444444444445 0.193359375 0.1875 0.193359375 0.18055555555555555 0.19921875 0.17708333333333334 0.20703125 0.16666666666666666 0.212890625 0.16666666666666666 0.21875 0.15625 0.220703125 0.13541666666666666 0.22265625 0.13194444444444445 0.22265625 0.11805555555555555 0.224609375 0.11458333333333333 0.22265625 0.06944444444444445 0.23046875 0.041666666666666664 0.232421875 0.024305555555555556 0.240234375 0.003472222222222222
2 0.6640625 0.06597222222222222 0.66796875 0.07291666666666667 0.669921875 0.09722222222222222 0.677734375 0.12152777777777778 0.677734375 0.13194444444444445 0.6796875 0.13541666666666666 0.6796875 0.1597222222222222 0.681640625 0.16319444444444445 0.681640625 0.17708333333333334 0.68359375 0.18055555555555555 0.68359375 0.19791666666666666 0.681640625 0.2013888888888889 0.681640625 0.22569444444444445 0.677734375 0.23958333333333334 0.677734375 0.25 0.666015625 0.28125 0.66015625 0.2881944444444444 0.65625 0.2881944444444444 0.65234375 0.2743055555555556 0.65234375 0.2465277777777778 0.65625 0.2326388888888889 0.65234375 0.2048611111111111 0.65625 0.19444444444444445 0.658203125 0.16319444444444445 0.65625 0.1597222222222222 0.65625 0.14930555555555555 0.65234375 0.1388888888888889 0.640625 0.1284722222222222 0.6328125 0.09375 0.634765625 0.09027777777777778 0.634765625 0.08333333333333333 0.642578125 0.06944444444444445 0.646484375 0.06944444444444445 0.6484375 0.06597222222222222 0.662109375 0.06597222222222222