0 0.73828125 0.17708333333333334 0.7421875 0.18055555555555555 0.7421875 0.1909722222222222 0.740234375 0.19444444444444445 0.732421875 0.19444444444444445 0.73046875 0.1875 0.732421875 0.18055555555555555 0.736328125 0.18055555555555555
0 0.689453125 0.1597222222222222 0.6953125 0.15625 0.69921875 0.16319444444444445 0.69921875 0.17708333333333334 0.697265625 0.18055555555555555 0.693359375 0.18055555555555555 0.689453125 0.1736111111111111 0.689453125 0.16319444444444445
0 0.189453125 0.2777777777777778 0.1953125 0.2881944444444444 0.1953125 0.2951388888888889 0.189453125 0.3020833333333333 0.185546875 0.3020833333333333 0.1796875 0.2951388888888889 0.1796875 0.2847222222222222 0.1875 0.2777777777777778
0 0.341796875 0.6076388888888888 0.341796875 0.5972222222222222 0.34765625 0.5868055555555556 0.353515625 0.5868055555555556 0.357421875 0.59375 0.357421875 0.6041666666666666 0.35546875 0.6111111111111112 0.3515625 0.6145833333333334 0.34375 0.6076388888888888
0 0.31640625 0.4097222222222222 0.3203125 0.4201388888888889 0.3203125 0.4270833333333333 0.31640625 0.4340277777777778 0.3125 0.4340277777777778 0.3046875 0.4236111111111111 0.3046875 0.4166666666666667 0.30859375 0.4097222222222222 0.314453125 0.4097222222222222
0 0.681640625 0.20833333333333334 0.689453125 0.2222222222222222 0.689453125 0.22569444444444445 0.685546875 0.2326388888888889 0.6796875 0.2326388888888889 0.67578125 0.22916666666666666 0.673828125 0.22569444444444445 0.673828125 0.21875 0.6796875 0.21180555555555555
0 0.783203125 0.2569444444444444 0.78515625 0.2604166666666667 0.7890625 0.2604166666666667 0.7890625 0.2673611111111111 0.791015625 0.2708333333333333 0.7890625 0.2777777777777778 0.78515625 0.28125 0.779296875 0.28125 0.77734375 0.2777777777777778 0.775390625 0.2708333333333333 0.77734375 0.2638888888888889 0.78125 0.2604166666666667
0 0.611328125 0.2881944444444444 0.615234375 0.2951388888888889 0.615234375 0.3090277777777778 0.611328125 0.3159722222222222 0.60546875 0.3125 0.603515625 0.3055555555555556 0.603515625 0.2951388888888889 0.609375 0.2881944444444444
0 0.654296875 0.34375 0.6640625 0.34375 0.66796875 0.3506944444444444 0.6640625 0.3645833333333333 0.662109375 0.3611111111111111 0.65234375 0.3611111111111111 0.65234375 0.3506944444444444 0.654296875 0.3472222222222222
0 0.662109375 0.3402777777777778 0.66796875 0.3263888888888889 0.673828125 0.3263888888888889 0.677734375 0.3402777777777778 0.671875 0.3506944444444444 0.66796875 0.3506944444444444 0.66796875 0.3472222222222222 0.6640625 0.34375
0 0.63671875 0.2152777777777778 0.63671875 0.2048611111111111 0.638671875 0.2013888888888889 0.6484375 0.2013888888888889 0.650390625 0.2048611111111111 0.650390625 0.2152777777777778 0.6484375 0.21875 0.640625 0.21875 0.638671875 0.2152777777777778
1 0.74609375 0.19444444444444445 0.751953125 0.2013888888888889 0.751953125 0.21180555555555555 0.748046875 0.2222222222222222 0.748046875 0.2326388888888889 0.73046875 0.2326388888888889 0.7265625 0.22916666666666666 0.7265625 0.2013888888888889 0.734375 0.19444444444444445 0.744140625 0.19444444444444445
1 0.689453125 0.1736111111111111 0.69140625 0.18055555555555555 0.697265625 0.18055555555555555 0.703125 0.1736111111111111 0.7109375 0.18055555555555555 0.71484375 0.19791666666666666 0.712890625 0.2048611111111111 0.697265625 0.21875 0.685546875 0.21180555555555555 0.685546875 0.2048611111111111 0.68359375 0.2013888888888889 0.68359375 0.17708333333333334 0.6875 0.1736111111111111
1 0.6015625 0.3055555555555556 0.609375 0.3194444444444444 0.61328125 0.3159722222222222 0.615234375 0.3090277777777778 0.62109375 0.3090277777777778 0.623046875 0.3125 0.62109375 0.34375 0.619140625 0.3506944444444444 0.615234375 0.3541666666666667 0.6015625 0.3541666666666667 0.59765625 0.3506944444444444 0.59375 0.3333333333333333 0.59375 0.3125 0.599609375 0.3055555555555556
1 0.1953125 0.2986111111111111 0.197265625 0.3020833333333333 0.197265625 0.3194444444444444 0.19140625 0.3402777777777778 0.18359375 0.3472222222222222 0.177734375 0.34375 0.177734375 0.3263888888888889 0.17578125 0.3229166666666667 0.171875 0.3229166666666667 0.171875 0.3055555555555556 0.173828125 0.3020833333333333 0.193359375 0.3020833333333333
1 0.30859375 0.4305555555555556 0.3125 0.4409722222222222 0.306640625 0.46875 0.296875 0.46875 0.2890625 0.4791666666666667 0.28125 0.4791666666666667 0.28125 0.4652777777777778 0.283203125 0.4583333333333333 0.287109375 0.4479166666666667 0.296875 0.4340277777777778 0.30078125 0.4305555555555556 0.306640625 0.4305555555555556
1 0.6640625 0.2326388888888889 0.66796875 0.22916666666666666 0.673828125 0.22916666666666666 0.6796875 0.2361111111111111 0.6875 0.2361111111111111 0.689453125 0.23958333333333334 0.689453125 0.25 0.685546875 0.2569444444444444 0.68359375 0.2708333333333333 0.6796875 0.2743055555555556 0.677734375 0.2708333333333333 0.6640625 0.2708333333333333 0.6640625 0.2361111111111111
1 0.791015625 0.28125 0.794921875 0.2881944444444444 0.794921875 0.3229166666666667 0.787109375 0.3298611111111111 0.78125 0.3298611111111111 0.779296875 0.3263888888888889 0.77734375 0.3159722222222222 0.7734375 0.3090277777777778 0.7734375 0.3020833333333333 0.775390625 0.2986111111111111 0.775390625 0.2916666666666667 0.779296875 0.2847222222222222 0.78515625 0.2847222222222222 0.7890625 0.28125
1 0.658203125 0.3611111111111111 0.66796875 0.3715277777777778 0.666015625 0.3958333333333333 0.662109375 0.4027777777777778 0.662109375 0.4097222222222222 0.658203125 0.4131944444444444 0.654296875 0.4097222222222222 0.642578125 0.4097222222222222 0.646484375 0.3715277777777778 0.650390625 0.3611111111111111 0.65625 0.3611111111111111
1 0.681640625 0.34375 0.685546875 0.3472222222222222 0.685546875 0.3611111111111111 0.69140625 0.375 0.69140625 0.3819444444444444 0.693359375 0.3854166666666667 0.693359375 0.3923611111111111 0.69140625 0.3958333333333333 0.681640625 0.3958333333333333 0.677734375 0.3923611111111111 0.67578125 0.3784722222222222 0.66796875 0.3645833333333333 0.66796875 0.3576388888888889 0.6796875 0.34375
1 0.65234375 0.2222222222222222 0.654296875 0.22569444444444445 0.654296875 0.23958333333333334 0.646484375 0.2673611111111111 0.63671875 0.2673611111111111 0.634765625 0.2708333333333333 0.626953125 0.2708333333333333 0.623046875 0.2638888888888889 0.623046875 0.2361111111111111 0.625 0.22916666666666666 0.630859375 0.21875 0.650390625 0.2222222222222222
1 0.326171875 0.6736111111111112 0.326171875 0.6597222222222222 0.33203125 0.6423611111111112 0.330078125 0.6388888888888888 0.330078125 0.6319444444444444 0.33203125 0.625 0.341796875 0.6111111111111112 0.353515625 0.6145833333333334 0.3515625 0.6527777777777778 0.34765625 0.6631944444444444 0.34375 0.6666666666666666 0.333984375 0.6631944444444444 0.328125 0.6736111111111112
2 0.748046875 0.19444444444444445 0.751953125 0.19791666666666666 0.75390625 0.2152777777777778 0.76171875 0.2361111111111111 0.76171875 0.2465277777777778 0.759765625 0.2465277777777778 0.7578125 0.2534722222222222 0.76953125 0.2777777777777778 0.76953125 0.2916666666666667 0.765625 0.2916666666666667 0.7578125 0.2777777777777778 0.7578125 0.2743055555555556 0.748046875 0.2604166666666667 0.744140625 0.2569444444444444 0.734375 0.2569444444444444 0.73046875 0.2638888888888889 0.728515625 0.2743055555555556 0.72265625 0.2847222222222222 0.72265625 0.2916666666666667 0.720703125 0.2951388888888889 0.71875 0.2951388888888889 0.716796875 0.2881944444444444 0.720703125 0.2743055555555556 0.720703125 0.2638888888888889 0.724609375 0.2569444444444444 0.724609375 0.25 0.72265625 0.2465277777777778 0.724609375 0.2048611111111111 0.73046875 0.19444444444444445 0.734375 0.18055555555555555 0.740234375 0.18055555555555555 0.74609375 0.19444444444444445
2 0.689453125 0.1597222222222222 0.6953125 0.15625 0.703125 0.1736111111111111 0.708984375 0.17708333333333334 0.712890625 0.1840277777777778 0.71875 0.2013888888888889 0.7109375 0.21180555555555555 0.71484375 0.21875 0.720703125 0.23958333333333334 0.720703125 0.2569444444444444 0.71875 0.2569444444444444 0.716796875 0.2534722222222222 0.70703125 0.2534722222222222 0.693359375 0.2326388888888889 0.69140625 0.21875 0.685546875 0.21180555555555555 0.68359375 0.2048611111111111 0.68359375 0.17708333333333334 0.689453125 0.16319444444444445
2 0.189453125 0.2777777777777778 0.1953125 0.2881944444444444 0.1953125 0.2951388888888889 0.19921875 0.3055555555555556 0.19921875 0.3159722222222222 0.201171875 0.3229166666666667 0.20703125 0.3298611111111111 0.20703125 0.3333333333333333 0.205078125 0.3298611111111111 0.1953125 0.3298611111111111 0.193359375 0.3333333333333333 0.193359375 0.3472222222222222 0.197265625 0.3576388888888889 0.197265625 0.3680555555555556 0.19921875 0.3715277777777778 0.19921875 0.3819444444444444 0.197265625 0.3854166666666667 0.189453125 0.3854166666666667 0.189453125 0.375 0.18359375 0.3645833333333333 0.1796875 0.3715277777777778 0.1796875 0.3784722222222222 0.177734375 0.3819444444444444 0.177734375 0.3993055555555556 0.17578125 0.4027777777777778 0.17578125 0.4236111111111111 0.173828125 0.4270833333333333 0.169921875 0.4236111111111111 0.171875 0.4166666666666667 0.171875 0.4027777777777778 0.169921875 0.3993055555555556 0.169921875 0.3923611111111111 0.171875 0.3888888888888889 0.171875 0.3645833333333333 0.169921875 0.3611111111111111 0.169921875 0.3506944444444444 0.171875 0.3472222222222222 0.171875 0.3055555555555556 0.1796875 0.2951388888888889 0.1796875 0.2847222222222222 0.1875 0.2777777777777778
2 0.787109375 0.2604166666666667 0.791015625 0.2708333333333333 0.791015625 0.28125 0.794921875 0.2881944444444444 0.794921875 0.3229166666666667 0.796875 0.3263888888888889 0.796875 0.3402777777777778 0.794921875 0.34375 0.79296875 0.3611111111111111 0.796875 0.3680555555555556 0.802734375 0.3958333333333333 0.794921875 0.4027777777777778 0.79296875 0.3993055555555556 0.794921875 0.3958333333333333 0.794921875 0.3854166666666667 0.783203125 0.3611111111111111 0.779296875 0.3680555555555556 0.779296875 0.3888888888888889 0.783203125 0.3993055555555556 0.783203125 0.40625 0.775390625 0.4131944444444444 0.7734375 0.4131944444444444 0.775390625 0.3888888888888889 0.771484375 0.375 0.771484375 0.3576388888888889 0.779296875 0.3368055555555556 0.779296875 0.3229166666666667 0.771484375 0.3090277777777778 0.771484375 0.3020833333333333 0.76953125 0.2986111111111111 0.771484375 0.2916666666666667 0.77734375 0.2847222222222222 0.77734375 0.2638888888888889 0.779296875 0.2604166666666667 0.78515625 0.2604166666666667
2 0.310546875 0.40625 0.3125 0.4097222222222222 0.31640625 0.4097222222222222 0.3203125 0.4201388888888889 0.318359375 0.4340277777777778 0.31640625 0.4340277777777778 0.310546875 0.4479166666666667 0.310546875 0.4826388888888889 0.314453125 0.4895833333333333 0.314453125 0.4965277777777778 0.31640625 0.5 0.314453125 0.5208333333333334 0.3203125 0.53125 0.318359375 0.5347222222222222 0.314453125 0.5347222222222222 0.306640625 0.5243055555555556 0.302734375 0.53125 0.3046875 0.5347222222222222 0.3046875 0.5416666666666666 0.296875 0.5381944444444444 0.29296875 0.5277777777777778 0.298828125 0.5138888888888888 0.30078125 0.4965277777777778 0.29296875 0.4861111111111111 0.291015625 0.4861111111111111 0.287109375 0.4965277777777778 0.283203125 0.4965277777777778 0.283203125 0.4826388888888889 0.28125 0.4791666666666667 0.28125 0.4652777777777778 0.287109375 0.4479166666666667 0.298828125 0.4340277777777778 0.3046875 0.4236111111111111 0.3046875 0.4166666666666667 0.30859375 0.4097222222222222
2 0.654296875 0.3090277777777778 0.65625 0.2847222222222222 0.6640625 0.2673611111111111 0.6640625 0.2534722222222222 0.66015625 0.24305555555555555 0.662109375 0.2361111111111111 0.666015625 0.22916666666666666 0.669921875 0.22916666666666666 0.677734375 0.21180555555555555 0.68359375 0.21180555555555555 0.689453125 0.2222222222222222 0.689453125 0.2361111111111111 0.69140625 0.23958333333333334 0.689453125 0.2534722222222222 0.68359375 0.2638888888888889 0.68359375 0.2847222222222222 0.69140625 0.3055555555555556 0.69921875 0.3194444444444444 0.69921875 0.3263888888888889 0.701171875 0.3333333333333333 0.70703125 0.3402777777777778 0.70703125 0.3472222222222222 0.703125 0.3506944444444444 0.69140625 0.3263888888888889 0.69140625 0.3229166666666667 0.67578125 0.2986111111111111 0.669921875 0.2986111111111111 0.662109375 0.3125 0.658203125 0.3125 0.65625 0.3090277777777778
2 0.67578125 0.3298611111111111 0.67578125 0.3368055555555556 0.6796875 0.34375 0.685546875 0.3472222222222222 0.685546875 0.3541666666666667 0.69140625 0.375 0.693359375 0.3923611111111111 0.69921875 0.4097222222222222 0.701171875 0.4236111111111111 0.705078125 0.4305555555555556 0.705078125 0.4409722222222222 0.712890625 0.4618055555555556 0.7109375 0.46875 0.70703125 0.46875 0.703125 0.4513888888888889 0.68359375 0.4097222222222222 0.677734375 0.4097222222222222 0.671875 0.4166666666666667 0.66796875 0.4236111111111111 0.66796875 0.4340277777777778 0.669921875 0.4409722222222222 0.666015625 0.4479166666666667 0.6640625 0.4409722222222222 0.6640625 0.4027777777777778 0.669921875 0.3993055555555556 0.677734375 0.4097222222222222 0.68359375 0.4097222222222222 0.6875 0.4027777777777778 0.68359375 0.3958333333333333 0.6796875 0.3958333333333333 0.677734375 0.3923611111111111 0.671875 0.3715277777777778 0.66796875 0.3680555555555556 0.666015625 0.3611111111111111 0.66796875 0.3576388888888889 0.66796875 0.3506944444444444 0.6640625 0.34375 0.6640625 0.3333333333333333 0.669921875 0.3263888888888889 0.673828125 0.3298611111111111
2 0.654296875 0.34375 0.66015625 0.3402777777777778 0.666015625 0.3472222222222222 0.666015625 0.3645833333333333 0.669921875 0.3715277777777778 0.671875 0.3819444444444444 0.677734375 0.3958333333333333 0.685546875 0.4027777777777778 0.685546875 0.40625 0.677734375 0.40625 0.66796875 0.3958333333333333 0.662109375 0.40625 0.662109375 0.4409722222222222 0.6640625 0.4444444444444444 0.6640625 0.4583333333333333 0.662109375 0.4618055555555556 0.662109375 0.4861111111111111 0.66015625 0.4930555555555556 0.666015625 0.5034722222222222 0.666015625 0.5069444444444444 0.654296875 0.5069444444444444 0.65234375 0.5034722222222222 0.65234375 0.4930555555555556 0.654296875 0.4895833333333333 0.654296875 0.4826388888888889 0.65234375 0.4791666666666667 0.65234375 0.4548611111111111 0.6484375 0.4409722222222222 0.640625 0.4270833333333333 0.640625 0.4097222222222222 0.64453125 0.3993055555555556 0.646484375 0.3715277777777778 0.654296875 0.3472222222222222
2 0.611328125 0.2881944444444444 0.615234375 0.2951388888888889 0.615234375 0.3020833333333333 0.625 0.3159722222222222 0.625 0.3333333333333333 0.619140625 0.3472222222222222 0.62109375 0.3541666666666667 0.62109375 0.3958333333333333 0.623046875 0.3993055555555556 0.62109375 0.40625 0.62109375 0.4166666666666667 0.623046875 0.4201388888888889 0.62109375 0.4236111111111111 0.6171875 0.4236111111111111 0.615234375 0.4201388888888889 0.615234375 0.3993055555555556 0.611328125 0.3819444444444444 0.607421875 0.375 0.60546875 0.375 0.599609375 0.3854166666666667 0.59765625 0.40625 0.5859375 0.4166666666666667 0.5859375 0.4097222222222222 0.591796875 0.3993055555555556 0.591796875 0.3715277777777778 0.58984375 0.3680555555555556 0.58984375 0.3541666666666667 0.591796875 0.3506944444444444 0.591796875 0.3229166666666667 0.59375 0.3194444444444444 0.59375 0.3125 0.599609375 0.3055555555555556 0.607421875 0.2881944444444444 0.609375 0.2881944444444444
2 0.6484375 0.2013888888888889 0.650390625 0.20833333333333334 0.650390625 0.21875 0.654296875 0.22569444444444445 0.66015625 0.22916666666666666 0.66015625 0.2326388888888889 0.6484375 0.2569444444444444 0.6484375 0.28125 0.650390625 0.2847222222222222 0.65234375 0.3090277777777778 0.658203125 0.3194444444444444 0.658203125 0.3229166666666667 0.65625 0.3263888888888889 0.65625 0.3333333333333333 0.65234375 0.3402777777777778 0.6484375 0.3333333333333333 0.64453125 0.3333333333333333 0.640625 0.3506944444444444 0.63671875 0.34375 0.634765625 0.3333333333333333 0.6328125 0.3298611111111111 0.62890625 0.3298611111111111 0.625 0.3159722222222222 0.623046875 0.2361111111111111 0.626953125 0.2222222222222222 0.63671875 0.21180555555555555 0.63671875 0.2048611111111111 0.640625 0.2013888888888889 0.646484375 0.2013888888888889
2 0.35546875 0.5902777777777778 0.357421875 0.59375 0.357421875 0.6041666666666666 0.353515625 0.6215277777777778 0.353515625 0.6493055555555556 0.35546875 0.6527777777777778 0.357421875 0.6493055555555556 0.369140625 0.6458333333333334 0.369140625 0.65625 0.357421875 0.65625 0.349609375 0.6631944444444444 0.353515625 0.7048611111111112 0.3515625 0.7083333333333334 0.3515625 0.7222222222222222 0.349609375 0.7256944444444444 0.349609375 0.7534722222222222 0.34765625 0.7569444444444444 0.34375 0.7569444444444444 0.341796875 0.7534722222222222 0.341796875 0.7395833333333334 0.34375 0.7361111111111112 0.34375 0.7013888888888888 0.341796875 0.6979166666666666 0.337890625 0.6979166666666666 0.333984375 0.7048611111111112 0.328125 0.7048611111111112 0.32421875 0.7152777777777778 0.3203125 0.7152777777777778 0.318359375 0.7118055555555556 0.318359375 0.6944444444444444 0.326171875 0.6944444444444444 0.328125 0.6909722222222222 0.328125 0.6805555555555556 0.326171875 0.6770833333333334 0.326171875 0.65625 0.33203125 0.6423611111111112 0.330078125 0.6388888888888888 0.33203125 0.625 0.341796875 0.6076388888888888 0.341796875 0.6006944444444444 0.345703125 0.5902777777777778 0.349609375 0.5868055555555556 0.353515625 0.5902777777777778