0 0.3515625 0.5833333333333334 0.35546875 0.5798611111111112 0.361328125 0.5798611111111112 0.369140625 0.59375 0.369140625 0.6006944444444444 0.37109375 0.6041666666666666 0.37109375 0.6284722222222222 0.369140625 0.6354166666666666 0.365234375 0.6423611111111112 0.3515625 0.6423611111111112 0.345703125 0.6284722222222222 0.345703125 0.6041666666666666 0.34765625 0.6006944444444444 0.34765625 0.59375 0.3515625 0.5868055555555556
0 0.037109375 0.2361111111111111 0.041015625 0.24305555555555555 0.044921875 0.2604166666666667 0.04296875 0.2743055555555556 0.0390625 0.2847222222222222 0.0234375 0.2847222222222222 0.021484375 0.28125 0.013671875 0.28125 0.0078125 0.2708333333333333 0.0078125 0.2465277777777778 0.01171875 0.2361111111111111 0.015625 0.2326388888888889 0.033203125 0.2326388888888889 0.03515625 0.2361111111111111
0 0.359375 0.28125 0.36328125 0.2847222222222222 0.3671875 0.2951388888888889 0.3671875 0.3125 0.365234375 0.3159722222222222 0.36328125 0.3333333333333333 0.357421875 0.3333333333333333 0.35546875 0.3229166666666667 0.345703125 0.3125 0.34375 0.3159722222222222 0.33984375 0.3159722222222222 0.337890625 0.3125 0.337890625 0.2951388888888889 0.341796875 0.2847222222222222 0.349609375 0.2777777777777778 0.35546875 0.2777777777777778 0.357421875 0.28125
0 0.470703125 0.22569444444444445 0.478515625 0.2361111111111111 0.482421875 0.2534722222222222 0.482421875 0.2708333333333333 0.4765625 0.2847222222222222 0.458984375 0.2847222222222222 0.455078125 0.28125 0.451171875 0.2708333333333333 0.453125 0.23958333333333334 0.458984375 0.22916666666666666 0.462890625 0.22569444444444445 0.46875 0.22569444444444445
0 0.16796875 0.1076388888888889 0.169921875 0.11458333333333333 0.16015625 0.11458333333333333 0.1484375 0.125 0.146484375 0.125 0.146484375 0.11805555555555555 0.150390625 0.1076388888888889 0.154296875 0.10416666666666667 0.1640625 0.10416666666666667 0.166015625 0.1076388888888889
0 0.1484375 0.125 0.15625 0.11805555555555555 0.169921875 0.11805555555555555 0.173828125 0.125 0.173828125 0.14930555555555555 0.16796875 0.15625 0.150390625 0.15625 0.150390625 0.14930555555555555 0.146484375 0.1388888888888889 0.146484375 0.13194444444444445 0.1484375 0.1284722222222222
0 0.9119791666666667 0.5648148148148148 0.034375 0.06481481481481483
0 0.671875 0.3333333333333333 0.681640625 0.3472222222222222 0.681640625 0.3715277777777778 0.654296875 0.3923611111111111 0.6484375 0.3854166666666667 0.6484375 0.3784722222222222 0.646484375 0.375 0.646484375 0.3576388888888889 0.65625 0.3333333333333333 0.669921875 0.3333333333333333
0 0.1015625 0.1597222222222222 0.10546875 0.16319444444444445 0.111328125 0.17708333333333334 0.109375 0.2048611111111111 0.10546875 0.21875 0.099609375 0.21875 0.095703125 0.2152777777777778 0.08984375 0.2048611111111111 0.08203125 0.2013888888888889 0.078125 0.1909722222222222 0.078125 0.1736111111111111 0.0859375 0.1597222222222222 0.099609375 0.1597222222222222
0 0.38671875 0.1875 0.39453125 0.2048611111111111 0.39453125 0.22916666666666666 0.390625 0.23958333333333334 0.3828125 0.25 0.376953125 0.2465277777777778 0.376953125 0.24305555555555555 0.369140625 0.22916666666666666 0.369140625 0.20833333333333334 0.373046875 0.19444444444444445 0.384765625 0.1875
1 0.353515625 0.3333333333333333 0.365234375 0.34375 0.37109375 0.3541666666666667 0.37109375 0.3680555555555556 0.369140625 0.3715277777777778 0.36328125 0.3715277777777778 0.359375 0.375 0.353515625 0.3923611111111111 0.35546875 0.4201388888888889 0.357421875 0.4236111111111111 0.357421875 0.4305555555555556 0.353515625 0.4409722222222222 0.3359375 0.4409722222222222 0.328125 0.4201388888888889 0.328125 0.40625 0.3203125 0.3819444444444444 0.3203125 0.3472222222222222 0.32421875 0.3402777777777778 0.33203125 0.3402777777777778 0.337890625 0.3333333333333333 0.3515625 0.3333333333333333
1 0.44921875 0.2743055555555556 0.4609375 0.2881944444444444 0.474609375 0.2881944444444444 0.482421875 0.2777777777777778 0.484375 0.2673611111111111 0.48828125 0.2604166666666667 0.501953125 0.2604166666666667 0.509765625 0.2777777777777778 0.509765625 0.2881944444444444 0.50390625 0.2951388888888889 0.49609375 0.3125 0.498046875 0.3368055555555556 0.501953125 0.3472222222222222 0.501953125 0.375 0.498046875 0.3888888888888889 0.494140625 0.3854166666666667 0.470703125 0.3854166666666667 0.46875 0.3819444444444444 0.466796875 0.3506944444444444 0.46484375 0.3472222222222222 0.462890625 0.3298611111111111 0.458984375 0.3194444444444444 0.458984375 0.3125 0.44921875 0.2916666666666667 0.44921875 0.2777777777777778
1 0 0.2847222222222222 0.017578125 0.2847222222222222 0.01953125 0.2881944444444444 0.033203125 0.2916666666666667 0.0390625 0.3055555555555556 0.0390625 0.3229166666666667 0.04296875 0.3402777777777778 0.04296875 0.3784722222222222 0.041015625 0.3819444444444444 0.041015625 0.3923611111111111 0.0390625 0.3958333333333333 0.03125 0.3958333333333333 0.029296875 0.3923611111111111 0.0234375 0.3923611111111111 0.01953125 0.3888888888888889 0.01953125 0.3854166666666667 0.015625 0.3819444444444444 0.015625 0.3784722222222222 0.0078125 0.3645833333333333 0.0078125 0.3576388888888889 0.0234375 0.3263888888888889 0.013671875 0.3194444444444444 0 0.3194444444444444 0 0.2881944444444444
1 0.185546875 0.16319444444444445 0.19140625 0.1701388888888889 0.19140625 0.1875 0.18359375 0.19791666666666666 0.1796875 0.20833333333333334 0.1796875 0.21875 0.177734375 0.2222222222222222 0.18359375 0.2326388888888889 0.18359375 0.2673611111111111 0.185546875 0.2708333333333333 0.185546875 0.2881944444444444 0.177734375 0.2881944444444444 0.173828125 0.28125 0.166015625 0.2777777777777778 0.162109375 0.2708333333333333 0.150390625 0.2708333333333333 0.1484375 0.2673611111111111 0.1484375 0.24305555555555555 0.146484375 0.23958333333333334 0.14453125 0.21875 0.134765625 0.19791666666666666 0.134765625 0.1701388888888889 0.138671875 0.16319444444444445 0.18359375 0.16319444444444445
1 0.9296875 0.5902777777777778 0.939453125 0.6111111111111112 0.939453125 0.6458333333333334 0.935546875 0.65625 0.935546875 0.6666666666666666 0.931640625 0.6770833333333334 0.931640625 0.6875 0.927734375 0.6909722222222222 0.92578125 0.6979166666666666 0.916015625 0.7048611111111112 0.90234375 0.7048611111111112 0.8984375 0.6944444444444444 0.900390625 0.6458333333333334 0.8984375 0.6423611111111112 0.8984375 0.6354166666666666 0.89453125 0.6284722222222222 0.89453125 0.6041666666666666 0.896484375 0.6006944444444444 0.912109375 0.6006944444444444 0.9140625 0.6041666666666666 0.927734375 0.5902777777777778
1 0.078125 0.20833333333333334 0.08203125 0.2152777777777778 0.095703125 0.21875 0.103515625 0.22916666666666666 0.107421875 0.2465277777777778 0.107421875 0.2638888888888889 0.109375 0.2673611111111111 0.109375 0.2881944444444444 0.109375 0.2743055555555556 0.099609375 0.2569444444444444 0.087890625 0.2569444444444444 0.0859375 0.2604166666666667 0.083984375 0.2673611111111111 0.0859375 0.2743055555555556 0.0859375 0.2847222222222222 0.08984375 0.2881944444444444 0.091796875 0.2986111111111111 0.095703125 0.3055555555555556 0.095703125 0.3159722222222222 0.09765625 0.3194444444444444 0.095703125 0.3263888888888889 0.099609375 0.3333333333333333 0.1015625 0.3298611111111111 0.10546875 0.3333333333333333 0.09765625 0.3333333333333333 0.09375 0.3298611111111111 0.078125 0.3402777777777778 0.06640625 0.3402777777777778 0.07421875 0.3055555555555556 0.07421875 0.2951388888888889 0.06640625 0.2743055555555556 0.064453125 0.2673611111111111 0.064453125 0.2569444444444444 0.0625 0.2534722222222222 0.0625 0.2326388888888889 0.064453125 0.22916666666666666 0.064453125 0.21875 0.076171875 0.20833333333333334
1 0.67578125 0.3923611111111111 0.68359375 0.4027777777777778 0.68359375 0.4097222222222222 0.685546875 0.4131944444444444 0.68359375 0.4618055555555556 0.681640625 0.4652777777777778 0.6796875 0.4965277777777778 0.67578125 0.5034722222222222 0.673828125 0.5 0.669921875 0.5 0.671875 0.4861111111111111 0.67578125 0.4791666666666667 0.681640625 0.4513888888888889 0.681640625 0.4409722222222222 0.67578125 0.4305555555555556 0.66796875 0.4305555555555556 0.662109375 0.4375 0.6640625 0.4479166666666667 0.66015625 0.4548611111111111 0.66015625 0.4756944444444444 0.658203125 0.4826388888888889 0.654296875 0.4861111111111111 0.654296875 0.4895833333333333 0.650390625 0.4861111111111111 0.650390625 0.46875 0.65234375 0.4652777777777778 0.65234375 0.4166666666666667 0.658203125 0.3993055555555556 0.66796875 0.3923611111111111 0.673828125 0.3923611111111111
1 0.3671875 0.23958333333333334 0.373046875 0.23958333333333334 0.373046875 0.24305555555555555 0.37890625 0.2534722222222222 0.384765625 0.2534722222222222 0.392578125 0.2361111111111111 0.40234375 0.2361111111111111 0.412109375 0.25 0.412109375 0.2569444444444444 0.4140625 0.2604166666666667 0.412109375 0.2743055555555556 0.404296875 0.2743055555555556 0.400390625 0.2777777777777778 0.396484375 0.2881944444444444 0.396484375 0.3298611111111111 0.39453125 0.3333333333333333 0.39453125 0.34375 0.392578125 0.3472222222222222 0.373046875 0.3472222222222222 0.369140625 0.3402777777777778 0.373046875 0.3229166666666667 0.373046875 0.3125 0.37109375 0.3090277777777778 0.37109375 0.2708333333333333 0.3671875 0.2604166666666667 0.3671875 0.24305555555555555
1 0.36328125 0.5625 0.37109375 0.5694444444444444 0.373046875 0.5763888888888888 0.380859375 0.5798611111111112 0.38671875 0.59375 0.38671875 0.6215277777777778 0.3828125 0.6284722222222222 0.375 0.6284722222222222 0.373046875 0.6319444444444444 0.37109375 0.6319444444444444 0.373046875 0.6111111111111112 0.3671875 0.5902777777777778 0.359375 0.5798611111111112 0.357421875 0.5798611111111112 0.345703125 0.6006944444444444 0.345703125 0.6284722222222222 0.341796875 0.6284722222222222 0.33984375 0.625 0.33984375 0.6041666666666666 0.341796875 0.6006944444444444 0.341796875 0.5833333333333334 0.34375 0.5798611111111112 0.34375 0.5729166666666666 0.3515625 0.5625 0.361328125 0.5625
2 0.67578125 0.3368055555555556 0.681640625 0.3506944444444444 0.681640625 0.3680555555555556 0.677734375 0.3784722222222222 0.677734375 0.3888888888888889 0.681640625 0.3958333333333333 0.685546875 0.4131944444444444 0.685546875 0.4340277777777778 0.68359375 0.4375 0.68359375 0.4548611111111111 0.681640625 0.4583333333333333 0.681640625 0.4756944444444444 0.6796875 0.4791666666666667 0.681640625 0.5277777777777778 0.67578125 0.5416666666666666 0.67578125 0.5520833333333334 0.673828125 0.5555555555555556 0.673828125 0.5763888888888888 0.671875 0.5798611111111112 0.671875 0.6006944444444444 0.67578125 0.6145833333333334 0.67578125 0.6319444444444444 0.673828125 0.6354166666666666 0.673828125 0.6979166666666666 0.67578125 0.7013888888888888 0.67578125 0.7118055555555556 0.673828125 0.7152777777777778 0.662109375 0.7152777777777778 0.66015625 0.71875 0.646484375 0.7152777777777778 0.646484375 0.7118055555555556 0.65234375 0.7083333333333334 0.65625 0.7013888888888888 0.650390625 0.6944444444444444 0.64453125 0.6944444444444444 0.64453125 0.6875 0.650390625 0.6875 0.662109375 0.6736111111111112 0.66015625 0.6319444444444444 0.658203125 0.6284722222222222 0.658203125 0.6180555555555556 0.654296875 0.6006944444444444 0.654296875 0.5868055555555556 0.65234375 0.5833333333333334 0.65234375 0.5763888888888888 0.654296875 0.5729166666666666 0.65234375 0.5694444444444444 0.65234375 0.5555555555555556 0.650390625 0.5520833333333334 0.650390625 0.5347222222222222 0.646484375 0.53125 0.642578125 0.5451388888888888 0.63671875 0.5451388888888888 0.634765625 0.5347222222222222 0.638671875 0.5173611111111112 0.64453125 0.5069444444444444 0.650390625 0.4895833333333333 0.650390625 0.4652777777777778 0.65234375 0.4618055555555556 0.65234375 0.4166666666666667 0.65625 0.3993055555555556 0.650390625 0.3923611111111111 0.6484375 0.3854166666666667 0.6484375 0.3715277777777778 0.646484375 0.3680555555555556 0.6484375 0.3506944444444444 0.65234375 0.3402777777777778 0.658203125 0.3333333333333333 0.671875 0.3333333333333333 0.673828125 0.3368055555555556
2 0.353515625 0.2777777777777778 0.35546875 0.28125 0.359375 0.28125 0.365234375 0.2916666666666667 0.365234375 0.2986111111111111 0.3671875 0.3020833333333333 0.3671875 0.3125 0.36328125 0.3263888888888889 0.36328125 0.3402777777777778 0.369140625 0.3472222222222222 0.37109375 0.3541666666666667 0.37109375 0.4375 0.373046875 0.4409722222222222 0.373046875 0.4548611111111111 0.376953125 0.4652777777777778 0.376953125 0.4722222222222222 0.384765625 0.4930555555555556 0.38671875 0.5173611111111112 0.390625 0.5243055555555556 0.390625 0.5381944444444444 0.392578125 0.5416666666666666 0.39453125 0.5590277777777778 0.40234375 0.5833333333333334 0.408203125 0.6180555555555556 0.412109375 0.625 0.4296875 0.625 0.4296875 0.6319444444444444 0.423828125 0.6423611111111112 0.416015625 0.6493055555555556 0.40234375 0.6527777777777778 0.40234375 0.6458333333333334 0.400390625 0.6423611111111112 0.400390625 0.625 0.390625 0.6041666666666666 0.3828125 0.5763888888888888 0.3828125 0.5694444444444444 0.37109375 0.5451388888888888 0.369140625 0.53125 0.36328125 0.5208333333333334 0.359375 0.5208333333333334 0.349609375 0.5416666666666666 0.34765625 0.5486111111111112 0.34765625 0.5590277777777778 0.341796875 0.5729166666666666 0.337890625 0.6215277777777778 0.333984375 0.6354166666666666 0.33984375 0.6493055555555556 0.345703125 0.6527777777777778 0.345703125 0.6597222222222222 0.341796875 0.6631944444444444 0.3359375 0.6631944444444444 0.333984375 0.6666666666666666 0.32421875 0.6666666666666666 0.322265625 0.6631944444444444 0.32421875 0.6493055555555556 0.328125 0.6388888888888888 0.326171875 0.6319444444444444 0.326171875 0.6041666666666666 0.328125 0.6006944444444444 0.328125 0.5763888888888888 0.33203125 0.5659722222222222 0.33203125 0.5451388888888888 0.328125 0.5347222222222222 0.328125 0.5208333333333334 0.322265625 0.5138888888888888 0.3203125 0.5069444444444444 0.328125 0.4861111111111111 0.328125 0.4756944444444444 0.33203125 0.4652777777777778 0.33203125 0.4479166666666667 0.328125 0.4409722222222222 0.328125 0.4340277777777778 0.32421875 0.4236111111111111 0.32421875 0.3923611111111111 0.3203125 0.3819444444444444 0.3203125 0.3472222222222222 0.32421875 0.3402777777777778 0.330078125 0.3402777777777778 0.33984375 0.3298611111111111 0.337890625 0.2951388888888889 0.341796875 0.2847222222222222 0.3515625 0.2777777777777778
2 0.01171875 0.2361111111111111 0.015625 0.2326388888888889 0.033203125 0.2326388888888889 0.0390625 0.24305555555555555 0.041015625 0.24305555555555555 0.041015625 0.25 0.044921875 0.2638888888888889 0.04296875 0.2673611111111111 0.04296875 0.2777777777777778 0.0390625 0.2951388888888889 0.0390625 0.3194444444444444 0.041015625 0.3229166666666667 0.041015625 0.3333333333333333 0.05078125 0.3506944444444444 0.05078125 0.3541666666666667 0.04296875 0.3680555555555556 0.04296875 0.3819444444444444 0.0390625 0.3993055555555556 0.041015625 0.4270833333333333 0.046875 0.4444444444444444 0.044921875 0.5277777777777778 0.046875 0.53125 0.046875 0.5451388888888888 0.048828125 0.5486111111111112 0.048828125 0.5625 0.05078125 0.5694444444444444 0.0625 0.5833333333333334 0.068359375 0.5833333333333334 0.076171875 0.5902777777777778 0.076171875 0.5972222222222222 0.068359375 0.6041666666666666 0.044921875 0.6041666666666666 0.0390625 0.5972222222222222 0.0390625 0.5694444444444444 0.03515625 0.5520833333333334 0.029296875 0.5381944444444444 0.029296875 0.5208333333333334 0.02734375 0.5173611111111112 0.02734375 0.5 0.025390625 0.4965277777777778 0.021484375 0.4965277777777778 0.001953125 0.5277777777777778 0 0.5277777777777778 0 0.4861111111111111 0.00390625 0.4826388888888889 0.00390625 0.4722222222222222 0 0.46875 0 0.2847222222222222 0.005859375 0.2847222222222222 0.009765625 0.2777777777777778 0.0078125 0.2743055555555556 0.0078125 0.2465277777777778 0.01171875 0.23958333333333334
2 0.890625 0.6944444444444444 0.892578125 0.6944444444444444 0.8984375 0.6805555555555556 0.8984375 0.6388888888888888 0.89453125 0.6284722222222222 0.89453125 0.6180555555555556 0.892578125 0.6145833333333334 0.892578125 0.6076388888888888 0.8984375 0.59375 0.8984375 0.5833333333333334 0.896484375 0.5798611111111112 0.896484375 0.5555555555555556 0.90625 0.5347222222222222 0.919921875 0.5347222222222222 0.923828125 0.5416666666666666 0.927734375 0.5555555555555556 0.927734375 0.5833333333333334 0.93359375 0.6006944444444444 0.939453125 0.6111111111111112 0.939453125 0.6458333333333334 0.931640625 0.6736111111111112 0.931640625 0.6875 0.9375 0.7083333333333334 0.9375 0.7291666666666666 0.9296875 0.7569444444444444 0.931640625 0.7638888888888888 0.931640625 0.78125 0.9296875 0.7847222222222222 0.9296875 0.7986111111111112 0.927734375 0.8020833333333334 0.927734375 0.8125 0.93359375 0.8402777777777778 0.931640625 0.8854166666666666 0.93359375 0.8888888888888888 0.93359375 0.8993055555555556 0.935546875 0.9027777777777778 0.935546875 0.9131944444444444 0.9375 0.9201388888888888 0.93359375 0.9270833333333334 0.904296875 0.9270833333333334 0.90625 0.9201388888888888 0.9140625 0.9131944444444444 0.91015625 0.90625 0.90234375 0.90625 0.8984375 0.8993055555555556 0.912109375 0.8958333333333334 0.91796875 0.8888888888888888 0.91796875 0.8506944444444444 0.916015625 0.8472222222222222 0.916015625 0.8333333333333334 0.904296875 0.7916666666666666 0.904296875 0.7638888888888888 0.90234375 0.7604166666666666 0.900390625 0.7326388888888888 0.8984375 0.7291666666666666 0.900390625 0.7083333333333334 0.896484375 0.7048611111111112 0.892578125 0.7118055555555556 0.888671875 0.7256944444444444 0.888671875 0.7361111111111112 0.884765625 0.7361111111111112 0.880859375 0.7256944444444444 0.8828125 0.7152777777777778 0.890625 0.6979166666666666
2 0.16796875 0.11458333333333333 0.173828125 0.125 0.173828125 0.15625 0.177734375 0.16319444444444445 0.185546875 0.16319444444444445 0.19140625 0.1701388888888889 0.19140625 0.2013888888888889 0.193359375 0.2048611111111111 0.197265625 0.2326388888888889 0.203125 0.2465277777777778 0.208984375 0.2708333333333333 0.21484375 0.28125 0.21484375 0.2916666666666667 0.212890625 0.2951388888888889 0.208984375 0.2951388888888889 0.20703125 0.28125 0.203125 0.2777777777777778 0.189453125 0.25 0.18359375 0.2569444444444444 0.185546875 0.2777777777777778 0.1875 0.28125 0.1875 0.3159722222222222 0.189453125 0.3229166666666667 0.1875 0.3263888888888889 0.1875 0.3402777777777778 0.185546875 0.34375 0.18359375 0.375 0.181640625 0.3784722222222222 0.181640625 0.3958333333333333 0.1796875 0.3993055555555556 0.177734375 0.4722222222222222 0.189453125 0.4861111111111111 0.189453125 0.4930555555555556 0.185546875 0.4965277777777778 0.173828125 0.4965277777777778 0.171875 0.5 0.1640625 0.4930555555555556 0.1640625 0.4791666666666667 0.166015625 0.4756944444444444 0.166015625 0.4444444444444444 0.162109375 0.4340277777777778 0.1640625 0.3576388888888889 0.162109375 0.3541666666666667 0.15625 0.3576388888888889 0.158203125 0.3402777777777778 0.1484375 0.3055555555555556 0.1484375 0.2951388888888889 0.146484375 0.2916666666666667 0.1484375 0.25 0.146484375 0.2465277777777778 0.142578125 0.25 0.142578125 0.2569444444444444 0.138671875 0.2708333333333333 0.138671875 0.28125 0.13671875 0.2847222222222222 0.13671875 0.3159722222222222 0.130859375 0.3159722222222222 0.12890625 0.3125 0.12890625 0.2951388888888889 0.130859375 0.2916666666666667 0.130859375 0.2534722222222222 0.1328125 0.25 0.1328125 0.21180555555555555 0.134765625 0.20833333333333334 0.134765625 0.1701388888888889 0.138671875 0.16319444444444445 0.14453125 0.16319444444444445 0.150390625 0.15625 0.1484375 0.14930555555555555 0.1484375 0.1388888888888889 0.146484375 0.13541666666666666 0.1484375 0.13194444444444445 0.1484375 0.125 0.154296875 0.11805555555555555 0.166015625 0.11458333333333333
2 0.099609375 0.1597222222222222 0.1015625 0.16319444444444445 0.10546875 0.16319444444444445 0.111328125 0.17708333333333334 0.109375 0.2048611111111111 0.107421875 0.20833333333333334 0.107421875 0.2152777777777778 0.103515625 0.2222222222222222 0.103515625 0.2326388888888889 0.107421875 0.2465277777777778 0.107421875 0.2673611111111111 0.111328125 0.2847222222222222 0.111328125 0.2986111111111111 0.11328125 0.3055555555555556 0.130859375 0.3368055555555556 0.130859375 0.3402777777777778 0.13671875 0.3472222222222222 0.13671875 0.3611111111111111 0.134765625 0.3645833333333333 0.12890625 0.3645833333333333 0.12890625 0.3576388888888889 0.119140625 0.3402777777777778 0.109375 0.3298611111111111 0.107421875 0.3333333333333333 0.107421875 0.3472222222222222 0.111328125 0.3576388888888889 0.111328125 0.3645833333333333 0.1171875 0.3819444444444444 0.1171875 0.3888888888888889 0.12109375 0.4027777777777778 0.12109375 0.4131944444444444 0.115234375 0.4305555555555556 0.11328125 0.4861111111111111 0.115234375 0.4895833333333333 0.115234375 0.4965277777777778 0.12890625 0.5173611111111112 0.123046875 0.5243055555555556 0.10546875 0.5243055555555556 0.099609375 0.5173611111111112 0.099609375 0.5069444444444444 0.1015625 0.5034722222222222 0.1015625 0.4583333333333333 0.09765625 0.4513888888888889 0.09375 0.4583333333333333 0.09375 0.4652777777777778 0.091796875 0.46875 0.08984375 0.4965277777777778 0.087890625 0.5 0.087890625 0.5138888888888888 0.09375 0.5277777777777778 0.1015625 0.5347222222222222 0.10546875 0.5347222222222222 0.10546875 0.5381944444444444 0.099609375 0.5451388888888888 0.07421875 0.5451388888888888 0.072265625 0.5416666666666666 0.072265625 0.5347222222222222 0.076171875 0.5208333333333334 0.076171875 0.4826388888888889 0.07421875 0.4791666666666667 0.07421875 0.4652777777777778 0.076171875 0.4618055555555556 0.078125 0.4305555555555556 0.080078125 0.4270833333333333 0.078125 0.4236111111111111 0.078125 0.375 0.07421875 0.3680555555555556 0.0703125 0.3680555555555556 0.06640625 0.375 0.060546875 0.3680555555555556 0.0625 0.3472222222222222 0.06640625 0.3402777777777778 0.06640625 0.3263888888888889 0.064453125 0.3229166666666667 0.064453125 0.2569444444444444 0.0625 0.2534722222222222 0.0625 0.2326388888888889 0.064453125 0.22916666666666666 0.064453125 0.21875 0.078125 0.2048611111111111 0.080078125 0.19791666666666666 0.078125 0.19444444444444445 0.078125 0.17708333333333334 0.080078125 0.1701388888888889 0.087890625 0.1597222222222222 0.09765625 0.1597222222222222
2 0.388671875 0.1909722222222222 0.39453125 0.2048611111111111 0.39453125 0.22916666666666666 0.3984375 0.2361111111111111 0.40625 0.23958333333333334 0.412109375 0.25 0.412109375 0.2569444444444444 0.4140625 0.2604166666666667 0.412109375 0.2673611111111111 0.412109375 0.2881944444444444 0.41015625 0.2916666666666667 0.41015625 0.3159722222222222 0.408203125 0.3194444444444444 0.408203125 0.3368055555555556 0.412109375 0.3506944444444444 0.412109375 0.3854166666666667 0.40625 0.4027777777777778 0.40625 0.4131944444444444 0.40234375 0.4305555555555556 0.40234375 0.4444444444444444 0.40625 0.4583333333333333 0.40625 0.4826388888888889 0.408203125 0.4861111111111111 0.408203125 0.53125 0.41015625 0.5381944444444444 0.40625 0.5451388888888888 0.40234375 0.5451388888888888 0.400390625 0.5486111111111112 0.396484375 0.5486111111111112 0.39453125 0.5451388888888888 0.39453125 0.53125 0.396484375 0.5277777777777778 0.39453125 0.5104166666666666 0.396484375 0.5034722222222222 0.39453125 0.5 0.392578125 0.4652777777777778 0.38671875 0.4444444444444444 0.38671875 0.40625 0.384765625 0.4027777777777778 0.376953125 0.4097222222222222 0.373046875 0.40625 0.373046875 0.3680555555555556 0.375 0.3611111111111111 0.369140625 0.3402777777777778 0.375 0.3194444444444444 0.373046875 0.3125 0.373046875 0.3020833333333333 0.37109375 0.2986111111111111 0.37109375 0.2708333333333333 0.3671875 0.2604166666666667 0.369140625 0.20833333333333334 0.373046875 0.19444444444444445 0.376953125 0.1909722222222222 0.38671875 0.1909722222222222
2 0.470703125 0.22569444444444445 0.478515625 0.2361111111111111 0.48046875 0.25 0.486328125 0.2604166666666667 0.501953125 0.2604166666666667 0.509765625 0.2777777777777778 0.509765625 0.2986111111111111 0.51171875 0.3020833333333333 0.51171875 0.3159722222222222 0.513671875 0.3194444444444444 0.51171875 0.3263888888888889 0.513671875 0.3298611111111111 0.513671875 0.3576388888888889 0.51171875 0.3611111111111111 0.51171875 0.3784722222222222 0.5078125 0.3958333333333333 0.509765625 0.3993055555555556 0.509765625 0.4756944444444444 0.517578125 0.4965277777777778 0.517578125 0.5069444444444444 0.51953125 0.5104166666666666 0.51953125 0.5486111111111112 0.521484375 0.5520833333333334 0.521484375 0.5625 0.525390625 0.5694444444444444 0.525390625 0.5798611111111112 0.517578125 0.59375 0.509765625 0.6006944444444444 0.50390625 0.6006944444444444 0.5 0.5972222222222222 0.5 0.59375 0.505859375 0.5833333333333334 0.5078125 0.5729166666666666 0.51171875 0.5659722222222222 0.51171875 0.5451388888888888 0.505859375 0.5243055555555556 0.50390625 0.5 0.490234375 0.4652777777777778 0.48828125 0.4652777777777778 0.484375 0.4756944444444444 0.484375 0.5243055555555556 0.482421875 0.5277777777777778 0.482421875 0.5659722222222222 0.484375 0.5694444444444444 0.484375 0.5763888888888888 0.4765625 0.5798611111111112 0.47265625 0.5868055555555556 0.4609375 0.5868055555555556 0.4609375 0.5798611111111112 0.47265625 0.5590277777777778 0.470703125 0.4756944444444444 0.46875 0.4722222222222222 0.466796875 0.4375 0.46484375 0.4340277777777778 0.46484375 0.4027777777777778 0.46875 0.3888888888888889 0.46875 0.3645833333333333 0.46484375 0.3506944444444444 0.458984375 0.3576388888888889 0.458984375 0.3680555555555556 0.453125 0.3888888888888889 0.453125 0.4027777777777778 0.451171875 0.40625 0.451171875 0.4131944444444444 0.453125 0.4166666666666667 0.453125 0.4270833333333333 0.451171875 0.4340277777777778 0.44921875 0.4340277777777778 0.4453125 0.4201388888888889 0.4453125 0.3958333333333333 0.447265625 0.3923611111111111 0.447265625 0.3611111111111111 0.44921875 0.3576388888888889 0.44921875 0.34375 0.451171875 0.3402777777777778 0.451171875 0.3229166666666667 0.455078125 0.3090277777777778 0.453125 0.2986111111111111 0.44921875 0.2916666666666667 0.451171875 0.2569444444444444 0.453125 0.2534722222222222 0.453125 0.24305555555555555 0.455078125 0.2361111111111111 0.462890625 0.22569444444444445 0.46875 0.22569444444444445
2 0.16796875 0.1076388888888889 0.169921875 0.11458333333333333 0.16015625 0.11458333333333333 0.158203125 0.11805555555555555 0.154296875 0.11805555555555555 0.1484375 0.1284722222222222 0.146484375 0.1284722222222222 0.146484375 0.11805555555555555 0.150390625 0.1076388888888889 0.154296875 0.10416666666666667 0.1640625 0.10416666666666667 0.166015625 0.1076388888888889
2 0.36328125 0.5277777777777778 0.369140625 0.5381944444444444 0.369140625 0.5451388888888888 0.376953125 0.5625 0.380859375 0.5798611111111112 0.38671875 0.59375 0.38671875 0.6215277777777778 0.3828125 0.6284722222222222 0.37109375 0.6319444444444444 0.365234375 0.6423611111111112 0.3515625 0.6423611111111112 0.33984375 0.625 0.33984375 0.6076388888888888 0.341796875 0.6041666666666666 0.341796875 0.5833333333333334 0.34375 0.5798611111111112 0.34375 0.5729166666666666 0.349609375 0.5625 0.3515625 0.5416666666666666 0.359375 0.5277777777777778 0.361328125 0.5277777777777778
2 0.517578125 0 0.53125 0 0.52734375 0.013888888888888888 0.52734375 0.024305555555555556 0.529296875 0.027777777777777776 0.529296875 0.06944444444444445 0.533203125 0.0798611111111111 0.53515625 0.0763888888888889 0.53515625 0.0625 0.537109375 0.059027777777777776 0.537109375 0.013888888888888888 0.53515625 0.010416666666666666 0.53515625 0 0.546875 0 0.546875 0.020833333333333332 0.548828125 0.024305555555555556 0.546875 0.027777777777777776 0.546875 0.03819444444444445 0.54296875 0.05555555555555555 0.54296875 0.07291666666666667 0.548828125 0.10069444444444445 0.546875 0.10416666666666667 0.54296875 0.10416666666666667 0.5390625 0.09375 0.53515625 0.09027777777777778 0.52734375 0.10416666666666667 0.521484375 0.10416666666666667 0.5234375 0.06944444444444445 0.517578125 0.041666666666666664 0.517578125 0.003472222222222222