0 0.724609375 0.5347222222222222 0.728515625 0.5555555555555556 0.7265625 0.5625 0.720703125 0.5659722222222222 0.712890625 0.5763888888888888 0.70703125 0.5763888888888888 0.703125 0.5694444444444444 0.703125 0.5416666666666666 0.7109375 0.53125 0.720703125 0.53125 0.72265625 0.5347222222222222
0 0.08567708333333333 0.7236111111111111 0.0296875 0.05092592592592592
0 0.30859375 0.8854166666666666 0.314453125 0.8923611111111112 0.314453125 0.8993055555555556 0.31640625 0.9027777777777778 0.31640625 0.9270833333333334 0.314453125 0.9340277777777778 0.310546875 0.9375 0.294921875 0.9375 0.29296875 0.9340277777777778 0.2890625 0.9340277777777778 0.28515625 0.9236111111111112 0.2890625 0.9166666666666666 0.2890625 0.90625 0.291015625 0.8993055555555556 0.296875 0.8888888888888888 0.30078125 0.8854166666666666 0.306640625 0.8854166666666666
0 0.48828125 0.28125 0.498046875 0.2916666666666667 0.498046875 0.3125 0.494140625 0.3194444444444444 0.48046875 0.3159722222222222 0.474609375 0.3055555555555556 0.4765625 0.2881944444444444 0.48046875 0.28125 0.486328125 0.28125
0 0.115234375 0.2222222222222222 0.12109375 0.2152777777777778 0.126953125 0.2152777777777778 0.134765625 0.2326388888888889 0.134765625 0.2604166666666667 0.12890625 0.2604166666666667 0.123046875 0.23958333333333334 0.1171875 0.2534722222222222 0.11328125 0.25 0.11328125 0.22916666666666666 0.115234375 0.22569444444444445
0 0.697265625 0.28125 0.69921875 0.2847222222222222 0.705078125 0.2847222222222222 0.7109375 0.2951388888888889 0.7109375 0.3125 0.708984375 0.3194444444444444 0.703125 0.3263888888888889 0.69921875 0.3263888888888889 0.685546875 0.3055555555555556 0.6875 0.2881944444444444 0.689453125 0.2847222222222222 0.6953125 0.2847222222222222
0 0.076171875 0.3472222222222222 0.087890625 0.3611111111111111 0.087890625 0.3784722222222222 0.078125 0.3923611111111111 0.072265625 0.3854166666666667 0.068359375 0.3854166666666667 0.060546875 0.3784722222222222 0.060546875 0.3611111111111111 0.0625 0.3541666666666667 0.068359375 0.3472222222222222 0.07421875 0.3472222222222222
0 0.7109375 0.21875 0.716796875 0.2326388888888889 0.716796875 0.2465277777777778 0.70703125 0.2638888888888889 0.703125 0.2638888888888889 0.69921875 0.2569444444444444 0.6953125 0.2465277777777778 0.6953125 0.2326388888888889 0.69921875 0.21875 0.708984375 0.21875
0 0.3984375 0.027777777777777776 0.40625 0.03819444444444445 0.40625 0.0625 0.400390625 0.06944444444444445 0.3984375 0.06597222222222222 0.39453125 0.06597222222222222 0.388671875 0.052083333333333336 0.390625 0.034722222222222224 0.396484375 0.027777777777777776
0 0.45703125 0.4375 0.4609375 0.4340277777777778 0.470703125 0.4340277777777778 0.474609375 0.4375 0.474609375 0.4479166666666667 0.4765625 0.4513888888888889 0.474609375 0.4722222222222222 0.47265625 0.4756944444444444 0.46875 0.4756944444444444 0.462890625 0.46875 0.45703125 0.46875 0.455078125 0.4652777777777778 0.455078125 0.4444444444444444 0.45703125 0.4409722222222222
0 0.5703125 0.1527777777777778 0.57421875 0.15625 0.576171875 0.16319444444444445 0.576171875 0.1840277777777778 0.5703125 0.19444444444444445 0.564453125 0.19444444444444445 0.55859375 0.18055555555555555 0.55859375 0.16319444444444445 0.5625 0.15625 0.568359375 0.1527777777777778
0 0.73046875 0.3020833333333333 0.73046875 0.2777777777777778 0.734375 0.2708333333333333 0.744140625 0.2708333333333333 0.748046875 0.28125 0.748046875 0.2951388888888889 0.74609375 0.3020833333333333 0.7421875 0.3055555555555556 0.73828125 0.3020833333333333 0.732421875 0.3020833333333333
0 0.431640625 0.2743055555555556 0.439453125 0.2881944444444444 0.439453125 0.3055555555555556 0.435546875 0.3125 0.423828125 0.3125 0.416015625 0.3055555555555556 0.416015625 0.2777777777777778 0.421875 0.2708333333333333 0.427734375 0.2708333333333333 0.4296875 0.2743055555555556
1 0.482421875 0.3194444444444444 0.484375 0.3263888888888889 0.48828125 0.3263888888888889 0.48828125 0.3576388888888889 0.474609375 0.4097222222222222 0.470703125 0.40625 0.4609375 0.40625 0.458984375 0.4027777777777778 0.458984375 0.3888888888888889 0.470703125 0.3576388888888889 0.470703125 0.3506944444444444 0.46484375 0.3402777777777778 0.458984375 0.3402777777777778 0.458984375 0.3298611111111111 0.46484375 0.3159722222222222 0.47265625 0.3090277777777778 0.474609375 0.3090277777777778 0.48046875 0.3194444444444444
1 0.708984375 0.5798611111111112 0.728515625 0.5625 0.736328125 0.5868055555555556 0.736328125 0.6354166666666666 0.734375 0.6388888888888888 0.734375 0.6458333333333334 0.73046875 0.6527777777777778 0.7265625 0.6527777777777778 0.724609375 0.65625 0.7109375 0.65625 0.708984375 0.6493055555555556 0.7265625 0.6215277777777778 0.7265625 0.6076388888888888 0.720703125 0.6006944444444444 0.708984375 0.6145833333333334 0.70703125 0.6111111111111112 0.70703125 0.5902777777777778 0.708984375 0.5833333333333334
1 0.759765625 0.3125 0.759765625 0.3229166666666667 0.755859375 0.3263888888888889 0.755859375 0.3368055555555556 0.751953125 0.3506944444444444 0.751953125 0.3784722222222222 0.748046875 0.3854166666666667 0.732421875 0.3854166666666667 0.724609375 0.3784722222222222 0.72265625 0.3715277777777778 0.72265625 0.3506944444444444 0.71875 0.3402777777777778 0.716796875 0.3159722222222222 0.724609375 0.3055555555555556 0.75390625 0.3055555555555556 0.7578125 0.3125
1 0.638671875 0.5069444444444444 0.640625 0.5173611111111112 0.64453125 0.5208333333333334 0.646484375 0.5277777777777778 0.64453125 0.53125 0.64453125 0.5416666666666666 0.638671875 0.5520833333333334 0.638671875 0.5590277777777778 0.634765625 0.5729166666666666 0.626953125 0.5729166666666666 0.623046875 0.5659722222222222 0.626953125 0.5520833333333334 0.626953125 0.5416666666666666 0.625 0.5381944444444444 0.62109375 0.5381944444444444 0.619140625 0.5416666666666666 0.609375 0.5416666666666666 0.609375 0.5243055555555556 0.61328125 0.5138888888888888 0.619140625 0.5069444444444444 0.630859375 0.5069444444444444 0.6328125 0.5034722222222222 0.63671875 0.5069444444444444
1 0.103515625 0.7465277777777778 0.10546875 0.75 0.11328125 0.75 0.115234375 0.7569444444444444 0.11328125 0.78125 0.10546875 0.7951388888888888 0.10546875 0.8020833333333334 0.099609375 0.8159722222222222 0.099609375 0.8368055555555556 0.1015625 0.8402777777777778 0.099609375 0.8506944444444444 0.08984375 0.8611111111111112 0.083984375 0.8611111111111112 0.08203125 0.8645833333333334 0.076171875 0.8645833333333334 0.06640625 0.8576388888888888 0.06640625 0.8333333333333334 0.064453125 0.8298611111111112 0.064453125 0.8194444444444444 0.06640625 0.8159722222222222 0.06640625 0.7916666666666666 0.060546875 0.7847222222222222 0.060546875 0.7569444444444444 0.06640625 0.75 0.09765625 0.75 0.1015625 0.7465277777777778
1 0.11328125 0.2569444444444444 0.1171875 0.2534722222222222 0.123046875 0.2534722222222222 0.134765625 0.2638888888888889 0.134765625 0.2916666666666667 0.13671875 0.2951388888888889 0.13671875 0.3090277777777778 0.138671875 0.3125 0.138671875 0.3263888888888889 0.134765625 0.3368055555555556 0.125 0.3368055555555556 0.115234375 0.3298611111111111 0.11328125 0.3229166666666667 0.11328125 0.2986111111111111 0.109375 0.2847222222222222 0.109375 0.2673611111111111 0.11328125 0.2604166666666667
1 0.68359375 0.3090277777777778 0.6875 0.3125 0.697265625 0.3333333333333333 0.697265625 0.3402777777777778 0.69140625 0.3611111111111111 0.6875 0.3680555555555556 0.68359375 0.3680555555555556 0.681640625 0.3715277777777778 0.681640625 0.3784722222222222 0.677734375 0.3819444444444444 0.6640625 0.3819444444444444 0.6640625 0.3784722222222222 0.658203125 0.3680555555555556 0.658203125 0.3576388888888889 0.666015625 0.3333333333333333 0.673828125 0.3194444444444444 0.681640625 0.3125
1 0.064453125 0.3819444444444444 0.080078125 0.3958333333333333 0.08203125 0.4027777777777778 0.083984375 0.4409722222222222 0.08203125 0.4444444444444444 0.08203125 0.4618055555555556 0.080078125 0.4618055555555556 0.078125 0.4583333333333333 0.078125 0.4340277777777778 0.080078125 0.4305555555555556 0.080078125 0.4236111111111111 0.078125 0.4201388888888889 0.0703125 0.4236111111111111 0.06640625 0.4305555555555556 0.06640625 0.4513888888888889 0.068359375 0.4548611111111111 0.068359375 0.4618055555555556 0.072265625 0.46875 0.068359375 0.4722222222222222 0.0625 0.4722222222222222 0.056640625 0.4791666666666667 0.0546875 0.4756944444444444 0.0546875 0.4652777777777778 0.056640625 0.4618055555555556 0.056640625 0.4548611111111111 0.0546875 0.4513888888888889 0.056640625 0.4444444444444444 0.056640625 0.4340277777777778 0.0546875 0.4305555555555556 0.0546875 0.3958333333333333 0.056640625 0.3888888888888889 0.0625 0.3819444444444444
1 0.697265625 0.25 0.697265625 0.2534722222222222 0.703125 0.2638888888888889 0.70703125 0.2638888888888889 0.71484375 0.25 0.720703125 0.25 0.72265625 0.2604166666666667 0.720703125 0.2638888888888889 0.720703125 0.2743055555555556 0.71484375 0.2881944444444444 0.71484375 0.2986111111111111 0.712890625 0.2986111111111111 0.7109375 0.2916666666666667 0.703125 0.28125 0.693359375 0.28125 0.689453125 0.2847222222222222 0.6875 0.28125 0.6875 0.2743055555555556 0.681640625 0.2673611111111111 0.681640625 0.2569444444444444 0.685546875 0.25 0.6953125 0.25
1 0.39453125 0.06597222222222222 0.396484375 0.06944444444444445 0.40234375 0.06944444444444445 0.404296875 0.06597222222222222 0.416015625 0.06597222222222222 0.41796875 0.07291666666666667 0.416015625 0.0763888888888889 0.416015625 0.09027777777777778 0.412109375 0.10069444444444445 0.412109375 0.13541666666666666 0.41015625 0.1423611111111111 0.388671875 0.1423611111111111 0.384765625 0.13194444444444445 0.384765625 0.1111111111111111 0.37890625 0.10069444444444445 0.380859375 0.09375 0.37890625 0.08680555555555555 0.37890625 0.0763888888888889 0.3828125 0.06597222222222222 0.392578125 0.06597222222222222
1 0.466796875 0.4756944444444444 0.48046875 0.4861111111111111 0.484375 0.4930555555555556 0.484375 0.5069444444444444 0.48046875 0.5069444444444444 0.47265625 0.5173611111111112 0.47265625 0.5277777777777778 0.478515625 0.5555555555555556 0.478515625 0.5625 0.47265625 0.5763888888888888 0.46875 0.5763888888888888 0.466796875 0.5729166666666666 0.453125 0.5729166666666666 0.451171875 0.5694444444444444 0.44140625 0.5694444444444444 0.439453125 0.5659722222222222 0.439453125 0.5277777777777778 0.44140625 0.5243055555555556 0.44140625 0.5069444444444444 0.4375 0.5034722222222222 0.439453125 0.4791666666666667 0.4453125 0.4722222222222222 0.458984375 0.4722222222222222 0.4609375 0.4756944444444444 0.46484375 0.4756944444444444
1 0.560546875 0.1875 0.56640625 0.19791666666666666 0.568359375 0.19791666666666666 0.576171875 0.1840277777777778 0.58203125 0.1840277777777778 0.583984375 0.1909722222222222 0.583984375 0.2048611111111111 0.578125 0.21875 0.580078125 0.2222222222222222 0.576171875 0.2326388888888889 0.57421875 0.2534722222222222 0.5703125 0.2673611111111111 0.564453125 0.2743055555555556 0.552734375 0.2708333333333333 0.541015625 0.2569444444444444 0.54296875 0.2361111111111111 0.548828125 0.21875 0.548828125 0.2152777777777778 0.54296875 0.20833333333333334 0.54296875 0.1909722222222222 0.546875 0.1840277777777778 0.556640625 0.1840277777777778 0.55859375 0.1875
1 0.419921875 0.3090277777777778 0.43359375 0.3194444444444444 0.435546875 0.34375 0.439453125 0.3541666666666667 0.439453125 0.3645833333333333 0.4375 0.3680555555555556 0.431640625 0.3680555555555556 0.431640625 0.3472222222222222 0.427734375 0.3402777777777778 0.419921875 0.3402777777777778 0.416015625 0.3472222222222222 0.416015625 0.3541666666666667 0.4140625 0.3576388888888889 0.416015625 0.3784722222222222 0.421875 0.3888888888888889 0.43359375 0.3923611111111111 0.431640625 0.3958333333333333 0.41796875 0.3854166666666667 0.41015625 0.375 0.41015625 0.3645833333333333 0.408203125 0.3611111111111111 0.408203125 0.3159722222222222 0.4140625 0.3055555555555556 0.41796875 0.3090277777777778
1 0.294921875 0.9375 0.296875 0.9409722222222222 0.330078125 0.9444444444444444 0.330078125 0.9513888888888888 0.33203125 0.9548611111111112 0.33203125 0.9722222222222222 0.330078125 0.9756944444444444 0.330078125 0.9895833333333334 0.33203125 0.9930555555555556 0.330078125 0.9965277777777778 0.2734375 0.9965277777777778 0.2734375 0.9895833333333334 0.271484375 0.9861111111111112 0.271484375 0.96875 0.26953125 0.9652777777777778 0.26953125 0.9548611111111112 0.271484375 0.9479166666666666 0.275390625 0.9409722222222222 0.29296875 0.9375
2 0.48828125 0.28125 0.49609375 0.2881944444444444 0.498046875 0.2951388888888889 0.498046875 0.3125 0.48828125 0.3333333333333333 0.48828125 0.3506944444444444 0.49609375 0.375 0.501953125 0.3854166666666667 0.50390625 0.3923611111111111 0.50390625 0.4027777777777778 0.501953125 0.40625 0.498046875 0.4027777777777778 0.494140625 0.3888888888888889 0.48828125 0.3784722222222222 0.484375 0.3784722222222222 0.478515625 0.3923611111111111 0.478515625 0.3993055555555556 0.4765625 0.4027777777777778 0.4765625 0.4131944444444444 0.478515625 0.4166666666666667 0.478515625 0.4305555555555556 0.4765625 0.4375 0.470703125 0.4305555555555556 0.462890625 0.4305555555555556 0.4609375 0.4340277777777778 0.45703125 0.4340277777777778 0.453125 0.4409722222222222 0.451171875 0.4375 0.451171875 0.3854166666666667 0.453125 0.3819444444444444 0.453125 0.3576388888888889 0.458984375 0.34375 0.458984375 0.3298611111111111 0.4609375 0.3229166666666667 0.474609375 0.3055555555555556 0.4765625 0.2881944444444444 0.48046875 0.28125 0.486328125 0.28125
2 0.6796875 0.59375 0.681640625 0.5902777777777778 0.6875 0.5902777777777778 0.697265625 0.5798611111111112 0.69921875 0.5833333333333334 0.69921875 0.59375 0.703125 0.6006944444444444 0.705078125 0.5972222222222222 0.70703125 0.5833333333333334 0.703125 0.5694444444444444 0.703125 0.5416666666666666 0.7109375 0.53125 0.720703125 0.53125 0.7265625 0.5416666666666666 0.728515625 0.5486111111111112 0.728515625 0.5590277777777778 0.736328125 0.5868055555555556 0.736328125 0.6354166666666666 0.734375 0.6388888888888888 0.734375 0.6458333333333334 0.740234375 0.6666666666666666 0.744140625 0.6909722222222222 0.7421875 0.6979166666666666 0.734375 0.7013888888888888 0.73046875 0.7118055555555556 0.7265625 0.7152777777777778 0.72265625 0.7291666666666666 0.720703125 0.8229166666666666 0.71875 0.8263888888888888 0.701171875 0.8263888888888888 0.701171875 0.8194444444444444 0.705078125 0.8125 0.701171875 0.8055555555555556 0.703125 0.8020833333333334 0.70703125 0.8020833333333334 0.712890625 0.7881944444444444 0.712890625 0.78125 0.7109375 0.7777777777777778 0.7109375 0.7569444444444444 0.70703125 0.7395833333333334 0.70703125 0.6701388888888888 0.708984375 0.6666666666666666 0.708984375 0.6527777777777778 0.69921875 0.6319444444444444 0.697265625 0.6180555555555556 0.689453125 0.6041666666666666 0.685546875 0.6041666666666666 0.681640625 0.5972222222222222
2 0.30859375 0.8854166666666666 0.314453125 0.8923611111111112 0.314453125 0.8993055555555556 0.31640625 0.9027777777777778 0.31640625 0.9305555555555556 0.314453125 0.9375 0.3203125 0.9444444444444444 0.330078125 0.9444444444444444 0.330078125 0.9513888888888888 0.33203125 0.9548611111111112 0.33203125 0.9756944444444444 0.330078125 0.9791666666666666 0.330078125 0.9895833333333334 0.33203125 0.9930555555555556 0.330078125 0.9965277777777778 0.263671875 0.9965277777777778 0.265625 0.9895833333333334 0.265625 0.9652777777777778 0.271484375 0.9479166666666666 0.275390625 0.9409722222222222 0.279296875 0.9409722222222222 0.28515625 0.9340277777777778 0.28515625 0.9236111111111112 0.2890625 0.9166666666666666 0.2890625 0.90625 0.29296875 0.8958333333333334 0.30078125 0.8854166666666666 0.306640625 0.8854166666666666
2 0.759765625 0.3125 0.759765625 0.3333333333333333 0.763671875 0.3506944444444444 0.771484375 0.3715277777777778 0.771484375 0.3854166666666667 0.767578125 0.3888888888888889 0.755859375 0.3576388888888889 0.751953125 0.3645833333333333 0.75 0.3923611111111111 0.75390625 0.40625 0.75390625 0.4444444444444444 0.7421875 0.4861111111111111 0.740234375 0.5069444444444444 0.728515625 0.5208333333333334 0.7265625 0.5208333333333334 0.724609375 0.5138888888888888 0.7265625 0.5104166666666666 0.7265625 0.4895833333333333 0.724609375 0.4861111111111111 0.7265625 0.4270833333333333 0.720703125 0.4131944444444444 0.724609375 0.375 0.72265625 0.3715277777777778 0.72265625 0.3472222222222222 0.71875 0.3402777777777778 0.71875 0.3229166666666667 0.716796875 0.3159722222222222 0.73046875 0.2986111111111111 0.73046875 0.2777777777777778 0.734375 0.2708333333333333 0.744140625 0.2708333333333333 0.748046875 0.28125 0.748046875 0.3020833333333333 0.75 0.3055555555555556 0.75390625 0.3055555555555556 0.7578125 0.3125
2 0.634765625 0.5 0.640625 0.5104166666666666 0.640625 0.5138888888888888 0.654296875 0.5347222222222222 0.66015625 0.5520833333333334 0.66015625 0.5659722222222222 0.640625 0.5659722222222222 0.63671875 0.5729166666666666 0.62890625 0.5763888888888888 0.619140625 0.59375 0.611328125 0.5972222222222222 0.603515625 0.6076388888888888 0.599609375 0.6076388888888888 0.59765625 0.6111111111111112 0.591796875 0.6041666666666666 0.591796875 0.59375 0.5859375 0.5833333333333334 0.5859375 0.5763888888888888 0.58203125 0.5659722222222222 0.58203125 0.5486111111111112 0.5859375 0.5416666666666666 0.603515625 0.5416666666666666 0.60546875 0.5381944444444444 0.60546875 0.5277777777777778 0.6015625 0.5173611111111112 0.60546875 0.5069444444444444 0.62109375 0.4965277777777778 0.630859375 0.4965277777777778 0.6328125 0.5
2 0.11328125 0.75 0.115234375 0.7569444444444444 0.115234375 0.7777777777777778 0.11328125 0.78125 0.115234375 0.7847222222222222 0.115234375 0.7986111111111112 0.119140625 0.8055555555555556 0.119140625 0.8125 0.12109375 0.8159722222222222 0.123046875 0.8854166666666666 0.12109375 0.8923611111111112 0.115234375 0.8923611111111112 0.115234375 0.8854166666666666 0.11328125 0.8819444444444444 0.11328125 0.8506944444444444 0.107421875 0.8333333333333334 0.107421875 0.8229166666666666 0.10546875 0.8159722222222222 0.1015625 0.8125 0.09765625 0.8229166666666666 0.1015625 0.8402777777777778 0.099609375 0.8541666666666666 0.10546875 0.8784722222222222 0.103515625 0.8819444444444444 0.10546875 0.8854166666666666 0.10546875 0.8923611111111112 0.103515625 0.8993055555555556 0.099609375 0.9027777777777778 0.091796875 0.8958333333333334 0.0859375 0.9131944444444444 0.0859375 0.9270833333333334 0.087890625 0.9305555555555556 0.087890625 0.9375 0.09375 0.9513888888888888 0.09375 0.9618055555555556 0.095703125 0.9652777777777778 0.095703125 0.9756944444444444 0.099609375 0.9861111111111112 0.099609375 0.9965277777777778 0.0859375 0.9965277777777778 0.078125 0.9791666666666666 0.07421875 0.9791666666666666 0.068359375 0.9965277777777778 0.060546875 0.9965277777777778 0.0625 0.9756944444444444 0.06640625 0.96875 0.06640625 0.9618055555555556 0.068359375 0.9583333333333334 0.068359375 0.9131944444444444 0.06640625 0.9097222222222222 0.06640625 0.8923611111111112 0.064453125 0.8888888888888888 0.064453125 0.8368055555555556 0.06640625 0.8333333333333334 0.064453125 0.8298611111111112 0.064453125 0.8159722222222222 0.0625 0.8125 0.05078125 0.8125 0.048828125 0.8090277777777778 0.048828125 0.7986111111111112 0.05078125 0.7916666666666666 0.052734375 0.7916666666666666 0.05859375 0.78125 0.060546875 0.7743055555555556 0.060546875 0.7569444444444444 0.072265625 0.7465277777777778 0.072265625 0.71875 0.07421875 0.7118055555555556 0.08203125 0.7013888888888888 0.095703125 0.7013888888888888 0.099609375 0.7118055555555556 0.099609375 0.7430555555555556 0.1015625 0.7465277777777778 0.111328125 0.75
2 0.126953125 0.2152777777777778 0.134765625 0.2326388888888889 0.134765625 0.2881944444444444 0.13671875 0.2916666666666667 0.13671875 0.3055555555555556 0.140625 0.3125 0.14453125 0.3159722222222222 0.150390625 0.3159722222222222 0.15234375 0.3194444444444444 0.15234375 0.3263888888888889 0.142578125 0.3263888888888889 0.140625 0.3229166666666667 0.13671875 0.3333333333333333 0.13671875 0.34375 0.142578125 0.3645833333333333 0.142578125 0.3784722222222222 0.14453125 0.3819444444444444 0.14453125 0.3958333333333333 0.140625 0.4131944444444444 0.140625 0.4270833333333333 0.138671875 0.4305555555555556 0.138671875 0.4479166666666667 0.13671875 0.4513888888888889 0.13671875 0.4583333333333333 0.142578125 0.4756944444444444 0.146484375 0.4791666666666667 0.1484375 0.4861111111111111 0.1328125 0.4826388888888889 0.126953125 0.4756944444444444 0.126953125 0.4652777777777778 0.12890625 0.4618055555555556 0.12890625 0.4270833333333333 0.130859375 0.4236111111111111 0.130859375 0.40625 0.1328125 0.4027777777777778 0.12890625 0.3888888888888889 0.123046875 0.3958333333333333 0.123046875 0.4027777777777778 0.111328125 0.4236111111111111 0.103515625 0.4444444444444444 0.10546875 0.4479166666666667 0.10546875 0.4618055555555556 0.1015625 0.4618055555555556 0.099609375 0.4548611111111111 0.091796875 0.4548611111111111 0.087890625 0.4479166666666667 0.087890625 0.4444444444444444 0.09375 0.4340277777777778 0.09375 0.4270833333333333 0.1015625 0.4131944444444444 0.1015625 0.4097222222222222 0.103515625 0.4097222222222222 0.109375 0.3993055555555556 0.111328125 0.3402777777777778 0.115234375 0.3229166666666667 0.11328125 0.3194444444444444 0.11328125 0.2986111111111111 0.109375 0.2847222222222222 0.109375 0.2673611111111111 0.11328125 0.2569444444444444 0.11328125 0.22916666666666666 0.115234375 0.2222222222222222 0.125 0.2152777777777778
2 0.703125 0.2847222222222222 0.708984375 0.2916666666666667 0.7109375 0.3055555555555556 0.697265625 0.3333333333333333 0.697265625 0.34375 0.693359375 0.3541666666666667 0.693359375 0.3645833333333333 0.689453125 0.3784722222222222 0.693359375 0.3888888888888889 0.693359375 0.3958333333333333 0.697265625 0.4027777777777778 0.697265625 0.4305555555555556 0.6875 0.4409722222222222 0.685546875 0.4479166666666667 0.685546875 0.4618055555555556 0.68359375 0.4652777777777778 0.68359375 0.4826388888888889 0.681640625 0.4861111111111111 0.68359375 0.4930555555555556 0.68359375 0.5104166666666666 0.693359375 0.5243055555555556 0.671875 0.5243055555555556 0.671875 0.4930555555555556 0.66796875 0.4895833333333333 0.666015625 0.4826388888888889 0.66796875 0.4340277777777778 0.6640625 0.4201388888888889 0.654296875 0.3993055555555556 0.654296875 0.3715277777777778 0.666015625 0.3333333333333333 0.6875 0.2986111111111111 0.6875 0.2916666666666667 0.69140625 0.2847222222222222 0.701171875 0.2847222222222222
2 0.080078125 0.3506944444444444 0.087890625 0.3611111111111111 0.087890625 0.3784722222222222 0.080078125 0.3923611111111111 0.08203125 0.4131944444444444 0.083984375 0.4166666666666667 0.083984375 0.4409722222222222 0.08203125 0.4444444444444444 0.083984375 0.4479166666666667 0.083984375 0.4652777777777778 0.091796875 0.4722222222222222 0.095703125 0.4861111111111111 0.09375 0.5104166666666666 0.09765625 0.5243055555555556 0.099609375 0.5451388888888888 0.107421875 0.5729166666666666 0.125 0.5902777777777778 0.125 0.59375 0.12109375 0.6006944444444444 0.1171875 0.6006944444444444 0.115234375 0.6041666666666666 0.10546875 0.6041666666666666 0.1015625 0.5868055555555556 0.08984375 0.5590277777777778 0.083984375 0.53125 0.076171875 0.5173611111111112 0.0703125 0.5138888888888888 0.06640625 0.5208333333333334 0.064453125 0.5381944444444444 0.060546875 0.5451388888888888 0.060546875 0.5520833333333334 0.056640625 0.5659722222222222 0.0546875 0.59375 0.05859375 0.6041666666666666 0.05859375 0.6111111111111112 0.0546875 0.6145833333333334 0.04296875 0.6145833333333334 0.04296875 0.5868055555555556 0.044921875 0.5833333333333334 0.046875 0.5520833333333334 0.05078125 0.5451388888888888 0.05078125 0.5381944444444444 0.052734375 0.5347222222222222 0.052734375 0.5173611111111112 0.0546875 0.5138888888888888 0.0546875 0.4652777777777778 0.056640625 0.4618055555555556 0.0546875 0.4548611111111111 0.0546875 0.4444444444444444 0.056640625 0.4409722222222222 0.056640625 0.4305555555555556 0.0546875 0.4270833333333333 0.0546875 0.3958333333333333 0.060546875 0.3784722222222222 0.060546875 0.3611111111111111 0.0703125 0.3472222222222222 0.076171875 0.3472222222222222 0.078125 0.3506944444444444
2 0.708984375 0.3159722222222222 0.712890625 0.3263888888888889 0.712890625 0.3368055555555556 0.71484375 0.3402777777777778 0.716796875 0.3611111111111111 0.720703125 0.3680555555555556 0.720703125 0.3993055555555556 0.71875 0.4027777777777778 0.716796875 0.4201388888888889 0.7109375 0.4340277777777778 0.7109375 0.4479166666666667 0.716796875 0.4583333333333333 0.716796875 0.4618055555555556 0.708984375 0.4618055555555556 0.697265625 0.4513888888888889 0.697265625 0.4409722222222222 0.703125 0.4270833333333333 0.703125 0.4131944444444444 0.705078125 0.4097222222222222 0.705078125 0.4027777777777778 0.701171875 0.3993055555555556 0.703125 0.3958333333333333 0.703125 0.3854166666666667 0.697265625 0.3680555555555556 0.697265625 0.3541666666666667 0.69921875 0.3506944444444444 0.69921875 0.3333333333333333 0.70703125 0.3194444444444444
2 0.40234375 0.03125 0.40625 0.03819444444444445 0.408203125 0.059027777777777776 0.412109375 0.06597222222222222 0.416015625 0.06597222222222222 0.41796875 0.07291666666666667 0.416015625 0.0798611111111111 0.419921875 0.09375 0.427734375 0.1076388888888889 0.439453125 0.11458333333333333 0.443359375 0.125 0.439453125 0.13194444444444445 0.431640625 0.11805555555555555 0.423828125 0.11805555555555555 0.421875 0.11458333333333333 0.41796875 0.11458333333333333 0.4140625 0.1076388888888889 0.412109375 0.1111111111111111 0.412109375 0.13541666666666666 0.41015625 0.1388888888888889 0.412109375 0.14583333333333334 0.412109375 0.19444444444444445 0.41015625 0.19791666666666666 0.408203125 0.22569444444444445 0.40234375 0.2534722222222222 0.404296875 0.2777777777777778 0.3984375 0.2777777777777778 0.39453125 0.2673611111111111 0.390625 0.2673611111111111 0.384765625 0.28125 0.380859375 0.2777777777777778 0.380859375 0.2673611111111111 0.38671875 0.24305555555555555 0.38671875 0.2222222222222222 0.390625 0.20833333333333334 0.388671875 0.2048611111111111 0.388671875 0.1909722222222222 0.38671875 0.1875 0.38671875 0.15625 0.380859375 0.14930555555555555 0.375 0.13541666666666666 0.375 0.10416666666666667 0.376953125 0.10069444444444445 0.376953125 0.09027777777777778 0.37890625 0.08680555555555555 0.37890625 0.0763888888888889 0.380859375 0.06944444444444445 0.390625 0.059027777777777776 0.388671875 0.052083333333333336 0.390625 0.034722222222222224 0.396484375 0.027777777777777776 0.400390625 0.03125
2 0.47265625 0.4375 0.474609375 0.4409722222222222 0.474609375 0.4548611111111111 0.4765625 0.4583333333333333 0.474609375 0.4652777777777778 0.474609375 0.4791666666666667 0.48046875 0.4861111111111111 0.484375 0.4965277777777778 0.486328125 0.53125 0.494140625 0.5520833333333334 0.494140625 0.5694444444444444 0.5 0.59375 0.5 0.6041666666666666 0.498046875 0.6111111111111112 0.49609375 0.6111111111111112 0.49609375 0.6041666666666666 0.4921875 0.59375 0.4921875 0.5833333333333334 0.48046875 0.5590277777777778 0.474609375 0.5763888888888888 0.478515625 0.6006944444444444 0.4765625 0.6041666666666666 0.474609375 0.6284722222222222 0.470703125 0.6388888888888888 0.470703125 0.6458333333333334 0.466796875 0.6597222222222222 0.46875 0.6666666666666666 0.466796875 0.7118055555555556 0.47265625 0.7222222222222222 0.4765625 0.7222222222222222 0.4765625 0.7291666666666666 0.470703125 0.7395833333333334 0.46484375 0.7395833333333334 0.462890625 0.7430555555555556 0.458984375 0.7395833333333334 0.45703125 0.6631944444444444 0.453125 0.65625 0.44921875 0.6597222222222222 0.44921875 0.6666666666666666 0.44140625 0.6944444444444444 0.439453125 0.71875 0.435546875 0.7326388888888888 0.427734375 0.7326388888888888 0.427734375 0.71875 0.4296875 0.7152777777777778 0.4296875 0.7083333333333334 0.43359375 0.7013888888888888 0.43359375 0.6875 0.435546875 0.6840277777777778 0.435546875 0.6597222222222222 0.439453125 0.6458333333333334 0.439453125 0.625 0.4375 0.6215277777777778 0.4375 0.5763888888888888 0.43359375 0.5625 0.43359375 0.5486111111111112 0.431640625 0.5451388888888888 0.4296875 0.5277777777777778 0.431640625 0.5243055555555556 0.431640625 0.5069444444444444 0.43359375 0.5 0.4375 0.4965277777777778 0.439453125 0.4826388888888889 0.4453125 0.4722222222222222 0.44921875 0.4722222222222222 0.453125 0.4652777777777778 0.45703125 0.4409722222222222 0.462890625 0.4340277777777778 0.46875 0.4340277777777778 0.470703125 0.4375
2 0.58203125 0.1840277777777778 0.583984375 0.1909722222222222 0.583984375 0.20833333333333334 0.58984375 0.2326388888888889 0.587890625 0.2673611111111111 0.58203125 0.2673611111111111 0.580078125 0.2638888888888889 0.580078125 0.2534722222222222 0.58203125 0.25 0.578125 0.24305555555555555 0.57421875 0.25 0.5703125 0.2673611111111111 0.5703125 0.2916666666666667 0.564453125 0.3020833333333333 0.564453125 0.3090277777777778 0.55859375 0.3159722222222222 0.55859375 0.3368055555555556 0.556640625 0.3402777777777778 0.556640625 0.3541666666666667 0.5546875 0.3576388888888889 0.5546875 0.3819444444444444 0.560546875 0.3958333333333333 0.55859375 0.4027777777777778 0.560546875 0.4166666666666667 0.556640625 0.4201388888888889 0.55078125 0.4201388888888889 0.546875 0.4131944444444444 0.546875 0.4027777777777778 0.54296875 0.3958333333333333 0.5390625 0.3958333333333333 0.537109375 0.3888888888888889 0.54296875 0.375 0.54296875 0.3368055555555556 0.544921875 0.3333333333333333 0.544921875 0.3159722222222222 0.54296875 0.3125 0.54296875 0.2951388888888889 0.5390625 0.2847222222222222 0.533203125 0.2986111111111111 0.529296875 0.2986111111111111 0.52734375 0.2916666666666667 0.529296875 0.2847222222222222 0.529296875 0.2673611111111111 0.53125 0.2638888888888889 0.53125 0.23958333333333334 0.53515625 0.22916666666666666 0.537109375 0.21180555555555555 0.54296875 0.19791666666666666 0.54296875 0.1909722222222222 0.546875 0.1840277777777778 0.5546875 0.18055555555555555 0.55859375 0.1736111111111111 0.55859375 0.16319444444444445 0.5625 0.15625 0.572265625 0.15625 0.576171875 0.16319444444444445 0.576171875 0.1736111111111111 0.580078125 0.1840277777777778
2 0.443359375 0.3576388888888889 0.4453125 0.3611111111111111 0.44921875 0.3611111111111111 0.44921875 0.3715277777777778 0.451171875 0.3784722222222222 0.447265625 0.3854166666666667 0.44140625 0.3854166666666667 0.4375 0.3888888888888889 0.43359375 0.3993055555555556 0.439453125 0.4131944444444444 0.439453125 0.4201388888888889 0.443359375 0.4340277777777778 0.443359375 0.4444444444444444 0.4453125 0.4479166666666667 0.4453125 0.4583333333333333 0.439453125 0.4722222222222222 0.435546875 0.4861111111111111 0.435546875 0.4930555555555556 0.431640625 0.5034722222222222 0.4296875 0.4965277777777778 0.431640625 0.4652777777777778 0.4296875 0.4618055555555556 0.42578125 0.4618055555555556 0.419921875 0.4722222222222222 0.41796875 0.4791666666666667 0.41796875 0.4895833333333333 0.416015625 0.4930555555555556 0.416015625 0.5034722222222222 0.412109375 0.5138888888888888 0.416015625 0.5381944444444444 0.408203125 0.5451388888888888 0.404296875 0.5451388888888888 0.40234375 0.5416666666666666 0.404296875 0.5 0.40625 0.4965277777777778 0.40625 0.4791666666666667 0.408203125 0.4756944444444444 0.408203125 0.4409722222222222 0.400390625 0.4340277777777778 0.39453125 0.4340277777777778 0.39453125 0.4201388888888889 0.396484375 0.4166666666666667 0.3984375 0.3993055555555556 0.40234375 0.3923611111111111 0.408203125 0.3715277777777778 0.408203125 0.3159722222222222 0.416015625 0.2951388888888889 0.416015625 0.28125 0.423828125 0.2708333333333333 0.431640625 0.2743055555555556 0.439453125 0.2916666666666667 0.439453125 0.3020833333333333 0.43359375 0.3229166666666667 0.435546875 0.3263888888888889 0.435546875 0.34375 0.44140625 0.3576388888888889