0 0.791015625 0.06944444444444445 0.796875 0.0763888888888889 0.798828125 0.08680555555555555 0.794921875 0.09375 0.787109375 0.09375 0.787109375 0.0798611111111111 0.7890625 0.07291666666666667
0 0.69921875 0.0798611111111111 0.69921875 0.09375 0.697265625 0.10069444444444445 0.693359375 0.10069444444444445 0.689453125 0.09375 0.69140625 0.0798611111111111 0.693359375 0.0763888888888889 0.697265625 0.0798611111111111
0 0.482421875 0.5625 0.486328125 0.5694444444444444 0.486328125 0.5798611111111112 0.484375 0.5868055555555556 0.48046875 0.5902777777777778 0.4765625 0.5902777777777778 0.47265625 0.5729166666666666 0.47265625 0.5659722222222222 0.474609375 0.5625 0.48046875 0.5625
0 0.302734375 0.4409722222222222 0.302734375 0.4305555555555556 0.306640625 0.4236111111111111 0.3125 0.4236111111111111 0.318359375 0.4340277777777778 0.318359375 0.4479166666666667 0.3125 0.4548611111111111 0.3046875 0.4409722222222222
0 0.7890625 0.4583333333333333 0.794921875 0.46875 0.794921875 0.4722222222222222 0.78515625 0.4861111111111111 0.78125 0.4861111111111111 0.77734375 0.4791666666666667 0.77734375 0.4652777777777778 0.78125 0.4583333333333333 0.787109375 0.4583333333333333
0 0.5783854166666667 0.4287037037037037 0.019270833333333334 0.037037037037037035
0 0.115234375 0.4930555555555556 0.119140625 0.5 0.119140625 0.5069444444444444 0.111328125 0.5208333333333334 0.107421875 0.5208333333333334 0.099609375 0.5104166666666666 0.099609375 0.4965277777777778 0.10546875 0.4895833333333333 0.111328125 0.4895833333333333 0.11328125 0.4930555555555556
0 0.376953125 0.3263888888888889 0.384765625 0.3333333333333333 0.384765625 0.3506944444444444 0.37890625 0.3506944444444444 0.37109375 0.3402777777777778 0.373046875 0.3298611111111111 0.375 0.3298611111111111
0 0.546875 0.3784722222222222 0.5546875 0.3784722222222222 0.55859375 0.3854166666666667 0.55859375 0.3993055555555556 0.55078125 0.40625 0.544921875 0.3854166666666667 0.546875 0.3819444444444444
0 0.515625 0.4479166666666667 0.521484375 0.4618055555555556 0.521484375 0.4756944444444444 0.515625 0.4895833333333333 0.5078125 0.4895833333333333 0.505859375 0.4861111111111111 0.505859375 0.4513888888888889 0.5078125 0.4479166666666667 0.513671875 0.4479166666666667
0 0.6015625 0.24305555555555555 0.609375 0.24305555555555555 0.61328125 0.2534722222222222 0.611328125 0.2673611111111111 0.609375 0.2708333333333333 0.60546875 0.2708333333333333 0.6015625 0.2673611111111111 0.6015625 0.2604166666666667 0.599609375 0.2569444444444444 0.599609375 0.25 0.6015625 0.2465277777777778
0 0.650390625 0.3333333333333333 0.65234375 0.3402777777777778 0.650390625 0.3402777777777778 0.638671875 0.3645833333333333 0.6328125 0.3576388888888889 0.6328125 0.34375 0.638671875 0.3333333333333333 0.642578125 0.3333333333333333 0.64453125 0.3298611111111111 0.6484375 0.3333333333333333
0 0.58203125 0.4479166666666667 0.5859375 0.4548611111111111 0.5859375 0.4618055555555556 0.57421875 0.4756944444444444 0.57421875 0.46875 0.572265625 0.4652777777777778 0.57421875 0.4513888888888889 0.580078125 0.4479166666666667
0 0.8046875 0.3715277777777778 0.806640625 0.375 0.806640625 0.3923611111111111 0.802734375 0.3958333333333333 0.79296875 0.3958333333333333 0.7890625 0.3888888888888889 0.7890625 0.3784722222222222 0.79296875 0.3715277777777778 0.802734375 0.3715277777777778
0 0.587890625 0.4618055555555556 0.591796875 0.4722222222222222 0.58984375 0.4756944444444444 0.58984375 0.4826388888888889 0.583984375 0.4930555555555556 0.580078125 0.4930555555555556 0.576171875 0.4861111111111111 0.57421875 0.4756944444444444 0.576171875 0.46875 0.5859375 0.4618055555555556
0 0.5169270833333334 0.5458333333333333 0.0203125 0.03425925925925926
0 0.224609375 0.21180555555555555 0.23046875 0.21180555555555555 0.234375 0.21875 0.234375 0.2326388888888889 0.23046875 0.23958333333333334 0.2265625 0.23958333333333334 0.220703125 0.22916666666666666 0.224609375 0.2152777777777778
0 0.60546875 0.5833333333333334 0.61328125 0.59375 0.61328125 0.6041666666666666 0.611328125 0.6076388888888888 0.599609375 0.6076388888888888 0.59765625 0.6041666666666666 0.59765625 0.59375 0.599609375 0.5868055555555556 0.603515625 0.5833333333333334
0 0.408203125 0.6041666666666666 0.412109375 0.6145833333333334 0.412109375 0.625 0.408203125 0.6319444444444444 0.3984375 0.6319444444444444 0.392578125 0.6180555555555556 0.396484375 0.6041666666666666 0.40625 0.6041666666666666
0 0.6171875 0.3958333333333333 0.62109375 0.40625 0.61328125 0.4201388888888889 0.609375 0.4201388888888889 0.607421875 0.4166666666666667 0.607421875 0.3993055555555556 0.609375 0.3958333333333333 0.615234375 0.3958333333333333
1 0.791015625 0.09722222222222222 0.802734375 0.09375 0.81640625 0.12152777777777778 0.81640625 0.13194444444444445 0.802734375 0.13194444444444445 0.796875 0.1423611111111111 0.796875 0.14583333333333334 0.796875 0.1388888888888889 0.794921875 0.13541666666666666 0.794921875 0.11805555555555555 0.791015625 0.10069444444444445
1 0.677734375 0.13194444444444445 0.673828125 0.12152777777777778 0.673828125 0.11458333333333333 0.68359375 0.09375 0.689453125 0.09375 0.693359375 0.10069444444444445 0.693359375 0.1111111111111111 0.69140625 0.11458333333333333 0.689453125 0.13194444444444445 0.685546875 0.13541666666666666 0.681640625 0.13541666666666666 0.6796875 0.13194444444444445
1 0.431640625 0.5763888888888888 0.44140625 0.5694444444444444 0.470703125 0.5694444444444444 0.4765625 0.5902777777777778 0.47265625 0.6041666666666666 0.466796875 0.5972222222222222 0.4609375 0.6076388888888888 0.45703125 0.6076388888888888 0.453125 0.6006944444444444 0.431640625 0.5798611111111112
1 0.66796875 0.3472222222222222 0.68359375 0.3576388888888889 0.68359375 0.3645833333333333 0.662109375 0.3923611111111111 0.65625 0.3923611111111111 0.65234375 0.3888888888888889 0.640625 0.3645833333333333 0.640625 0.3611111111111111 0.64453125 0.3506944444444444 0.650390625 0.34375 0.66015625 0.34375 0.662109375 0.3472222222222222 0.666015625 0.3472222222222222
1 0.623046875 0.40625 0.625 0.4097222222222222 0.6328125 0.4097222222222222 0.642578125 0.4166666666666667 0.64453125 0.4201388888888889 0.64453125 0.4305555555555556 0.634765625 0.4409722222222222 0.62890625 0.4409722222222222 0.623046875 0.4270833333333333 0.615234375 0.4270833333333333 0.615234375 0.4201388888888889 0.619140625 0.4097222222222222 0.62109375 0.4097222222222222
1 0.798828125 0.4791666666666667 0.806640625 0.4930555555555556 0.8125 0.4965277777777778 0.81640625 0.5034722222222222 0.81640625 0.5104166666666666 0.806640625 0.5277777777777778 0.806640625 0.53125 0.802734375 0.53125 0.80078125 0.5243055555555556 0.80078125 0.5138888888888888 0.794921875 0.4965277777777778 0.79296875 0.4965277777777778 0.7890625 0.5069444444444444 0.78515625 0.4965277777777778 0.78515625 0.4895833333333333 0.791015625 0.4791666666666667 0.796875 0.4791666666666667
1 0.6015625 0.4305555555555556 0.60546875 0.4375 0.6171875 0.4409722222222222 0.619140625 0.4444444444444444 0.619140625 0.4479166666666667 0.61328125 0.4583333333333333 0.607421875 0.4583333333333333 0.60546875 0.4618055555555556 0.58984375 0.4548611111111111 0.583984375 0.4409722222222222 0.587890625 0.4270833333333333 0.599609375 0.4305555555555556
1 0.099609375 0.5138888888888888 0.109375 0.5277777777777778 0.103515625 0.5520833333333334 0.103515625 0.5763888888888888 0.09765625 0.5763888888888888 0.09375 0.5694444444444444 0.09375 0.5625 0.099609375 0.5416666666666666 0.095703125 0.5347222222222222 0.08984375 0.5416666666666666 0.08984375 0.5486111111111112 0.0859375 0.5590277777777778 0.0859375 0.5694444444444444 0.08203125 0.5694444444444444 0.08203125 0.5555555555555556 0.0859375 0.5381944444444444 0.08984375 0.53125 0.091796875 0.5208333333333334 0.09765625 0.5173611111111112
1 0.392578125 0.625 0.400390625 0.6388888888888888 0.400390625 0.6458333333333334 0.40234375 0.6493055555555556 0.390625 0.6701388888888888 0.3828125 0.6701388888888888 0.380859375 0.6736111111111112 0.375 0.6736111111111112 0.373046875 0.6701388888888888 0.361328125 0.6701388888888888 0.361328125 0.6666666666666666 0.37890625 0.6354166666666666 0.390625 0.625
1 0.810546875 0.3958333333333333 0.814453125 0.4027777777777778 0.8203125 0.4375 0.826171875 0.4444444444444444 0.826171875 0.4548611111111111 0.814453125 0.4548611111111111 0.8125 0.4513888888888889 0.80859375 0.4513888888888889 0.806640625 0.4548611111111111 0.80078125 0.4479166666666667 0.80078125 0.4375 0.796875 0.4270833333333333 0.796875 0.3993055555555556 0.80859375 0.3958333333333333
1 0.373046875 0.3472222222222222 0.380859375 0.3541666666666667 0.3828125 0.3611111111111111 0.37109375 0.3854166666666667 0.36328125 0.3854166666666667 0.357421875 0.3784722222222222 0.353515625 0.3819444444444444 0.349609375 0.3819444444444444 0.34765625 0.3784722222222222 0.34765625 0.375 0.365234375 0.3472222222222222 0.37109375 0.3472222222222222
1 0.54296875 0.3819444444444444 0.546875 0.3888888888888889 0.546875 0.3958333333333333 0.548828125 0.3993055555555556 0.548828125 0.4166666666666667 0.546875 0.4201388888888889 0.5390625 0.4166666666666667 0.53515625 0.4305555555555556 0.52734375 0.4305555555555556 0.515625 0.40625 0.515625 0.3888888888888889 0.51953125 0.3854166666666667 0.541015625 0.3854166666666667
1 0.216796875 0.2361111111111111 0.224609375 0.2361111111111111 0.2265625 0.23958333333333334 0.236328125 0.2361111111111111 0.236328125 0.25 0.232421875 0.2638888888888889 0.2265625 0.2743055555555556 0.2265625 0.2847222222222222 0.216796875 0.2847222222222222 0.208984375 0.2777777777777778 0.212890625 0.25 0.216796875 0.23958333333333334
1 0.302734375 0.4409722222222222 0.306640625 0.4444444444444444 0.306640625 0.4479166666666667 0.3125 0.4548611111111111 0.3125 0.4583333333333333 0.30859375 0.4722222222222222 0.30078125 0.4861111111111111 0.30078125 0.4930555555555556 0.296875 0.4930555555555556 0.296875 0.4826388888888889 0.302734375 0.4722222222222222 0.298828125 0.4652777777777778 0.29296875 0.4652777777777778 0.291015625 0.46875 0.291015625 0.4756944444444444 0.28515625 0.4895833333333333 0.28125 0.4861111111111111 0.27734375 0.4722222222222222 0.298828125 0.4409722222222222 0.30078125 0.4409722222222222
1 0.595703125 0.4618055555555556 0.619140625 0.4618055555555556 0.626953125 0.46875 0.619140625 0.4895833333333333 0.61328125 0.4826388888888889 0.609375 0.4826388888888889 0.595703125 0.4652777777777778
1 0.603515625 0.4756944444444444 0.607421875 0.4826388888888889 0.615234375 0.4895833333333333 0.619140625 0.4895833333333333 0.625 0.5 0.626953125 0.5 0.630859375 0.5104166666666666 0.630859375 0.5138888888888888 0.626953125 0.5173611111111112 0.615234375 0.5208333333333334 0.609375 0.5277777777777778 0.60546875 0.5277777777777778 0.6015625 0.5173611111111112 0.6015625 0.5104166666666666 0.595703125 0.5 0.591796875 0.5034722222222222 0.587890625 0.5 0.587890625 0.4895833333333333 0.591796875 0.4756944444444444 0.59375 0.4722222222222222 0.599609375 0.4722222222222222 0.6015625 0.4756944444444444
1 0.46875 0.4444444444444444 0.47265625 0.4444444444444444 0.474609375 0.4409722222222222 0.478515625 0.4444444444444444 0.490234375 0.4444444444444444 0.5 0.4513888888888889 0.513671875 0.4513888888888889 0.517578125 0.4583333333333333 0.515625 0.4583333333333333 0.509765625 0.46875 0.509765625 0.4791666666666667 0.505859375 0.4895833333333333 0.50390625 0.4895833333333333 0.498046875 0.4756944444444444 0.490234375 0.4861111111111111 0.484375 0.4791666666666667 0.4765625 0.4756944444444444 0.47265625 0.46875 0.47265625 0.4583333333333333 0.46875 0.4479166666666667
1 0.533203125 0.5625 0.53515625 0.5694444444444444 0.53515625 0.5798611111111112 0.537109375 0.5833333333333334 0.537109375 0.6006944444444444 0.5390625 0.6041666666666666 0.5390625 0.6111111111111112 0.53125 0.6180555555555556 0.521484375 0.6180555555555556 0.521484375 0.6111111111111112 0.5234375 0.6076388888888888 0.521484375 0.6006944444444444 0.521484375 0.5902777777777778 0.513671875 0.5833333333333334 0.513671875 0.5694444444444444 0.517578125 0.5625 0.525390625 0.5555555555555556 0.53125 0.5625
1 0.611328125 0.6111111111111112 0.6171875 0.625 0.6171875 0.6388888888888888 0.611328125 0.65625 0.611328125 0.6666666666666666 0.591796875 0.6666666666666666 0.58984375 0.6631944444444444 0.58984375 0.6527777777777778 0.5859375 0.6354166666666666 0.587890625 0.6215277777777778 0.595703125 0.6111111111111112 0.609375 0.6111111111111112
1 0.58984375 0.2638888888888889 0.59375 0.2604166666666667 0.599609375 0.2604166666666667 0.603515625 0.2638888888888889 0.60546875 0.2708333333333333 0.609375 0.2638888888888889 0.611328125 0.2673611111111111 0.609375 0.28125 0.59765625 0.2986111111111111 0.580078125 0.2986111111111111 0.578125 0.2951388888888889 0.578125 0.2881944444444444 0.58984375 0.2673611111111111
2 0.7890625 0.07291666666666667 0.79296875 0.07291666666666667 0.798828125 0.08333333333333333 0.798828125 0.09027777777777778 0.814453125 0.11458333333333333 0.81640625 0.12152777777777778 0.818359375 0.1597222222222222 0.822265625 0.16319444444444445 0.8359375 0.1909722222222222 0.830078125 0.19791666666666666 0.826171875 0.19791666666666666 0.826171875 0.1875 0.82421875 0.18055555555555555 0.80859375 0.15625 0.802734375 0.15625 0.798828125 0.1701388888888889 0.796875 0.19791666666666666 0.794921875 0.2013888888888889 0.787109375 0.19791666666666666 0.787109375 0.19444444444444445 0.7890625 0.19444444444444445 0.794921875 0.1840277777777778 0.794921875 0.16319444444444445 0.79296875 0.1597222222222222 0.794921875 0.15625 0.794921875 0.11805555555555555 0.787109375 0.09375 0.787109375 0.08333333333333333 0.7890625 0.0763888888888889
2 0.6841145833333333 0.13657407407407407 0.03177083333333333 0.12129629629629629
2 0.482421875 0.5625 0.486328125 0.5694444444444444 0.486328125 0.5798611111111112 0.484375 0.5868055555555556 0.482421875 0.5868055555555556 0.47265625 0.6041666666666666 0.47265625 0.6215277777777778 0.474609375 0.625 0.474609375 0.6319444444444444 0.48046875 0.6458333333333334 0.478515625 0.65625 0.482421875 0.6666666666666666 0.4765625 0.6666666666666666 0.474609375 0.6631944444444444 0.47265625 0.6493055555555556 0.462890625 0.6284722222222222 0.451171875 0.6423611111111112 0.443359375 0.6458333333333334 0.439453125 0.6527777777777778 0.439453125 0.6701388888888888 0.435546875 0.6701388888888888 0.4296875 0.6597222222222222 0.4296875 0.6527777777777778 0.431640625 0.6493055555555556 0.4296875 0.6423611111111112 0.4140625 0.6423611111111112 0.412109375 0.6388888888888888 0.412109375 0.6354166666666666 0.42578125 0.6319444444444444 0.4296875 0.625 0.4296875 0.6180555555555556 0.42578125 0.6041666666666666 0.42578125 0.5833333333333334 0.4296875 0.5763888888888888 0.43359375 0.5763888888888888 0.44140625 0.5694444444444444 0.470703125 0.5694444444444444 0.474609375 0.5625 0.48046875 0.5625
2 0.595703125 0.4583333333333333 0.59765625 0.4618055555555556 0.611328125 0.4618055555555556 0.62109375 0.4513888888888889 0.623046875 0.4548611111111111 0.623046875 0.4618055555555556 0.63671875 0.4791666666666667 0.63671875 0.4965277777777778 0.640625 0.5 0.642578125 0.5104166666666666 0.640625 0.5138888888888888 0.638671875 0.5104166666666666 0.634765625 0.5104166666666666 0.623046875 0.4930555555555556 0.615234375 0.4895833333333333 0.611328125 0.4826388888888889 0.595703125 0.46875 0.58984375 0.46875 0.583984375 0.4756944444444444 0.58203125 0.4826388888888889 0.58203125 0.4965277777777778 0.580078125 0.4965277777777778 0.57421875 0.5069444444444444 0.576171875 0.5208333333333334 0.572265625 0.5208333333333334 0.5703125 0.5243055555555556 0.564453125 0.5173611111111112 0.564453125 0.5069444444444444 0.57421875 0.4895833333333333 0.57421875 0.4548611111111111 0.578125 0.4479166666666667 0.583984375 0.4479166666666667 0.58984375 0.4583333333333333 0.59375 0.4583333333333333
2 0.7890625 0.4583333333333333 0.8046875 0.4895833333333333 0.8203125 0.5069444444444444 0.830078125 0.53125 0.828125 0.5381944444444444 0.82421875 0.5381944444444444 0.822265625 0.5416666666666666 0.8125 0.5659722222222222 0.8125 0.5763888888888888 0.810546875 0.5798611111111112 0.8125 0.5833333333333334 0.814453125 0.6006944444444444 0.810546875 0.6006944444444444 0.80859375 0.6041666666666666 0.80859375 0.625 0.794921875 0.625 0.794921875 0.6215277777777778 0.798828125 0.6215277777777778 0.80078125 0.6180555555555556 0.80078125 0.5902777777777778 0.794921875 0.5694444444444444 0.794921875 0.5277777777777778 0.79296875 0.5243055555555556 0.79296875 0.5173611111111112 0.78515625 0.5 0.78515625 0.4930555555555556 0.77734375 0.4791666666666667 0.77734375 0.4652777777777778 0.78125 0.4583333333333333 0.787109375 0.4583333333333333
2 0.595703125 0.4270833333333333 0.607421875 0.4375 0.615234375 0.4375 0.619140625 0.4409722222222222 0.619140625 0.4444444444444444 0.625 0.4548611111111111 0.623046875 0.4618055555555556 0.615234375 0.4618055555555556 0.61328125 0.4583333333333333 0.609375 0.4618055555555556 0.595703125 0.4618055555555556 0.59375 0.4583333333333333 0.58984375 0.4583333333333333 0.58203125 0.4444444444444444 0.578125 0.4479166666666667 0.57421875 0.4444444444444444 0.5703125 0.4375 0.5703125 0.4236111111111111 0.57421875 0.4131944444444444 0.583984375 0.4131944444444444 0.58984375 0.4270833333333333 0.59375 0.4270833333333333
2 0.115234375 0.4930555555555556 0.119140625 0.5 0.119140625 0.5069444444444444 0.111328125 0.5208333333333334 0.103515625 0.5520833333333334 0.103515625 0.5694444444444444 0.107421875 0.5868055555555556 0.107421875 0.6041666666666666 0.109375 0.6076388888888888 0.109375 0.6145833333333334 0.1015625 0.6284722222222222 0.1015625 0.6597222222222222 0.107421875 0.6701388888888888 0.109375 0.6840277777777778 0.09765625 0.6840277777777778 0.09375 0.6805555555555556 0.09375 0.6701388888888888 0.08984375 0.6631944444444444 0.08984375 0.65625 0.091796875 0.6527777777777778 0.091796875 0.6180555555555556 0.080078125 0.5833333333333334 0.080078125 0.5694444444444444 0.08203125 0.5659722222222222 0.08203125 0.5555555555555556 0.0859375 0.5451388888888888 0.0859375 0.5381944444444444 0.08984375 0.53125 0.091796875 0.5208333333333334 0.099609375 0.5104166666666666 0.099609375 0.4965277777777778 0.10546875 0.4895833333333333 0.111328125 0.4895833333333333 0.11328125 0.4930555555555556
2 0.51171875 0.5798611111111112 0.513671875 0.5763888888888888 0.513671875 0.5625 0.5078125 0.5520833333333334 0.5078125 0.5451388888888888 0.515625 0.53125 0.521484375 0.53125 0.525390625 0.5381944444444444 0.525390625 0.5486111111111112 0.53515625 0.5694444444444444 0.537109375 0.6006944444444444 0.544921875 0.6284722222222222 0.546875 0.6597222222222222 0.556640625 0.6840277777777778 0.560546875 0.7013888888888888 0.564453125 0.7083333333333334 0.56640625 0.7222222222222222 0.564453125 0.7256944444444444 0.552734375 0.7256944444444444 0.55078125 0.7222222222222222 0.5546875 0.7152777777777778 0.5546875 0.7013888888888888 0.533203125 0.65625 0.5234375 0.6631944444444444 0.517578125 0.6736111111111112 0.517578125 0.6875 0.51171875 0.7048611111111112 0.51171875 0.7256944444444444 0.501953125 0.7256944444444444 0.498046875 0.7222222222222222 0.498046875 0.71875 0.501953125 0.7152777777777778 0.5078125 0.7013888888888888 0.509765625 0.6597222222222222 0.515625 0.6388888888888888 0.515625 0.6180555555555556 0.513671875 0.6145833333333334 0.515625 0.6006944444444444 0.513671875 0.5972222222222222 0.513671875 0.5833333333333334
2 0.8046875 0.3715277777777778 0.806640625 0.375 0.806640625 0.3854166666666667 0.80859375 0.3923611111111111 0.814453125 0.4027777777777778 0.814453125 0.4097222222222222 0.818359375 0.4201388888888889 0.818359375 0.4305555555555556 0.828125 0.4513888888888889 0.82421875 0.4618055555555556 0.826171875 0.4930555555555556 0.83203125 0.5034722222222222 0.8359375 0.5173611111111112 0.8359375 0.5243055555555556 0.84375 0.5451388888888888 0.841796875 0.5520833333333334 0.833984375 0.5520833333333334 0.833984375 0.5347222222222222 0.830078125 0.5277777777777778 0.828125 0.5173611111111112 0.81640625 0.4965277777777778 0.806640625 0.4895833333333333 0.802734375 0.4826388888888889 0.80078125 0.4756944444444444 0.802734375 0.4722222222222222 0.802734375 0.4548611111111111 0.80078125 0.4513888888888889 0.7890625 0.4513888888888889 0.7890625 0.4479166666666667 0.794921875 0.4444444444444444 0.798828125 0.4375 0.798828125 0.4305555555555556 0.796875 0.4270833333333333 0.796875 0.40625 0.7890625 0.3888888888888889 0.7890625 0.3819444444444444 0.79296875 0.3715277777777778 0.802734375 0.3715277777777778
2 0.376953125 0.3263888888888889 0.384765625 0.3333333333333333 0.384765625 0.3506944444444444 0.380859375 0.3680555555555556 0.373046875 0.3819444444444444 0.375 0.4131944444444444 0.369140625 0.4236111111111111 0.369140625 0.4375 0.375 0.4479166666666667 0.375 0.4513888888888889 0.36328125 0.4479166666666667 0.359375 0.4409722222222222 0.35546875 0.4479166666666667 0.35546875 0.4548611111111111 0.353515625 0.4583333333333333 0.35546875 0.4652777777777778 0.361328125 0.4722222222222222 0.359375 0.4756944444444444 0.3515625 0.4756944444444444 0.34765625 0.4722222222222222 0.349609375 0.4409722222222222 0.353515625 0.4236111111111111 0.341796875 0.3923611111111111 0.34375 0.3784722222222222 0.353515625 0.3680555555555556 0.365234375 0.3472222222222222 0.3671875 0.3472222222222222 0.37109375 0.3402777777777778 0.373046875 0.3298611111111111 0.375 0.3298611111111111
2 0.232421875 0.2152777777777778 0.234375 0.21875 0.234375 0.2326388888888889 0.236328125 0.2361111111111111 0.236328125 0.2604166666666667 0.244140625 0.28125 0.244140625 0.2951388888888889 0.240234375 0.2951388888888889 0.23828125 0.2777777777777778 0.232421875 0.2673611111111111 0.2265625 0.2743055555555556 0.2265625 0.2951388888888889 0.23046875 0.3090277777777778 0.23046875 0.3402777777777778 0.228515625 0.34375 0.228515625 0.3541666666666667 0.232421875 0.3680555555555556 0.224609375 0.3680555555555556 0.22265625 0.3645833333333333 0.224609375 0.3229166666666667 0.220703125 0.3159722222222222 0.216796875 0.3159722222222222 0.201171875 0.3402777777777778 0.201171875 0.3541666666666667 0.19921875 0.3541666666666667 0.193359375 0.34375 0.193359375 0.3368055555555556 0.201171875 0.3298611111111111 0.212890625 0.3055555555555556 0.20703125 0.2777777777777778 0.201171875 0.2881944444444444 0.19921875 0.2986111111111111 0.193359375 0.2986111111111111 0.193359375 0.2951388888888889 0.197265625 0.2881944444444444 0.203125 0.2638888888888889 0.216796875 0.23958333333333334 0.216796875 0.2361111111111111 0.220703125 0.2326388888888889 0.22265625 0.21875 0.2265625 0.21180555555555555 0.23046875 0.2152777777777778
2 0.314453125 0.4270833333333333 0.318359375 0.4340277777777778 0.318359375 0.4479166666666667 0.306640625 0.4722222222222222 0.30078125 0.4895833333333333 0.30078125 0.5034722222222222 0.302734375 0.5069444444444444 0.302734375 0.5138888888888888 0.30078125 0.5173611111111112 0.30078125 0.5486111111111112 0.3046875 0.5555555555555556 0.30859375 0.5555555555555556 0.30859375 0.5590277777777778 0.294921875 0.5590277777777778 0.29296875 0.5555555555555556 0.29296875 0.5486111111111112 0.294921875 0.5451388888888888 0.2890625 0.5381944444444444 0.287109375 0.5416666666666666 0.283203125 0.5694444444444444 0.28515625 0.5763888888888888 0.291015625 0.5833333333333334 0.291015625 0.5868055555555556 0.28125 0.5868055555555556 0.275390625 0.5798611111111112 0.279296875 0.5625 0.279296875 0.5208333333333334 0.26953125 0.5 0.26953125 0.4826388888888889 0.275390625 0.46875 0.279296875 0.46875 0.291015625 0.4548611111111111 0.3046875 0.4270833333333333 0.30859375 0.4236111111111111 0.3125 0.4270833333333333
2 0.5546875 0.3784722222222222 0.55859375 0.3854166666666667 0.55859375 0.3993055555555556 0.552734375 0.40625 0.548828125 0.4201388888888889 0.548828125 0.4409722222222222 0.55078125 0.4444444444444444 0.55078125 0.4548611111111111 0.556640625 0.4791666666666667 0.552734375 0.4791666666666667 0.55078125 0.4756944444444444 0.55078125 0.46875 0.546875 0.4618055555555556 0.546875 0.4548611111111111 0.54296875 0.4409722222222222 0.537109375 0.4305555555555556 0.53515625 0.4340277777777778 0.529296875 0.4340277777777778 0.525390625 0.4409722222222222 0.525390625 0.4583333333333333 0.5234375 0.4618055555555556 0.51953125 0.4513888888888889 0.513671875 0.4444444444444444 0.505859375 0.4131944444444444 0.505859375 0.4027777777777778 0.5078125 0.3958333333333333 0.515625 0.3854166666666667 0.5390625 0.3854166666666667 0.546875 0.3784722222222222 0.552734375 0.3784722222222222
2 0.662109375 0.34375 0.6640625 0.3472222222222222 0.6796875 0.3541666666666667 0.689453125 0.3680555555555556 0.689453125 0.3854166666666667 0.68359375 0.4027777777777778 0.685546875 0.4097222222222222 0.693359375 0.4201388888888889 0.693359375 0.4270833333333333 0.685546875 0.4270833333333333 0.6796875 0.4201388888888889 0.67578125 0.4236111111111111 0.677734375 0.4409722222222222 0.68359375 0.4513888888888889 0.68359375 0.4618055555555556 0.669921875 0.4618055555555556 0.666015625 0.4583333333333333 0.671875 0.4479166666666667 0.671875 0.4409722222222222 0.6640625 0.4236111111111111 0.6484375 0.4097222222222222 0.650390625 0.40625 0.6484375 0.3854166666666667 0.6328125 0.3541666666666667 0.6328125 0.34375 0.640625 0.3333333333333333 0.650390625 0.3333333333333333 0.65625 0.34375 0.66015625 0.34375
2 0.591796875 0.4652777777777778 0.603515625 0.4791666666666667 0.62109375 0.4930555555555556 0.626953125 0.5 0.630859375 0.5104166666666666 0.630859375 0.5277777777777778 0.625 0.5416666666666666 0.623046875 0.5555555555555556 0.619140625 0.5625 0.62109375 0.5729166666666666 0.625 0.5798611111111112 0.619140625 0.5798611111111112 0.6171875 0.5833333333333334 0.6171875 0.5902777777777778 0.626953125 0.6180555555555556 0.625 0.625 0.62109375 0.625 0.6171875 0.6180555555555556 0.615234375 0.5972222222222222 0.60546875 0.5798611111111112 0.599609375 0.5798611111111112 0.59765625 0.53125 0.591796875 0.5208333333333334 0.587890625 0.5243055555555556 0.5859375 0.5347222222222222 0.58203125 0.5416666666666666 0.58203125 0.5625 0.576171875 0.5694444444444444 0.578125 0.5625 0.578125 0.5347222222222222 0.580078125 0.53125 0.580078125 0.5208333333333334 0.583984375 0.5104166666666666 0.583984375 0.4965277777777778 0.578125 0.4861111111111111 0.578125 0.4756944444444444 0.583984375 0.4652777777777778 0.58984375 0.4652777777777778
2 0.490234375 0.4444444444444444 0.5 0.4513888888888889 0.515625 0.4479166666666667 0.521484375 0.4618055555555556 0.521484375 0.4722222222222222 0.513671875 0.4895833333333333 0.505859375 0.4895833333333333 0.501953125 0.4965277777777778 0.505859375 0.5347222222222222 0.501953125 0.5347222222222222 0.498046875 0.5208333333333334 0.49609375 0.5 0.4921875 0.4930555555555556 0.486328125 0.4930555555555556 0.484375 0.4965277777777778 0.484375 0.5034722222222222 0.478515625 0.5138888888888888 0.478515625 0.5208333333333334 0.486328125 0.5347222222222222 0.466796875 0.53125 0.462890625 0.5381944444444444 0.462890625 0.5486111111111112 0.46484375 0.5555555555555556 0.45703125 0.5520833333333334 0.451171875 0.5416666666666666 0.451171875 0.5381944444444444 0.455078125 0.5347222222222222 0.470703125 0.5034722222222222 0.470703125 0.4965277777777778 0.466796875 0.4895833333333333 0.4609375 0.46875 0.4609375 0.4583333333333333 0.466796875 0.4444444444444444 0.470703125 0.4444444444444444 0.47265625 0.4409722222222222 0.48828125 0.4444444444444444
2 0.607421875 0.5868055555555556 0.61328125 0.59375 0.61328125 0.6111111111111112 0.6171875 0.6215277777777778 0.619140625 0.6388888888888888 0.625 0.65625 0.625 0.6701388888888888 0.62890625 0.6840277777777778 0.634765625 0.6944444444444444 0.634765625 0.7013888888888888 0.6328125 0.7013888888888888 0.62890625 0.6875 0.625 0.6840277777777778 0.62109375 0.6736111111111112 0.619140625 0.6736111111111112 0.6171875 0.6770833333333334 0.619140625 0.6840277777777778 0.6171875 0.6909722222222222 0.6171875 0.7118055555555556 0.62109375 0.71875 0.62109375 0.7291666666666666 0.623046875 0.7326388888888888 0.623046875 0.7569444444444444 0.626953125 0.7638888888888888 0.626953125 0.7708333333333334 0.623046875 0.7743055555555556 0.619140625 0.7708333333333334 0.619140625 0.7534722222222222 0.61328125 0.7291666666666666 0.61328125 0.71875 0.60546875 0.7048611111111112 0.6015625 0.7048611111111112 0.58984375 0.7534722222222222 0.58984375 0.7743055555555556 0.587890625 0.7777777777777778 0.587890625 0.7847222222222222 0.5859375 0.7847222222222222 0.5859375 0.7777777777777778 0.583984375 0.7743055555555556 0.583984375 0.7430555555555556 0.5859375 0.7395833333333334 0.5859375 0.7013888888888888 0.587890625 0.6979166666666666 0.587890625 0.6701388888888888 0.58984375 0.6666666666666666 0.5859375 0.6631944444444444 0.58203125 0.6701388888888888 0.580078125 0.6944444444444444 0.57421875 0.7013888888888888 0.572265625 0.6979166666666666 0.576171875 0.6875 0.578125 0.6631944444444444 0.5859375 0.6493055555555556 0.5859375 0.625 0.59765625 0.6076388888888888 0.59765625 0.59375 0.599609375 0.5868055555555556 0.6015625 0.5833333333333334 0.60546875 0.5868055555555556
2 0.6015625 0.24305555555555555 0.609375 0.24305555555555555 0.61328125 0.2604166666666667 0.611328125 0.2638888888888889 0.611328125 0.2743055555555556 0.607421875 0.2847222222222222 0.607421875 0.2951388888888889 0.611328125 0.3055555555555556 0.611328125 0.3159722222222222 0.607421875 0.3125 0.607421875 0.3055555555555556 0.603515625 0.2951388888888889 0.6015625 0.2951388888888889 0.595703125 0.3055555555555556 0.595703125 0.3159722222222222 0.59765625 0.3194444444444444 0.59765625 0.3506944444444444 0.595703125 0.3541666666666667 0.595703125 0.3715277777777778 0.59375 0.375 0.59765625 0.3923611111111111 0.587890625 0.3923611111111111 0.5859375 0.3888888888888889 0.587890625 0.3680555555555556 0.58984375 0.3645833333333333 0.58984375 0.34375 0.591796875 0.3402777777777778 0.58203125 0.3194444444444444 0.578125 0.3263888888888889 0.576171875 0.3402777777777778 0.5703125 0.3472222222222222 0.568359375 0.34375 0.564453125 0.3506944444444444 0.560546875 0.3611111111111111 0.560546875 0.3715277777777778 0.55859375 0.3784722222222222 0.556640625 0.3784722222222222 0.5546875 0.3715277777777778 0.560546875 0.3506944444444444 0.568359375 0.3402777777777778 0.5703125 0.3194444444444444 0.576171875 0.2916666666666667 0.58984375 0.2673611111111111 0.58984375 0.2638888888888889 0.595703125 0.2604166666666667 0.6015625 0.2465277777777778
2 0.619140625 0.3993055555555556 0.623046875 0.40625 0.634765625 0.4097222222222222 0.640625 0.4166666666666667 0.654296875 0.4166666666666667 0.66015625 0.4270833333333333 0.66015625 0.4444444444444444 0.662109375 0.4479166666666667 0.66015625 0.4548611111111111 0.66015625 0.4791666666666667 0.662109375 0.4861111111111111 0.66015625 0.4895833333333333 0.654296875 0.4895833333333333 0.65234375 0.4861111111111111 0.65234375 0.4791666666666667 0.646484375 0.46875 0.642578125 0.4652777777777778 0.63671875 0.4652777777777778 0.634765625 0.4722222222222222 0.640625 0.5 0.640625 0.5104166666666666 0.63671875 0.5104166666666666 0.634765625 0.5069444444444444 0.63671875 0.5 0.63671875 0.4826388888888889 0.634765625 0.4756944444444444 0.62890625 0.4652777777777778 0.626953125 0.4652777777777778 0.626953125 0.4548611111111111 0.607421875 0.4166666666666667 0.607421875 0.3993055555555556 0.609375 0.3958333333333333 0.615234375 0.3958333333333333 0.6171875 0.3993055555555556
2 0.40625 0.6041666666666666 0.41015625 0.6076388888888888 0.412109375 0.6145833333333334 0.412109375 0.6215277777777778 0.408203125 0.6319444444444444 0.412109375 0.6458333333333334 0.408203125 0.6597222222222222 0.404296875 0.6527777777777778 0.400390625 0.6527777777777778 0.390625 0.6736111111111112 0.392578125 0.7118055555555556 0.388671875 0.71875 0.388671875 0.7256944444444444 0.38671875 0.7291666666666666 0.38671875 0.7534722222222222 0.392578125 0.7604166666666666 0.39453125 0.7673611111111112 0.390625 0.7708333333333334 0.380859375 0.7708333333333334 0.376953125 0.7777777777777778 0.3828125 0.7951388888888888 0.375 0.7951388888888888 0.3671875 0.7881944444444444 0.37109375 0.7708333333333334 0.37109375 0.7395833333333334 0.373046875 0.7361111111111112 0.373046875 0.7256944444444444 0.365234375 0.7048611111111112 0.359375 0.7083333333333334 0.359375 0.6666666666666666 0.37890625 0.6354166666666666 0.390625 0.625 0.39453125 0.6145833333333334 0.39453125 0.6076388888888888 0.3984375 0.6041666666666666 0.404296875 0.6041666666666666