0 0.52734375 0.2986111111111111 0.533203125 0.2986111111111111 0.53515625 0.3020833333333333 0.53515625 0.3125 0.529296875 0.3125 0.52734375 0.3090277777777778 0.52734375 0.3020833333333333
0 0.89453125 0.625 0.8984375 0.6354166666666666 0.8984375 0.6423611111111112 0.89453125 0.6458333333333334 0.88671875 0.6458333333333334 0.884765625 0.6423611111111112 0.884765625 0.6284722222222222 0.88671875 0.625 0.892578125 0.625
0 0.42552083333333335 0.2884259259259259 0.011458333333333333 0.01574074074074074
0 0.833984375 0.21180555555555555 0.837890625 0.21875 0.837890625 0.22569444444444445 0.828125 0.2222222222222222 0.828125 0.2152777777777778 0.83203125 0.21180555555555555
0 0.357421875 0.2881944444444444 0.36328125 0.2847222222222222 0.3671875 0.2916666666666667 0.36328125 0.3020833333333333 0.359375 0.3020833333333333 0.357421875 0.2986111111111111 0.357421875 0.2916666666666667
0 0.380859375 0.3159722222222222 0.38671875 0.3263888888888889 0.38671875 0.3298611111111111 0.3828125 0.3298611111111111 0.380859375 0.3333333333333333 0.375 0.3263888888888889 0.375 0.3194444444444444 0.37890625 0.3159722222222222
0 0.875 0.6388888888888888 0.87890625 0.6527777777777778 0.869140625 0.6597222222222222 0.865234375 0.65625 0.865234375 0.6423611111111112 0.8671875 0.6388888888888888 0.873046875 0.6388888888888888
0 0.806640625 0.21180555555555555 0.80859375 0.2152777777777778 0.806640625 0.22569444444444445 0.80078125 0.22569444444444445 0.798828125 0.21875 0.8046875 0.21180555555555555
0 0.40625 0.3194444444444444 0.408203125 0.3263888888888889 0.404296875 0.3333333333333333 0.400390625 0.3333333333333333 0.3984375 0.3298611111111111 0.3984375 0.3194444444444444 0.400390625 0.3159722222222222 0.404296875 0.3194444444444444
0 0.400390625 0.3333333333333333 0.404296875 0.3333333333333333 0.4140625 0.3472222222222222 0.408203125 0.3541666666666667 0.404296875 0.3541666666666667 0.400390625 0.34375 0.400390625 0.3368055555555556
0 0.34322916666666664 0.2935185185185185 0.013541666666666667 0.018518518518518517
0 0.283203125 0.2986111111111111 0.283203125 0.3125 0.27734375 0.3125 0.2734375 0.3055555555555556 0.27734375 0.2951388888888889 0.28125 0.2986111111111111
0 0.4453125 0.2743055555555556 0.451171875 0.2743055555555556 0.453125 0.2777777777777778 0.453125 0.2881944444444444 0.451171875 0.2916666666666667 0.4453125 0.2916666666666667 0.443359375 0.2881944444444444 0.443359375 0.28125 0.4453125 0.2777777777777778
0 0.7450520833333333 0.3412037037037037 0.0109375 0.01759259259259259
0 0.60546875 0.2743055555555556 0.609375 0.28125 0.607421875 0.2881944444444444 0.599609375 0.2881944444444444 0.599609375 0.2777777777777778 0.603515625 0.2743055555555556
0 0.78515625 0.3506944444444444 0.783203125 0.34375 0.783203125 0.3368055555555556 0.78515625 0.3333333333333333 0.791015625 0.3333333333333333 0.79296875 0.3368055555555556 0.79296875 0.34375 0.787109375 0.3506944444444444
1 0.52734375 0.3090277777777778 0.529296875 0.3125 0.53515625 0.3125 0.53515625 0.3298611111111111 0.533203125 0.3333333333333333 0.521484375 0.3333333333333333 0.51953125 0.3229166666666667 0.521484375 0.3194444444444444 0.521484375 0.3125 0.525390625 0.3090277777777778
1 0.6015625 0.3125 0.599609375 0.3020833333333333 0.603515625 0.2916666666666667 0.609375 0.2916666666666667 0.62109375 0.3229166666666667 0.619140625 0.3263888888888889 0.611328125 0.3263888888888889 0.607421875 0.3229166666666667 0.603515625 0.3125
1 0.404296875 0.3541666666666667 0.4140625 0.3541666666666667 0.42578125 0.375 0.42578125 0.3854166666666667 0.423828125 0.3888888888888889 0.4140625 0.3923611111111111 0.4140625 0.3888888888888889 0.40234375 0.3715277777777778 0.40234375 0.3611111111111111 0.404296875 0.3576388888888889
1 0.41796875 0.2986111111111111 0.421875 0.2951388888888889 0.427734375 0.2951388888888889 0.43359375 0.3020833333333333 0.4296875 0.3229166666666667 0.42578125 0.3263888888888889 0.41796875 0.3263888888888889 0.41796875 0.3020833333333333
1 0.396484375 0.34375 0.400390625 0.3541666666666667 0.400390625 0.3923611111111111 0.390625 0.3923611111111111 0.38671875 0.3888888888888889 0.3828125 0.3784722222222222 0.3828125 0.3715277777777778 0.37890625 0.3576388888888889 0.37890625 0.3402777777777778 0.3828125 0.3333333333333333 0.388671875 0.3333333333333333 0.39453125 0.34375
1 0.353515625 0.3194444444444444 0.357421875 0.3055555555555556 0.365234375 0.3020833333333333 0.369140625 0.3090277777777778 0.37109375 0.3263888888888889 0.36328125 0.3368055555555556 0.357421875 0.3263888888888889 0.35546875 0.3263888888888889 0.35546875 0.3229166666666667
1 0.880859375 0.65625 0.888671875 0.6666666666666666 0.888671875 0.6736111111111112 0.89453125 0.6875 0.89453125 0.7013888888888888 0.890625 0.7048611111111112 0.880859375 0.7048611111111112 0.876953125 0.6979166666666666 0.873046875 0.6979166666666666 0.873046875 0.6909722222222222 0.8671875 0.6736111111111112 0.8671875 0.6631944444444444 0.873046875 0.65625 0.87890625 0.65625
1 0.802734375 0.2222222222222222 0.806640625 0.22569444444444445 0.80859375 0.23958333333333334 0.8046875 0.23958333333333334 0.798828125 0.2569444444444444 0.7890625 0.2569444444444444 0.7890625 0.2465277777777778 0.794921875 0.22916666666666666 0.80078125 0.2222222222222222
1 0.9010416666666666 0.6694444444444445 0.027083333333333334 0.044444444444444446
1 0.33203125 0.3333333333333333 0.33203125 0.3020833333333333 0.333984375 0.2986111111111111 0.345703125 0.3020833333333333 0.349609375 0.3090277777777778 0.349609375 0.3263888888888889 0.345703125 0.3368055555555556 0.337890625 0.3368055555555556 0.333984375 0.3333333333333333
1 0.283203125 0.3125 0.2890625 0.3194444444444444 0.2890625 0.3402777777777778 0.28515625 0.3506944444444444 0.283203125 0.3541666666666667 0.27734375 0.3541666666666667 0.2734375 0.3506944444444444 0.267578125 0.3368055555555556 0.267578125 0.3159722222222222 0.26953125 0.3125 0.28125 0.3159722222222222
1 0.451171875 0.2951388888888889 0.453125 0.2986111111111111 0.453125 0.3263888888888889 0.455078125 0.3298611111111111 0.44921875 0.3368055555555556 0.4453125 0.3368055555555556 0.435546875 0.3159722222222222 0.435546875 0.3020833333333333 0.443359375 0.2951388888888889 0.44921875 0.2951388888888889
1 0.802734375 0.3576388888888889 0.806640625 0.3715277777777778 0.802734375 0.3819444444444444 0.791015625 0.3819444444444444 0.787109375 0.3645833333333333 0.787109375 0.3541666666666667 0.79296875 0.3472222222222222 0.794921875 0.3472222222222222 0.80078125 0.3576388888888889
1 0.734375 0.3541666666666667 0.7421875 0.3472222222222222 0.744140625 0.3506944444444444 0.748046875 0.3506944444444444 0.75390625 0.3645833333333333 0.75390625 0.3854166666666667 0.751953125 0.3888888888888889 0.75 0.3854166666666667 0.744140625 0.3854166666666667 0.734375 0.3923611111111111 0.734375 0.3576388888888889
1 0.36328125 0.3333333333333333 0.37109375 0.3263888888888889 0.376953125 0.3368055555555556 0.376953125 0.3611111111111111 0.373046875 0.3715277777777778 0.36328125 0.3715277777777778 0.36328125 0.3680555555555556 0.359375 0.3645833333333333 0.36328125 0.3506944444444444 0.36328125 0.3368055555555556
1 0.4296875 0.3402777777777778 0.439453125 0.3298611111111111 0.4453125 0.34375 0.4453125 0.3506944444444444 0.44921875 0.3645833333333333 0.44921875 0.375 0.4453125 0.375 0.443359375 0.3784722222222222 0.43359375 0.3784722222222222 0.4296875 0.3645833333333333 0.4296875 0.34375
1 0.833984375 0.22569444444444445 0.837890625 0.22916666666666666 0.837890625 0.23958333333333334 0.828125 0.2604166666666667 0.8203125 0.2569444444444444 0.818359375 0.2534722222222222 0.818359375 0.2465277777777778 0.8203125 0.24305555555555555 0.8203125 0.2326388888888889 0.82421875 0.22569444444444445 0.828125 0.2222222222222222 0.83203125 0.22569444444444445
2 0.52734375 0.2986111111111111 0.533203125 0.2986111111111111 0.53515625 0.3020833333333333 0.53515625 0.3090277777777778 0.537109375 0.3125 0.537109375 0.3333333333333333 0.541015625 0.34375 0.541015625 0.3541666666666667 0.53125 0.3541666666666667 0.529296875 0.3576388888888889 0.529296875 0.3680555555555556 0.525390625 0.3645833333333333 0.51953125 0.3368055555555556 0.51953125 0.3194444444444444 0.52734375 0.3020833333333333
2 0.60546875 0.2743055555555556 0.609375 0.28125 0.609375 0.2881944444444444 0.615234375 0.3090277777777778 0.62109375 0.3194444444444444 0.625 0.3333333333333333 0.623046875 0.3402777777777778 0.626953125 0.34375 0.62890625 0.3506944444444444 0.62890625 0.3576388888888889 0.626953125 0.3611111111111111 0.619140625 0.3506944444444444 0.611328125 0.3576388888888889 0.60546875 0.3576388888888889 0.60546875 0.3472222222222222 0.603515625 0.34375 0.60546875 0.3194444444444444 0.6015625 0.3125 0.595703125 0.3125 0.59375 0.3090277777777778 0.599609375 0.3020833333333333 0.599609375 0.2777777777777778 0.603515625 0.2743055555555556
2 0.89453125 0.625 0.8984375 0.6354166666666666 0.8984375 0.6458333333333334 0.916015625 0.6770833333333334 0.91796875 0.6840277777777778 0.91796875 0.6944444444444444 0.9140625 0.7083333333333334 0.9140625 0.7222222222222222 0.921875 0.7361111111111112 0.921875 0.7395833333333334 0.927734375 0.7465277777777778 0.927734375 0.7604166666666666 0.92578125 0.7638888888888888 0.921875 0.7638888888888888 0.921875 0.75 0.91796875 0.7430555555555556 0.90625 0.7326388888888888 0.896484375 0.71875 0.8984375 0.7152777777777778 0.8984375 0.6909722222222222 0.89453125 0.6840277777777778 0.890625 0.6666666666666666 0.884765625 0.6527777777777778 0.884765625 0.6284722222222222 0.88671875 0.625 0.892578125 0.625
2 0.421875 0.2847222222222222 0.427734375 0.2847222222222222 0.43359375 0.3020833333333333 0.431640625 0.3194444444444444 0.427734375 0.3263888888888889 0.427734375 0.3333333333333333 0.423828125 0.3472222222222222 0.42578125 0.3506944444444444 0.42578125 0.3611111111111111 0.41796875 0.3576388888888889 0.4140625 0.34375 0.4140625 0.3333333333333333 0.416015625 0.3298611111111111 0.41796875 0.2986111111111111 0.421875 0.2881944444444444
2 0.380859375 0.3194444444444444 0.38671875 0.3263888888888889 0.390625 0.3368055555555556 0.396484375 0.3402777777777778 0.400390625 0.3472222222222222 0.400390625 0.3541666666666667 0.40234375 0.3576388888888889 0.400390625 0.3645833333333333 0.404296875 0.3819444444444444 0.40234375 0.3854166666666667 0.40234375 0.3993055555555556 0.3984375 0.4131944444444444 0.3984375 0.4236111111111111 0.40625 0.4409722222222222 0.40625 0.4479166666666667 0.404296875 0.4513888888888889 0.400390625 0.4513888888888889 0.3984375 0.4479166666666667 0.3984375 0.4409722222222222 0.390625 0.4340277777777778 0.38671875 0.4236111111111111 0.380859375 0.4236111111111111 0.380859375 0.4131944444444444 0.3828125 0.4097222222222222 0.3828125 0.3958333333333333 0.384765625 0.3888888888888889 0.37890625 0.3611111111111111 0.37890625 0.3368055555555556 0.375 0.3263888888888889 0.375 0.3229166666666667 0.37890625 0.3194444444444444
2 0.876953125 0.6423611111111112 0.876953125 0.6458333333333334 0.888671875 0.6666666666666666 0.888671875 0.6736111111111112 0.896484375 0.6909722222222222 0.896484375 0.7118055555555556 0.888671875 0.7326388888888888 0.888671875 0.7465277777777778 0.892578125 0.7534722222222222 0.892578125 0.7638888888888888 0.8984375 0.7743055555555556 0.896484375 0.78125 0.890625 0.7881944444444444 0.88671875 0.78125 0.88671875 0.7743055555555556 0.8828125 0.7638888888888888 0.87890625 0.7604166666666666 0.87109375 0.7430555555555556 0.873046875 0.71875 0.869140625 0.7152777777777778 0.869140625 0.7083333333333334 0.873046875 0.7013888888888888 0.873046875 0.6944444444444444 0.8671875 0.6736111111111112 0.865234375 0.6423611111111112 0.8671875 0.6388888888888888 0.873046875 0.6388888888888888 0.875 0.6423611111111112
2 0.806640625 0.21180555555555555 0.80859375 0.2152777777777778 0.806640625 0.22916666666666666 0.81640625 0.24305555555555555 0.810546875 0.24305555555555555 0.806640625 0.23958333333333334 0.80078125 0.25 0.80078125 0.2569444444444444 0.806640625 0.2708333333333333 0.806640625 0.2847222222222222 0.810546875 0.2916666666666667 0.814453125 0.2916666666666667 0.814453125 0.2951388888888889 0.806640625 0.2951388888888889 0.8046875 0.2916666666666667 0.80078125 0.3020833333333333 0.79296875 0.3020833333333333 0.796875 0.2881944444444444 0.79296875 0.2743055555555556 0.7890625 0.2708333333333333 0.7890625 0.2638888888888889 0.787109375 0.2604166666666667 0.7890625 0.2569444444444444 0.7890625 0.2465277777777778 0.794921875 0.2326388888888889 0.796875 0.2222222222222222 0.802734375 0.21180555555555555 0.8046875 0.21180555555555555
2 0.345703125 0.2881944444444444 0.349609375 0.2951388888888889 0.349609375 0.3298611111111111 0.345703125 0.3368055555555556 0.345703125 0.34375 0.353515625 0.3645833333333333 0.349609375 0.3715277777777778 0.34375 0.375 0.337890625 0.3854166666666667 0.337890625 0.3923611111111111 0.333984375 0.3888888888888889 0.333984375 0.3819444444444444 0.341796875 0.3645833333333333 0.337890625 0.3576388888888889 0.328125 0.3784722222222222 0.31640625 0.3923611111111111 0.314453125 0.3888888888888889 0.328125 0.3611111111111111 0.328125 0.3333333333333333 0.33203125 0.3229166666666667 0.33203125 0.3020833333333333 0.3359375 0.2916666666666667 0.34375 0.2881944444444444
2 0.283203125 0.2986111111111111 0.283203125 0.3090277777777778 0.2890625 0.3194444444444444 0.2890625 0.3333333333333333 0.291015625 0.3368055555555556 0.291015625 0.3402777777777778 0.28515625 0.3472222222222222 0.28515625 0.3576388888888889 0.287109375 0.3611111111111111 0.287109375 0.3680555555555556 0.291015625 0.375 0.291015625 0.3819444444444444 0.294921875 0.3958333333333333 0.294921875 0.40625 0.298828125 0.4131944444444444 0.296875 0.4166666666666667 0.294921875 0.4166666666666667 0.29296875 0.4027777777777778 0.279296875 0.3680555555555556 0.2734375 0.3680555555555556 0.271484375 0.3715277777777778 0.267578125 0.3854166666666667 0.265625 0.4097222222222222 0.26171875 0.4097222222222222 0.263671875 0.4027777777777778 0.263671875 0.375 0.265625 0.3715277777777778 0.265625 0.3611111111111111 0.26953125 0.3506944444444444 0.26953125 0.34375 0.265625 0.3368055555555556 0.265625 0.3229166666666667 0.267578125 0.3159722222222222 0.2734375 0.3090277777777778 0.2734375 0.3020833333333333 0.27734375 0.2951388888888889 0.28125 0.2986111111111111
2 0.453125 0.2777777777777778 0.453125 0.3194444444444444 0.455078125 0.3229166666666667 0.453125 0.3645833333333333 0.455078125 0.3680555555555556 0.458984375 0.3680555555555556 0.458984375 0.3784722222222222 0.45703125 0.3819444444444444 0.453125 0.375 0.453125 0.3680555555555556 0.44921875 0.3611111111111111 0.44921875 0.3541666666666667 0.4453125 0.3402777777777778 0.435546875 0.3159722222222222 0.435546875 0.3020833333333333 0.44140625 0.2951388888888889 0.443359375 0.28125 0.447265625 0.2743055555555556 0.451171875 0.2777777777777778
2 0.78515625 0.3333333333333333 0.791015625 0.3333333333333333 0.796875 0.3506944444444444 0.80078125 0.3541666666666667 0.806640625 0.3680555555555556 0.810546875 0.3819444444444444 0.8046875 0.4027777777777778 0.8125 0.4305555555555556 0.8125 0.4340277777777778 0.80859375 0.4340277777777778 0.80078125 0.4131944444444444 0.791015625 0.4131944444444444 0.7890625 0.4027777777777778 0.78515625 0.3958333333333333 0.78515625 0.3854166666666667 0.787109375 0.3819444444444444 0.787109375 0.3680555555555556 0.78515625 0.3645833333333333 0.78515625 0.3506944444444444 0.783203125 0.3472222222222222 0.783203125 0.3402777777777778 0.78515625 0.3368055555555556
2 0.744140625 0.3333333333333333 0.748046875 0.3368055555555556 0.75 0.34375 0.748046875 0.3506944444444444 0.75390625 0.3645833333333333 0.75390625 0.3923611111111111 0.755859375 0.3958333333333333 0.7578125 0.4131944444444444 0.76171875 0.4236111111111111 0.76171875 0.4444444444444444 0.7578125 0.4409722222222222 0.75390625 0.4166666666666667 0.748046875 0.4097222222222222 0.744140625 0.4097222222222222 0.73828125 0.4201388888888889 0.73828125 0.4340277777777778 0.734375 0.4270833333333333 0.734375 0.4166666666666667 0.73046875 0.4097222222222222 0.73046875 0.4027777777777778 0.728515625 0.3993055555555556 0.728515625 0.3784722222222222 0.734375 0.3611111111111111 0.734375 0.3541666666666667 0.73828125 0.3506944444444444 0.7421875 0.3368055555555556
2 0.404296875 0.3333333333333333 0.40625 0.3402777777777778 0.4140625 0.34375 0.4140625 0.3506944444444444 0.42578125 0.3715277777777778 0.427734375 0.3784722222222222 0.427734375 0.3923611111111111 0.4296875 0.3958333333333333 0.4296875 0.4131944444444444 0.427734375 0.4201388888888889 0.421875 0.4201388888888889 0.419921875 0.4236111111111111 0.419921875 0.4340277777777778 0.421875 0.4375 0.421875 0.4479166666666667 0.423828125 0.4548611111111111 0.419921875 0.4583333333333333 0.4140625 0.4583333333333333 0.416015625 0.4444444444444444 0.4140625 0.4409722222222222 0.412109375 0.4131944444444444 0.41015625 0.4097222222222222 0.412109375 0.4027777777777778 0.412109375 0.3923611111111111 0.40234375 0.3680555555555556 0.404296875 0.3368055555555556
2 0.439453125 0.3298611111111111 0.4453125 0.34375 0.4453125 0.3506944444444444 0.44921875 0.3611111111111111 0.44921875 0.3680555555555556 0.453125 0.3819444444444444 0.453125 0.3993055555555556 0.4609375 0.4097222222222222 0.462890625 0.4305555555555556 0.458984375 0.4375 0.45703125 0.4375 0.45703125 0.4305555555555556 0.453125 0.4166666666666667 0.44921875 0.4270833333333333 0.44921875 0.4340277777777778 0.4453125 0.4340277777777778 0.44140625 0.4201388888888889 0.43359375 0.4201388888888889 0.43359375 0.4166666666666667 0.4375 0.4166666666666667 0.439453125 0.4131944444444444 0.439453125 0.40625 0.4375 0.3993055555555556 0.43359375 0.3958333333333333 0.43359375 0.3888888888888889 0.4296875 0.375 0.4296875 0.3402777777777778 0.43359375 0.3263888888888889 0.4375 0.3298611111111111
2 0.83203125 0.21180555555555555 0.8359375 0.2152777777777778 0.837890625 0.2222222222222222 0.837890625 0.23958333333333334 0.830078125 0.2569444444444444 0.830078125 0.2708333333333333 0.833984375 0.2881944444444444 0.833984375 0.3020833333333333 0.837890625 0.3125 0.830078125 0.3125 0.830078125 0.3055555555555556 0.82421875 0.2951388888888889 0.8203125 0.2951388888888889 0.818359375 0.2916666666666667 0.8203125 0.2881944444444444 0.818359375 0.2847222222222222 0.818359375 0.23958333333333334 0.826171875 0.21875 0.830078125 0.2152777777777778
2 0.369140625 0.3229166666666667 0.373046875 0.3263888888888889 0.375 0.3333333333333333 0.376953125 0.3333333333333333 0.376953125 0.3645833333333333 0.380859375 0.3819444444444444 0.380859375 0.3993055555555556 0.376953125 0.4131944444444444 0.376953125 0.4236111111111111 0.37109375 0.4236111111111111 0.37109375 0.3993055555555556 0.3671875 0.3923611111111111 0.357421875 0.4097222222222222 0.35546875 0.4201388888888889 0.3515625 0.4270833333333333 0.3515625 0.4340277777777778 0.34765625 0.4375 0.349609375 0.4097222222222222 0.35546875 0.3958333333333333 0.35546875 0.3680555555555556 0.361328125 0.3506944444444444 0.36328125 0.3333333333333333 0.3671875 0.3263888888888889