0 0.060546875 0.1597222222222222 0.0625 0.18055555555555555 0.05859375 0.1875 0.052734375 0.1875 0.052734375 0.18055555555555555 0.05078125 0.17708333333333334 0.05078125 0.16319444444444445 0.052734375 0.1597222222222222 0.05859375 0.1597222222222222
0 0.072265625 0.15625 0.078125 0.16319444444444445 0.078125 0.1736111111111111 0.0703125 0.1736111111111111 0.068359375 0.1701388888888889 0.068359375 0.16319444444444445 0.0703125 0.1597222222222222
0 0.146484375 0.1527777777777778 0.15234375 0.1597222222222222 0.15234375 0.1736111111111111 0.142578125 0.1736111111111111 0.140625 0.15625 0.14453125 0.1527777777777778
0 0.16015625 0.1840277777777778 0.162109375 0.18055555555555555 0.16015625 0.17708333333333334 0.16015625 0.1701388888888889 0.162109375 0.16666666666666666 0.16796875 0.16666666666666666 0.173828125 0.17708333333333334 0.173828125 0.1840277777777778 0.1640625 0.1909722222222222 0.162109375 0.1875
0 0.1796875 0.15625 0.181640625 0.1597222222222222 0.181640625 0.1736111111111111 0.18359375 0.17708333333333334 0.18359375 0.1840277777777778 0.181640625 0.1875 0.177734375 0.1875 0.173828125 0.1736111111111111 0.173828125 0.1597222222222222 0.177734375 0.15625
0 0.22161458333333334 0.23564814814814813 0.018229166666666668 0.021296296296296296
0 0.224609375 0.13541666666666666 0.23046875 0.13541666666666666 0.234375 0.1423611111111111 0.234375 0.14930555555555555 0.232421875 0.1527777777777778 0.22265625 0.1527777777777778 0.22265625 0.1423611111111111 0.224609375 0.1388888888888889
0 0.26848958333333334 0.14444444444444446 0.013020833333333334 0.02037037037037037
0 0.5234375 0.010416666666666666 0.525390625 0.013888888888888888 0.525390625 0.020833333333333332 0.521484375 0.024305555555555556 0.517578125 0.017361111111111112 0.517578125 0.013888888888888888 0.521484375 0.010416666666666666
0 0.505859375 0.3576388888888889 0.509765625 0.3645833333333333 0.509765625 0.3819444444444444 0.5 0.3784722222222222 0.5 0.3680555555555556 0.50390625 0.3611111111111111
0 0.5549479166666667 0.32546296296296295 0.013020833333333334 0.03240740740740741
0 0.5205729166666666 0.4138888888888889 0.0078125 0.02037037037037037
0 0.736328125 0.5798611111111112 0.740234375 0.5868055555555556 0.740234375 0.5972222222222222 0.732421875 0.6111111111111112 0.7265625 0.6111111111111112 0.724609375 0.6041666666666666 0.724609375 0.5868055555555556 0.728515625 0.5798611111111112 0.734375 0.5798611111111112
0 0.705078125 0.2743055555555556 0.70703125 0.28125 0.69921875 0.2986111111111111 0.6953125 0.2951388888888889 0.6953125 0.2777777777777778 0.69921875 0.2708333333333333 0.703125 0.2743055555555556
0 0.875 0.2152777777777778 0.880859375 0.2152777777777778 0.880859375 0.21875 0.88671875 0.22569444444444445 0.88671875 0.22916666666666666 0.87890625 0.23958333333333334 0.873046875 0.23958333333333334 0.875 0.21875
0 0.9296875 0.1423611111111111 0.935546875 0.1388888888888889 0.939453125 0.14583333333333334 0.939453125 0.15625 0.9375 0.1597222222222222 0.93359375 0.1597222222222222 0.9296875 0.1527777777777778 0.9296875 0.14583333333333334
0 0.923828125 0.1076388888888889 0.923828125 0.09722222222222222 0.92578125 0.09375 0.931640625 0.09722222222222222 0.931640625 0.10416666666666667 0.9296875 0.1076388888888889 0.92578125 0.1076388888888889
1 0.935546875 0.1076388888888889 0.939453125 0.11458333333333333 0.939453125 0.13541666666666666 0.931640625 0.14583333333333334 0.919921875 0.14583333333333334 0.91796875 0.1388888888888889 0.9140625 0.1423611111111111 0.9140625 0.12152777777777778 0.919921875 0.1076388888888889 0.93359375 0.1076388888888889
1 0.5625 0.3263888888888889 0.56640625 0.3333333333333333 0.56640625 0.3402777777777778 0.564453125 0.34375 0.564453125 0.3506944444444444 0.560546875 0.3576388888888889 0.560546875 0.3715277777777778 0.552734375 0.3784722222222222 0.548828125 0.3784722222222222 0.54296875 0.3715277777777778 0.541015625 0.3333333333333333 0.546875 0.3263888888888889 0.55078125 0.3298611111111111 0.556640625 0.3298611111111111 0.560546875 0.3263888888888889
1 0.1640625 0.1909722222222222 0.16796875 0.1909722222222222 0.173828125 0.18055555555555555 0.17578125 0.18055555555555555 0.177734375 0.1840277777777778 0.181640625 0.1840277777777778 0.181640625 0.1909722222222222 0.18359375 0.19444444444444445 0.18359375 0.20833333333333334 0.177734375 0.2152777777777778 0.166015625 0.2152777777777778 0.1640625 0.21180555555555555 0.1640625 0.19444444444444445
1 0.279296875 0.1527777777777778 0.2890625 0.17708333333333334 0.2890625 0.18055555555555555 0.283203125 0.1875 0.2734375 0.1875 0.263671875 0.16319444444444445 0.263671875 0.1527777777777778 0.265625 0.14930555555555555 0.275390625 0.14930555555555555 0.27734375 0.1527777777777778
1 0.7421875 0.6041666666666666 0.74609375 0.6145833333333334 0.748046875 0.6354166666666666 0.751953125 0.6458333333333334 0.748046875 0.65625 0.744140625 0.65625 0.7421875 0.6597222222222222 0.73828125 0.6597222222222222 0.734375 0.6527777777777778 0.728515625 0.6284722222222222 0.728515625 0.6076388888888888 0.73046875 0.6041666666666666 0.740234375 0.6041666666666666
1 0.080078125 0.1736111111111111 0.0859375 0.18055555555555555 0.0859375 0.2013888888888889 0.087890625 0.2048611111111111 0.087890625 0.21180555555555555 0.080078125 0.2222222222222222 0.076171875 0.2222222222222222 0.07421875 0.21875 0.07421875 0.19791666666666666 0.068359375 0.1875 0.068359375 0.18055555555555555 0.0703125 0.17708333333333334 0.078125 0.1736111111111111
1 0.533203125 0.4166666666666667 0.548828125 0.4409722222222222 0.544921875 0.4513888888888889 0.529296875 0.4513888888888889 0.52734375 0.4479166666666667 0.521484375 0.4270833333333333 0.525390625 0.4166666666666667 0.53125 0.4166666666666667
1 0.515625 0.05555555555555555 0.515625 0.027777777777777776 0.51953125 0.020833333333333332 0.525390625 0.020833333333333332 0.529296875 0.03819444444444445 0.525390625 0.05555555555555555 0.517578125 0.05555555555555555
1 0.158203125 0.16666666666666666 0.158203125 0.1840277777777778 0.154296875 0.19791666666666666 0.150390625 0.19791666666666666 0.14453125 0.2048611111111111 0.146484375 0.20833333333333334 0.142578125 0.2048611111111111 0.13671875 0.2048611111111111 0.13671875 0.1840277777777778 0.134765625 0.17708333333333334 0.140625 0.1701388888888889 0.14453125 0.1736111111111111 0.150390625 0.1736111111111111 0.15625 0.16666666666666666
1 0.220703125 0.24305555555555555 0.2265625 0.25 0.2265625 0.2569444444444444 0.22265625 0.2708333333333333 0.22265625 0.2847222222222222 0.203125 0.2847222222222222 0.19921875 0.2743055555555556 0.21484375 0.23958333333333334 0.21875 0.24305555555555555
1 0.888671875 0.22916666666666666 0.892578125 0.2361111111111111 0.892578125 0.24305555555555555 0.890625 0.2465277777777778 0.890625 0.2638888888888889 0.88671875 0.2708333333333333 0.87890625 0.2708333333333333 0.875 0.2673611111111111 0.87109375 0.2534722222222222 0.87109375 0.2361111111111111 0.87890625 0.2361111111111111 0.88671875 0.22916666666666666
1 0.708984375 0.2847222222222222 0.712890625 0.2881944444444444 0.712890625 0.2986111111111111 0.70703125 0.3159722222222222 0.70703125 0.3263888888888889 0.701171875 0.3263888888888889 0.69921875 0.3298611111111111 0.693359375 0.3298611111111111 0.69140625 0.3263888888888889 0.69140625 0.3020833333333333 0.689453125 0.2986111111111111 0.69140625 0.2916666666666667 0.701171875 0.2916666666666667 0.70703125 0.2847222222222222
1 0.04296875 0.1875 0.064453125 0.1875 0.072265625 0.19791666666666666 0.072265625 0.21875 0.068359375 0.22569444444444445 0.06640625 0.23958333333333334 0.046875 0.23958333333333334 0.044921875 0.2326388888888889 0.04296875 0.2048611111111111 0.041015625 0.2013888888888889 0.041015625 0.19444444444444445 0.04296875 0.1909722222222222
1 0.216796875 0.1527777777777778 0.224609375 0.1527777777777778 0.234375 0.1597222222222222 0.23046875 0.1875 0.2265625 0.1909722222222222 0.224609375 0.1875 0.21484375 0.1875 0.21484375 0.16319444444444445 0.216796875 0.15625
1 0.9453125 0.1527777777777778 0.94921875 0.1597222222222222 0.94921875 0.18055555555555555 0.947265625 0.1840277777777778 0.9453125 0.2013888888888889 0.943359375 0.2048611111111111 0.927734375 0.2048611111111111 0.92578125 0.2013888888888889 0.92578125 0.1701388888888889 0.9296875 0.16319444444444445 0.935546875 0.16666666666666666 0.939453125 0.16319444444444445 0.94140625 0.15625 0.943359375 0.15625
1 0.5015625 0.39490740740740743 0.025 0.058333333333333334
2 0.935546875 0.10416666666666667 0.939453125 0.1111111111111111 0.94140625 0.13541666666666666 0.93359375 0.1423611111111111 0.93359375 0.14583333333333334 0.927734375 0.15625 0.92578125 0.16666666666666666 0.923828125 0.16666666666666666 0.919921875 0.15625 0.916015625 0.1597222222222222 0.912109375 0.15625 0.912109375 0.125 0.91796875 0.1076388888888889 0.923828125 0.09722222222222222 0.9296875 0.09722222222222222 0.93359375 0.10416666666666667
2 0.55078125 0.3125 0.556640625 0.3125 0.56640625 0.3368055555555556 0.572265625 0.3472222222222222 0.57421875 0.3472222222222222 0.57421875 0.3506944444444444 0.580078125 0.3611111111111111 0.580078125 0.3645833333333333 0.578125 0.3645833333333333 0.5703125 0.3506944444444444 0.564453125 0.3506944444444444 0.560546875 0.3576388888888889 0.560546875 0.40625 0.564453125 0.4131944444444444 0.564453125 0.4340277777777778 0.568359375 0.4513888888888889 0.564453125 0.4513888888888889 0.5625 0.4444444444444444 0.5625 0.4305555555555556 0.55859375 0.4236111111111111 0.55859375 0.4166666666666667 0.552734375 0.4027777777777778 0.548828125 0.40625 0.546875 0.4201388888888889 0.54296875 0.4201388888888889 0.54296875 0.3923611111111111 0.541015625 0.3888888888888889 0.54296875 0.3819444444444444 0.54296875 0.3576388888888889 0.541015625 0.3541666666666667 0.53515625 0.3576388888888889 0.533203125 0.3611111111111111 0.533203125 0.3680555555555556 0.529296875 0.375 0.529296875 0.3611111111111111 0.5390625 0.34375 0.5390625 0.3368055555555556 0.544921875 0.3263888888888889 0.546875 0.3263888888888889 0.55078125 0.3159722222222222
2 0.19140625 0.2638888888888889 0.197265625 0.2777777777777778 0.193359375 0.3020833333333333 0.19140625 0.3020833333333333 0.1875 0.2881944444444444 0.1875 0.28125 0.18359375 0.2743055555555556 0.181640625 0.2777777777777778 0.181640625 0.3090277777777778 0.177734375 0.3090277777777778 0.17578125 0.3020833333333333 0.17578125 0.2881944444444444 0.171875 0.2847222222222222 0.171875 0.2673611111111111 0.16796875 0.2569444444444444 0.16796875 0.25 0.162109375 0.2361111111111111 0.162109375 0.22569444444444445 0.1640625 0.2222222222222222 0.162109375 0.17708333333333334 0.166015625 0.16666666666666666 0.173828125 0.1597222222222222 0.1796875 0.1597222222222222 0.181640625 0.16319444444444445 0.181640625 0.1701388888888889 0.18359375 0.1736111111111111 0.18359375 0.19444444444444445 0.19140625 0.2222222222222222 0.189453125 0.25 0.1875 0.2534722222222222 0.1875 0.2604166666666667 0.189453125 0.2638888888888889
2 0.2578125 0.1840277777777778 0.2578125 0.18055555555555555 0.263671875 0.1736111111111111 0.263671875 0.15625 0.26171875 0.14930555555555555 0.265625 0.13541666666666666 0.271484375 0.13541666666666666 0.271484375 0.1388888888888889 0.291015625 0.18055555555555555 0.291015625 0.19444444444444445 0.283203125 0.2222222222222222 0.283203125 0.2604166666666667 0.279296875 0.2708333333333333 0.2734375 0.2708333333333333 0.271484375 0.2673611111111111 0.275390625 0.2569444444444444 0.275390625 0.2222222222222222 0.2734375 0.21875 0.2734375 0.2048611111111111 0.271484375 0.2013888888888889 0.271484375 0.19444444444444445 0.2734375 0.1909722222222222 0.26953125 0.1840277777777778 0.259765625 0.1840277777777778
2 0 0.2361111111111111 0.01953125 0.2361111111111111 0.021484375 0.23958333333333334 0.03125 0.23958333333333334 0.03515625 0.24305555555555555 0.0390625 0.2534722222222222 0.037109375 0.2604166666666667 0.03125 0.2604166666666667 0.025390625 0.2673611111111111 0.017578125 0.2673611111111111 0.01171875 0.28125 0.0078125 0.2777777777777778 0.0078125 0.2673611111111111 0.00390625 0.2604166666666667 0 0.2604166666666667 0 0.23958333333333334
2 0.73828125 0.5833333333333334 0.740234375 0.5902777777777778 0.740234375 0.6006944444444444 0.74609375 0.6111111111111112 0.748046875 0.6354166666666666 0.751953125 0.6458333333333334 0.76953125 0.6631944444444444 0.767578125 0.6701388888888888 0.76171875 0.6701388888888888 0.759765625 0.6736111111111112 0.759765625 0.6840277777777778 0.765625 0.6944444444444444 0.76953125 0.6944444444444444 0.779296875 0.7118055555555556 0.787109375 0.71875 0.78515625 0.7256944444444444 0.78125 0.7256944444444444 0.7734375 0.7118055555555556 0.7578125 0.6979166666666666 0.751953125 0.7013888888888888 0.75 0.7048611111111112 0.75 0.7118055555555556 0.755859375 0.7291666666666666 0.763671875 0.7430555555555556 0.763671875 0.75 0.76171875 0.7534722222222222 0.75 0.7534722222222222 0.75390625 0.7465277777777778 0.75390625 0.7395833333333334 0.7421875 0.7222222222222222 0.736328125 0.7013888888888888 0.73828125 0.6979166666666666 0.73828125 0.6840277777777778 0.734375 0.6701388888888888 0.73046875 0.6736111111111112 0.73046875 0.6805555555555556 0.7265625 0.6875 0.720703125 0.6875 0.720703125 0.6736111111111112 0.73046875 0.6631944444444444 0.73046875 0.6493055555555556 0.732421875 0.6458333333333334 0.73046875 0.6423611111111112 0.728515625 0.6111111111111112 0.724609375 0.59375 0.728515625 0.5798611111111112 0.734375 0.5798611111111112 0.736328125 0.5833333333333334
2 0.068359375 0.15625 0.07421875 0.15625 0.078125 0.1597222222222222 0.080078125 0.1701388888888889 0.0859375 0.18055555555555555 0.087890625 0.2152777777777778 0.08984375 0.21875 0.08984375 0.23958333333333334 0.0859375 0.2569444444444444 0.0859375 0.2743055555555556 0.08984375 0.2881944444444444 0.08984375 0.2986111111111111 0.09375 0.3090277777777778 0.091796875 0.3125 0.08203125 0.3125 0.080078125 0.3090277777777778 0.08203125 0.3055555555555556 0.08203125 0.2986111111111111 0.078125 0.28125 0.07421875 0.2743055555555556 0.072265625 0.28125 0.0703125 0.2743055555555556 0.0703125 0.2604166666666667 0.072265625 0.2569444444444444 0.072265625 0.2222222222222222 0.07421875 0.21875 0.07421875 0.20833333333333334 0.072265625 0.2048611111111111 0.07421875 0.2013888888888889 0.068359375 0.1875 0.068359375 0.1597222222222222
2 0.142578125 0.1527777777777778 0.150390625 0.1527777777777778 0.150390625 0.15625 0.16015625 0.1701388888888889 0.158203125 0.17708333333333334 0.158203125 0.19791666666666666 0.154296875 0.2048611111111111 0.154296875 0.21875 0.158203125 0.2326388888888889 0.15234375 0.24305555555555555 0.15234375 0.2534722222222222 0.150390625 0.2569444444444444 0.150390625 0.2743055555555556 0.154296875 0.2847222222222222 0.146484375 0.2847222222222222 0.142578125 0.2777777777777778 0.142578125 0.2708333333333333 0.140625 0.2673611111111111 0.134765625 0.2777777777777778 0.134765625 0.2881944444444444 0.13671875 0.2916666666666667 0.130859375 0.2916666666666667 0.126953125 0.2777777777777778 0.138671875 0.2534722222222222 0.138671875 0.2361111111111111 0.13671875 0.2326388888888889 0.13671875 0.21875 0.134765625 0.2152777777777778 0.13671875 0.20833333333333334 0.13671875 0.1875 0.134765625 0.1840277777777778 0.134765625 0.17708333333333334 0.140625 0.16666666666666666 0.140625 0.1597222222222222 0.142578125 0.15625
2 0.205078125 0.3333333333333333 0.20703125 0.3298611111111111 0.19921875 0.3125 0.19921875 0.2743055555555556 0.208984375 0.2534722222222222 0.21484375 0.2326388888888889 0.220703125 0.22569444444444445 0.2265625 0.22569444444444445 0.228515625 0.22916666666666666 0.228515625 0.25 0.224609375 0.2638888888888889 0.228515625 0.2743055555555556 0.22265625 0.2881944444444444 0.224609375 0.2951388888888889 0.220703125 0.3090277777777778 0.220703125 0.3194444444444444 0.212890625 0.3333333333333333 0.212890625 0.34375 0.20703125 0.34375 0.20703125 0.3368055555555556
2 0.873046875 0.21875 0.876953125 0.2152777777777778 0.8828125 0.2152777777777778 0.884765625 0.2222222222222222 0.90234375 0.25 0.900390625 0.2777777777777778 0.8984375 0.28125 0.890625 0.2777777777777778 0.88671875 0.2847222222222222 0.884765625 0.2916666666666667 0.884765625 0.3020833333333333 0.87890625 0.3194444444444444 0.873046875 0.3298611111111111 0.873046875 0.3333333333333333 0.869140625 0.3333333333333333 0.8671875 0.3298611111111111 0.87109375 0.3229166666666667 0.873046875 0.3159722222222222 0.873046875 0.3055555555555556 0.875 0.3020833333333333 0.875 0.2777777777777778 0.873046875 0.2743055555555556 0.87109375 0.28125 0.869140625 0.28125 0.869140625 0.25 0.87109375 0.2465277777777778 0.87109375 0.22916666666666666 0.873046875 0.2222222222222222
2 0.703125 0.2708333333333333 0.705078125 0.2777777777777778 0.716796875 0.2951388888888889 0.716796875 0.3125 0.71875 0.3159722222222222 0.71875 0.3229166666666667 0.716796875 0.3263888888888889 0.71484375 0.3229166666666667 0.71484375 0.3159722222222222 0.7109375 0.3090277777777778 0.70703125 0.3229166666666667 0.708984375 0.3298611111111111 0.708984375 0.3854166666666667 0.70703125 0.3888888888888889 0.70703125 0.3958333333333333 0.703125 0.3958333333333333 0.703125 0.3576388888888889 0.69921875 0.3506944444444444 0.693359375 0.3576388888888889 0.693359375 0.3680555555555556 0.689453125 0.3715277777777778 0.689453125 0.3368055555555556 0.69140625 0.3333333333333333 0.69140625 0.3020833333333333 0.689453125 0.2986111111111111 0.6953125 0.2847222222222222 0.6953125 0.2777777777777778 0.701171875 0.2708333333333333
2 0.05859375 0.16666666666666666 0.064453125 0.1840277777777778 0.0703125 0.19444444444444445 0.0703125 0.2013888888888889 0.072265625 0.2048611111111111 0.0703125 0.21180555555555555 0.0703125 0.2222222222222222 0.068359375 0.22569444444444445 0.068359375 0.23958333333333334 0.0703125 0.24305555555555555 0.0703125 0.2534722222222222 0.068359375 0.2569444444444444 0.068359375 0.3020833333333333 0.0703125 0.3055555555555556 0.0703125 0.3125 0.068359375 0.3159722222222222 0.064453125 0.3125 0.064453125 0.2916666666666667 0.0625 0.2881944444444444 0.0625 0.2777777777777778 0.056640625 0.2638888888888889 0.05078125 0.2638888888888889 0.044921875 0.2708333333333333 0.04296875 0.28125 0.037109375 0.2951388888888889 0.037109375 0.3055555555555556 0.03515625 0.3090277777777778 0.03125 0.3090277777777778 0.02734375 0.3020833333333333 0.03515625 0.2881944444444444 0.03515625 0.2777777777777778 0.0390625 0.2708333333333333 0.0390625 0.2604166666666667 0.044921875 0.23958333333333334 0.044921875 0.22916666666666666 0.04296875 0.22569444444444445 0.03515625 0.22916666666666666 0.03515625 0.21875 0.041015625 0.2013888888888889 0.04296875 0.1875 0.048828125 0.18055555555555555 0.05078125 0.16666666666666666 0.052734375 0.16319444444444445 0.056640625 0.16666666666666666
2 0.25 0.16666666666666666 0.25390625 0.17708333333333334 0.244140625 0.1736111111111111 0.2421875 0.1701388888888889 0.236328125 0.1701388888888889 0.234375 0.1736111111111111 0.236328125 0.1875 0.232421875 0.1875 0.228515625 0.19444444444444445 0.228515625 0.2222222222222222 0.22265625 0.2222222222222222 0.220703125 0.22569444444444445 0.21484375 0.22569444444444445 0.21484375 0.21875 0.2109375 0.20833333333333334 0.2109375 0.19444444444444445 0.21484375 0.1840277777777778 0.21484375 0.16319444444444445 0.216796875 0.1597222222222222 0.216796875 0.1527777777777778 0.22265625 0.1423611111111111 0.22265625 0.1388888888888889 0.224609375 0.13541666666666666 0.23046875 0.13541666666666666 0.232421875 0.1388888888888889 0.232421875 0.14930555555555555 0.234375 0.15625 0.248046875 0.16666666666666666
2 0.939453125 0.1423611111111111 0.94140625 0.14930555555555555 0.94921875 0.1597222222222222 0.94921875 0.1736111111111111 0.953125 0.1875 0.953125 0.2048611111111111 0.94921875 0.2048611111111111 0.9453125 0.21180555555555555 0.943359375 0.28125 0.94140625 0.2847222222222222 0.94140625 0.2916666666666667 0.9375 0.2916666666666667 0.9375 0.23958333333333334 0.935546875 0.2361111111111111 0.9296875 0.24305555555555555 0.921875 0.23958333333333334 0.921875 0.22916666666666666 0.92578125 0.2222222222222222 0.92578125 0.16666666666666666 0.931640625 0.14930555555555555 0.9375 0.1423611111111111
2 0.4765625 0.4826388888888889 0.482421875 0.4652777777777778 0.482421875 0.4548611111111111 0.486328125 0.4409722222222222 0.486328125 0.4375 0.482421875 0.4340277777777778 0.48046875 0.4270833333333333 0.486328125 0.4131944444444444 0.486328125 0.3993055555555556 0.490234375 0.3888888888888889 0.4921875 0.375 0.501953125 0.3611111111111111 0.5078125 0.3611111111111111 0.509765625 0.3680555555555556 0.509765625 0.3819444444444444 0.513671875 0.3958333333333333 0.509765625 0.40625 0.5078125 0.4201388888888889 0.501953125 0.4305555555555556 0.501953125 0.4340277777777778 0.5 0.4340277777777778 0.494140625 0.4444444444444444 0.494140625 0.4479166666666667 0.490234375 0.4513888888888889 0.48828125 0.4652777777777778 0.484375 0.4722222222222222 0.482421875 0.4826388888888889 0.478515625 0.4826388888888889
2 0.509765625 0.052083333333333336 0.515625 0.041666666666666664 0.515625 0.020833333333333332 0.517578125 0.013888888888888888 0.5234375 0.006944444444444444 0.529296875 0.041666666666666664 0.52734375 0.04513888888888889 0.52734375 0.0763888888888889 0.521484375 0.08680555555555555 0.521484375 0.1111111111111111 0.517578125 0.12152777777777778 0.513671875 0.11805555555555555 0.513671875 0.1076388888888889 0.509765625 0.09027777777777778 0.51171875 0.08333333333333333 0.51171875 0.06944444444444445 0.513671875 0.06597222222222222 0.513671875 0.059027777777777776 0.51171875 0.05555555555555555
2 0.5234375 0.40625 0.529296875 0.4166666666666667 0.533203125 0.4166666666666667 0.5390625 0.4236111111111111 0.552734375 0.4513888888888889 0.552734375 0.4583333333333333 0.546875 0.46875 0.541015625 0.4756944444444444 0.537109375 0.4756944444444444 0.533203125 0.4826388888888889 0.533203125 0.5034722222222222 0.5390625 0.5173611111111112 0.537109375 0.5243055555555556 0.52734375 0.5243055555555556 0.52734375 0.5173611111111112 0.525390625 0.5138888888888888 0.517578125 0.5138888888888888 0.515625 0.5104166666666666 0.515625 0.5034722222222222 0.5234375 0.4965277777777778 0.521484375 0.4895833333333333 0.5234375 0.4479166666666667 0.515625 0.4201388888888889 0.515625 0.4097222222222222 0.521484375 0.40625