0 0.162109375 0.2847222222222222 0.166015625 0.28125 0.171875 0.28125 0.177734375 0.2951388888888889 0.177734375 0.3090277777777778 0.173828125 0.3159722222222222 0.1640625 0.3159722222222222 0.16015625 0.3125 0.158203125 0.3055555555555556 0.158203125 0.2986111111111111 0.162109375 0.2881944444444444
0 0.52109375 0.22499999999999998 0.019270833333333334 0.037037037037037035
0 0.7734375 0.2534722222222222 0.77734375 0.2604166666666667 0.77734375 0.2708333333333333 0.779296875 0.2743055555555556 0.779296875 0.28125 0.775390625 0.2881944444444444 0.76953125 0.2881944444444444 0.759765625 0.2777777777777778 0.759765625 0.2638888888888889 0.76171875 0.2569444444444444 0.767578125 0.25 0.771484375 0.2534722222222222
0 0.060546875 0.6006944444444444 0.0625 0.6041666666666666 0.06640625 0.6041666666666666 0.0703125 0.6145833333333334 0.0703125 0.6354166666666666 0.068359375 0.6423611111111112 0.064453125 0.6458333333333334 0.060546875 0.6458333333333334 0.0546875 0.6388888888888888 0.044921875 0.6354166666666666 0.04296875 0.6319444444444444 0.04296875 0.6180555555555556 0.044921875 0.6111111111111112 0.052734375 0.6006944444444444 0.05859375 0.6006944444444444
0 0.578125 0.4513888888888889 0.576171875 0.4201388888888889 0.583984375 0.4131944444444444 0.595703125 0.4166666666666667 0.595703125 0.4444444444444444 0.58984375 0.4513888888888889 0.580078125 0.4513888888888889
0 0.28515625 0.18564814814814815 0.022395833333333334 0.03796296296296296
0 0.294921875 0.6875 0.298828125 0.6909722222222222 0.302734375 0.7048611111111112 0.302734375 0.7152777777777778 0.296875 0.7256944444444444 0.29296875 0.7256944444444444 0.287109375 0.7326388888888888 0.28125 0.7326388888888888 0.275390625 0.7222222222222222 0.275390625 0.7048611111111112 0.279296875 0.6909722222222222 0.283203125 0.6875 0.29296875 0.6875
0 0.21484375 0.04513888888888889 0.220703125 0.052083333333333336 0.220703125 0.0625 0.22265625 0.06597222222222222 0.220703125 0.0798611111111111 0.216796875 0.08680555555555555 0.208984375 0.0798611111111111 0.203125 0.06597222222222222 0.205078125 0.052083333333333336 0.212890625 0.04513888888888889
0 0.337890625 0.59375 0.341796875 0.6041666666666666 0.341796875 0.625 0.3359375 0.6354166666666666 0.328125 0.6319444444444444 0.31640625 0.6180555555555556 0.31640625 0.6041666666666666 0.3203125 0.59375 0.32421875 0.5902777777777778 0.333984375 0.5902777777777778 0.3359375 0.59375
0 0.26171875 0.6423611111111112 0.267578125 0.6527777777777778 0.267578125 0.6736111111111112 0.26171875 0.6875 0.248046875 0.6840277777777778 0.2421875 0.6770833333333334 0.2421875 0.6701388888888888 0.240234375 0.6666666666666666 0.240234375 0.6527777777777778 0.248046875 0.6388888888888888 0.2578125 0.6388888888888888 0.259765625 0.6423611111111112
0 0.529296875 0.3020833333333333 0.533203125 0.3055555555555556 0.537109375 0.3159722222222222 0.537109375 0.3402777777777778 0.533203125 0.3472222222222222 0.52734375 0.3472222222222222 0.5234375 0.34375 0.515625 0.3298611111111111 0.515625 0.3194444444444444 0.51953125 0.3055555555555556 0.521484375 0.3020833333333333 0.52734375 0.3020833333333333
0 0.5078125 0.07291666666666667 0.513671875 0.0798611111111111 0.515625 0.08680555555555555 0.515625 0.09722222222222222 0.5078125 0.10416666666666667 0.501953125 0.10416666666666667 0.5 0.10069444444444445 0.498046875 0.09375 0.5 0.09027777777777778 0.5 0.0798611111111111 0.501953125 0.0763888888888889 0.505859375 0.0763888888888889
0 0.591796875 0.3923611111111111 0.59765625 0.40625 0.59765625 0.4131944444444444 0.595703125 0.4166666666666667 0.591796875 0.4131944444444444 0.580078125 0.4131944444444444 0.576171875 0.4166666666666667 0.576171875 0.4027777777777778 0.578125 0.3958333333333333 0.58984375 0.3923611111111111
0 0.55078125 0.09722222222222222 0.5546875 0.10069444444444445 0.556640625 0.1076388888888889 0.556640625 0.11458333333333333 0.5546875 0.11805555555555555 0.54296875 0.11805555555555555 0.541015625 0.11458333333333333 0.54296875 0.10416666666666667 0.548828125 0.09722222222222222
0 0.62109375 0.09027777777777778 0.625 0.10416666666666667 0.623046875 0.11805555555555555 0.609375 0.11805555555555555 0.609375 0.09375 0.61328125 0.09027777777777778 0.619140625 0.09027777777777778
0 0.755859375 0.2048611111111111 0.759765625 0.20833333333333334 0.763671875 0.21875 0.763671875 0.22916666666666666 0.76171875 0.2361111111111111 0.744140625 0.2326388888888889 0.744140625 0.2152777777777778 0.748046875 0.20833333333333334 0.75390625 0.2048611111111111
0 0.275390625 0.3298611111111111 0.279296875 0.3368055555555556 0.279296875 0.34375 0.28125 0.3472222222222222 0.28125 0.3576388888888889 0.27734375 0.3645833333333333 0.271484375 0.3645833333333333 0.2578125 0.3541666666666667 0.259765625 0.3506944444444444 0.259765625 0.3402777777777778 0.263671875 0.3298611111111111 0.267578125 0.3298611111111111 0.26953125 0.3263888888888889 0.2734375 0.3298611111111111
1 0.314453125 0.8055555555555556 0.314453125 0.8159722222222222 0.30859375 0.8263888888888888 0.302734375 0.8263888888888888 0.30078125 0.8298611111111112 0.298828125 0.8090277777777778 0.294921875 0.8055555555555556 0.29296875 0.8090277777777778 0.29296875 0.8229166666666666 0.291015625 0.8263888888888888 0.29296875 0.8298611111111112 0.28515625 0.8298611111111112 0.28515625 0.7916666666666666 0.283203125 0.7881944444444444 0.28515625 0.7395833333333334 0.302734375 0.71875 0.3046875 0.71875 0.3125 0.7361111111111112 0.310546875 0.7430555555555556 0.310546875 0.7604166666666666 0.3125 0.7673611111111112 0.310546875 0.7708333333333334 0.310546875 0.7847222222222222 0.30859375 0.7881944444444444 0.30859375 0.7986111111111112 0.3125 0.8055555555555556
1 0.9921875 0.09375 0.994140625 0.09722222222222222 0.998046875 0.09722222222222222 0.998046875 0.125 0.9921875 0.1284722222222222 0.98828125 0.1423611111111111 0.984375 0.14583333333333334 0.98046875 0.14583333333333334 0.974609375 0.1388888888888889 0.966796875 0.1388888888888889 0.962890625 0.13541666666666666 0.962890625 0.12152777777777778 0.958984375 0.1076388888888889 0.966796875 0.09722222222222222 0.990234375 0.09375
1 0.51171875 0.3229166666666667 0.501953125 0.3090277777777778 0.501953125 0.2986111111111111 0.5 0.2951388888888889 0.501953125 0.2881944444444444 0.501953125 0.2569444444444444 0.505859375 0.25 0.51171875 0.25 0.513671875 0.2465277777777778 0.5390625 0.2465277777777778 0.54296875 0.2534722222222222 0.54296875 0.28125 0.544921875 0.2847222222222222 0.544921875 0.2951388888888889 0.541015625 0.3055555555555556 0.541015625 0.3125 0.537109375 0.3125 0.53125 0.3020833333333333 0.5234375 0.2986111111111111 0.51171875 0.3194444444444444
1 0.763671875 0.2847222222222222 0.765625 0.2881944444444444 0.76953125 0.2881944444444444 0.7734375 0.2951388888888889 0.7734375 0.3368055555555556 0.771484375 0.3402777777777778 0.771484375 0.3611111111111111 0.763671875 0.3680555555555556 0.759765625 0.3611111111111111 0.759765625 0.3506944444444444 0.7578125 0.3472222222222222 0.755859375 0.3541666666666667 0.755859375 0.3333333333333333 0.759765625 0.3333333333333333 0.76171875 0.3402777777777778 0.767578125 0.3159722222222222 0.76171875 0.3090277777777778 0.7578125 0.3125 0.755859375 0.3194444444444444 0.75390625 0.3194444444444444 0.751953125 0.3125 0.751953125 0.2951388888888889 0.75390625 0.2881944444444444 0.7578125 0.28125 0.76171875 0.2847222222222222
1 0.46875 0 0.4921875 0 0.4921875 0.006944444444444444 0.490234375 0.010416666666666666 0.490234375 0.03125 0.48828125 0.034722222222222224 0.474609375 0.034722222222222224 0.470703125 0.03125 0.46875 0.024305555555555556 0.470703125 0.017361111111111112 0.46875 0.003472222222222222
1 0.56640625 0.5520833333333334 0.568359375 0.5486111111111112 0.5703125 0.5173611111111112 0.572265625 0.5138888888888888 0.572265625 0.46875 0.58203125 0.4548611111111111 0.591796875 0.4548611111111111 0.59375 0.4513888888888889 0.611328125 0.4513888888888889 0.61328125 0.4548611111111111 0.615234375 0.4791666666666667 0.6171875 0.4826388888888889 0.6171875 0.5173611111111112 0.61328125 0.5277777777777778 0.611328125 0.5486111111111112 0.607421875 0.5486111111111112 0.60546875 0.5520833333333334 0.591796875 0.5486111111111112 0.58984375 0.5520833333333334 0.58203125 0.5520833333333334 0.572265625 0.5590277777777778 0.568359375 0.5555555555555556
1 0.048828125 0.6388888888888888 0.068359375 0.6527777777777778 0.07421875 0.6631944444444444 0.07421875 0.6805555555555556 0.072265625 0.6840277777777778 0.072265625 0.6909722222222222 0.0703125 0.6944444444444444 0.0625 0.6909722222222222 0.0546875 0.7013888888888888 0.056640625 0.7083333333333334 0.056640625 0.71875 0.064453125 0.7430555555555556 0.064453125 0.7534722222222222 0.060546875 0.7534722222222222 0.05859375 0.7569444444444444 0.05078125 0.7569444444444444 0.048828125 0.7534722222222222 0.03125 0.7534722222222222 0.029296875 0.7465277777777778 0.025390625 0.7465277777777778 0.025390625 0.7326388888888888 0.029296875 0.7222222222222222 0.029296875 0.7118055555555556 0.03125 0.7083333333333334 0.029296875 0.7013888888888888 0.029296875 0.6909722222222222 0.03125 0.6875 0.03125 0.6770833333333334 0.029296875 0.6736111111111112 0.029296875 0.6458333333333334 0.037109375 0.6388888888888888 0.046875 0.6388888888888888
1 0.26953125 0.22916666666666666 0.26953125 0.2152777777777778 0.2734375 0.20833333333333334 0.27734375 0.20833333333333334 0.279296875 0.2048611111111111 0.30859375 0.2048611111111111 0.310546875 0.20833333333333334 0.310546875 0.23958333333333334 0.3046875 0.25 0.306640625 0.2881944444444444 0.302734375 0.2916666666666667 0.296875 0.2916666666666667 0.294921875 0.2951388888888889 0.279296875 0.2951388888888889 0.27734375 0.2881944444444444 0.27734375 0.2777777777777778 0.275390625 0.2743055555555556 0.275390625 0.2673611111111111 0.279296875 0.2534722222222222 0.279296875 0.2361111111111111 0.275390625 0.22916666666666666 0.271484375 0.22916666666666666
1 0.22265625 0.0763888888888889 0.2265625 0.0763888888888889 0.228515625 0.0798611111111111 0.228515625 0.1111111111111111 0.224609375 0.1284722222222222 0.224609375 0.16319444444444445 0.203125 0.16319444444444445 0.19921875 0.1597222222222222 0.19921875 0.11805555555555555 0.201171875 0.11458333333333333 0.201171875 0.10416666666666667 0.197265625 0.09722222222222222 0.193359375 0.09722222222222222 0.19140625 0.09375 0.193359375 0.08333333333333333 0.201171875 0.0763888888888889 0.208984375 0.0798611111111111 0.21484375 0.08680555555555555 0.22265625 0.0798611111111111
1 0.322265625 0.6284722222222222 0.333984375 0.6388888888888888 0.337890625 0.6388888888888888 0.34375 0.65625 0.34375 0.6631944444444444 0.33984375 0.6701388888888888 0.33203125 0.6701388888888888 0.330078125 0.6736111111111112 0.333984375 0.6979166666666666 0.33203125 0.7013888888888888 0.33203125 0.7152777777777778 0.330078125 0.71875 0.330078125 0.7361111111111112 0.326171875 0.7395833333333334 0.322265625 0.7361111111111112 0.31640625 0.7361111111111112 0.30859375 0.7222222222222222 0.302734375 0.6944444444444444 0.302734375 0.6388888888888888 0.30859375 0.625 0.318359375 0.625 0.3203125 0.6284722222222222
1 0.24609375 0.6840277777777778 0.248046875 0.6875 0.259765625 0.6909722222222222 0.267578125 0.7118055555555556 0.271484375 0.7152777777777778 0.271484375 0.7291666666666666 0.263671875 0.7291666666666666 0.26171875 0.7326388888888888 0.26171875 0.75 0.259765625 0.7534722222222222 0.259765625 0.7743055555555556 0.2578125 0.7777777777777778 0.2578125 0.7847222222222222 0.24609375 0.7847222222222222 0.2421875 0.78125 0.23828125 0.7638888888888888 0.23828125 0.75 0.24609375 0.7291666666666666 0.24609375 0.71875 0.244140625 0.7152777777777778 0.232421875 0.7152777777777778 0.232421875 0.7013888888888888 0.234375 0.6979166666666666 0.234375 0.6909722222222222 0.23828125 0.6840277777777778 0.244140625 0.6840277777777778
1 0.162109375 0.3159722222222222 0.1640625 0.3194444444444444 0.181640625 0.3159722222222222 0.189453125 0.3263888888888889 0.189453125 0.34375 0.1875 0.3506944444444444 0.18359375 0.3541666666666667 0.181640625 0.3923611111111111 0.169921875 0.3923611111111111 0.16796875 0.3888888888888889 0.162109375 0.3888888888888889 0.158203125 0.3923611111111111 0.154296875 0.3854166666666667 0.154296875 0.3541666666666667 0.1484375 0.34375 0.146484375 0.3298611111111111 0.150390625 0.3194444444444444 0.15625 0.3194444444444444 0.16015625 0.3159722222222222
1 0.521484375 0.3402777777777778 0.529296875 0.3506944444444444 0.53125 0.3506944444444444 0.537109375 0.3402777777777778 0.541015625 0.3402777777777778 0.54296875 0.3472222222222222 0.54296875 0.4131944444444444 0.533203125 0.4270833333333333 0.51953125 0.4270833333333333 0.517578125 0.4236111111111111 0.51171875 0.4236111111111111 0.5078125 0.4166666666666667 0.5078125 0.4027777777777778 0.51171875 0.3958333333333333 0.513671875 0.3715277777777778 0.509765625 0.3645833333333333 0.50390625 0.3645833333333333 0.501953125 0.3611111111111111 0.501953125 0.3541666666666667 0.50390625 0.3472222222222222 0.509765625 0.3402777777777778 0.51953125 0.3402777777777778
1 0.513671875 0.10416666666666667 0.5234375 0.1111111111111111 0.525390625 0.11805555555555555 0.517578125 0.1388888888888889 0.51953125 0.14583333333333334 0.51953125 0.1701388888888889 0.517578125 0.17708333333333334 0.50390625 0.17708333333333334 0.501953125 0.1736111111111111 0.498046875 0.1736111111111111 0.498046875 0.15625 0.490234375 0.1284722222222222 0.490234375 0.11805555555555555 0.494140625 0.1111111111111111 0.51171875 0.10416666666666667
1 0.5625 0.5138888888888888 0.5625 0.5069444444444444 0.55859375 0.4930555555555556 0.55859375 0.4722222222222222 0.560546875 0.46875 0.5625 0.4375 0.568359375 0.4236111111111111 0.57421875 0.4236111111111111 0.576171875 0.4548611111111111 0.5703125 0.46875 0.5703125 0.5138888888888888 0.568359375 0.5173611111111112 0.564453125 0.5138888888888888
1 0.556640625 0.11805555555555555 0.564453125 0.125 0.564453125 0.1388888888888889 0.556640625 0.14930555555555555 0.556640625 0.1597222222222222 0.5546875 0.16319444444444445 0.5546875 0.1875 0.548828125 0.1875 0.546875 0.1909722222222222 0.544921875 0.1875 0.537109375 0.1875 0.53515625 0.1840277777777778 0.533203125 0.17708333333333334 0.533203125 0.16666666666666666 0.53125 0.16319444444444445 0.533203125 0.1597222222222222 0.52734375 0.1388888888888889 0.52734375 0.125 0.533203125 0.11805555555555555 0.54296875 0.11805555555555555 0.544921875 0.12152777777777778 0.548828125 0.11805555555555555 0.5546875 0.11805555555555555
1 0.755859375 0.2361111111111111 0.759765625 0.24305555555555555 0.759765625 0.2604166666666667 0.7578125 0.2638888888888889 0.755859375 0.28125 0.75 0.2916666666666667 0.75 0.3194444444444444 0.748046875 0.3229166666666667 0.736328125 0.3229166666666667 0.736328125 0.3125 0.73828125 0.3090277777777778 0.73828125 0.2916666666666667 0.736328125 0.2881944444444444 0.73828125 0.28125 0.73828125 0.2465277777777778 0.744140625 0.2361111111111111 0.75390625 0.2361111111111111
1 0.638671875 0.125 0.638671875 0.1388888888888889 0.6328125 0.1597222222222222 0.6328125 0.1701388888888889 0.630859375 0.1736111111111111 0.630859375 0.19791666666666666 0.62890625 0.2013888888888889 0.607421875 0.2013888888888889 0.60546875 0.19791666666666666 0.60546875 0.15625 0.599609375 0.14583333333333334 0.599609375 0.1284722222222222 0.6015625 0.125 0.615234375 0.125 0.6171875 0.12152777777777778 0.63671875 0.125
1 0.263671875 0.3611111111111111 0.271484375 0.3680555555555556 0.271484375 0.375 0.2734375 0.3784722222222222 0.2734375 0.3958333333333333 0.271484375 0.3923611111111111 0.26171875 0.3888888888888889 0.255859375 0.3958333333333333 0.25390625 0.4027777777777778 0.25390625 0.4131944444444444 0.2578125 0.4201388888888889 0.2734375 0.4166666666666667 0.275390625 0.4236111111111111 0.275390625 0.4583333333333333 0.263671875 0.46875 0.25 0.46875 0.248046875 0.4652777777777778 0.248046875 0.4409722222222222 0.25 0.4375 0.248046875 0.375 0.255859375 0.3611111111111111 0.26171875 0.3611111111111111
2 0.55078125 0.09722222222222222 0.556640625 0.1076388888888889 0.556640625 0.11458333333333333 0.564453125 0.125 0.564453125 0.14583333333333334 0.5625 0.14930555555555555 0.5625 0.15625 0.564453125 0.1597222222222222 0.564453125 0.1736111111111111 0.56640625 0.17708333333333334 0.56640625 0.1840277777777778 0.564453125 0.1875 0.564453125 0.2048611111111111 0.560546875 0.2048611111111111 0.556640625 0.21180555555555555 0.5546875 0.2534722222222222 0.55078125 0.2708333333333333 0.55078125 0.2881944444444444 0.546875 0.2881944444444444 0.546875 0.2777777777777778 0.544921875 0.2743055555555556 0.544921875 0.24305555555555555 0.54296875 0.23958333333333334 0.541015625 0.24305555555555555 0.53515625 0.24305555555555555 0.53125 0.2361111111111111 0.53125 0.1736111111111111 0.529296875 0.16666666666666666 0.5234375 0.1597222222222222 0.5234375 0.14930555555555555 0.521484375 0.14583333333333334 0.521484375 0.1423611111111111 0.52734375 0.13541666666666666 0.52734375 0.125 0.533203125 0.11805555555555555 0.537109375 0.11805555555555555 0.54296875 0.1076388888888889 0.54296875 0.10416666666666667 0.548828125 0.09722222222222222
2 0.294921875 0.6875 0.30078125 0.6979166666666666 0.310546875 0.7326388888888888 0.310546875 0.7465277777777778 0.3125 0.75 0.3125 0.7673611111111112 0.310546875 0.7708333333333334 0.30859375 0.7986111111111112 0.314453125 0.8055555555555556 0.314453125 0.8194444444444444 0.310546875 0.8263888888888888 0.310546875 0.8368055555555556 0.306640625 0.84375 0.306640625 0.8506944444444444 0.3046875 0.8541666666666666 0.30078125 0.90625 0.302734375 0.9097222222222222 0.302734375 0.9201388888888888 0.306640625 0.9375 0.306640625 0.9548611111111112 0.310546875 0.9652777777777778 0.310546875 0.9722222222222222 0.31640625 0.9861111111111112 0.31640625 0.9930555555555556 0.30078125 0.9930555555555556 0.296875 0.9861111111111112 0.296875 0.9826388888888888 0.302734375 0.9722222222222222 0.302734375 0.9652777777777778 0.296875 0.9479166666666666 0.296875 0.9409722222222222 0.291015625 0.9201388888888888 0.287109375 0.9236111111111112 0.287109375 0.9513888888888888 0.291015625 0.9652777777777778 0.279296875 0.9756944444444444 0.267578125 0.9756944444444444 0.267578125 0.9722222222222222 0.279296875 0.9513888888888888 0.279296875 0.9236111111111112 0.27734375 0.9201388888888888 0.27734375 0.8923611111111112 0.279296875 0.8888888888888888 0.27734375 0.8854166666666666 0.27734375 0.8611111111111112 0.279296875 0.8576388888888888 0.28125 0.8333333333333334 0.28515625 0.8229166666666666 0.28515625 0.7847222222222222 0.283203125 0.78125 0.283203125 0.7569444444444444 0.28515625 0.7534722222222222 0.28515625 0.7430555555555556 0.27734375 0.7256944444444444 0.275390625 0.71875 0.275390625 0.7083333333333334 0.27734375 0.7048611111111112 0.27734375 0.6979166666666666 0.283203125 0.6875 0.29296875 0.6875
2 0.5234375 0.20833333333333334 0.52734375 0.2152777777777778 0.529296875 0.2361111111111111 0.533203125 0.24305555555555555 0.5390625 0.2465277777777778 0.54296875 0.2569444444444444 0.54296875 0.2743055555555556 0.544921875 0.2777777777777778 0.544921875 0.3263888888888889 0.54296875 0.3298611111111111 0.54296875 0.3402777777777778 0.5390625 0.3368055555555556 0.5390625 0.3159722222222222 0.53125 0.3020833333333333 0.521484375 0.3020833333333333 0.513671875 0.3194444444444444 0.513671875 0.3333333333333333 0.51171875 0.3368055555555556 0.5078125 0.3229166666666667 0.501953125 0.3125 0.501953125 0.3055555555555556 0.5 0.3020833333333333 0.5 0.2881944444444444 0.501953125 0.2847222222222222 0.501953125 0.2534722222222222 0.509765625 0.25 0.513671875 0.24305555555555555 0.513671875 0.2326388888888889 0.51171875 0.22916666666666666 0.513671875 0.22569444444444445 0.513671875 0.21875 0.515625 0.21180555555555555 0.521484375 0.20833333333333334
2 0.76953125 0.25 0.77734375 0.2604166666666667 0.77734375 0.2881944444444444 0.7734375 0.2951388888888889 0.7734375 0.3472222222222222 0.771484375 0.3506944444444444 0.771484375 0.3576388888888889 0.77734375 0.3715277777777778 0.77734375 0.3854166666666667 0.771484375 0.3958333333333333 0.771484375 0.4097222222222222 0.76953125 0.4131944444444444 0.76953125 0.4652777777777778 0.775390625 0.4791666666666667 0.783203125 0.4861111111111111 0.78125 0.4895833333333333 0.763671875 0.4895833333333333 0.763671875 0.46875 0.76171875 0.4652777777777778 0.76171875 0.4548611111111111 0.7578125 0.4479166666666667 0.7421875 0.4722222222222222 0.740234375 0.4791666666666667 0.7421875 0.4895833333333333 0.740234375 0.4930555555555556 0.736328125 0.4930555555555556 0.728515625 0.4722222222222222 0.728515625 0.4652777777777778 0.732421875 0.4652777777777778 0.744140625 0.4513888888888889 0.755859375 0.4270833333333333 0.755859375 0.40625 0.748046875 0.3888888888888889 0.748046875 0.3784722222222222 0.74609375 0.3715277777777778 0.751953125 0.3576388888888889 0.751953125 0.3298611111111111 0.75390625 0.3263888888888889 0.75390625 0.3194444444444444 0.751953125 0.3159722222222222 0.751953125 0.2951388888888889 0.759765625 0.2708333333333333 0.76171875 0.2569444444444444 0.763671875 0.2534722222222222 0.767578125 0.2534722222222222
2 0.462890625 0 0.494140625 0 0.49609375 0.006944444444444444 0.49609375 0.041666666666666664 0.498046875 0.04513888888888889 0.49609375 0.0625 0.4921875 0.07291666666666667 0.4921875 0.1111111111111111 0.48828125 0.11805555555555555 0.486328125 0.1111111111111111 0.484375 0.0763888888888889 0.48046875 0.06597222222222222 0.47265625 0.09027777777777778 0.470703125 0.1076388888888889 0.466796875 0.11805555555555555 0.46875 0.125 0.46875 0.13541666666666666 0.46484375 0.13541666666666666 0.462890625 0.13194444444444445 0.462890625 0.12152777777777778 0.46484375 0.11805555555555555 0.46484375 0.09027777777777778 0.46875 0.0763888888888889 0.46875 0.059027777777777776 0.46484375 0.052083333333333336 0.46484375 0.03819444444444445 0.462890625 0.034722222222222224 0.462890625 0.003472222222222222
2 0.064453125 0.6041666666666666 0.0703125 0.6180555555555556 0.0703125 0.6354166666666666 0.06640625 0.6493055555555556 0.07421875 0.6631944444444444 0.07421875 0.6805555555555556 0.0703125 0.6944444444444444 0.0703125 0.7152777777777778 0.07421875 0.7291666666666666 0.076171875 0.75 0.08203125 0.7638888888888888 0.08203125 0.78125 0.083984375 0.7847222222222222 0.083984375 0.7951388888888888 0.080078125 0.8020833333333334 0.07421875 0.8020833333333334 0.0703125 0.8194444444444444 0.0703125 0.8263888888888888 0.072265625 0.8298611111111112 0.072265625 0.8506944444444444 0.07421875 0.8541666666666666 0.07421875 0.8784722222222222 0.078125 0.8854166666666666 0.087890625 0.8854166666666666 0.087890625 0.8923611111111112 0.083984375 0.8993055555555556 0.080078125 0.8993055555555556 0.07421875 0.90625 0.068359375 0.90625 0.06640625 0.9027777777777778 0.064453125 0.8958333333333334 0.064453125 0.8819444444444444 0.05859375 0.8576388888888888 0.05859375 0.84375 0.056640625 0.8402777777777778 0.056640625 0.8333333333333334 0.05859375 0.8298611111111112 0.0546875 0.8159722222222222 0.046875 0.8020833333333334 0.041015625 0.8298611111111112 0.029296875 0.8576388888888888 0.025390625 0.8715277777777778 0.025390625 0.8784722222222222 0.01953125 0.8923611111111112 0.01953125 0.9236111111111112 0.021484375 0.9270833333333334 0.025390625 0.9270833333333334 0.0234375 0.9340277777777778 0.009765625 0.9340277777777778 0.005859375 0.9305555555555556 0.005859375 0.9027777777777778 0.01171875 0.8819444444444444 0.013671875 0.8541666666666666 0.0234375 0.8298611111111112 0.0234375 0.7847222222222222 0.021484375 0.78125 0.021484375 0.7569444444444444 0.0234375 0.7534722222222222 0.0234375 0.7395833333333334 0.029296875 0.7222222222222222 0.029296875 0.7083333333333334 0.03125 0.7048611111111112 0.029296875 0.6458333333333334 0.033203125 0.6388888888888888 0.041015625 0.6388888888888888 0.04296875 0.6354166666666666 0.04296875 0.6180555555555556 0.048828125 0.6041666666666666 0.052734375 0.6041666666666666 0.0546875 0.6006944444444444 0.060546875 0.6006944444444444 0.0625 0.6041666666666666
2 0.2890625 0.1701388888888889 0.29296875 0.1736111111111111 0.294921875 0.18055555555555555 0.294921875 0.19791666666666666 0.310546875 0.20833333333333334 0.310546875 0.23958333333333334 0.314453125 0.25 0.314453125 0.2951388888888889 0.30859375 0.2951388888888889 0.306640625 0.2986111111111111 0.306640625 0.3055555555555556 0.30078125 0.3194444444444444 0.30078125 0.3298611111111111 0.298828125 0.3333333333333333 0.30078125 0.3368055555555556 0.30078125 0.3576388888888889 0.306640625 0.3819444444444444 0.306640625 0.3923611111111111 0.3125 0.4131944444444444 0.3125 0.4201388888888889 0.310546875 0.4236111111111111 0.306640625 0.4201388888888889 0.298828125 0.3888888888888889 0.29296875 0.3784722222222222 0.287109375 0.3958333333333333 0.283203125 0.3958333333333333 0.28125 0.3923611111111111 0.283203125 0.3888888888888889 0.28515625 0.34375 0.279296875 0.3263888888888889 0.279296875 0.3055555555555556 0.27734375 0.3020833333333333 0.27734375 0.28125 0.275390625 0.2743055555555556 0.271484375 0.2708333333333333 0.267578125 0.28125 0.265625 0.28125 0.255859375 0.2986111111111111 0.255859375 0.3020833333333333 0.251953125 0.3020833333333333 0.251953125 0.2916666666666667 0.259765625 0.2708333333333333 0.265625 0.2465277777777778 0.26953125 0.23958333333333334 0.26953125 0.2152777777777778 0.27734375 0.2048611111111111 0.275390625 0.19791666666666666 0.275390625 0.18055555555555555 0.279296875 0.1701388888888889 0.283203125 0.16666666666666666 0.287109375 0.1701388888888889
2 0.26953125 0.3263888888888889 0.271484375 0.3298611111111111 0.275390625 0.3298611111111111 0.28125 0.3472222222222222 0.28125 0.3576388888888889 0.2734375 0.375 0.2734375 0.3888888888888889 0.279296875 0.3993055555555556 0.28515625 0.3993055555555556 0.287109375 0.40625 0.279296875 0.4097222222222222 0.2734375 0.4201388888888889 0.275390625 0.4270833333333333 0.275390625 0.46875 0.2734375 0.4722222222222222 0.2734375 0.4930555555555556 0.271484375 0.4965277777777778 0.26953125 0.5138888888888888 0.263671875 0.53125 0.26171875 0.5520833333333334 0.259765625 0.5555555555555556 0.259765625 0.5659722222222222 0.265625 0.5763888888888888 0.267578125 0.5763888888888888 0.267578125 0.5798611111111112 0.26171875 0.5868055555555556 0.263671875 0.6006944444444444 0.248046875 0.6006944444444444 0.244140625 0.5972222222222222 0.244140625 0.5833333333333334 0.25 0.5555555555555556 0.25 0.5347222222222222 0.25390625 0.5243055555555556 0.251953125 0.4756944444444444 0.248046875 0.4652777777777778 0.25 0.4131944444444444 0.248046875 0.4097222222222222 0.248046875 0.3923611111111111 0.24609375 0.3888888888888889 0.24609375 0.3819444444444444 0.2578125 0.3576388888888889 0.2578125 0.3472222222222222 0.26171875 0.3333333333333333 0.263671875 0.3298611111111111 0.267578125 0.3298611111111111
2 0.251953125 0.9305555555555556 0.25 0.9375 0.2421875 0.9409722222222222 0.234375 0.9340277777777778 0.2265625 0.9166666666666666 0.2265625 0.9131944444444444 0.232421875 0.90625 0.236328125 0.8958333333333334 0.236328125 0.8715277777777778 0.240234375 0.8576388888888888 0.23828125 0.8229166666666666 0.2265625 0.7986111111111112 0.23046875 0.78125 0.23046875 0.7638888888888888 0.228515625 0.7604166666666666 0.23046875 0.7534722222222222 0.23046875 0.7222222222222222 0.232421875 0.71875 0.232421875 0.7013888888888888 0.234375 0.6979166666666666 0.234375 0.6909722222222222 0.240234375 0.6805555555555556 0.240234375 0.6527777777777778 0.25 0.6388888888888888 0.26171875 0.6423611111111112 0.267578125 0.6527777777777778 0.267578125 0.6736111111111112 0.2734375 0.6840277777777778 0.2734375 0.7222222222222222 0.26953125 0.7326388888888888 0.265625 0.7291666666666666 0.26171875 0.7361111111111112 0.259765625 0.7777777777777778 0.2578125 0.78125 0.2578125 0.8090277777777778 0.259765625 0.8125 0.259765625 0.8229166666666666 0.263671875 0.8402777777777778 0.263671875 0.8611111111111112 0.244140625 0.9027777777777778 0.244140625 0.9166666666666666 0.25 0.9305555555555556
2 0.216796875 0.04861111111111111 0.220703125 0.05555555555555555 0.22265625 0.07291666666666667 0.2265625 0.0763888888888889 0.23046875 0.08680555555555555 0.23046875 0.1076388888888889 0.236328125 0.11805555555555555 0.240234375 0.13194444444444445 0.240234375 0.1388888888888889 0.24609375 0.15625 0.24609375 0.1736111111111111 0.244140625 0.17708333333333334 0.23828125 0.16319444444444445 0.23828125 0.14583333333333334 0.232421875 0.13541666666666666 0.232421875 0.13194444444444445 0.23046875 0.1284722222222222 0.2265625 0.1284722222222222 0.224609375 0.13194444444444445 0.224609375 0.1875 0.220703125 0.2013888888888889 0.21875 0.22916666666666666 0.21484375 0.24305555555555555 0.216796875 0.2673611111111111 0.220703125 0.2708333333333333 0.220703125 0.28125 0.216796875 0.2847222222222222 0.205078125 0.2673611111111111 0.205078125 0.2604166666666667 0.208984375 0.2465277777777778 0.208984375 0.2013888888888889 0.203125 0.1840277777777778 0.19921875 0.1840277777777778 0.197265625 0.1875 0.193359375 0.1875 0.19140625 0.1840277777777778 0.189453125 0.1527777777777778 0.1875 0.14930555555555555 0.1875 0.13194444444444445 0.189453125 0.1284722222222222 0.189453125 0.11458333333333333 0.19140625 0.1111111111111111 0.19140625 0.09027777777777778 0.1953125 0.0798611111111111 0.201171875 0.0763888888888889 0.205078125 0.06944444444444445 0.203125 0.06597222222222222 0.205078125 0.052083333333333336 0.2109375 0.04513888888888889 0.21484375 0.04861111111111111
2 0.173828125 0.2847222222222222 0.177734375 0.2951388888888889 0.177734375 0.3125 0.189453125 0.3263888888888889 0.189453125 0.3715277777777778 0.181640625 0.3819444444444444 0.18359375 0.3888888888888889 0.18359375 0.4097222222222222 0.185546875 0.4131944444444444 0.185546875 0.4201388888888889 0.18359375 0.4236111111111111 0.18359375 0.4340277777777778 0.1796875 0.4444444444444444 0.1796875 0.4548611111111111 0.177734375 0.4583333333333333 0.1796875 0.4652777777777778 0.177734375 0.5208333333333334 0.171875 0.5208333333333334 0.16796875 0.5069444444444444 0.166015625 0.5104166666666666 0.166015625 0.5173611111111112 0.16015625 0.5173611111111112 0.16015625 0.4861111111111111 0.154296875 0.46875 0.154296875 0.4583333333333333 0.15234375 0.4548611111111111 0.15234375 0.4027777777777778 0.154296875 0.3993055555555556 0.154296875 0.375 0.15234375 0.3715277777777778 0.1484375 0.375 0.14453125 0.3923611111111111 0.146484375 0.4131944444444444 0.14453125 0.4201388888888889 0.140625 0.4236111111111111 0.138671875 0.4201388888888889 0.140625 0.3784722222222222 0.14453125 0.3680555555555556 0.146484375 0.3472222222222222 0.1484375 0.34375 0.146484375 0.3298611111111111 0.150390625 0.3194444444444444 0.154296875 0.3194444444444444 0.16015625 0.3125 0.158203125 0.3055555555555556 0.16015625 0.2916666666666667 0.16796875 0.28125 0.171875 0.2847222222222222
2 0.62109375 0.09027777777777778 0.625 0.10416666666666667 0.625 0.11458333333333333 0.62890625 0.12152777777777778 0.638671875 0.125 0.638671875 0.14930555555555555 0.642578125 0.1597222222222222 0.642578125 0.1701388888888889 0.64453125 0.1736111111111111 0.642578125 0.20833333333333334 0.638671875 0.2152777777777778 0.6328125 0.20833333333333334 0.630859375 0.21180555555555555 0.62890625 0.2986111111111111 0.626953125 0.3020833333333333 0.626953125 0.3402777777777778 0.62109375 0.3402777777777778 0.62109375 0.3298611111111111 0.6171875 0.3229166666666667 0.61328125 0.3229166666666667 0.611328125 0.3194444444444444 0.611328125 0.3020833333333333 0.609375 0.2986111111111111 0.609375 0.28125 0.607421875 0.2777777777777778 0.607421875 0.2604166666666667 0.609375 0.2534722222222222 0.607421875 0.25 0.607421875 0.2361111111111111 0.60546875 0.2326388888888889 0.60546875 0.1875 0.603515625 0.1840277777777778 0.599609375 0.1875 0.587890625 0.2222222222222222 0.587890625 0.2361111111111111 0.583984375 0.2326388888888889 0.587890625 0.19444444444444445 0.591796875 0.1875 0.591796875 0.18055555555555555 0.59765625 0.16319444444444445 0.59765625 0.1527777777777778 0.599609375 0.14930555555555555 0.599609375 0.1423611111111111 0.59765625 0.1388888888888889 0.599609375 0.13541666666666666 0.599609375 0.1284722222222222 0.607421875 0.12152777777777778 0.609375 0.09722222222222222 0.61328125 0.09027777777777778 0.619140625 0.09027777777777778
2 0.9921875 0.09375 0.994140625 0.09722222222222222 0.998046875 0.09722222222222222 0.998046875 0.1875 0.9921875 0.1736111111111111 0.9921875 0.15625 0.98828125 0.1527777777777778 0.9765625 0.1736111111111111 0.9765625 0.1875 0.978515625 0.1909722222222222 0.978515625 0.21875 0.970703125 0.22569444444444445 0.96484375 0.22569444444444445 0.96875 0.20833333333333334 0.96875 0.2013888888888889 0.966796875 0.19791666666666666 0.966796875 0.1909722222222222 0.96875 0.1875 0.96875 0.1527777777777778 0.966796875 0.14930555555555555 0.96484375 0.1527777777777778 0.962890625 0.1840277777777778 0.958984375 0.19791666666666666 0.958984375 0.21875 0.9609375 0.22569444444444445 0.951171875 0.22569444444444445 0.953125 0.19791666666666666 0.955078125 0.19444444444444445 0.955078125 0.18055555555555555 0.95703125 0.17708333333333334 0.95703125 0.1423611111111111 0.951171875 0.13194444444444445 0.943359375 0.125 0.943359375 0.11458333333333333 0.947265625 0.1076388888888889 0.958984375 0.1076388888888889 0.966796875 0.09722222222222222 0.990234375 0.09375
2 0.52734375 0.3020833333333333 0.529296875 0.3055555555555556 0.533203125 0.3055555555555556 0.537109375 0.3159722222222222 0.537109375 0.3333333333333333 0.54296875 0.3472222222222222 0.54296875 0.3645833333333333 0.544921875 0.3680555555555556 0.544921875 0.3854166666666667 0.546875 0.3888888888888889 0.546875 0.4166666666666667 0.544921875 0.4201388888888889 0.544921875 0.4270833333333333 0.548828125 0.4409722222222222 0.546875 0.4618055555555556 0.54296875 0.46875 0.54296875 0.5069444444444444 0.544921875 0.5104166666666666 0.544921875 0.5347222222222222 0.55078125 0.5555555555555556 0.55078125 0.5625 0.5546875 0.5694444444444444 0.55859375 0.5694444444444444 0.55859375 0.5729166666666666 0.544921875 0.5763888888888888 0.54296875 0.5798611111111112 0.5390625 0.5729166666666666 0.541015625 0.5659722222222222 0.5390625 0.5381944444444444 0.533203125 0.5243055555555556 0.529296875 0.4861111111111111 0.525390625 0.4756944444444444 0.51953125 0.4826388888888889 0.51953125 0.4895833333333333 0.515625 0.5 0.515625 0.5173611111111112 0.51171875 0.5347222222222222 0.513671875 0.5625 0.51171875 0.5659722222222222 0.505859375 0.5659722222222222 0.50390625 0.5625 0.50390625 0.5451388888888888 0.505859375 0.5416666666666666 0.505859375 0.4930555555555556 0.509765625 0.4826388888888889 0.509765625 0.4722222222222222 0.505859375 0.4618055555555556 0.505859375 0.4236111111111111 0.5078125 0.4201388888888889 0.5078125 0.4097222222222222 0.505859375 0.4027777777777778 0.501953125 0.3993055555555556 0.501953125 0.3715277777777778 0.50390625 0.3680555555555556 0.501953125 0.3541666666666667 0.515625 0.3333333333333333 0.515625 0.3194444444444444 0.51953125 0.3090277777777778 0.525390625 0.3020833333333333
2 0.337890625 0.59375 0.341796875 0.6041666666666666 0.341796875 0.625 0.337890625 0.6388888888888888 0.34375 0.65625 0.34375 0.6631944444444444 0.33984375 0.6770833333333334 0.33984375 0.6875 0.337890625 0.6909722222222222 0.33984375 0.6944444444444444 0.33984375 0.7361111111111112 0.341796875 0.7395833333333334 0.34375 0.7708333333333334 0.345703125 0.7743055555555556 0.345703125 0.7986111111111112 0.3203125 0.8472222222222222 0.318359375 0.8541666666666666 0.3203125 0.8576388888888888 0.32421875 0.8611111111111112 0.330078125 0.8611111111111112 0.330078125 0.8680555555555556 0.32421875 0.8715277777777778 0.3203125 0.8784722222222222 0.314453125 0.8784722222222222 0.306640625 0.8611111111111112 0.310546875 0.8402777777777778 0.31640625 0.8298611111111112 0.322265625 0.8090277777777778 0.3203125 0.8055555555555556 0.318359375 0.8090277777777778 0.310546875 0.7951388888888888 0.3125 0.7881944444444444 0.3125 0.7743055555555556 0.314453125 0.7708333333333334 0.314453125 0.7361111111111112 0.310546875 0.7291666666666666 0.310546875 0.7222222222222222 0.306640625 0.7152777777777778 0.306640625 0.7083333333333334 0.302734375 0.6944444444444444 0.302734375 0.6388888888888888 0.30859375 0.625 0.3125 0.625 0.31640625 0.6180555555555556 0.31640625 0.6041666666666666 0.3203125 0.59375 0.32421875 0.5902777777777778 0.333984375 0.5902777777777778 0.3359375 0.59375
2 0.587890625 0.4131944444444444 0.58984375 0.4166666666666667 0.595703125 0.4166666666666667 0.595703125 0.4409722222222222 0.599609375 0.4513888888888889 0.611328125 0.4513888888888889 0.61328125 0.4548611111111111 0.615234375 0.4791666666666667 0.6171875 0.4826388888888889 0.6171875 0.5173611111111112 0.61328125 0.53125 0.61328125 0.5486111111111112 0.611328125 0.5520833333333334 0.611328125 0.5729166666666666 0.61328125 0.5763888888888888 0.611328125 0.5798611111111112 0.611328125 0.6215277777777778 0.615234375 0.6388888888888888 0.615234375 0.6736111111111112 0.6171875 0.6770833333333334 0.6171875 0.6909722222222222 0.619140625 0.6944444444444444 0.619140625 0.7048611111111112 0.6171875 0.7083333333333334 0.61328125 0.7083333333333334 0.609375 0.7013888888888888 0.609375 0.6736111111111112 0.607421875 0.6701388888888888 0.607421875 0.6597222222222222 0.6015625 0.6388888888888888 0.6015625 0.625 0.59765625 0.6145833333333334 0.59765625 0.6076388888888888 0.591796875 0.59375 0.58203125 0.6180555555555556 0.58203125 0.6388888888888888 0.57421875 0.6597222222222222 0.5703125 0.6840277777777778 0.568359375 0.6875 0.55859375 0.6875 0.55078125 0.6770833333333334 0.552734375 0.6701388888888888 0.55859375 0.6701388888888888 0.56640625 0.6597222222222222 0.56640625 0.6493055555555556 0.568359375 0.6458333333333334 0.568359375 0.625 0.57421875 0.6041666666666666 0.57421875 0.5972222222222222 0.56640625 0.5833333333333334 0.56640625 0.5729166666666666 0.5703125 0.5659722222222222 0.56640625 0.5555555555555556 0.568359375 0.5486111111111112 0.568359375 0.5277777777777778 0.572265625 0.5138888888888888 0.572265625 0.4895833333333333 0.5703125 0.4861111111111111 0.572265625 0.4826388888888889 0.572265625 0.46875 0.578125 0.4548611111111111 0.576171875 0.4236111111111111 0.580078125 0.4166666666666667 0.5859375 0.4131944444444444
2 0.498046875 0.09375 0.501953125 0.0763888888888889 0.51171875 0.0763888888888889 0.515625 0.08680555555555555 0.515625 0.10069444444444445 0.521484375 0.1111111111111111 0.5234375 0.1111111111111111 0.525390625 0.11805555555555555 0.525390625 0.13194444444444445 0.51953125 0.1388888888888889 0.51953125 0.1597222222222222 0.521484375 0.16319444444444445 0.51953125 0.16666666666666666 0.51953125 0.2048611111111111 0.51171875 0.21875 0.51171875 0.24305555555555555 0.501953125 0.25 0.501953125 0.22916666666666666 0.5 0.22569444444444445 0.5 0.2152777777777778 0.498046875 0.21180555555555555 0.4921875 0.21180555555555555 0.48828125 0.2152777777777778 0.484375 0.20833333333333334 0.486328125 0.2013888888888889 0.486328125 0.1701388888888889 0.48828125 0.16666666666666666 0.48828125 0.14930555555555555 0.490234375 0.14583333333333334 0.490234375 0.11805555555555555 0.5 0.10416666666666667 0.5 0.09722222222222222
2 0.591796875 0.3923611111111111 0.595703125 0.3993055555555556 0.59765625 0.4131944444444444 0.595703125 0.4166666666666667 0.591796875 0.4131944444444444 0.58203125 0.4131944444444444 0.576171875 0.4201388888888889 0.576171875 0.4548611111111111 0.5703125 0.46875 0.5703125 0.5138888888888888 0.568359375 0.5173611111111112 0.568359375 0.5347222222222222 0.56640625 0.5381944444444444 0.564453125 0.5381944444444444 0.5625 0.53125 0.5625 0.5104166666666666 0.55859375 0.4930555555555556 0.55859375 0.46875 0.560546875 0.4652777777777778 0.5625 0.4375 0.564453125 0.4305555555555556 0.57421875 0.4166666666666667 0.578125 0.3958333333333333 0.58984375 0.3923611111111111
2 0.755859375 0.2048611111111111 0.76171875 0.21180555555555555 0.763671875 0.21875 0.763671875 0.22916666666666666 0.759765625 0.24305555555555555 0.76171875 0.2534722222222222 0.755859375 0.2708333333333333 0.755859375 0.28125 0.75 0.2951388888888889 0.75 0.3125 0.751953125 0.3159722222222222 0.751953125 0.34375 0.75 0.3506944444444444 0.751953125 0.3541666666666667 0.751953125 0.3611111111111111 0.74609375 0.3680555555555556 0.74609375 0.3854166666666667 0.740234375 0.4027777777777778 0.740234375 0.4097222222222222 0.736328125 0.4236111111111111 0.736328125 0.4340277777777778 0.7421875 0.4479166666666667 0.740234375 0.4513888888888889 0.736328125 0.4479166666666667 0.73046875 0.4479166666666667 0.7265625 0.4409722222222222 0.732421875 0.4131944444444444 0.732421875 0.3854166666666667 0.736328125 0.3784722222222222 0.736328125 0.3506944444444444 0.73828125 0.3472222222222222 0.736328125 0.3402777777777778 0.736328125 0.3090277777777778 0.73828125 0.3055555555555556 0.73828125 0.2951388888888889 0.736328125 0.2916666666666667 0.73828125 0.2604166666666667 0.736328125 0.2534722222222222 0.744140625 0.2326388888888889 0.744140625 0.2152777777777778 0.748046875 0.20833333333333334 0.75390625 0.2048611111111111