0 0.671875 0.4409722222222222 0.67578125 0.4479166666666667 0.67578125 0.4548611111111111 0.66796875 0.4618055555555556 0.666015625 0.4583333333333333 0.666015625 0.4479166666666667 0.669921875 0.4444444444444444
0 0.45703125 0.3229166666666667 0.462890625 0.3298611111111111 0.46484375 0.3402777777777778 0.462890625 0.34375 0.45703125 0.34375 0.455078125 0.3368055555555556 0.455078125 0.3263888888888889
0 0.41796875 0.2743055555555556 0.41796875 0.2847222222222222 0.41015625 0.28125 0.41015625 0.2743055555555556 0.412109375 0.2708333333333333 0.416015625 0.2743055555555556
0 0.814453125 0.5069444444444444 0.818359375 0.4965277777777778 0.82421875 0.4965277777777778 0.826171875 0.5 0.826171875 0.5104166666666666 0.822265625 0.5138888888888888 0.818359375 0.5138888888888888 0.81640625 0.5104166666666666
0 0.42578125 0.3506944444444444 0.43359375 0.3576388888888889 0.43359375 0.3645833333333333 0.431640625 0.3680555555555556 0.427734375 0.3680555555555556 0.423828125 0.3611111111111111 0.42578125 0.3541666666666667
0 0.345703125 0.7430555555555556 0.349609375 0.7534722222222222 0.349609375 0.7638888888888888 0.34765625 0.7673611111111112 0.33984375 0.7673611111111112 0.333984375 0.7604166666666666 0.333984375 0.75 0.337890625 0.7430555555555556 0.34375 0.7430555555555556
0 0.451171875 0.3194444444444444 0.458984375 0.3194444444444444 0.4609375 0.3229166666666667 0.4609375 0.3298611111111111 0.45703125 0.3368055555555556 0.451171875 0.3298611111111111 0.451171875 0.3229166666666667
0 0.76171875 0.2708333333333333 0.765625 0.2673611111111111 0.76953125 0.2708333333333333 0.76953125 0.2743055555555556 0.763671875 0.28125 0.76171875 0.28125 0.76171875 0.2743055555555556
0 0.37890625 0.4409722222222222 0.380859375 0.4444444444444444 0.380859375 0.4513888888888889 0.376953125 0.4548611111111111 0.37109375 0.4548611111111111 0.373046875 0.4444444444444444 0.376953125 0.4409722222222222
0 0.658203125 0.24305555555555555 0.658203125 0.2534722222222222 0.65234375 0.2534722222222222 0.6484375 0.2465277777777778 0.65234375 0.23958333333333334 0.65625 0.24305555555555555
0 0.44140625 0.3090277777777778 0.447265625 0.3090277777777778 0.44921875 0.3125 0.44921875 0.3159722222222222 0.443359375 0.3159722222222222 0.44140625 0.3125
0 0.42578125 0.2743055555555556 0.427734375 0.2777777777777778 0.427734375 0.2847222222222222 0.42578125 0.2881944444444444 0.421875 0.2881944444444444 0.419921875 0.2847222222222222 0.419921875 0.2777777777777778 0.423828125 0.2743055555555556
0 0.303125 0.3189814814814815 0.011458333333333333 0.01759259259259259
0 0.53125 0.4826388888888889 0.53515625 0.4722222222222222 0.541015625 0.4722222222222222 0.544921875 0.4861111111111111 0.54296875 0.4895833333333333 0.53515625 0.4895833333333333 0.533203125 0.4861111111111111
0 0.470703125 0.3229166666666667 0.474609375 0.3263888888888889 0.474609375 0.3333333333333333 0.47265625 0.3368055555555556 0.466796875 0.3368055555555556 0.46484375 0.3333333333333333 0.46484375 0.3263888888888889 0.46875 0.3229166666666667
0 0.4888020833333333 0.5398148148148149 0.0140625 0.022222222222222223
0 0.70390625 0.2490740740740741 0.0109375 0.016666666666666666
1 0.4536458333333333 0.3912037037037037 0.019791666666666666 0.045370370370370366
1 0.46484375 0.5798611111111112 0.466796875 0.5694444444444444 0.4765625 0.5486111111111112 0.486328125 0.5486111111111112 0.490234375 0.5555555555555556 0.4921875 0.5625 0.490234375 0.5694444444444444 0.490234375 0.5868055555555556 0.48828125 0.5902777777777778 0.48046875 0.5902777777777778 0.478515625 0.5868055555555556 0.47265625 0.5868055555555556 0.466796875 0.5798611111111112
1 0.65625 0.2569444444444444 0.6484375 0.2847222222222222 0.638671875 0.2847222222222222 0.63671875 0.28125 0.63671875 0.2743055555555556 0.642578125 0.2569444444444444 0.646484375 0.2534722222222222 0.65234375 0.2534722222222222 0.654296875 0.2569444444444444
1 0.396484375 0.3125 0.40234375 0.2916666666666667 0.40625 0.2847222222222222 0.416015625 0.2847222222222222 0.419921875 0.2916666666666667 0.419921875 0.3090277777777778 0.416015625 0.3090277777777778 0.41015625 0.3159722222222222 0.40234375 0.3159722222222222 0.3984375 0.3125
1 0.8315104166666667 0.5328703703703703 0.024479166666666666 0.045370370370370366
1 0.53125 0.4861111111111111 0.5390625 0.5 0.541015625 0.5 0.541015625 0.5069444444444444 0.53515625 0.5173611111111112 0.52734375 0.5243055555555556 0.515625 0.5208333333333334 0.513671875 0.5138888888888888 0.51953125 0.5034722222222222 0.521484375 0.4930555555555556 0.529296875 0.4861111111111111
1 0.3359375 0.7638888888888888 0.341796875 0.7708333333333334 0.341796875 0.7986111111111112 0.330078125 0.8125 0.3203125 0.8125 0.31640625 0.8090277777777778 0.31640625 0.8020833333333334 0.318359375 0.7986111111111112 0.3203125 0.78125 0.328125 0.7673611111111112 0.333984375 0.7638888888888888
1 0.453125 0.3402777777777778 0.4609375 0.3541666666666667 0.4609375 0.3645833333333333 0.458984375 0.3680555555555556 0.447265625 0.3680555555555556 0.4453125 0.3715277777777778 0.435546875 0.3645833333333333 0.435546875 0.3506944444444444 0.4375 0.34375 0.44140625 0.3402777777777778 0.451171875 0.3402777777777778
1 0.423828125 0.3645833333333333 0.4296875 0.3715277777777778 0.431640625 0.3784722222222222 0.4296875 0.3854166666666667 0.4296875 0.3958333333333333 0.423828125 0.4027777777777778 0.412109375 0.4027777777777778 0.40625 0.3958333333333333 0.40625 0.3888888888888889 0.412109375 0.3784722222222222 0.412109375 0.375 0.421875 0.3645833333333333
1 0.7578125 0.8333333333333334 0.76171875 0.8298611111111112 0.771484375 0.8298611111111112 0.779296875 0.8402777777777778 0.779296875 0.84375 0.7578125 0.84375 0.7578125 0.8368055555555556
1 0.76953125 0.2743055555555556 0.779296875 0.2881944444444444 0.78125 0.3020833333333333 0.77734375 0.3090277777777778 0.76953125 0.3125 0.767578125 0.3020833333333333 0.763671875 0.2951388888888889 0.763671875 0.28125 0.767578125 0.2777777777777778
1 0.380859375 0.4548611111111111 0.388671875 0.4618055555555556 0.388671875 0.4756944444444444 0.38671875 0.4791666666666667 0.38671875 0.4895833333333333 0.380859375 0.4895833333333333 0.37890625 0.4930555555555556 0.375 0.4930555555555556 0.37109375 0.4826388888888889 0.365234375 0.4826388888888889 0.36328125 0.4791666666666667 0.365234375 0.4756944444444444 0.365234375 0.46875 0.37109375 0.4583333333333333 0.37890625 0.4548611111111111
1 0.4296875 0.3298611111111111 0.43359375 0.3159722222222222 0.443359375 0.3159722222222222 0.4453125 0.3194444444444444 0.44921875 0.3194444444444444 0.44921875 0.3263888888888889 0.453125 0.3333333333333333 0.451171875 0.3402777777777778 0.44140625 0.3402777777777778 0.435546875 0.3472222222222222 0.431640625 0.3402777777777778 0.431640625 0.3333333333333333
1 0.29296875 0.3333333333333333 0.296875 0.3298611111111111 0.310546875 0.3298611111111111 0.3125 0.3333333333333333 0.3125 0.34375 0.310546875 0.3472222222222222 0.310546875 0.3611111111111111 0.30859375 0.3680555555555556 0.296875 0.3680555555555556 0.29296875 0.3645833333333333 0.29296875 0.3368055555555556
1 0.466796875 0.3402777777777778 0.4765625 0.3333333333333333 0.486328125 0.3506944444444444 0.490234375 0.3611111111111111 0.490234375 0.3680555555555556 0.486328125 0.3715277777777778 0.4765625 0.3715277777777778 0.47265625 0.3645833333333333 0.47265625 0.3541666666666667 0.46875 0.34375
1 0.900390625 0.23958333333333334 0.908203125 0.2569444444444444 0.908203125 0.2638888888888889 0.904296875 0.2673611111111111 0.90234375 0.2638888888888889 0.890625 0.2638888888888889 0.888671875 0.23958333333333334 0.890625 0.2361111111111111 0.896484375 0.2361111111111111 0.8984375 0.23958333333333334
1 0.6794270833333333 0.47685185185185186 0.027604166666666666 0.04259259259259259
1 0.69921875 0.25 0.70703125 0.2604166666666667 0.701171875 0.2743055555555556 0.69921875 0.2847222222222222 0.693359375 0.2847222222222222 0.685546875 0.2777777777777778 0.689453125 0.2604166666666667 0.6953125 0.25 0.697265625 0.25
0 0.767578125 0.8125 0.76953125 0.8159722222222222 0.76953125 0.8229166666666666 0.76171875 0.8298611111111112 0.7578125 0.8298611111111112 0.755859375 0.8263888888888888 0.755859375 0.8194444444444444 0.759765625 0.8125 0.765625 0.8125
2 0.458984375 0.3715277777777778 0.458984375 0.3854166666666667 0.462890625 0.3993055555555556 0.466796875 0.4027777777777778 0.470703125 0.4166666666666667 0.470703125 0.4270833333333333 0.47265625 0.4340277777777778 0.486328125 0.4583333333333333 0.486328125 0.4652777777777778 0.484375 0.46875 0.470703125 0.4409722222222222 0.466796875 0.4444444444444444 0.466796875 0.4513888888888889 0.462890625 0.4513888888888889 0.4609375 0.4479166666666667 0.45703125 0.4479166666666667 0.451171875 0.4375 0.44921875 0.4305555555555556 0.44921875 0.4166666666666667 0.451171875 0.4131944444444444 0.443359375 0.3923611111111111 0.443359375 0.3784722222222222 0.447265625 0.3715277777777778 0.45703125 0.3715277777777778
2 0.66796875 0.4444444444444444 0.673828125 0.4444444444444444 0.693359375 0.4861111111111111 0.6953125 0.4930555555555556 0.6953125 0.5069444444444444 0.69140625 0.5208333333333334 0.693359375 0.5243055555555556 0.693359375 0.5347222222222222 0.701171875 0.5520833333333334 0.701171875 0.5590277777777778 0.697265625 0.5625 0.6953125 0.5451388888888888 0.689453125 0.5347222222222222 0.6875 0.5347222222222222 0.6796875 0.5173611111111112 0.673828125 0.5173611111111112 0.669921875 0.5243055555555556 0.66796875 0.53125 0.66796875 0.5486111111111112 0.6640625 0.5486111111111112 0.6640625 0.5173611111111112 0.669921875 0.5034722222222222 0.669921875 0.4965277777777778 0.671875 0.4930555555555556 0.671875 0.4861111111111111 0.666015625 0.4756944444444444 0.6640625 0.4756944444444444 0.6640625 0.4618055555555556 0.66796875 0.4479166666666667
2 0.42578125 0.2743055555555556 0.439453125 0.3055555555555556 0.439453125 0.3090277777777778 0.43359375 0.3125 0.427734375 0.3229166666666667 0.427734375 0.3263888888888889 0.42578125 0.3194444444444444 0.421875 0.3159722222222222 0.421875 0.2951388888888889 0.41796875 0.28125 0.423828125 0.2743055555555556
2 0.41015625 0.2743055555555556 0.41796875 0.2743055555555556 0.419921875 0.3090277777777778 0.41796875 0.3125 0.412109375 0.3125 0.408203125 0.3229166666666667 0.412109375 0.3402777777777778 0.412109375 0.3541666666666667 0.41015625 0.3576388888888889 0.408203125 0.3784722222222222 0.404296875 0.3819444444444444 0.404296875 0.3611111111111111 0.40625 0.3541666666666667 0.400390625 0.34375 0.39453125 0.3611111111111111 0.39453125 0.3680555555555556 0.390625 0.3715277777777778 0.390625 0.3611111111111111 0.39453125 0.34375 0.39453125 0.3333333333333333 0.392578125 0.3298611111111111 0.39453125 0.3125 0.400390625 0.3020833333333333 0.40234375 0.2916666666666667 0.41015625 0.2777777777777778
2 0.81640625 0.5555555555555556 0.82421875 0.5486111111111112 0.82421875 0.5381944444444444 0.8203125 0.53125 0.8203125 0.5243055555555556 0.81640625 0.5138888888888888 0.81640625 0.5 0.818359375 0.4965277777777778 0.82421875 0.4965277777777778 0.84375 0.5486111111111112 0.841796875 0.5868055555555556 0.84765625 0.5972222222222222 0.84765625 0.6076388888888888 0.84375 0.6076388888888888 0.841796875 0.5972222222222222 0.833984375 0.5868055555555556 0.83203125 0.5729166666666666 0.830078125 0.5694444444444444 0.826171875 0.5694444444444444 0.82421875 0.5729166666666666 0.82421875 0.5868055555555556 0.828125 0.6006944444444444 0.82421875 0.6076388888888888 0.8203125 0.6076388888888888 0.822265625 0.59375 0.814453125 0.5694444444444444 0.814453125 0.5625 0.81640625 0.5590277777777778
2 0.462890625 0.6006944444444444 0.466796875 0.5694444444444444 0.486328125 0.53125 0.4921875 0.53125 0.494140625 0.5347222222222222 0.494140625 0.5520833333333334 0.4921875 0.5555555555555556 0.4921875 0.5625 0.49609375 0.5694444444444444 0.49609375 0.5763888888888888 0.490234375 0.5833333333333334 0.490234375 0.6006944444444444 0.4921875 0.6041666666666666 0.4921875 0.625 0.494140625 0.6284722222222222 0.494140625 0.6388888888888888 0.5 0.6493055555555556 0.501953125 0.6493055555555556 0.501953125 0.6527777777777778 0.498046875 0.65625 0.4921875 0.65625 0.486328125 0.6458333333333334 0.48046875 0.6423611111111112 0.474609375 0.6319444444444444 0.474609375 0.6284722222222222 0.478515625 0.625 0.48046875 0.6180555555555556 0.474609375 0.6076388888888888 0.46484375 0.6006944444444444
2 0.546875 0.5138888888888888 0.546875 0.5208333333333334 0.54296875 0.5243055555555556 0.541015625 0.5208333333333334 0.529296875 0.5208333333333334 0.525390625 0.5277777777777778 0.525390625 0.5520833333333334 0.52734375 0.5590277777777778 0.525390625 0.5625 0.513671875 0.5625 0.51171875 0.5659722222222222 0.509765625 0.5729166666666666 0.51171875 0.5798611111111112 0.51171875 0.5902777777777778 0.5078125 0.5902777777777778 0.50390625 0.5833333333333334 0.50390625 0.5729166666666666 0.505859375 0.5694444444444444 0.50390625 0.5555555555555556 0.51171875 0.5486111111111112 0.51171875 0.5451388888888888 0.50390625 0.53125 0.505859375 0.5173611111111112 0.513671875 0.5104166666666666 0.51953125 0.5 0.51953125 0.4965277777777778 0.5234375 0.4895833333333333 0.529296875 0.4861111111111111 0.53515625 0.4722222222222222 0.541015625 0.4722222222222222 0.544921875 0.4826388888888889 0.544921875 0.4895833333333333 0.541015625 0.4965277777777778 0.541015625 0.5069444444444444 0.544921875 0.5138888888888888
2 0.34375 0.7430555555555556 0.349609375 0.7534722222222222 0.349609375 0.7673611111111112 0.345703125 0.7708333333333334 0.341796875 0.7881944444444444 0.34375 0.7951388888888888 0.349609375 0.8020833333333334 0.349609375 0.8055555555555556 0.345703125 0.8055555555555556 0.34375 0.8090277777777778 0.34765625 0.8263888888888888 0.34765625 0.8402777777777778 0.34375 0.8402777777777778 0.341796875 0.84375 0.33203125 0.84375 0.32421875 0.8298611111111112 0.314453125 0.8194444444444444 0.314453125 0.8055555555555556 0.318359375 0.7951388888888888 0.3203125 0.78125 0.333984375 0.7604166666666666 0.333984375 0.75 0.341796875 0.7430555555555556
2 0.4296875 0.3541666666666667 0.43359375 0.3611111111111111 0.43359375 0.3819444444444444 0.431640625 0.3854166666666667 0.43359375 0.3888888888888889 0.43359375 0.3958333333333333 0.41796875 0.4097222222222222 0.41796875 0.4201388888888889 0.419921875 0.4236111111111111 0.41796875 0.4409722222222222 0.416015625 0.4479166666666667 0.4140625 0.4479166666666667 0.40625 0.4618055555555556 0.40625 0.46875 0.408203125 0.4722222222222222 0.404296875 0.4756944444444444 0.396484375 0.4652777777777778 0.396484375 0.4618055555555556 0.40234375 0.4513888888888889 0.400390625 0.4479166666666667 0.39453125 0.4479166666666667 0.396484375 0.4375 0.404296875 0.4236111111111111 0.40234375 0.3958333333333333 0.4140625 0.3715277777777778 0.427734375 0.3541666666666667
2 0.7578125 0.9131944444444444 0.775390625 0.9131944444444444 0.779296875 0.9166666666666666 0.7734375 0.9270833333333334 0.7734375 0.9409722222222222 0.76953125 0.9513888888888888 0.76953125 0.96875 0.765625 0.9756944444444444 0.76171875 0.9756944444444444 0.759765625 0.9722222222222222 0.76171875 0.9652777777777778 0.76171875 0.9444444444444444 0.7578125 0.9340277777777778 0.7578125 0.9166666666666666
2 0.451171875 0.3229166666666667 0.455078125 0.3194444444444444 0.458984375 0.3229166666666667 0.462890625 0.3333333333333333 0.462890625 0.3715277777777778 0.453125 0.3680555555555556 0.443359375 0.3819444444444444 0.435546875 0.3645833333333333 0.435546875 0.3541666666666667 0.439453125 0.3402777777777778 0.451171875 0.3402777777777778 0.453125 0.3368055555555556 0.453125 0.3263888888888889
2 0.76171875 0.2708333333333333 0.767578125 0.2673611111111111 0.779296875 0.2881944444444444 0.78125 0.2986111111111111 0.78515625 0.3020833333333333 0.78515625 0.3090277777777778 0.787109375 0.3125 0.775390625 0.3298611111111111 0.771484375 0.34375 0.771484375 0.3680555555555556 0.76953125 0.3715277777777778 0.765625 0.3680555555555556 0.765625 0.3576388888888889 0.767578125 0.3541666666666667 0.765625 0.3472222222222222 0.765625 0.3194444444444444 0.767578125 0.3159722222222222 0.767578125 0.3055555555555556 0.76171875 0.2881944444444444 0.76171875 0.2743055555555556
2 0.373046875 0.4444444444444444 0.380859375 0.4444444444444444 0.380859375 0.4513888888888889 0.384765625 0.4583333333333333 0.388671875 0.4583333333333333 0.3984375 0.46875 0.40625 0.4895833333333333 0.40234375 0.4930555555555556 0.400390625 0.4826388888888889 0.396484375 0.4756944444444444 0.392578125 0.4756944444444444 0.390625 0.4722222222222222 0.38671875 0.4791666666666667 0.38671875 0.4895833333333333 0.388671875 0.4930555555555556 0.388671875 0.5069444444444444 0.38671875 0.5104166666666666 0.38671875 0.5416666666666666 0.390625 0.5520833333333334 0.390625 0.5625 0.388671875 0.5659722222222222 0.3828125 0.5659722222222222 0.384765625 0.5625 0.3828125 0.5486111111111112 0.380859375 0.5451388888888888 0.376953125 0.5486111111111112 0.373046875 0.5451388888888888 0.37109375 0.5034722222222222 0.375 0.4930555555555556 0.37109375 0.4826388888888889 0.36328125 0.4861111111111111 0.36328125 0.4756944444444444 0.37109375 0.4583333333333333 0.37109375 0.4513888888888889 0.373046875 0.4479166666666667
2 0.42578125 0.3368055555555556 0.4296875 0.3194444444444444 0.4375 0.3090277777777778 0.447265625 0.3090277777777778 0.451171875 0.3194444444444444 0.451171875 0.3298611111111111 0.453125 0.3368055555555556 0.451171875 0.3402777777777778 0.44140625 0.3402777777777778 0.435546875 0.3506944444444444 0.431640625 0.3506944444444444 0.431640625 0.34375 0.427734375 0.3368055555555556
2 0.3046875 0.3125 0.3125 0.3333333333333333 0.310546875 0.3715277777777778 0.322265625 0.3993055555555556 0.326171875 0.4131944444444444 0.326171875 0.4236111111111111 0.32421875 0.4236111111111111 0.32421875 0.4166666666666667 0.3203125 0.40625 0.3046875 0.3819444444444444 0.30078125 0.3819444444444444 0.287109375 0.4097222222222222 0.287109375 0.4166666666666667 0.28515625 0.4201388888888889 0.28125 0.4201388888888889 0.29296875 0.3819444444444444 0.29296875 0.3611111111111111 0.291015625 0.3576388888888889 0.29296875 0.3506944444444444 0.29296875 0.3368055555555556 0.296875 0.3298611111111111 0.298828125 0.3159722222222222 0.302734375 0.3125
2 0.46484375 0.3263888888888889 0.474609375 0.3263888888888889 0.478515625 0.3333333333333333 0.4921875 0.3680555555555556 0.494140625 0.3923611111111111 0.505859375 0.4166666666666667 0.505859375 0.4201388888888889 0.50390625 0.4201388888888889 0.498046875 0.4097222222222222 0.494140625 0.4097222222222222 0.490234375 0.4201388888888889 0.48828125 0.4201388888888889 0.48828125 0.4131944444444444 0.484375 0.40625 0.48046875 0.40625 0.47265625 0.3993055555555556 0.474609375 0.375 0.466796875 0.3576388888888889 0.466796875 0.3368055555555556 0.46484375 0.3298611111111111
2 0.89453125 0.22569444444444445 0.908203125 0.2569444444444444 0.908203125 0.2638888888888889 0.90625 0.2673611111111111 0.90625 0.2847222222222222 0.90234375 0.2916666666666667 0.90234375 0.2951388888888889 0.908203125 0.3020833333333333 0.908203125 0.3090277777777778 0.904296875 0.3090277777777778 0.900390625 0.2986111111111111 0.888671875 0.2881944444444444 0.884765625 0.2986111111111111 0.884765625 0.3055555555555556 0.880859375 0.3125 0.880859375 0.2951388888888889 0.8828125 0.2916666666666667 0.884765625 0.2743055555555556 0.888671875 0.2673611111111111 0.88671875 0.2361111111111111 0.888671875 0.22916666666666666 0.892578125 0.22569444444444445
2 0.658203125 0.24305555555555555 0.658203125 0.2569444444444444 0.65234375 0.2708333333333333 0.654296875 0.3020833333333333 0.650390625 0.2986111111111111 0.642578125 0.2986111111111111 0.638671875 0.3159722222222222 0.62890625 0.3298611111111111 0.625 0.3298611111111111 0.625 0.3229166666666667 0.634765625 0.3055555555555556 0.634765625 0.28125 0.640625 0.2604166666666667 0.65234375 0.23958333333333334 0.65625 0.24305555555555555
2 0.69140625 0.2534722222222222 0.697265625 0.25 0.701171875 0.24305555555555555 0.70703125 0.24305555555555555 0.70703125 0.2638888888888889 0.701171875 0.2743055555555556 0.701171875 0.2847222222222222 0.705078125 0.2916666666666667 0.69921875 0.3090277777777778 0.69921875 0.3298611111111111 0.701171875 0.3368055555555556 0.6953125 0.3368055555555556 0.693359375 0.3333333333333333 0.693359375 0.3194444444444444 0.689453125 0.3125 0.685546875 0.3159722222222222 0.67578125 0.3159722222222222 0.673828125 0.3194444444444444 0.66796875 0.3194444444444444 0.666015625 0.3159722222222222 0.681640625 0.3125 0.68359375 0.3090277777777778 0.68359375 0.2881944444444444 0.685546875 0.2847222222222222 0.685546875 0.2743055555555556 0.6875 0.2708333333333333 0.6875 0.2638888888888889 0.69140625 0.2569444444444444