0 0.953125 0.5520833333333334 0.955078125 0.5555555555555556 0.955078125 0.5625 0.953125 0.5659722222222222 0.9453125 0.5659722222222222 0.943359375 0.5694444444444444 0.939453125 0.5694444444444444 0.939453125 0.5555555555555556 0.943359375 0.5486111111111112 0.94921875 0.5486111111111112 0.951171875 0.5520833333333334
0 0.31536458333333334 0.4199074074074074 0.021354166666666667 0.026851851851851852
0 0.412109375 0.3263888888888889 0.412109375 0.3194444444444444 0.416015625 0.3125 0.421875 0.3125 0.423828125 0.3159722222222222 0.423828125 0.3298611111111111 0.419921875 0.3333333333333333 0.4140625 0.3263888888888889
0 0.443359375 0.3194444444444444 0.447265625 0.3229166666666667 0.44921875 0.3368055555555556 0.44140625 0.3472222222222222 0.4375 0.3402777777777778 0.4375 0.3263888888888889 0.44140625 0.3229166666666667
0 0.78515625 0.4548611111111111 0.7890625 0.4583333333333333 0.791015625 0.4652777777777778 0.791015625 0.4722222222222222 0.78515625 0.4791666666666667 0.779296875 0.4791666666666667 0.775390625 0.4722222222222222 0.775390625 0.4618055555555556 0.783203125 0.4548611111111111
0 0.314453125 0.3715277777777778 0.31640625 0.3819444444444444 0.3125 0.3923611111111111 0.306640625 0.3923611111111111 0.30078125 0.3854166666666667 0.30078125 0.375 0.3046875 0.3680555555555556 0.310546875 0.3680555555555556 0.3125 0.3715277777777778
0 0.46484375 0.34375 0.466796875 0.3506944444444444 0.466796875 0.3611111111111111 0.46484375 0.3576388888888889 0.455078125 0.3576388888888889 0.453125 0.3541666666666667 0.45703125 0.34375 0.462890625 0.34375
0 0.48828125 0.3680555555555556 0.490234375 0.375 0.48828125 0.3854166666666667 0.482421875 0.3854166666666667 0.478515625 0.3784722222222222 0.478515625 0.3715277777777778 0.48046875 0.3680555555555556 0.486328125 0.3680555555555556
0 0.515625 0.3368055555555556 0.51953125 0.3472222222222222 0.51953125 0.3576388888888889 0.51171875 0.3576388888888889 0.50390625 0.3506944444444444 0.5078125 0.3368055555555556 0.513671875 0.3368055555555556
0 0.6411458333333333 0.11064814814814815 0.013541666666666667 0.02314814814814815
0 0.3828125 0.3298611111111111 0.38671875 0.3263888888888889 0.392578125 0.3263888888888889 0.396484375 0.3333333333333333 0.396484375 0.34375 0.392578125 0.34375 0.390625 0.3472222222222222 0.3828125 0.3472222222222222 0.380859375 0.34375 0.380859375 0.3368055555555556 0.3828125 0.3333333333333333
1 0.77734375 0.5173611111111112 0.775390625 0.5104166666666666 0.775390625 0.4930555555555556 0.779296875 0.4826388888888889 0.78515625 0.4826388888888889 0.7890625 0.4756944444444444 0.794921875 0.4756944444444444 0.8046875 0.4965277777777778 0.8046875 0.5208333333333334 0.806640625 0.5243055555555556 0.806640625 0.53125 0.802734375 0.5347222222222222 0.796875 0.5347222222222222 0.794921875 0.5381944444444444 0.7890625 0.5381944444444444 0.78515625 0.5243055555555556 0.779296875 0.5173611111111112
1 0.3984375 0.3472222222222222 0.400390625 0.3506944444444444 0.400390625 0.3576388888888889 0.404296875 0.3645833333333333 0.404296875 0.3888888888888889 0.40234375 0.3923611111111111 0.40234375 0.4027777777777778 0.390625 0.4027777777777778 0.388671875 0.3993055555555556 0.3828125 0.3993055555555556 0.3828125 0.3888888888888889 0.384765625 0.3819444444444444 0.3828125 0.3784722222222222 0.3828125 0.3645833333333333 0.380859375 0.3611111111111111 0.384765625 0.3541666666666667 0.388671875 0.3541666666666667 0.396484375 0.3472222222222222
1 0.962890625 0.5694444444444444 0.96484375 0.5763888888888888 0.96484375 0.6076388888888888 0.966796875 0.6111111111111112 0.96875 0.6284722222222222 0.947265625 0.6284722222222222 0.94140625 0.6006944444444444 0.935546875 0.5902777777777778 0.935546875 0.5763888888888888 0.939453125 0.5729166666666666 0.951171875 0.5694444444444444 0.953125 0.5659722222222222 0.958984375 0.5659722222222222 0.9609375 0.5694444444444444
1 0.30078125 0.4444444444444444 0.310546875 0.4340277777777778 0.32421875 0.4340277777777778 0.326171875 0.4375 0.326171875 0.4791666666666667 0.3125 0.4791666666666667 0.310546875 0.4756944444444444 0.306640625 0.4756944444444444 0.306640625 0.46875 0.30078125 0.4479166666666667
1 0.4140625 0.3263888888888889 0.416015625 0.3298611111111111 0.42578125 0.3333333333333333 0.427734375 0.3402777777777778 0.427734375 0.3576388888888889 0.4296875 0.3611111111111111 0.4296875 0.3680555555555556 0.42578125 0.3854166666666667 0.41015625 0.3854166666666667 0.40625 0.3819444444444444 0.40625 0.3715277777777778 0.412109375 0.3715277777777778 0.4140625 0.375 0.423828125 0.3611111111111111 0.423828125 0.3541666666666667 0.421875 0.3506944444444444 0.416015625 0.3576388888888889 0.412109375 0.3576388888888889 0.40625 0.3506944444444444 0.40625 0.3298611111111111 0.412109375 0.3263888888888889
1 0.380859375 0.3472222222222222 0.3828125 0.3541666666666667 0.380859375 0.3611111111111111 0.3828125 0.3854166666666667 0.37890625 0.3923611111111111 0.373046875 0.3923611111111111 0.361328125 0.375 0.376953125 0.3472222222222222 0.37890625 0.3472222222222222
1 0.435546875 0.3368055555555556 0.44140625 0.34375 0.451171875 0.3368055555555556 0.455078125 0.34375 0.451171875 0.3576388888888889 0.44921875 0.3576388888888889 0.44140625 0.3715277777777778 0.4375 0.3715277777777778 0.435546875 0.375 0.43359375 0.3715277777777778 0.43359375 0.34375 0.435546875 0.3402777777777778
1 0.31640625 0.3888888888888889 0.3203125 0.3958333333333333 0.3203125 0.40625 0.3125 0.40625 0.302734375 0.4236111111111111 0.3046875 0.4340277777777778 0.30078125 0.4409722222222222 0.296875 0.4340277777777778 0.296875 0.4027777777777778 0.298828125 0.3958333333333333 0.3125 0.3958333333333333 0.314453125 0.3923611111111111
1 0.4765625 0.3819444444444444 0.478515625 0.3854166666666667 0.48828125 0.3888888888888889 0.494140625 0.3993055555555556 0.494140625 0.40625 0.48828125 0.4201388888888889 0.48828125 0.4270833333333333 0.486328125 0.4305555555555556 0.46875 0.4305555555555556 0.46484375 0.4270833333333333 0.46484375 0.4166666666666667 0.4609375 0.4131944444444444 0.4609375 0.4097222222222222 0.46484375 0.3958333333333333 0.470703125 0.3854166666666667 0.474609375 0.3854166666666667
1 0.455078125 0.3576388888888889 0.45703125 0.3611111111111111 0.466796875 0.3611111111111111 0.470703125 0.3715277777777778 0.46875 0.3784722222222222 0.458984375 0.3888888888888889 0.455078125 0.4027777777777778 0.44921875 0.4027777777777778 0.44921875 0.3888888888888889 0.447265625 0.3854166666666667 0.451171875 0.3715277777777778 0.44921875 0.3680555555555556 0.4453125 0.3680555555555556 0.451171875 0.3576388888888889 0.453125 0.3576388888888889
1 0.51953125 0.3611111111111111 0.5234375 0.3784722222222222 0.521484375 0.3819444444444444 0.521484375 0.3923611111111111 0.515625 0.4027777777777778 0.5078125 0.3993055555555556 0.50390625 0.40625 0.498046875 0.40625 0.498046875 0.3923611111111111 0.501953125 0.3958333333333333 0.5078125 0.3854166666666667 0.505859375 0.3819444444444444 0.49609375 0.3819444444444444 0.494140625 0.3784722222222222 0.49609375 0.3611111111111111 0.5 0.3541666666666667 0.505859375 0.3541666666666667 0.5078125 0.3576388888888889 0.517578125 0.3611111111111111
1 0.646484375 0.12152777777777778 0.650390625 0.125 0.654296875 0.1423611111111111 0.658203125 0.14930555555555555 0.658203125 0.1597222222222222 0.654296875 0.16319444444444445 0.64453125 0.16319444444444445 0.638671875 0.14583333333333334 0.638671875 0.125 0.64453125 0.12152777777777778
2 0.78515625 0.4548611111111111 0.7890625 0.4583333333333333 0.791015625 0.46875 0.8046875 0.4965277777777778 0.8046875 0.5173611111111112 0.806640625 0.5208333333333334 0.806640625 0.5277777777777778 0.810546875 0.5347222222222222 0.810546875 0.5555555555555556 0.826171875 0.59375 0.826171875 0.6006944444444444 0.822265625 0.6006944444444444 0.818359375 0.5868055555555556 0.8125 0.5763888888888888 0.810546875 0.5763888888888888 0.806640625 0.5659722222222222 0.80078125 0.5590277777777778 0.794921875 0.5590277777777778 0.791015625 0.5659722222222222 0.791015625 0.5798611111111112 0.796875 0.6076388888888888 0.7890625 0.6076388888888888 0.787109375 0.6041666666666666 0.787109375 0.5868055555555556 0.783203125 0.5694444444444444 0.783203125 0.5520833333333334 0.78515625 0.5486111111111112 0.78515625 0.5347222222222222 0.783203125 0.53125 0.7734375 0.53125 0.763671875 0.5416666666666666 0.755859375 0.5416666666666666 0.755859375 0.5347222222222222 0.767578125 0.53125 0.775390625 0.5208333333333334 0.775390625 0.4895833333333333 0.77734375 0.4861111111111111 0.775390625 0.4618055555555556 0.783203125 0.4548611111111111
2 0.314453125 0.3715277777777778 0.31640625 0.3854166666666667 0.3203125 0.3958333333333333 0.3203125 0.40625 0.3125 0.40625 0.306640625 0.4166666666666667 0.3046875 0.4236111111111111 0.3046875 0.4340277777777778 0.30078125 0.4409722222222222 0.296875 0.4375 0.296875 0.3993055555555556 0.30078125 0.3923611111111111 0.30078125 0.375 0.3046875 0.3680555555555556 0.310546875 0.3680555555555556 0.3125 0.3715277777777778
2 0.388671875 0.3298611111111111 0.39453125 0.3298611111111111 0.396484375 0.3402777777777778 0.40234375 0.3472222222222222 0.404296875 0.3541666666666667 0.416015625 0.3645833333333333 0.416015625 0.3680555555555556 0.408203125 0.3680555555555556 0.404296875 0.375 0.40234375 0.4409722222222222 0.390625 0.4652777777777778 0.390625 0.4861111111111111 0.38671875 0.4861111111111111 0.384765625 0.4895833333333333 0.376953125 0.4895833333333333 0.375 0.4826388888888889 0.376953125 0.4791666666666667 0.376953125 0.4583333333333333 0.37890625 0.4548611111111111 0.37890625 0.4201388888888889 0.3828125 0.4027777777777778 0.3828125 0.3680555555555556 0.380859375 0.3611111111111111 0.384765625 0.3506944444444444 0.392578125 0.34375 0.392578125 0.3333333333333333 0.390625 0.3298611111111111
2 0.314453125 0.3715277777777778 0.31640625 0.3854166666666667 0.3203125 0.3958333333333333 0.3203125 0.40625 0.3125 0.40625 0.310546875 0.4131944444444444 0.306640625 0.4166666666666667 0.3046875 0.4236111111111111 0.3046875 0.4340277777777778 0.30078125 0.4409722222222222 0.296875 0.4375 0.296875 0.3993055555555556 0.30078125 0.3923611111111111 0.30078125 0.375 0.3046875 0.3680555555555556 0.310546875 0.3680555555555556 0.3125 0.3715277777777778
2 0.953125 0.5520833333333334 0.96484375 0.5763888888888888 0.96484375 0.6006944444444444 0.96875 0.6180555555555556 0.96875 0.6493055555555556 0.966796875 0.65625 0.970703125 0.6597222222222222 0.97265625 0.6736111111111112 0.978515625 0.6875 0.978515625 0.6909722222222222 0.974609375 0.6909722222222222 0.96875 0.6840277777777778 0.96484375 0.6736111111111112 0.9609375 0.6770833333333334 0.966796875 0.6979166666666666 0.970703125 0.7048611111111112 0.970703125 0.7118055555555556 0.966796875 0.7152777777777778 0.962890625 0.7152777777777778 0.95703125 0.6944444444444444 0.94921875 0.6840277777777778 0.947265625 0.6770833333333334 0.947265625 0.6666666666666666 0.9453125 0.6631944444444444 0.9453125 0.6458333333333334 0.947265625 0.6423611111111112 0.943359375 0.6354166666666666 0.939453125 0.6354166666666666 0.9375 0.6319444444444444 0.9375 0.6215277777777778 0.935546875 0.6180555555555556 0.935546875 0.5763888888888888 0.9375 0.5729166666666666 0.9375 0.5659722222222222 0.943359375 0.5486111111111112 0.94921875 0.5486111111111112 0.951171875 0.5520833333333334
2 0.48828125 0.3680555555555556 0.490234375 0.375 0.490234375 0.3888888888888889 0.494140625 0.3993055555555556 0.494140625 0.4131944444444444 0.486328125 0.4340277777777778 0.486328125 0.46875 0.482421875 0.4722222222222222 0.482421875 0.4791666666666667 0.490234375 0.4895833333333333 0.48828125 0.4930555555555556 0.490234375 0.5 0.484375 0.5069444444444444 0.484375 0.5208333333333334 0.48046875 0.5208333333333334 0.478515625 0.5173611111111112 0.48046875 0.4861111111111111 0.47265625 0.4756944444444444 0.47265625 0.4652777777777778 0.466796875 0.4548611111111111 0.462890625 0.4583333333333333 0.45703125 0.4583333333333333 0.453125 0.4652777777777778 0.44921875 0.4791666666666667 0.45703125 0.4861111111111111 0.45703125 0.4930555555555556 0.453125 0.5034722222222222 0.451171875 0.5034722222222222 0.447265625 0.4930555555555556 0.443359375 0.4965277777777778 0.435546875 0.4965277777777778 0.4453125 0.4756944444444444 0.4453125 0.46875 0.44921875 0.4548611111111111 0.451171875 0.4548611111111111 0.46484375 0.4270833333333333 0.46484375 0.4201388888888889 0.458984375 0.40625 0.4609375 0.3958333333333333 0.466796875 0.3854166666666667 0.47265625 0.3819444444444444 0.48046875 0.3680555555555556 0.486328125 0.3680555555555556
2 0.3203125 0.4097222222222222 0.32421875 0.4166666666666667 0.3203125 0.4270833333333333 0.326171875 0.4375 0.326171875 0.4895833333333333 0.328125 0.4930555555555556 0.328125 0.5104166666666666 0.330078125 0.5138888888888888 0.330078125 0.5347222222222222 0.328125 0.5416666666666666 0.32421875 0.5451388888888888 0.32421875 0.53125 0.3203125 0.5173611111111112 0.31640625 0.5104166666666666 0.3125 0.5104166666666666 0.3046875 0.5243055555555556 0.296875 0.5520833333333334 0.29296875 0.5520833333333334 0.294921875 0.5451388888888888 0.294921875 0.5208333333333334 0.296875 0.5138888888888888 0.30078125 0.5138888888888888 0.306640625 0.5034722222222222 0.306640625 0.4930555555555556 0.30859375 0.4895833333333333 0.30859375 0.4826388888888889 0.30078125 0.4583333333333333 0.30078125 0.4444444444444444 0.3046875 0.4375 0.3046875 0.4236111111111111 0.3125 0.4097222222222222 0.318359375 0.4097222222222222
2 0.447265625 0.3229166666666667 0.44921875 0.3333333333333333 0.455078125 0.34375 0.455078125 0.3472222222222222 0.443359375 0.3680555555555556 0.443359375 0.3854166666666667 0.447265625 0.3958333333333333 0.447265625 0.40625 0.44140625 0.4166666666666667 0.435546875 0.4027777777777778 0.431640625 0.3715277777777778 0.43359375 0.3680555555555556 0.43359375 0.3402777777777778 0.439453125 0.3229166666666667 0.4453125 0.3229166666666667
2 0.40625 0.3541666666666667 0.404296875 0.3472222222222222 0.404296875 0.3368055555555556 0.40625 0.3298611111111111 0.41015625 0.3263888888888889 0.416015625 0.3125 0.421875 0.3125 0.423828125 0.3159722222222222 0.423828125 0.3298611111111111 0.427734375 0.3368055555555556 0.427734375 0.34375 0.4296875 0.3472222222222222 0.4296875 0.375 0.42578125 0.3854166666666667 0.42578125 0.4236111111111111 0.4296875 0.4270833333333333 0.43359375 0.4375 0.43359375 0.4618055555555556 0.435546875 0.4652777777777778 0.43359375 0.46875 0.4296875 0.4583333333333333 0.4296875 0.4479166666666667 0.42578125 0.4340277777777778 0.41796875 0.4270833333333333 0.416015625 0.4166666666666667 0.412109375 0.4097222222222222 0.404296875 0.4201388888888889 0.404296875 0.3888888888888889 0.40625 0.3854166666666667 0.40625 0.3715277777777778 0.416015625 0.3715277777777778 0.41796875 0.3680555555555556 0.408203125 0.3541666666666667
2 0.63671875 0.10416666666666667 0.642578125 0.10069444444444445 0.646484375 0.1076388888888889 0.646484375 0.11805555555555555 0.658203125 0.14930555555555555 0.658203125 0.15625 0.66015625 0.1597222222222222 0.658203125 0.1909722222222222 0.6640625 0.20833333333333334 0.6640625 0.2222222222222222 0.662109375 0.22569444444444445 0.658203125 0.2048611111111111 0.65234375 0.19791666666666666 0.650390625 0.2013888888888889 0.65234375 0.20833333333333334 0.65234375 0.21875 0.650390625 0.2222222222222222 0.64453125 0.2222222222222222 0.646484375 0.20833333333333334 0.638671875 0.1909722222222222 0.638671875 0.18055555555555555 0.64453125 0.16666666666666666 0.64453125 0.1597222222222222 0.638671875 0.14930555555555555 0.630859375 0.1527777777777778 0.638671875 0.13541666666666666 0.63671875 0.1284722222222222 0.63671875 0.11805555555555555 0.634765625 0.11458333333333333 0.63671875 0.1076388888888889
2 0.517578125 0.3402777777777778 0.5234375 0.375 0.525390625 0.3784722222222222 0.521484375 0.3958333333333333 0.517578125 0.4027777777777778 0.51953125 0.4097222222222222 0.51953125 0.4340277777777778 0.52734375 0.4513888888888889 0.525390625 0.4548611111111111 0.5234375 0.4513888888888889 0.517578125 0.46875 0.517578125 0.4756944444444444 0.515625 0.4791666666666667 0.517578125 0.4826388888888889 0.517578125 0.4930555555555556 0.515625 0.4965277777777778 0.51171875 0.4965277777777778 0.51171875 0.4479166666666667 0.505859375 0.4375 0.501953125 0.4375 0.498046875 0.4444444444444444 0.498046875 0.4513888888888889 0.49609375 0.4548611111111111 0.49609375 0.4826388888888889 0.4921875 0.4826388888888889 0.4921875 0.4652777777777778 0.490234375 0.4618055555555556 0.490234375 0.4305555555555556 0.498046875 0.4097222222222222 0.49609375 0.40625 0.49609375 0.3958333333333333 0.4921875 0.3888888888888889 0.4921875 0.375 0.49609375 0.3680555555555556 0.49609375 0.3611111111111111 0.50390625 0.3506944444444444 0.5078125 0.3368055555555556 0.513671875 0.3368055555555556 0.515625 0.3402777777777778
2 0.4453125 0.3611111111111111 0.451171875 0.3576388888888889 0.45703125 0.34375 0.462890625 0.34375 0.466796875 0.3541666666666667 0.466796875 0.3611111111111111 0.470703125 0.3680555555555556 0.470703125 0.3784722222222222 0.46484375 0.3819444444444444 0.455078125 0.4027777777777778 0.455078125 0.4097222222222222 0.462890625 0.4166666666666667 0.462890625 0.4270833333333333 0.455078125 0.4340277777777778 0.451171875 0.4340277777777778 0.4453125 0.4409722222222222 0.443359375 0.4479166666666667 0.443359375 0.4583333333333333 0.439453125 0.4652777777777778 0.439453125 0.4826388888888889 0.43359375 0.4826388888888889 0.43359375 0.4722222222222222 0.435546875 0.46875 0.435546875 0.4479166666666667 0.4453125 0.4097222222222222 0.4453125 0.3993055555555556 0.443359375 0.3958333333333333 0.443359375 0.3680555555555556 0.4453125 0.3645833333333333
2 0.3828125 0.3298611111111111 0.38671875 0.3263888888888889 0.392578125 0.3263888888888889 0.396484375 0.3333333333333333 0.396484375 0.3402777777777778 0.38671875 0.3506944444444444 0.380859375 0.3611111111111111 0.3828125 0.3854166666666667 0.380859375 0.3923611111111111 0.376953125 0.3958333333333333 0.37890625 0.4027777777777778 0.37890625 0.4236111111111111 0.376953125 0.4270833333333333 0.376953125 0.4513888888888889 0.373046875 0.4618055555555556 0.373046875 0.46875 0.375 0.4722222222222222 0.3671875 0.46875 0.375 0.4409722222222222 0.375 0.4270833333333333 0.3671875 0.4131944444444444 0.36328125 0.4131944444444444 0.33984375 0.4548611111111111 0.33984375 0.4618055555555556 0.337890625 0.4652777777777778 0.333984375 0.4652777777777778 0.33203125 0.4618055555555556 0.33203125 0.4583333333333333 0.33984375 0.4444444444444444 0.341796875 0.4340277777777778 0.349609375 0.4201388888888889 0.3515625 0.3993055555555556 0.35546875 0.3819444444444444 0.361328125 0.3715277777777778 0.36328125 0.3715277777777778 0.380859375 0.3402777777777778 0.3828125 0.3333333333333333