0 0.314453125 0.2986111111111111 0.31640625 0.3020833333333333 0.31640625 0.3125 0.314453125 0.3159722222222222 0.30859375 0.3090277777777778 0.30859375 0.3020833333333333 0.3125 0.2986111111111111
0 0.876953125 0.3368055555555556 0.880859375 0.34375 0.880859375 0.3541666666666667 0.876953125 0.3576388888888889 0.87109375 0.3576388888888889 0.87109375 0.3402777777777778 0.875 0.3402777777777778
0 0.412109375 0.3125 0.4140625 0.3263888888888889 0.41015625 0.3298611111111111 0.40625 0.3298611111111111 0.404296875 0.3263888888888889 0.404296875 0.3159722222222222 0.41015625 0.3125
0 0.392578125 0.3090277777777778 0.396484375 0.3194444444444444 0.39453125 0.3229166666666667 0.38671875 0.3194444444444444 0.38671875 0.3125 0.390625 0.3090277777777778
0 0.95703125 0.6215277777777778 0.962890625 0.6284722222222222 0.962890625 0.6388888888888888 0.953125 0.6458333333333334 0.94921875 0.6423611111111112 0.94921875 0.625 0.955078125 0.6215277777777778
0 0.35546875 0.3541666666666667 0.35546875 0.3402777777777778 0.357421875 0.3368055555555556 0.36328125 0.3368055555555556 0.365234375 0.3402777777777778 0.365234375 0.3506944444444444 0.36328125 0.3541666666666667 0.357421875 0.3541666666666667
0 0.478515625 0.2951388888888889 0.478515625 0.3090277777777778 0.47265625 0.3090277777777778 0.470703125 0.3055555555555556 0.470703125 0.3020833333333333 0.4765625 0.2951388888888889
0 0.806640625 0.2604166666666667 0.814453125 0.2604166666666667 0.81640625 0.2673611111111111 0.806640625 0.2743055555555556 0.8046875 0.2708333333333333 0.806640625 0.2638888888888889
0 0.71484375 0.3402777777777778 0.716796875 0.34375 0.716796875 0.3506944444444444 0.71484375 0.3541666666666667 0.70703125 0.3541666666666667 0.70703125 0.3472222222222222 0.712890625 0.3402777777777778
0 0.669921875 0.3784722222222222 0.671875 0.375 0.671875 0.3680555555555556 0.67578125 0.3611111111111111 0.677734375 0.3611111111111111 0.68359375 0.3715277777777778 0.681640625 0.3784722222222222 0.677734375 0.3784722222222222 0.67578125 0.3819444444444444 0.671875 0.3784722222222222
0 0.49609375 0.3159722222222222 0.49609375 0.3020833333333333 0.498046875 0.2986111111111111 0.50390625 0.2986111111111111 0.505859375 0.3055555555555556 0.505859375 0.3125 0.50390625 0.3159722222222222 0.498046875 0.3159722222222222
0 0.380859375 0.34375 0.3828125 0.3576388888888889 0.376953125 0.3576388888888889 0.375 0.3541666666666667 0.375 0.3472222222222222 0.37890625 0.34375
0 0.43307291666666664 0.3162037037037037 0.011979166666666666 0.019444444444444445
0 0.96484375 0.6736111111111112 0.97265625 0.6840277777777778 0.970703125 0.6979166666666666 0.95703125 0.6979166666666666 0.955078125 0.6909722222222222 0.955078125 0.6805555555555556 0.962890625 0.6736111111111112
1 0.431640625 0.3611111111111111 0.447265625 0.375 0.44921875 0.3888888888888889 0.44140625 0.3888888888888889 0.439453125 0.3923611111111111 0.4375 0.3888888888888889 0.42578125 0.3888888888888889 0.423828125 0.3854166666666667 0.423828125 0.375 0.4296875 0.3645833333333333
1 0.314453125 0.3159722222222222 0.3203125 0.3298611111111111 0.3203125 0.3576388888888889 0.31640625 0.3576388888888889 0.314453125 0.3611111111111111 0.310546875 0.3576388888888889 0.3046875 0.3576388888888889 0.302734375 0.3541666666666667 0.302734375 0.3298611111111111 0.3046875 0.3263888888888889 0.3046875 0.3194444444444444 0.30859375 0.3125 0.3125 0.3159722222222222
1 0.986328125 0.03819444444444445 0.990234375 0.04861111111111111 0.982421875 0.0763888888888889 0.97265625 0.0763888888888889 0.97265625 0.04861111111111111 0.970703125 0.04513888888888889 0.974609375 0.03819444444444445 0.984375 0.03819444444444445
1 0.404296875 0.3298611111111111 0.416015625 0.3298611111111111 0.412109375 0.3402777777777778 0.4140625 0.3472222222222222 0.4140625 0.375 0.412109375 0.3784722222222222 0.40234375 0.375 0.400390625 0.3506944444444444 0.404296875 0.3333333333333333
1 0.49609375 0.3229166666666667 0.5 0.3194444444444444 0.505859375 0.3194444444444444 0.5078125 0.3298611111111111 0.51171875 0.3368055555555556 0.5078125 0.3472222222222222 0.5 0.3506944444444444 0.494140625 0.3402777777777778 0.494140625 0.3298611111111111 0.49609375 0.3263888888888889
1 0.38671875 0.3194444444444444 0.39453125 0.3263888888888889 0.39453125 0.34375 0.390625 0.3576388888888889 0.38671875 0.3576388888888889 0.38671875 0.3541666666666667 0.3828125 0.3506944444444444 0.37890625 0.3402777777777778 0.37890625 0.3298611111111111 0.380859375 0.3229166666666667 0.384765625 0.3194444444444444
1 0.95703125 0.6805555555555556 0.95703125 0.6736111111111112 0.953125 0.6597222222222222 0.953125 0.6493055555555556 0.958984375 0.6423611111111112 0.96484375 0.6423611111111112 0.970703125 0.6527777777777778 0.974609375 0.6666666666666666 0.974609375 0.6805555555555556 0.970703125 0.6840277777777778 0.966796875 0.6770833333333334 0.9609375 0.6770833333333334 0.95703125 0.6840277777777778
1 0.373046875 0.3576388888888889 0.384765625 0.3680555555555556 0.384765625 0.375 0.388671875 0.3888888888888889 0.388671875 0.3993055555555556 0.38671875 0.4027777777777778 0.384765625 0.3993055555555556 0.375 0.3993055555555556 0.37109375 0.3923611111111111 0.37109375 0.3854166666666667 0.365234375 0.3715277777777778 0.365234375 0.3645833333333333 0.37109375 0.3576388888888889
1 0.36328125 0.3541666666666667 0.3671875 0.3576388888888889 0.365234375 0.3611111111111111 0.365234375 0.3715277777777778 0.369140625 0.3819444444444444 0.369140625 0.3888888888888889 0.3671875 0.3923611111111111 0.35546875 0.3923611111111111 0.357421875 0.3576388888888889 0.361328125 0.3541666666666667
1 0.474609375 0.3090277777777778 0.48046875 0.3159722222222222 0.48046875 0.3368055555555556 0.47265625 0.3541666666666667 0.470703125 0.3506944444444444 0.462890625 0.3506944444444444 0.462890625 0.34375 0.466796875 0.3298611111111111 0.466796875 0.3194444444444444 0.46875 0.3125 0.47265625 0.3090277777777778
1 0.802734375 0.2777777777777778 0.806640625 0.2743055555555556 0.81640625 0.2743055555555556 0.8203125 0.2777777777777778 0.8203125 0.3090277777777778 0.818359375 0.3125 0.80859375 0.3125 0.802734375 0.28125
1 0.421875 0.3298611111111111 0.42578125 0.3263888888888889 0.431640625 0.3263888888888889 0.43359375 0.3229166666666667 0.439453125 0.3229166666666667 0.439453125 0.3298611111111111 0.44140625 0.3333333333333333 0.44140625 0.3645833333333333 0.4375 0.3645833333333333 0.42578125 0.3472222222222222 0.421875 0.3506944444444444 0.421875 0.3333333333333333
1 0.880859375 0.3576388888888889 0.884765625 0.3576388888888889 0.888671875 0.3680555555555556 0.888671875 0.3888888888888889 0.88671875 0.3923611111111111 0.880859375 0.3923611111111111 0.875 0.3854166666666667 0.875 0.3715277777777778 0.880859375 0.3611111111111111
1 0.671875 0.3784722222222222 0.673828125 0.3819444444444444 0.677734375 0.3819444444444444 0.68359375 0.375 0.689453125 0.3784722222222222 0.6875 0.40625 0.685546875 0.4097222222222222 0.681640625 0.4097222222222222 0.6796875 0.40625 0.67578125 0.4097222222222222 0.669921875 0.3958333333333333 0.669921875 0.3819444444444444
1 0.72265625 0.3576388888888889 0.724609375 0.3611111111111111 0.724609375 0.3854166666666667 0.7109375 0.3854166666666667 0.70703125 0.3784722222222222 0.70703125 0.3680555555555556 0.705078125 0.3645833333333333 0.70703125 0.3576388888888889 0.7109375 0.3576388888888889 0.712890625 0.3541666666666667 0.71875 0.3541666666666667 0.720703125 0.3576388888888889
1 0.54296875 0.09027777777777778 0.541015625 0.08680555555555555 0.541015625 0.05555555555555555 0.54296875 0.052083333333333336 0.560546875 0.052083333333333336 0.55859375 0.06944444444444445 0.556640625 0.07291666666666667 0.55078125 0.07291666666666667 0.546875 0.0763888888888889 0.54296875 0.08680555555555555
2 0.42578125 0.3506944444444444 0.435546875 0.3645833333333333 0.439453125 0.3645833333333333 0.447265625 0.375 0.451171875 0.3854166666666667 0.453125 0.40625 0.458984375 0.4166666666666667 0.458984375 0.4236111111111111 0.470703125 0.4375 0.470703125 0.4479166666666667 0.466796875 0.4479166666666667 0.458984375 0.4340277777777778 0.453125 0.4305555555555556 0.44921875 0.4201388888888889 0.439453125 0.40625 0.435546875 0.4131944444444444 0.435546875 0.4201388888888889 0.43359375 0.4236111111111111 0.4375 0.4409722222222222 0.427734375 0.4409722222222222 0.4296875 0.4375 0.4296875 0.4305555555555556 0.423828125 0.4131944444444444 0.42578125 0.40625 0.42578125 0.3888888888888889 0.423828125 0.3854166666666667 0.423828125 0.3715277777777778 0.421875 0.3680555555555556 0.421875 0.3576388888888889 0.423828125 0.3541666666666667
2 0.31614583333333335 0.3680555555555556 0.028125 0.1398148148148148
2 0.966796875 0.6770833333333334 0.970703125 0.6840277777777778 0.970703125 0.6909722222222222 0.982421875 0.71875 0.982421875 0.7256944444444444 0.98828125 0.7395833333333334 0.986328125 0.7708333333333334 0.978515625 0.78125 0.986328125 0.7986111111111112 0.986328125 0.8090277777777778 0.982421875 0.8125 0.978515625 0.8090277777777778 0.98046875 0.8020833333333334 0.97265625 0.7881944444444444 0.9609375 0.78125 0.9609375 0.7777777777777778 0.962890625 0.7777777777777778 0.966796875 0.7673611111111112 0.966796875 0.7395833333333334 0.962890625 0.7361111111111112 0.95703125 0.7430555555555556 0.94921875 0.7465277777777778 0.951171875 0.7395833333333334 0.95703125 0.7361111111111112 0.9609375 0.7291666666666666 0.9609375 0.7222222222222222 0.95703125 0.7152777777777778 0.958984375 0.7118055555555556 0.95703125 0.6805555555555556 0.958984375 0.6770833333333334 0.96484375 0.6770833333333334
2 0.396484375 0.4375 0.396484375 0.4201388888888889 0.392578125 0.4097222222222222 0.39453125 0.40625 0.396484375 0.3854166666666667 0.400390625 0.375 0.400390625 0.3402777777777778 0.40234375 0.3368055555555556 0.40234375 0.3263888888888889 0.408203125 0.3125 0.41015625 0.3125 0.416015625 0.3263888888888889 0.41796875 0.3680555555555556 0.416015625 0.3715277777777778 0.416015625 0.3784722222222222 0.404296875 0.4027777777777778 0.404296875 0.4131944444444444 0.408203125 0.4270833333333333 0.408203125 0.4409722222222222 0.400390625 0.4409722222222222 0.3984375 0.4375
2 0.95703125 0.6215277777777778 0.9609375 0.625 0.962890625 0.6388888888888888 0.970703125 0.6527777777777778 0.974609375 0.6701388888888888 0.98828125 0.6840277777777778 0.990234375 0.6909722222222222 0.990234375 0.7013888888888888 0.998046875 0.7222222222222222 0.998046875 0.7326388888888888 0.98828125 0.7256944444444444 0.98046875 0.7118055555555556 0.98046875 0.7083333333333334 0.974609375 0.6979166666666666 0.97265625 0.6875 0.96484375 0.6736111111111112 0.9609375 0.6736111111111112 0.95703125 0.6805555555555556 0.955078125 0.6736111111111112 0.955078125 0.6631944444444444 0.953125 0.6597222222222222 0.953125 0.6493055555555556 0.94921875 0.6423611111111112 0.94921875 0.6284722222222222 0.955078125 0.6215277777777778
2 0.38671875 0.4340277777777778 0.390625 0.4340277777777778 0.392578125 0.4375 0.392578125 0.4548611111111111 0.390625 0.4548611111111111 0.38671875 0.4444444444444444 0.38671875 0.4375
2 0.345703125 0.3263888888888889 0.345703125 0.3333333333333333 0.3515625 0.3472222222222222 0.353515625 0.3472222222222222 0.357421875 0.3368055555555556 0.36328125 0.3368055555555556 0.3671875 0.34375 0.3671875 0.3506944444444444 0.369140625 0.3541666666666667 0.365234375 0.3611111111111111 0.365234375 0.3715277777777778 0.369140625 0.3819444444444444 0.369140625 0.40625 0.365234375 0.4131944444444444 0.357421875 0.4131944444444444 0.35546875 0.4166666666666667 0.353515625 0.4236111111111111 0.353515625 0.4409722222222222 0.35546875 0.4444444444444444 0.35546875 0.4513888888888889 0.345703125 0.4513888888888889 0.349609375 0.4444444444444444 0.34765625 0.4097222222222222 0.35546875 0.3923611111111111 0.35546875 0.3611111111111111 0.349609375 0.3541666666666667 0.34765625 0.34375 0.34375 0.3368055555555556 0.34375 0.3298611111111111
2 0.458984375 0.4097222222222222 0.462890625 0.3958333333333333 0.458984375 0.3854166666666667 0.462890625 0.3715277777777778 0.4609375 0.3680555555555556 0.4609375 0.3472222222222222 0.46484375 0.3402777777777778 0.466796875 0.3159722222222222 0.474609375 0.2951388888888889 0.478515625 0.2986111111111111 0.48046875 0.3368055555555556 0.474609375 0.3506944444444444 0.474609375 0.3854166666666667 0.47265625 0.3923611111111111 0.46875 0.3958333333333333 0.462890625 0.4097222222222222 0.4609375 0.4097222222222222
2 0.80078125 0.3229166666666667 0.802734375 0.2777777777777778 0.80859375 0.2604166666666667 0.814453125 0.2604166666666667 0.81640625 0.2708333333333333 0.8203125 0.2777777777777778 0.8203125 0.3402777777777778 0.82421875 0.3541666666666667 0.82421875 0.3680555555555556 0.8203125 0.3645833333333333 0.8203125 0.3576388888888889 0.814453125 0.34375 0.80859375 0.34375 0.806640625 0.3402777777777778 0.806640625 0.3298611111111111 0.802734375 0.3229166666666667
2 0.712890625 0.3402777777777778 0.716796875 0.34375 0.716796875 0.3472222222222222 0.73828125 0.3819444444444444 0.73828125 0.3888888888888889 0.734375 0.3854166666666667 0.73046875 0.375 0.728515625 0.375 0.724609375 0.3819444444444444 0.724609375 0.3958333333333333 0.716796875 0.4201388888888889 0.71484375 0.4166666666666667 0.7109375 0.4236111111111111 0.7109375 0.4305555555555556 0.708984375 0.4340277777777778 0.705078125 0.4340277777777778 0.70703125 0.4270833333333333 0.705078125 0.4201388888888889 0.70703125 0.375 0.703125 0.3611111111111111 0.70703125 0.3472222222222222 0.7109375 0.34375
2 0.689453125 0.3784722222222222 0.69140625 0.3854166666666667 0.69140625 0.3958333333333333 0.6953125 0.4097222222222222 0.6953125 0.4166666666666667 0.69140625 0.4270833333333333 0.693359375 0.4652777777777778 0.689453125 0.4618055555555556 0.6875 0.4479166666666667 0.68359375 0.4409722222222222 0.6796875 0.4409722222222222 0.677734375 0.4375 0.673828125 0.4236111111111111 0.673828125 0.4131944444444444 0.669921875 0.4027777777777778 0.669921875 0.3923611111111111 0.66796875 0.3888888888888889 0.669921875 0.375 0.673828125 0.3645833333333333 0.6796875 0.3645833333333333 0.6875 0.3784722222222222
2 0.501953125 0.2986111111111111 0.505859375 0.3055555555555556 0.505859375 0.3194444444444444 0.513671875 0.3402777777777778 0.513671875 0.3680555555555556 0.521484375 0.3784722222222222 0.517578125 0.3888888888888889 0.51953125 0.4131944444444444 0.513671875 0.4131944444444444 0.513671875 0.3993055555555556 0.51171875 0.3923611111111111 0.5 0.375 0.5 0.3506944444444444 0.490234375 0.3368055555555556 0.48828125 0.3402777777777778 0.484375 0.3402777777777778 0.482421875 0.3368055555555556 0.484375 0.3263888888888889 0.48828125 0.3263888888888889 0.494140625 0.3159722222222222 0.49609375 0.3020833333333333 0.5 0.2986111111111111
2 0.8770833333333333 0.38564814814814813 0.025 0.09722222222222222