0 0.23828125 0.2534722222222222 0.240234375 0.2569444444444444 0.240234375 0.2673611111111111 0.23828125 0.2708333333333333 0.234375 0.2708333333333333 0.232421875 0.2673611111111111 0.232421875 0.2569444444444444 0.236328125 0.2534722222222222
0 0.91796875 0.20833333333333334 0.921875 0.2152777777777778 0.921875 0.2222222222222222 0.919921875 0.22569444444444445 0.9140625 0.22569444444444445 0.912109375 0.2222222222222222 0.912109375 0.2152777777777778 0.916015625 0.21180555555555555
0 0.53125 0.2326388888888889 0.537109375 0.2326388888888889 0.5390625 0.2361111111111111 0.5390625 0.24305555555555555 0.537109375 0.2465277777777778 0.53125 0.2465277777777778 0.53125 0.2361111111111111
0 0.689453125 0.3020833333333333 0.6953125 0.2986111111111111 0.69921875 0.3055555555555556 0.69921875 0.3125 0.693359375 0.3194444444444444 0.689453125 0.3159722222222222 0.689453125 0.3055555555555556
0 0.7403645833333333 0.6435185185185186 0.0171875 0.027777777777777776
0 0.35703125 0.23240740740740742 0.013020833333333334 0.018518518518518517
0 0.544921875 0.3611111111111111 0.552734375 0.3611111111111111 0.5546875 0.3645833333333333 0.552734375 0.3715277777777778 0.546875 0.3715277777777778 0.544921875 0.3645833333333333
0 0.802734375 0.5 0.8125 0.5 0.814453125 0.5034722222222222 0.814453125 0.5138888888888888 0.810546875 0.5173611111111112 0.802734375 0.5173611111111112 0.80078125 0.5104166666666666 0.802734375 0.5034722222222222
0 0.66796875 0.625 0.677734375 0.625 0.681640625 0.6319444444444444 0.677734375 0.6423611111111112 0.671875 0.6423611111111112 0.666015625 0.6354166666666666 0.66796875 0.6284722222222222
0 0.4427083333333333 0.2828703703703704 0.0125 0.021296296296296296
0 0.341796875 0.23958333333333334 0.345703125 0.22916666666666666 0.349609375 0.2326388888888889 0.349609375 0.23958333333333334 0.34375 0.23958333333333334
0 0.556640625 0.1875 0.556640625 0.19791666666666666 0.552734375 0.19791666666666666 0.55078125 0.19444444444444445 0.55078125 0.1909722222222222 0.5546875 0.1875
0 0.396484375 0.2951388888888889 0.400390625 0.3020833333333333 0.400390625 0.3090277777777778 0.392578125 0.3090277777777778 0.390625 0.3055555555555556 0.390625 0.2986111111111111 0.39453125 0.2951388888888889
0 0.697265625 0.4895833333333333 0.701171875 0.4930555555555556 0.701171875 0.5069444444444444 0.69921875 0.5104166666666666 0.6875 0.5 0.689453125 0.4930555555555556 0.6953125 0.4895833333333333
0 0.57421875 0.17708333333333334 0.578125 0.18055555555555555 0.578125 0.1909722222222222 0.5703125 0.1909722222222222 0.568359375 0.1875 0.5703125 0.18055555555555555 0.572265625 0.18055555555555555
0 0.419921875 0.2638888888888889 0.423828125 0.2708333333333333 0.423828125 0.2777777777777778 0.421875 0.28125 0.41796875 0.28125 0.4140625 0.2743055555555556 0.4140625 0.2673611111111111 0.41796875 0.2638888888888889
0 0.46484375 0.2842592592592592 0.013020833333333334 0.02037037037037037
0 0.34322916666666664 0.2601851851851852 0.011458333333333333 0.02037037037037037
0 0.380859375 0.3194444444444444 0.388671875 0.3263888888888889 0.388671875 0.3368055555555556 0.384765625 0.3368055555555556 0.380859375 0.3298611111111111 0.380859375 0.3229166666666667
1 0.5390625 0.24305555555555555 0.55078125 0.2569444444444444 0.552734375 0.28125 0.55078125 0.2847222222222222 0.548828125 0.28125 0.544921875 0.28125 0.537109375 0.2673611111111111 0.53515625 0.2604166666666667 0.53515625 0.2465277777777778 0.537109375 0.2465277777777778
1 0.748046875 0.6458333333333334 0.759765625 0.65625 0.767578125 0.6840277777777778 0.763671875 0.6840277777777778 0.76171875 0.6875 0.748046875 0.6875 0.7421875 0.6770833333333334 0.740234375 0.6770833333333334 0.740234375 0.65625 0.74609375 0.6493055555555556
1 0.36302083333333335 0.2592592592592593 0.016666666666666666 0.0462962962962963
1 0.435546875 0.3159722222222222 0.4375 0.3125 0.435546875 0.2881944444444444 0.4375 0.2847222222222222 0.44921875 0.2881944444444444 0.44921875 0.2951388888888889 0.451171875 0.2986111111111111 0.44921875 0.3159722222222222 0.447265625 0.3194444444444444 0.4375 0.3194444444444444
1 0.81640625 0.5173611111111112 0.826171875 0.5243055555555556 0.830078125 0.53125 0.830078125 0.5381944444444444 0.83203125 0.5416666666666666 0.83203125 0.5486111111111112 0.830078125 0.5520833333333334 0.8203125 0.5451388888888888 0.810546875 0.5451388888888888 0.806640625 0.5486111111111112 0.8046875 0.5208333333333334 0.810546875 0.5208333333333334 0.814453125 0.5173611111111112
1 0.55078125 0.375 0.552734375 0.3784722222222222 0.552734375 0.3923611111111111 0.55078125 0.3958333333333333 0.55078125 0.4236111111111111 0.548828125 0.4270833333333333 0.544921875 0.4270833333333333 0.5390625 0.4201388888888889 0.529296875 0.4201388888888889 0.529296875 0.40625 0.53515625 0.3888888888888889 0.53515625 0.3819444444444444 0.5390625 0.375 0.54296875 0.375 0.544921875 0.3715277777777778 0.548828125 0.375
1 0.412109375 0.2743055555555556 0.423828125 0.2847222222222222 0.416015625 0.3020833333333333 0.416015625 0.3090277777777778 0.408203125 0.3125 0.404296875 0.3055555555555556 0.41015625 0.2777777777777778
1 0.390625 0.3333333333333333 0.396484375 0.3298611111111111 0.404296875 0.3368055555555556 0.408203125 0.3472222222222222 0.408203125 0.3680555555555556 0.41015625 0.3715277777777778 0.41015625 0.375 0.404296875 0.3819444444444444 0.396484375 0.3819444444444444 0.392578125 0.3784722222222222 0.392578125 0.375 0.38671875 0.3645833333333333 0.38671875 0.3472222222222222 0.390625 0.3368055555555556
1 0.5729166666666666 0.20324074074074072 0.020833333333333332 0.03425925925925926
1 0.4239583333333333 0.3111111111111111 0.025 0.05185185185185185
1 0.353515625 0.2465277777777778 0.357421875 0.2569444444444444 0.35546875 0.2708333333333333 0.353515625 0.2708333333333333 0.345703125 0.2847222222222222 0.328125 0.2847222222222222 0.328125 0.2708333333333333 0.33203125 0.2673611111111111 0.333984375 0.2604166666666667 0.333984375 0.25 0.337890625 0.24305555555555555 0.34375 0.23958333333333334 0.3515625 0.2465277777777778
1 0.390625 0.3055555555555556 0.40234375 0.3159722222222222 0.404296875 0.3229166666666667 0.404296875 0.3368055555555556 0.3984375 0.3298611111111111 0.390625 0.3298611111111111 0.384765625 0.3194444444444444 0.388671875 0.3090277777777778
1 0.76171875 0.018518518518518517 0.0140625 0.037037037037037035
1 0.693359375 0.3506944444444444 0.693359375 0.3298611111111111 0.69140625 0.3229166666666667 0.6953125 0.3159722222222222 0.701171875 0.3159722222222222 0.7109375 0.3402777777777778 0.7109375 0.3576388888888889 0.705078125 0.3506944444444444 0.6953125 0.3506944444444444
1 0.232421875 0.2708333333333333 0.234375 0.2743055555555556 0.2421875 0.2708333333333333 0.24609375 0.2743055555555556 0.248046875 0.28125 0.248046875 0.2986111111111111 0.2421875 0.3125 0.23046875 0.3090277777777778 0.23046875 0.3055555555555556 0.224609375 0.2951388888888889 0.224609375 0.2777777777777778 0.23046875 0.2708333333333333
1 0.814453125 0 0.82421875 0 0.826171875 0.003472222222222222 0.826171875 0.017361111111111112 0.82421875 0.020833333333333332 0.82421875 0.034722222222222224 0.822265625 0.03819444444444445 0.818359375 0.03819444444444445 0.81640625 0.034722222222222224 0.814453125 0.03819444444444445 0.8125 0.034722222222222224 0.8125 0.006944444444444444 0.814453125 0.003472222222222222
1 0.921875 0.2222222222222222 0.9296875 0.2361111111111111 0.931640625 0.24305555555555555 0.931640625 0.2534722222222222 0.9296875 0.2569444444444444 0.9140625 0.2534722222222222 0.9140625 0.2465277777777778 0.916015625 0.24305555555555555 0.9140625 0.22916666666666666 0.919921875 0.22569444444444445
1 0.689453125 0.5 0.697265625 0.5138888888888888 0.697265625 0.5173611111111112 0.69140625 0.5347222222222222 0.69140625 0.5486111111111112 0.6875 0.5520833333333334 0.671875 0.5520833333333334 0.671875 0.5381944444444444 0.67578125 0.53125 0.673828125 0.5173611111111112 0.6796875 0.5069444444444444 0.6875 0.5
1 0.46848958333333335 0.3101851851851852 0.024479166666666666 0.0462962962962963
1 0.41015625 0.006944444444444444 0.4140625 0.013888888888888888 0.4140625 0.020833333333333332 0.412109375 0.027777777777777776 0.404296875 0.03819444444444445 0.404296875 0.04513888888888889 0.400390625 0.04513888888888889 0.3984375 0.041666666666666664 0.3984375 0.010416666666666666 0.40234375 0.006944444444444444 0.408203125 0.006944444444444444
1 0.669921875 0.6388888888888888 0.67578125 0.6493055555555556 0.673828125 0.6527777777777778 0.673828125 0.6597222222222222 0.66796875 0.6736111111111112 0.66796875 0.6875 0.666015625 0.6909722222222222 0.66015625 0.6909722222222222 0.654296875 0.6840277777777778 0.65234375 0.6875 0.64453125 0.6875 0.64453125 0.6805555555555556 0.654296875 0.6493055555555556 0.65625 0.6493055555555556 0.662109375 0.6388888888888888 0.66796875 0.6388888888888888
1 0.5546875 0.19791666666666666 0.556640625 0.20833333333333334 0.541015625 0.2326388888888889 0.5390625 0.22916666666666666 0.533203125 0.22916666666666666 0.533203125 0.2222222222222222 0.537109375 0.2152777777777778 0.5390625 0.2013888888888889 0.544921875 0.19444444444444445 0.55078125 0.19444444444444445 0.552734375 0.19791666666666666
1 0.380859375 0.3298611111111111 0.380859375 0.3368055555555556 0.384765625 0.34375 0.384765625 0.3506944444444444 0.3828125 0.3576388888888889 0.375 0.3680555555555556 0.357421875 0.3645833333333333 0.35546875 0.3576388888888889 0.359375 0.3472222222222222 0.365234375 0.34375 0.373046875 0.3298611111111111 0.37890625 0.3298611111111111
1 0.80078125 0 0.810546875 0 0.810546875 0.024305555555555556 0.80859375 0.027777777777777776 0.80859375 0.034722222222222224 0.802734375 0.041666666666666664 0.80078125 0.041666666666666664 0.796875 0.024305555555555556 0.796875 0.013888888888888888 0.80078125 0.003472222222222222
2 0.5703125 0.18055555555555555 0.576171875 0.18055555555555555 0.580078125 0.1875 0.58203125 0.19444444444444445 0.58203125 0.21875 0.583984375 0.2222222222222222 0.58203125 0.24305555555555555 0.576171875 0.2534722222222222 0.576171875 0.2604166666666667 0.57421875 0.2638888888888889 0.5703125 0.2638888888888889 0.5703125 0.2465277777777778 0.572265625 0.24305555555555555 0.5703125 0.23958333333333334 0.56640625 0.23958333333333334 0.560546875 0.25 0.560546875 0.2569444444444444 0.55859375 0.2569444444444444 0.55859375 0.24305555555555555 0.5625 0.22916666666666666 0.5625 0.21180555555555555 0.5703125 0.1840277777777778
2 0.7578125 0 0.767578125 0 0.767578125 0.017361111111111112 0.76953125 0.020833333333333332 0.76953125 0.052083333333333336 0.767578125 0.05555555555555555 0.767578125 0.06944444444444445 0.765625 0.07291666666666667 0.765625 0.0798611111111111 0.76171875 0.0798611111111111 0.759765625 0.08333333333333333 0.7578125 0.0798611111111111 0.7578125 0.052083333333333336 0.755859375 0.04861111111111111 0.755859375 0.010416666666666666 0.7578125 0.003472222222222222
2 0.537109375 0.2326388888888889 0.5390625 0.23958333333333334 0.55078125 0.2569444444444444 0.5546875 0.2743055555555556 0.5546875 0.28125 0.55078125 0.2916666666666667 0.55078125 0.3159722222222222 0.546875 0.3159722222222222 0.544921875 0.3194444444444444 0.544921875 0.3263888888888889 0.546875 0.3298611111111111 0.544921875 0.3333333333333333 0.5390625 0.3333333333333333 0.541015625 0.3263888888888889 0.541015625 0.3194444444444444 0.5390625 0.3159722222222222 0.5390625 0.2847222222222222 0.541015625 0.2777777777777778 0.53125 0.2465277777777778 0.53125 0.2361111111111111 0.53515625 0.2326388888888889
2 0.7421875 0.6319444444444444 0.74609375 0.6354166666666666 0.74609375 0.6388888888888888 0.751953125 0.6493055555555556 0.7578125 0.6527777777777778 0.771484375 0.6944444444444444 0.771484375 0.7048611111111112 0.767578125 0.7118055555555556 0.763671875 0.7118055555555556 0.755859375 0.7326388888888888 0.755859375 0.7604166666666666 0.76171875 0.7777777777777778 0.751953125 0.7881944444444444 0.75 0.7847222222222222 0.751953125 0.78125 0.751953125 0.7743055555555556 0.748046875 0.7708333333333334 0.75 0.7569444444444444 0.7421875 0.7361111111111112 0.74609375 0.7256944444444444 0.74609375 0.71875 0.75 0.7048611111111112 0.75 0.6909722222222222 0.7421875 0.6770833333333334 0.740234375 0.6770833333333334 0.740234375 0.6701388888888888 0.73828125 0.6631944444444444 0.734375 0.6597222222222222 0.734375 0.6527777777777778 0.732421875 0.6493055555555556 0.734375 0.6354166666666666 0.740234375 0.6319444444444444
2 0.396484375 0.2951388888888889 0.400390625 0.3020833333333333 0.40234375 0.3194444444444444 0.408203125 0.3333333333333333 0.40625 0.3368055555555556 0.400390625 0.3298611111111111 0.390625 0.3298611111111111 0.384765625 0.3194444444444444 0.390625 0.2986111111111111 0.39453125 0.2951388888888889
2 0.359375 0.22569444444444445 0.365234375 0.23958333333333334 0.365234375 0.2465277777777778 0.37109375 0.2708333333333333 0.37109375 0.2881944444444444 0.369140625 0.2951388888888889 0.373046875 0.3055555555555556 0.376953125 0.3055555555555556 0.37890625 0.3090277777777778 0.376953125 0.3159722222222222 0.373046875 0.3159722222222222 0.3671875 0.3090277777777778 0.353515625 0.3020833333333333 0.34765625 0.2881944444444444 0.349609375 0.2777777777777778 0.357421875 0.2673611111111111 0.357421875 0.2534722222222222 0.3515625 0.24305555555555555 0.3515625 0.2326388888888889 0.357421875 0.22569444444444445
2 0.431640625 0.34375 0.43359375 0.3402777777777778 0.431640625 0.3263888888888889 0.435546875 0.3125 0.435546875 0.2847222222222222 0.44140625 0.2743055555555556 0.443359375 0.2743055555555556 0.451171875 0.2951388888888889 0.44921875 0.3368055555555556 0.453125 0.3472222222222222 0.453125 0.3576388888888889 0.458984375 0.3715277777777778 0.458984375 0.3784722222222222 0.455078125 0.3784722222222222 0.453125 0.375 0.451171875 0.3576388888888889 0.443359375 0.34375 0.439453125 0.3611111111111111 0.435546875 0.3576388888888889 0.43359375 0.3472222222222222
2 0.8125 0.5 0.814453125 0.5034722222222222 0.814453125 0.5104166666666666 0.8203125 0.5208333333333334 0.828125 0.5277777777777778 0.83203125 0.5416666666666666 0.83203125 0.5555555555555556 0.830078125 0.5590277777777778 0.830078125 0.5763888888888888 0.83203125 0.5798611111111112 0.83203125 0.5868055555555556 0.828125 0.5868055555555556 0.82421875 0.59375 0.822265625 0.6111111111111112 0.81640625 0.625 0.80859375 0.625 0.810546875 0.6180555555555556 0.80859375 0.6111111111111112 0.810546875 0.59375 0.8046875 0.5763888888888888 0.8046875 0.5659722222222222 0.80078125 0.5590277777777778 0.806640625 0.5451388888888888 0.806640625 0.5381944444444444 0.802734375 0.5243055555555556 0.802734375 0.5034722222222222 0.8046875 0.5 0.810546875 0.5
2 0.521484375 0.4618055555555556 0.521484375 0.4548611111111111 0.52734375 0.4479166666666667 0.52734375 0.4166666666666667 0.53515625 0.3888888888888889 0.53515625 0.3819444444444444 0.541015625 0.375 0.546875 0.3611111111111111 0.552734375 0.3611111111111111 0.5546875 0.3680555555555556 0.552734375 0.3715277777777778 0.552734375 0.3923611111111111 0.55078125 0.3958333333333333 0.55078125 0.4340277777777778 0.548828125 0.4375 0.548828125 0.4618055555555556 0.546875 0.4652777777777778 0.548828125 0.4791666666666667 0.544921875 0.4791666666666667 0.54296875 0.4756944444444444 0.54296875 0.4479166666666667 0.541015625 0.4444444444444444 0.5390625 0.4444444444444444 0.533203125 0.4548611111111111 0.529296875 0.4548611111111111 0.5234375 0.4618055555555556
2 0.419921875 0.2638888888888889 0.423828125 0.2708333333333333 0.423828125 0.2881944444444444 0.41796875 0.2986111111111111 0.416015625 0.3125 0.41015625 0.3229166666666667 0.408203125 0.3333333333333333 0.404296875 0.3229166666666667 0.40234375 0.3020833333333333 0.40625 0.2951388888888889 0.40625 0.2881944444444444 0.412109375 0.2708333333333333 0.41796875 0.2638888888888889
2 0.40234375 0.3333333333333333 0.408203125 0.3472222222222222 0.408203125 0.3645833333333333 0.41015625 0.3680555555555556 0.41015625 0.375 0.416015625 0.3958333333333333 0.423828125 0.4131944444444444 0.42578125 0.4201388888888889 0.42578125 0.4305555555555556 0.421875 0.4270833333333333 0.416015625 0.4097222222222222 0.404296875 0.3993055555555556 0.40234375 0.3923611111111111 0.39453125 0.3923611111111111 0.392578125 0.3958333333333333 0.3984375 0.4131944444444444 0.3984375 0.4201388888888889 0.39453125 0.4236111111111111 0.39453125 0.4131944444444444 0.384765625 0.3923611111111111 0.384765625 0.3819444444444444 0.388671875 0.3715277777777778 0.38671875 0.3680555555555556 0.38671875 0.3472222222222222 0.388671875 0.34375 0.388671875 0.3368055555555556 0.392578125 0.3298611111111111 0.3984375 0.3298611111111111 0.400390625 0.3333333333333333
2 0.42265625 0.3421296296296296 0.027604166666666666 0.11944444444444444
2 0.34765625 0.2326388888888889 0.34765625 0.23958333333333334 0.353515625 0.25 0.353515625 0.2638888888888889 0.345703125 0.2881944444444444 0.34765625 0.2951388888888889 0.345703125 0.2986111111111111 0.34765625 0.3020833333333333 0.34765625 0.3090277777777778 0.34375 0.3159722222222222 0.34375 0.3333333333333333 0.345703125 0.3368055555555556 0.33984375 0.3368055555555556 0.3359375 0.3333333333333333 0.328125 0.3472222222222222 0.328125 0.3506944444444444 0.326171875 0.3506944444444444 0.322265625 0.3402777777777778 0.3125 0.3402777777777778 0.310546875 0.34375 0.306640625 0.34375 0.3046875 0.3368055555555556 0.310546875 0.3368055555555556 0.3203125 0.3229166666666667 0.318359375 0.3020833333333333 0.328125 0.2847222222222222 0.328125 0.2708333333333333 0.33203125 0.2638888888888889 0.33203125 0.2569444444444444 0.3359375 0.24305555555555555 0.345703125 0.2326388888888889
2 0.689453125 0.3993055555555556 0.689453125 0.3611111111111111 0.693359375 0.3506944444444444 0.693359375 0.3333333333333333 0.689453125 0.3229166666666667 0.689453125 0.3055555555555556 0.69140625 0.3020833333333333 0.697265625 0.3020833333333333 0.69921875 0.3055555555555556 0.69921875 0.3125 0.705078125 0.3229166666666667 0.712890625 0.3472222222222222 0.7109375 0.3680555555555556 0.705078125 0.3784722222222222 0.705078125 0.3993055555555556 0.70703125 0.4027777777777778 0.70703125 0.4097222222222222 0.705078125 0.4131944444444444 0.701171875 0.4097222222222222 0.703125 0.40625 0.703125 0.3993055555555556 0.701171875 0.3958333333333333 0.701171875 0.3854166666666667 0.697265625 0.375 0.693359375 0.3784722222222222 0.693359375 0.3993055555555556 0.69140625 0.3993055555555556
2 0.240234375 0.2569444444444444 0.2421875 0.2708333333333333 0.24609375 0.2743055555555556 0.248046875 0.28125 0.248046875 0.2986111111111111 0.244140625 0.3055555555555556 0.244140625 0.3194444444444444 0.24609375 0.3229166666666667 0.24609375 0.3506944444444444 0.234375 0.375 0.232421875 0.375 0.2265625 0.3645833333333333 0.2265625 0.3263888888888889 0.23046875 0.3090277777777778 0.228515625 0.3020833333333333 0.224609375 0.2986111111111111 0.224609375 0.28125 0.232421875 0.2638888888888889 0.232421875 0.2569444444444444 0.234375 0.2534722222222222 0.23828125 0.2569444444444444
2 0.771484375 0 0.78125 0 0.783203125 0.003472222222222222 0.78125 0.020833333333333332 0.779296875 0.024305555555555556 0.783203125 0.034722222222222224 0.783203125 0.052083333333333336 0.779296875 0.059027777777777776 0.77734375 0.0763888888888889 0.775390625 0.0798611111111111 0.771484375 0.0763888888888889 0.771484375 0.010416666666666666 0.76953125 0.006944444444444444 0.771484375 0.003472222222222222
2 0.814453125 0 0.826171875 0 0.82421875 0.052083333333333336 0.822265625 0.05555555555555555 0.822265625 0.06944444444444445 0.818359375 0.0763888888888889 0.814453125 0.0763888888888889 0.814453125 0.06597222222222222 0.8125 0.0625 0.8125 0.006944444444444444 0.814453125 0.003472222222222222
2 0.912109375 0.2604166666666667 0.916015625 0.24305555555555555 0.9140625 0.23958333333333334 0.912109375 0.2152777777777778 0.9140625 0.21180555555555555 0.919921875 0.21180555555555555 0.921875 0.2152777777777778 0.93359375 0.25 0.93359375 0.2604166666666667 0.927734375 0.2847222222222222 0.931640625 0.3125 0.923828125 0.3125 0.923828125 0.3055555555555556 0.921875 0.3020833333333333 0.919921875 0.3055555555555556 0.919921875 0.3125 0.916015625 0.3125 0.9140625 0.3159722222222222 0.91015625 0.3159722222222222 0.908203125 0.3125 0.91015625 0.3125 0.91796875 0.2951388888888889 0.91796875 0.2673611111111111 0.919921875 0.2638888888888889 0.91796875 0.2569444444444444 0.91015625 0.2638888888888889
2 0.697265625 0.4895833333333333 0.701171875 0.4965277777777778 0.701171875 0.5069444444444444 0.697265625 0.5138888888888888 0.69140625 0.5347222222222222 0.69140625 0.5486111111111112 0.693359375 0.5520833333333334 0.69921875 0.5520833333333334 0.701171875 0.5555555555555556 0.701171875 0.5625 0.693359375 0.5625 0.69140625 0.5659722222222222 0.69140625 0.5763888888888888 0.693359375 0.5798611111111112 0.69140625 0.5868055555555556 0.69140625 0.6006944444444444 0.689453125 0.6041666666666666 0.689453125 0.6284722222222222 0.69140625 0.6319444444444444 0.6875 0.6319444444444444 0.68359375 0.625 0.68359375 0.6006944444444444 0.681640625 0.5972222222222222 0.6640625 0.5972222222222222 0.66015625 0.59375 0.671875 0.5833333333333334 0.671875 0.5729166666666666 0.669921875 0.5694444444444444 0.669921875 0.5451388888888888 0.673828125 0.5347222222222222 0.673828125 0.5173611111111112 0.689453125 0.4930555555555556 0.6953125 0.4895833333333333
2 0.4609375 0.2777777777777778 0.466796875 0.2777777777777778 0.47265625 0.2881944444444444 0.4765625 0.3125 0.482421875 0.3263888888888889 0.482421875 0.3506944444444444 0.48828125 0.3715277777777778 0.48828125 0.3819444444444444 0.484375 0.3784722222222222 0.48046875 0.3680555555555556 0.478515625 0.3715277777777778 0.48046875 0.3958333333333333 0.478515625 0.3993055555555556 0.474609375 0.3993055555555556 0.474609375 0.3854166666666667 0.470703125 0.3784722222222222 0.466796875 0.3611111111111111 0.466796875 0.3298611111111111 0.4609375 0.3159722222222222 0.455078125 0.3159722222222222 0.453125 0.3125 0.453125 0.3090277777777778 0.458984375 0.2986111111111111 0.458984375 0.2847222222222222 0.4609375 0.28125
2 0.3984375 0.006944444444444444 0.412109375 0.006944444444444444 0.4140625 0.013888888888888888 0.4140625 0.024305555555555556 0.404296875 0.041666666666666664 0.404296875 0.04861111111111111 0.3984375 0.04861111111111111 0.3984375 0.03125 0.396484375 0.027777777777777776 0.396484375 0.013888888888888888 0.3984375 0.010416666666666666
2 0.677734375 0.625 0.6796875 0.6284722222222222 0.6796875 0.6388888888888888 0.67578125 0.6458333333333334 0.673828125 0.6597222222222222 0.66796875 0.6736111111111112 0.66796875 0.6875 0.677734375 0.7013888888888888 0.673828125 0.71875 0.673828125 0.7395833333333334 0.671875 0.7430555555555556 0.6796875 0.7604166666666666 0.666015625 0.7604166666666666 0.666015625 0.75 0.66796875 0.7465277777777778 0.66796875 0.71875 0.6640625 0.7118055555555556 0.66015625 0.7118055555555556 0.65234375 0.7256944444444444 0.6484375 0.7256944444444444 0.646484375 0.7291666666666666 0.6328125 0.7291666666666666 0.626953125 0.7395833333333334 0.623046875 0.7430555555555556 0.62109375 0.7395833333333334 0.62109375 0.7222222222222222 0.623046875 0.71875 0.640625 0.71875 0.64453125 0.7118055555555556 0.64453125 0.6770833333333334 0.654296875 0.6527777777777778 0.669921875 0.625 0.67578125 0.625
2 0.5390625 0.2013888888888889 0.552734375 0.1875 0.556640625 0.1909722222222222 0.556640625 0.21180555555555555 0.5546875 0.21180555555555555 0.546875 0.22569444444444445 0.5546875 0.2465277777777778 0.5546875 0.2534722222222222 0.548828125 0.2534722222222222 0.54296875 0.2465277777777778 0.541015625 0.2361111111111111 0.537109375 0.22916666666666666 0.533203125 0.2326388888888889 0.53125 0.22916666666666666 0.537109375 0.2152777777777778 0.537109375 0.20833333333333334 0.5390625 0.2048611111111111
2 0.333984375 0.3993055555555556 0.349609375 0.3923611111111111 0.35546875 0.3819444444444444 0.35546875 0.3541666666666667 0.359375 0.3472222222222222 0.365234375 0.34375 0.37109375 0.3333333333333333 0.3828125 0.3229166666666667 0.38671875 0.3263888888888889 0.384765625 0.3506944444444444 0.37890625 0.3680555555555556 0.376953125 0.3888888888888889 0.373046875 0.3958333333333333 0.373046875 0.4166666666666667 0.357421875 0.4027777777777778 0.34375 0.4027777777777778 0.33984375 0.40625 0.337890625 0.4131944444444444 0.333984375 0.4131944444444444 0.333984375 0.4027777777777778
2 0.798828125 0 0.810546875 0 0.80859375 0.059027777777777776 0.806640625 0.0625 0.806640625 0.07291666666666667 0.802734375 0.0798611111111111 0.80078125 0.0763888888888889 0.794921875 0.0763888888888889 0.796875 0.010416666666666666 0.798828125 0.003472222222222222