0 0.05859375 0.09722222222222222 0.068359375 0.09722222222222222 0.072265625 0.10069444444444445 0.072265625 0.11805555555555555 0.0703125 0.11805555555555555 0.06640625 0.1284722222222222 0.05859375 0.1284722222222222 0.0546875 0.11805555555555555 0.0546875 0.1076388888888889 0.05859375 0.10069444444444445
0 0.058333333333333334 0.07222222222222223 0.015625 0.02962962962962963
0 0.154296875 0.03819444444444445 0.1640625 0.03819444444444445 0.16796875 0.041666666666666664 0.16796875 0.0625 0.15625 0.0625 0.154296875 0.059027777777777776 0.154296875 0.041666666666666664
0 0.158203125 0.1076388888888889 0.16796875 0.1076388888888889 0.169921875 0.1111111111111111 0.169921875 0.125 0.166015625 0.13194444444444445 0.16015625 0.13194444444444445 0.158203125 0.125 0.158203125 0.1111111111111111
0 0.28125 0.027777777777777776 0.28515625 0.034722222222222224 0.28515625 0.05555555555555555 0.283203125 0.059027777777777776 0.275390625 0.059027777777777776 0.271484375 0.052083333333333336 0.271484375 0.03819444444444445 0.2734375 0.03819444444444445 0.275390625 0.03125 0.279296875 0.027777777777777776
0 0.310546875 0.21875 0.314453125 0.22569444444444445 0.314453125 0.23958333333333334 0.31640625 0.24305555555555555 0.3125 0.2534722222222222 0.3046875 0.2534722222222222 0.298828125 0.2465277777777778 0.296875 0.23958333333333334 0.296875 0.22916666666666666 0.298828125 0.2222222222222222 0.302734375 0.21875 0.30859375 0.21875
0 0.41015625 0.3298611111111111 0.416015625 0.3402777777777778 0.41796875 0.3402777777777778 0.41796875 0.3506944444444444 0.4140625 0.3576388888888889 0.404296875 0.3576388888888889 0.400390625 0.3506944444444444 0.400390625 0.3402777777777778 0.40234375 0.3333333333333333 0.408203125 0.3298611111111111
0 0.5442708333333334 0.4356481481481482 0.016666666666666666 0.03240740740740741
0 0.578125 0.5208333333333334 0.580078125 0.5243055555555556 0.58203125 0.5451388888888888 0.576171875 0.5520833333333334 0.564453125 0.5520833333333334 0.560546875 0.5486111111111112 0.560546875 0.5347222222222222 0.5625 0.5277777777777778 0.5703125 0.5208333333333334 0.576171875 0.5208333333333334
0 0.6861979166666666 0.3800925925925926 0.019270833333333334 0.036111111111111115
0 0.7734375 0.2604166666666667 0.7734375 0.2534722222222222 0.775390625 0.25 0.783203125 0.25 0.78515625 0.2465277777777778 0.791015625 0.2465277777777778 0.791015625 0.2673611111111111 0.7890625 0.2708333333333333 0.78515625 0.2743055555555556 0.779296875 0.2743055555555556 0.775390625 0.2604166666666667
1 0.77734375 0.2777777777777778 0.78125 0.2777777777777778 0.791015625 0.2673611111111111 0.796875 0.2673611111111111 0.8046875 0.2951388888888889 0.8046875 0.3090277777777778 0.802734375 0.3125 0.796875 0.3125 0.794921875 0.3159722222222222 0.783203125 0.3159722222222222 0.77734375 0.28125
1 0.689453125 0.4236111111111111 0.68359375 0.40625 0.68359375 0.3993055555555556 0.6953125 0.3854166666666667 0.70703125 0.4097222222222222 0.708984375 0.4166666666666667 0.708984375 0.4270833333333333 0.7109375 0.4305555555555556 0.7109375 0.4375 0.701171875 0.4444444444444444 0.6953125 0.4444444444444444 0.693359375 0.4409722222222222 0.693359375 0.4236111111111111 0.6953125 0.4166666666666667 0.693359375 0.4131944444444444 0.689453125 0.4201388888888889
1 0.15234375 0.052083333333333336 0.15625 0.0625 0.1640625 0.0625 0.16796875 0.059027777777777776 0.166015625 0.06597222222222222 0.166015625 0.0763888888888889 0.162109375 0.0798611111111111 0.16015625 0.10069444444444445 0.154296875 0.1076388888888889 0.1484375 0.10416666666666667 0.142578125 0.09375 0.146484375 0.0798611111111111 0.140625 0.07291666666666667 0.140625 0.059027777777777776 0.14453125 0.052083333333333336 0.150390625 0.052083333333333336
1 0.287109375 0.25 0.291015625 0.2465277777777778 0.296875 0.2465277777777778 0.3046875 0.2569444444444444 0.310546875 0.2569444444444444 0.310546875 0.28125 0.30859375 0.2847222222222222 0.302734375 0.2847222222222222 0.296875 0.2916666666666667 0.294921875 0.2881944444444444 0.291015625 0.2881944444444444 0.28515625 0.2986111111111111 0.287109375 0.3020833333333333 0.28125 0.3020833333333333 0.275390625 0.2777777777777778 0.287109375 0.2534722222222222
1 0.146484375 0.1423611111111111 0.146484375 0.13541666666666666 0.15234375 0.125 0.158203125 0.125 0.1640625 0.13541666666666666 0.166015625 0.13541666666666666 0.166015625 0.14583333333333334 0.16015625 0.16319444444444445 0.16015625 0.1701388888888889 0.158203125 0.1736111111111111 0.154296875 0.1736111111111111 0.15234375 0.18055555555555555 0.138671875 0.18055555555555555 0.13671875 0.17708333333333334 0.13671875 0.16666666666666666 0.140625 0.1597222222222222 0.146484375 0.1701388888888889 0.150390625 0.16666666666666666 0.15234375 0.14583333333333334 0.1484375 0.1423611111111111
1 0.3984375 0.40625 0.3984375 0.3888888888888889 0.396484375 0.3854166666666667 0.39453125 0.3611111111111111 0.40234375 0.3541666666666667 0.416015625 0.3541666666666667 0.423828125 0.3715277777777778 0.423828125 0.3888888888888889 0.421875 0.3923611111111111 0.421875 0.40625 0.400390625 0.40625
1 0.056640625 0.12152777777777778 0.0625 0.1284722222222222 0.0703125 0.12152777777777778 0.076171875 0.12152777777777778 0.083984375 0.13541666666666666 0.0859375 0.16666666666666666 0.083984375 0.1701388888888889 0.080078125 0.1701388888888889 0.078125 0.16319444444444445 0.076171875 0.16666666666666666 0.07421875 0.1840277777777778 0.0703125 0.1875 0.046875 0.1840277777777778 0.044921875 0.125 0.048828125 0.12152777777777778 0.0546875 0.12152777777777778
1 0.552734375 0.4444444444444444 0.564453125 0.4548611111111111 0.564453125 0.4583333333333333 0.5703125 0.46875 0.572265625 0.46875 0.57421875 0.4826388888888889 0.580078125 0.4965277777777778 0.578125 0.5034722222222222 0.560546875 0.5034722222222222 0.552734375 0.4930555555555556 0.552734375 0.4791666666666667 0.548828125 0.4618055555555556 0.544921875 0.4583333333333333 0.541015625 0.46875 0.5390625 0.46875 0.537109375 0.4618055555555556 0.5390625 0.4513888888888889 0.544921875 0.4444444444444444 0.55078125 0.4444444444444444
1 0.265625 0.05555555555555555 0.287109375 0.05555555555555555 0.291015625 0.07291666666666667 0.291015625 0.0798611111111111 0.287109375 0.09027777777777778 0.287109375 0.1076388888888889 0.279296875 0.11458333333333333 0.2734375 0.11458333333333333 0.265625 0.1076388888888889 0.265625 0.06944444444444445 0.263671875 0.06597222222222222 0.265625 0.059027777777777776
1 0.048828125 0.0798611111111111 0.0546875 0.09027777777777778 0.0625 0.09027777777777778 0.068359375 0.08333333333333333 0.0703125 0.08680555555555555 0.0703125 0.09375 0.068359375 0.09722222222222222 0.06640625 0.09375 0.05859375 0.09375 0.052734375 0.1111111111111111 0.052734375 0.11805555555555555 0.048828125 0.11805555555555555 0.046875 0.12152777777777778 0.04296875 0.12152777777777778 0.04296875 0.11458333333333333 0.037109375 0.10416666666666667 0.037109375 0.09027777777777778 0.041015625 0.08333333333333333 0.046875 0.0798611111111111
1 0.5234375 0.4270833333333333 0.525390625 0.4305555555555556 0.529296875 0.4305555555555556 0.533203125 0.4375 0.53515625 0.4479166666666667 0.533203125 0.4548611111111111 0.529296875 0.4583333333333333 0.529296875 0.4513888888888889 0.52734375 0.4479166666666667 0.521484375 0.4479166666666667 0.517578125 0.4513888888888889 0.513671875 0.4583333333333333 0.515625 0.4652777777777778 0.513671875 0.46875 0.509765625 0.46875 0.5078125 0.4652777777777778 0.5078125 0.4583333333333333 0.513671875 0.4375 0.51953125 0.4270833333333333 0.521484375 0.4270833333333333
1 0.578125 0.5486111111111112 0.5859375 0.5590277777777778 0.5859375 0.5798611111111112 0.587890625 0.5868055555555556 0.5859375 0.5902777777777778 0.583984375 0.6145833333333334 0.56640625 0.6145833333333334 0.564453125 0.6180555555555556 0.560546875 0.6041666666666666 0.5625 0.5798611111111112 0.55859375 0.5694444444444444 0.55859375 0.5590277777777778 0.5625 0.5520833333333334 0.572265625 0.5520833333333334 0.576171875 0.5486111111111112
2 0.77734375 0.25 0.787109375 0.25 0.791015625 0.2604166666666667 0.80078125 0.2743055555555556 0.80078125 0.28125 0.8046875 0.2916666666666667 0.8046875 0.3020833333333333 0.806640625 0.3055555555555556 0.806640625 0.34375 0.8046875 0.3472222222222222 0.8046875 0.3541666666666667 0.80078125 0.3611111111111111 0.80078125 0.3680555555555556 0.802734375 0.3715277777777778 0.802734375 0.3784722222222222 0.806640625 0.3854166666666667 0.806640625 0.4027777777777778 0.80859375 0.40625 0.80859375 0.4166666666666667 0.806640625 0.4201388888888889 0.80078125 0.4201388888888889 0.80078125 0.4027777777777778 0.794921875 0.3923611111111111 0.794921875 0.3888888888888889 0.791015625 0.3819444444444444 0.783203125 0.3784722222222222 0.77734375 0.3680555555555556 0.77734375 0.3333333333333333 0.783203125 0.3194444444444444 0.783203125 0.3125 0.77734375 0.2881944444444444 0.77734375 0.2777777777777778 0.775390625 0.2743055555555556 0.775390625 0.2569444444444444 0.77734375 0.2534722222222222
2 0.05078125 0.0625 0.060546875 0.0625 0.0703125 0.08680555555555555 0.0703125 0.09375 0.068359375 0.09722222222222222 0.06640625 0.09375 0.05859375 0.09375 0.0546875 0.10416666666666667 0.0546875 0.11458333333333333 0.044921875 0.12152777777777778 0.041015625 0.1284722222222222 0.041015625 0.1423611111111111 0.0390625 0.1423611111111111 0.0390625 0.13541666666666666 0.037109375 0.13194444444444445 0.033203125 0.1388888888888889 0.03515625 0.1527777777777778 0.033203125 0.15625 0.029296875 0.15625 0.02734375 0.1527777777777778 0.02734375 0.11805555555555555 0.03125 0.10416666666666667 0.03515625 0.10069444444444445 0.037109375 0.09027777777777778 0.04296875 0.08333333333333333 0.05078125 0.06597222222222222
2 0.689453125 0.3645833333333333 0.693359375 0.3680555555555556 0.693359375 0.3819444444444444 0.70703125 0.4097222222222222 0.708984375 0.4166666666666667 0.708984375 0.4270833333333333 0.716796875 0.4479166666666667 0.71875 0.4652777777777778 0.71484375 0.4756944444444444 0.71484375 0.4861111111111111 0.724609375 0.5034722222222222 0.724609375 0.5069444444444444 0.736328125 0.5243055555555556 0.736328125 0.5277777777777778 0.73046875 0.5347222222222222 0.7265625 0.53125 0.7265625 0.5208333333333334 0.71484375 0.5069444444444444 0.705078125 0.4895833333333333 0.701171875 0.4722222222222222 0.69140625 0.4722222222222222 0.689453125 0.4756944444444444 0.693359375 0.4895833333333333 0.701171875 0.4965277777777778 0.701171875 0.5069444444444444 0.697265625 0.5138888888888888 0.693359375 0.5138888888888888 0.693359375 0.5 0.689453125 0.4930555555555556 0.68359375 0.4895833333333333 0.67578125 0.4756944444444444 0.67578125 0.4583333333333333 0.681640625 0.4513888888888889 0.6796875 0.4479166666666667 0.666015625 0.4479166666666667 0.6640625 0.4513888888888889 0.658203125 0.4513888888888889 0.654296875 0.4479166666666667 0.654296875 0.4409722222222222 0.658203125 0.4375 0.669921875 0.4409722222222222 0.671875 0.4375 0.67578125 0.4375 0.685546875 0.4236111111111111 0.685546875 0.4097222222222222 0.677734375 0.3923611111111111 0.677734375 0.3715277777777778 0.681640625 0.3645833333333333 0.6875 0.3645833333333333
2 0.30859375 0.22569444444444445 0.3125 0.2326388888888889 0.310546875 0.2777777777777778 0.318359375 0.2986111111111111 0.322265625 0.2986111111111111 0.328125 0.3055555555555556 0.328125 0.3125 0.322265625 0.3125 0.31640625 0.3055555555555556 0.314453125 0.3125 0.318359375 0.3194444444444444 0.318359375 0.3263888888888889 0.322265625 0.3368055555555556 0.322265625 0.3506944444444444 0.326171875 0.3645833333333333 0.33203125 0.375 0.337890625 0.3784722222222222 0.337890625 0.3819444444444444 0.3203125 0.3819444444444444 0.318359375 0.3576388888888889 0.314453125 0.3402777777777778 0.306640625 0.3263888888888889 0.302734375 0.3263888888888889 0.30078125 0.3229166666666667 0.298828125 0.3263888888888889 0.30078125 0.3472222222222222 0.294921875 0.3576388888888889 0.28125 0.3645833333333333 0.27734375 0.3715277777777778 0.27734375 0.3819444444444444 0.275390625 0.3854166666666667 0.271484375 0.3854166666666667 0.26953125 0.3819444444444444 0.26953125 0.3576388888888889 0.279296875 0.3576388888888889 0.287109375 0.34375 0.287109375 0.3298611111111111 0.275390625 0.2777777777777778 0.28125 0.2673611111111111 0.28515625 0.2534722222222222 0.296875 0.23958333333333334 0.296875 0.2326388888888889 0.30078125 0.22569444444444445 0.306640625 0.22569444444444445
2 0.119140625 0.2152777777777778 0.126953125 0.2152777777777778 0.13671875 0.2013888888888889 0.13671875 0.16666666666666666 0.140625 0.15625 0.140625 0.14583333333333334 0.1484375 0.13194444444444445 0.1484375 0.1284722222222222 0.15625 0.11805555555555555 0.15625 0.1111111111111111 0.16015625 0.10416666666666667 0.166015625 0.10416666666666667 0.169921875 0.1111111111111111 0.169921875 0.1284722222222222 0.166015625 0.1388888888888889 0.166015625 0.14583333333333334 0.162109375 0.1597222222222222 0.162109375 0.1736111111111111 0.169921875 0.1875 0.173828125 0.2013888888888889 0.169921875 0.22569444444444445 0.166015625 0.2361111111111111 0.171875 0.2569444444444444 0.16796875 0.2569444444444444 0.16015625 0.25 0.16015625 0.2361111111111111 0.1640625 0.21875 0.1640625 0.20833333333333334 0.154296875 0.19444444444444445 0.150390625 0.19444444444444445 0.142578125 0.2152777777777778 0.12890625 0.2222222222222222 0.123046875 0.2326388888888889 0.123046875 0.23958333333333334 0.119140625 0.23958333333333334 0.1171875 0.2326388888888889 0.1171875 0.2222222222222222 0.119140625 0.21875
2 0.390625 0.3993055555555556 0.39453125 0.3888888888888889 0.39453125 0.3611111111111111 0.40234375 0.3506944444444444 0.40234375 0.3402777777777778 0.40625 0.3333333333333333 0.412109375 0.3333333333333333 0.416015625 0.3402777777777778 0.416015625 0.3541666666666667 0.423828125 0.3680555555555556 0.421875 0.4375 0.4140625 0.4513888888888889 0.41015625 0.4513888888888889 0.408203125 0.4548611111111111 0.40625 0.4965277777777778 0.41015625 0.5069444444444444 0.408203125 0.5138888888888888 0.40625 0.5138888888888888 0.400390625 0.5243055555555556 0.3984375 0.5173611111111112 0.400390625 0.5138888888888888 0.400390625 0.5 0.40234375 0.4965277777777778 0.396484375 0.4826388888888889 0.396484375 0.4652777777777778 0.39453125 0.4618055555555556 0.39453125 0.4409722222222222 0.3984375 0.4236111111111111 0.3984375 0.4097222222222222 0.392578125 0.4027777777777778
2 0.501953125 0.3680555555555556 0.50390625 0.3680555555555556 0.50390625 0.3819444444444444 0.51953125 0.40625 0.521484375 0.4166666666666667 0.525390625 0.4236111111111111 0.533203125 0.4270833333333333 0.533203125 0.4409722222222222 0.53515625 0.4444444444444444 0.533203125 0.4548611111111111 0.529296875 0.4618055555555556 0.51953125 0.46875 0.513671875 0.46875 0.505859375 0.4756944444444444 0.49609375 0.46875 0.48828125 0.4548611111111111 0.486328125 0.4479166666666667 0.486328125 0.4201388888888889 0.484375 0.4166666666666667 0.482421875 0.4201388888888889 0.4765625 0.4201388888888889 0.474609375 0.4131944444444444 0.478515625 0.4027777777777778 0.4921875 0.3993055555555556 0.49609375 0.4027777777777778 0.498046875 0.4236111111111111 0.5 0.4270833333333333 0.505859375 0.4236111111111111 0.509765625 0.4166666666666667 0.5078125 0.40625 0.494140625 0.3854166666666667 0.494140625 0.3819444444444444 0.501953125 0.3715277777777778
2 0.15260416666666665 0.10046296296296296 0.03854166666666667 0.13425925925925924
2 0.064453125 0.09375 0.068359375 0.09722222222222222 0.072265625 0.11458333333333333 0.0859375 0.1423611111111111 0.0859375 0.1701388888888889 0.08203125 0.18055555555555555 0.08203125 0.1875 0.07421875 0.19444444444444445 0.07421875 0.22916666666666666 0.072265625 0.2326388888888889 0.072265625 0.24305555555555555 0.068359375 0.25 0.068359375 0.2569444444444444 0.06640625 0.2604166666666667 0.068359375 0.2847222222222222 0.06640625 0.2847222222222222 0.060546875 0.2743055555555556 0.060546875 0.2361111111111111 0.05859375 0.2326388888888889 0.052734375 0.25 0.052734375 0.2708333333333333 0.05078125 0.2743055555555556 0.046875 0.2708333333333333 0.046875 0.2638888888888889 0.048828125 0.2604166666666667 0.046875 0.2152777777777778 0.044921875 0.20833333333333334 0.04296875 0.2048611111111111 0.0390625 0.2048611111111111 0.037109375 0.19791666666666666 0.037109375 0.1701388888888889 0.041015625 0.1527777777777778 0.041015625 0.13541666666666666 0.04296875 0.13194444444444445 0.04296875 0.125 0.05078125 0.12152777777777778 0.0546875 0.11458333333333333 0.05859375 0.09722222222222222 0.0625 0.09722222222222222
2 0.548828125 0.4270833333333333 0.55078125 0.4409722222222222 0.5546875 0.4479166666666667 0.55859375 0.4479166666666667 0.564453125 0.4548611111111111 0.56640625 0.4618055555555556 0.572265625 0.46875 0.57421875 0.4826388888888889 0.580078125 0.4965277777777778 0.580078125 0.5208333333333334 0.578125 0.5243055555555556 0.578125 0.53125 0.57421875 0.5243055555555556 0.5703125 0.5243055555555556 0.556640625 0.5486111111111112 0.55078125 0.5694444444444444 0.55078125 0.5833333333333334 0.546875 0.5972222222222222 0.548828125 0.6076388888888888 0.546875 0.6111111111111112 0.529296875 0.6076388888888888 0.53515625 0.6041666666666666 0.5390625 0.59375 0.5390625 0.5833333333333334 0.537109375 0.5763888888888888 0.54296875 0.5659722222222222 0.54296875 0.5590277777777778 0.544921875 0.5555555555555556 0.544921875 0.5381944444444444 0.548828125 0.5208333333333334 0.548828125 0.5 0.546875 0.4965277777777778 0.546875 0.4861111111111111 0.537109375 0.4652777777777778 0.537109375 0.4305555555555556 0.54296875 0.4236111111111111 0.546875 0.4270833333333333
2 0.279296875 0.03125 0.283203125 0.03819444444444445 0.28515625 0.052083333333333336 0.291015625 0.06944444444444445 0.29296875 0.10069444444444445 0.294921875 0.10416666666666667 0.294921875 0.12152777777777778 0.296875 0.125 0.296875 0.1284722222222222 0.29296875 0.125 0.291015625 0.1284722222222222 0.2890625 0.13541666666666666 0.2890625 0.15625 0.287109375 0.1597222222222222 0.287109375 0.19791666666666666 0.291015625 0.2048611111111111 0.283203125 0.2048611111111111 0.279296875 0.2013888888888889 0.28125 0.17708333333333334 0.279296875 0.1736111111111111 0.279296875 0.1527777777777778 0.27734375 0.14930555555555555 0.275390625 0.14930555555555555 0.26953125 0.16319444444444445 0.263671875 0.1840277777777778 0.26171875 0.2013888888888889 0.2578125 0.2013888888888889 0.255859375 0.19791666666666666 0.26171875 0.17708333333333334 0.26171875 0.16319444444444445 0.265625 0.14930555555555555 0.26171875 0.13541666666666666 0.255859375 0.13541666666666666 0.255859375 0.09722222222222222 0.2578125 0.09375 0.2578125 0.0798611111111111 0.265625 0.05555555555555555 0.271484375 0.04861111111111111 0.2734375 0.034722222222222224 0.27734375 0.03125
2 0.56640625 0.5277777777777778 0.5703125 0.5243055555555556 0.576171875 0.5243055555555556 0.578125 0.5277777777777778 0.580078125 0.5486111111111112 0.5859375 0.5590277777777778 0.5859375 0.5729166666666666 0.587890625 0.5763888888888888 0.587890625 0.6041666666666666 0.583984375 0.6145833333333334 0.5859375 0.6284722222222222 0.58203125 0.6458333333333334 0.5703125 0.6666666666666666 0.568359375 0.6805555555555556 0.572265625 0.6840277777777778 0.580078125 0.7013888888888888 0.583984375 0.7013888888888888 0.58984375 0.7083333333333334 0.587890625 0.7291666666666666 0.583984375 0.7361111111111112 0.58203125 0.7361111111111112 0.58203125 0.7256944444444444 0.578125 0.7152777777777778 0.578125 0.7083333333333334 0.572265625 0.7013888888888888 0.56640625 0.7013888888888888 0.564453125 0.7048611111111112 0.564453125 0.7152777777777778 0.5625 0.71875 0.5625 0.7326388888888888 0.560546875 0.7395833333333334 0.55078125 0.7326388888888888 0.55078125 0.7256944444444444 0.552734375 0.7256944444444444 0.55859375 0.7152777777777778 0.55859375 0.6423611111111112 0.5625 0.6284722222222222 0.5625 0.6180555555555556 0.560546875 0.6145833333333334 0.556640625 0.6145833333333334 0.5625 0.5902777777777778 0.55859375 0.5625 0.564453125 0.5486111111111112 0.5625 0.5451388888888888 0.5625 0.5381944444444444 0.56640625 0.53125