0 0.451171875 0.5659722222222222 0.44921875 0.5520833333333334 0.453125 0.5381944444444444 0.466796875 0.5381944444444444 0.470703125 0.5486111111111112 0.470703125 0.5659722222222222 0.466796875 0.5694444444444444 0.453125 0.5659722222222222
0 0.55078125 0.3125 0.552734375 0.3159722222222222 0.556640625 0.3159722222222222 0.556640625 0.3402777777777778 0.55078125 0.3472222222222222 0.54296875 0.34375 0.537109375 0.3368055555555556 0.537109375 0.3263888888888889 0.5390625 0.3194444444444444 0.54296875 0.3125 0.548828125 0.3125
0 0.587890625 0.3090277777777778 0.591796875 0.3194444444444444 0.591796875 0.3298611111111111 0.57421875 0.3298611111111111 0.572265625 0.3229166666666667 0.57421875 0.3125 0.578125 0.3055555555555556 0.583984375 0.3055555555555556 0.5859375 0.3090277777777778
0 0.435546875 0.4305555555555556 0.4375 0.4375 0.435546875 0.4583333333333333 0.431640625 0.4652777777777778 0.427734375 0.4652777777777778 0.42578125 0.46875 0.41796875 0.4652777777777778 0.419921875 0.4340277777777778 0.42578125 0.4270833333333333 0.431640625 0.4270833333333333 0.43359375 0.4305555555555556
0 0.376953125 0.4479166666666667 0.37890625 0.4548611111111111 0.37890625 0.4652777777777778 0.369140625 0.4791666666666667 0.36328125 0.4791666666666667 0.359375 0.4756944444444444 0.359375 0.4583333333333333 0.361328125 0.4513888888888889 0.3671875 0.4444444444444444 0.373046875 0.4444444444444444 0.375 0.4479166666666667
0 0.748046875 0.3993055555555556 0.75390625 0.4097222222222222 0.751953125 0.4270833333333333 0.748046875 0.4340277777777778 0.732421875 0.4340277777777778 0.73046875 0.4305555555555556 0.732421875 0.4097222222222222 0.740234375 0.3993055555555556 0.74609375 0.3993055555555556
0 0.193359375 0.16666666666666666 0.197265625 0.1736111111111111 0.197265625 0.19444444444444445 0.1953125 0.19791666666666666 0.1875 0.19444444444444445 0.1796875 0.1840277777777778 0.1796875 0.1736111111111111 0.18359375 0.16666666666666666 0.1875 0.16319444444444445 0.19140625 0.16666666666666666
0 0.39817708333333335 0.462962962962963 0.022395833333333334 0.037037037037037035
0 0.5546875 0.3020833333333333 0.55859375 0.3055555555555556 0.560546875 0.3125 0.560546875 0.3194444444444444 0.55859375 0.3229166666666667 0.55078125 0.3125 0.544921875 0.3125 0.544921875 0.3055555555555556 0.546875 0.3020833333333333 0.552734375 0.3020833333333333
0 0.529296875 0.4166666666666667 0.533203125 0.4305555555555556 0.533203125 0.4375 0.529296875 0.4444444444444444 0.525390625 0.4409722222222222 0.515625 0.4409722222222222 0.513671875 0.4375 0.515625 0.4270833333333333 0.52734375 0.4166666666666667
0 0.4609375 0.3368055555555556 0.46484375 0.3402777777777778 0.46875 0.3506944444444444 0.46875 0.3680555555555556 0.466796875 0.3715277777777778 0.458984375 0.3715277777777778 0.451171875 0.3645833333333333 0.451171875 0.34375 0.458984375 0.3368055555555556
0 0.490234375 0.5069444444444444 0.4921875 0.5138888888888888 0.4921875 0.53125 0.48828125 0.5451388888888888 0.484375 0.5451388888888888 0.482421875 0.5486111111111112 0.474609375 0.5416666666666666 0.474609375 0.5208333333333334 0.4765625 0.5173611111111112 0.4765625 0.5104166666666666 0.48046875 0.5034722222222222 0.486328125 0.5034722222222222 0.48828125 0.5069444444444444
1 0.466796875 0.5763888888888888 0.46875 0.5798611111111112 0.47265625 0.5798611111111112 0.478515625 0.5902777777777778 0.478515625 0.5972222222222222 0.47265625 0.6041666666666666 0.46484375 0.6215277777777778 0.46484375 0.6284722222222222 0.4609375 0.6423611111111112 0.4609375 0.6527777777777778 0.458984375 0.65625 0.4609375 0.6597222222222222 0.45703125 0.6631944444444444 0.451171875 0.65625 0.4375 0.65625 0.43359375 0.6527777777777778 0.43359375 0.6388888888888888 0.435546875 0.6354166666666666 0.435546875 0.5972222222222222 0.4375 0.59375 0.4375 0.5868055555555556 0.447265625 0.5694444444444444 0.45703125 0.5694444444444444 0.46484375 0.5763888888888888
1 0.748046875 0.4375 0.755859375 0.4444444444444444 0.755859375 0.4479166666666667 0.76171875 0.4548611111111111 0.76171875 0.4791666666666667 0.755859375 0.4930555555555556 0.755859375 0.5034722222222222 0.744140625 0.5034722222222222 0.7421875 0.5069444444444444 0.734375 0.5069444444444444 0.732421875 0.5034722222222222 0.732421875 0.4965277777777778 0.734375 0.4930555555555556 0.728515625 0.4826388888888889 0.7265625 0.4826388888888889 0.7265625 0.46875 0.728515625 0.4652777777777778 0.7265625 0.4583333333333333 0.7265625 0.4479166666666667 0.736328125 0.4375 0.74609375 0.4375
1 0.181640625 0.1909722222222222 0.1875 0.19791666666666666 0.19140625 0.19791666666666666 0.1953125 0.2048611111111111 0.1953125 0.21180555555555555 0.193359375 0.21180555555555555 0.189453125 0.2222222222222222 0.189453125 0.23958333333333334 0.19140625 0.24305555555555555 0.19140625 0.2604166666666667 0.189453125 0.2638888888888889 0.185546875 0.2638888888888889 0.18359375 0.2604166666666667 0.171875 0.2604166666666667 0.16796875 0.2569444444444444 0.16796875 0.21180555555555555 0.171875 0.19444444444444445 0.1796875 0.1909722222222222
1 0.44140625 0.4652777777777778 0.4453125 0.4722222222222222 0.4453125 0.4861111111111111 0.451171875 0.5069444444444444 0.453125 0.53125 0.447265625 0.5416666666666666 0.443359375 0.5416666666666666 0.4375 0.5486111111111112 0.431640625 0.5486111111111112 0.427734375 0.5451388888888888 0.427734375 0.5381944444444444 0.423828125 0.5243055555555556 0.423828125 0.5138888888888888 0.443359375 0.4965277777777778 0.4453125 0.4930555555555556 0.4453125 0.4861111111111111 0.443359375 0.4826388888888889 0.431640625 0.4826388888888889 0.42578125 0.4895833333333333 0.41796875 0.4930555555555556 0.4140625 0.4791666666666667 0.41796875 0.46875 0.419921875 0.4722222222222222 0.427734375 0.4722222222222222 0.43359375 0.4652777777777778 0.439453125 0.4652777777777778
1 0.388671875 0.4756944444444444 0.3984375 0.4826388888888889 0.408203125 0.4826388888888889 0.416015625 0.4965277777777778 0.416015625 0.5069444444444444 0.41015625 0.5104166666666666 0.40234375 0.5277777777777778 0.40234375 0.5381944444444444 0.404296875 0.5416666666666666 0.40234375 0.5486111111111112 0.390625 0.5486111111111112 0.384765625 0.5416666666666666 0.373046875 0.5416666666666666 0.37109375 0.5451388888888888 0.369140625 0.5416666666666666 0.369140625 0.5277777777777778 0.373046875 0.5138888888888888 0.373046875 0.5034722222222222 0.37109375 0.5 0.373046875 0.4930555555555556 0.373046875 0.4791666666666667 0.37890625 0.4722222222222222 0.384765625 0.4722222222222222 0.38671875 0.4756944444444444
1 0.359375 0.46875 0.365234375 0.4826388888888889 0.37109375 0.4826388888888889 0.37109375 0.4895833333333333 0.361328125 0.5104166666666666 0.357421875 0.5138888888888888 0.3515625 0.5138888888888888 0.34765625 0.5173611111111112 0.345703125 0.5243055555555556 0.33984375 0.5243055555555556 0.337890625 0.5208333333333334 0.337890625 0.5138888888888888 0.349609375 0.4895833333333333 0.3515625 0.4722222222222222 0.357421875 0.46875
1 0.587890625 0.3298611111111111 0.591796875 0.3333333333333333 0.59765625 0.3506944444444444 0.59765625 0.3923611111111111 0.576171875 0.3923611111111111 0.57421875 0.3958333333333333 0.5703125 0.3958333333333333 0.568359375 0.3923611111111111 0.568359375 0.3784722222222222 0.5703125 0.375 0.5703125 0.3472222222222222 0.57421875 0.3402777777777778 0.57421875 0.3333333333333333 0.576171875 0.3298611111111111 0.5859375 0.3298611111111111
1 0.5234375 0.4444444444444444 0.5390625 0.4583333333333333 0.54296875 0.4583333333333333 0.54296875 0.4791666666666667 0.537109375 0.4861111111111111 0.537109375 0.4965277777777778 0.533203125 0.5069444444444444 0.533203125 0.53125 0.53125 0.5347222222222222 0.513671875 0.5347222222222222 0.51171875 0.53125 0.5078125 0.53125 0.5 0.5173611111111112 0.5 0.5138888888888888 0.4921875 0.5034722222222222 0.4921875 0.4826388888888889 0.49609375 0.4756944444444444 0.5 0.4583333333333333 0.50390625 0.4513888888888889 0.521484375 0.4444444444444444
1 0.5078125 0.5347222222222222 0.51171875 0.5416666666666666 0.51171875 0.5659722222222222 0.513671875 0.5694444444444444 0.513671875 0.5868055555555556 0.515625 0.5902777777777778 0.515625 0.5972222222222222 0.501953125 0.6111111111111112 0.490234375 0.6111111111111112 0.484375 0.6041666666666666 0.48046875 0.5902777777777778 0.48046875 0.5798611111111112 0.474609375 0.5659722222222222 0.474609375 0.5486111111111112 0.486328125 0.5486111111111112 0.49609375 0.5277777777777778 0.501953125 0.5277777777777778 0.505859375 0.5347222222222222
1 0.44921875 0.3645833333333333 0.45703125 0.375 0.470703125 0.375 0.470703125 0.3958333333333333 0.4609375 0.40625 0.453125 0.4097222222222222 0.44140625 0.4340277777777778 0.4375 0.4340277777777778 0.431640625 0.4236111111111111 0.427734375 0.4236111111111111 0.42578125 0.4201388888888889 0.42578125 0.4097222222222222 0.427734375 0.4027777777777778 0.43359375 0.3993055555555556 0.4375 0.3923611111111111 0.435546875 0.3854166666666667 0.435546875 0.3715277777777778 0.44140625 0.3645833333333333 0.447265625 0.3645833333333333
1 0.537109375 0.3402777777777778 0.5390625 0.34375 0.548828125 0.3472222222222222 0.552734375 0.3541666666666667 0.55078125 0.3784722222222222 0.548828125 0.3819444444444444 0.548828125 0.3958333333333333 0.541015625 0.4166666666666667 0.537109375 0.4201388888888889 0.51953125 0.3993055555555556 0.5234375 0.3576388888888889 0.529296875 0.34375 0.53515625 0.3402777777777778
2 0.46875 0.6736111111111112 0.478515625 0.6840277777777778 0.478515625 0.6909722222222222 0.48046875 0.6944444444444444 0.478515625 0.7118055555555556 0.474609375 0.71875 0.474609375 0.7256944444444444 0.47265625 0.7291666666666666 0.47265625 0.7430555555555556 0.470703125 0.75 0.458984375 0.7465277777777778 0.46484375 0.7291666666666666 0.466796875 0.7048611111111112 0.462890625 0.6979166666666666 0.453125 0.6944444444444444 0.451171875 0.6979166666666666 0.451171875 0.7152777777777778 0.447265625 0.7326388888888888 0.423828125 0.7673611111111112 0.423828125 0.7777777777777778 0.42578125 0.7847222222222222 0.423828125 0.7881944444444444 0.419921875 0.7847222222222222 0.412109375 0.7847222222222222 0.408203125 0.7777777777777778 0.41796875 0.75 0.42578125 0.7361111111111112 0.427734375 0.7361111111111112 0.439453125 0.7118055555555556 0.439453125 0.6909722222222222 0.43359375 0.6701388888888888 0.435546875 0.5972222222222222 0.4375 0.59375 0.4375 0.5868055555555556 0.44921875 0.5694444444444444 0.451171875 0.5451388888888888 0.455078125 0.5381944444444444 0.46484375 0.5381944444444444 0.470703125 0.5486111111111112 0.470703125 0.5659722222222222 0.47265625 0.5694444444444444 0.47265625 0.5763888888888888 0.478515625 0.5868055555555556 0.478515625 0.6041666666666666 0.4765625 0.6076388888888888 0.4765625 0.6145833333333334 0.470703125 0.6180555555555556 0.466796875 0.625 0.4609375 0.6458333333333334 0.4609375 0.6597222222222222 0.466796875 0.6736111111111112
2 0.546875 0.3020833333333333 0.5546875 0.3020833333333333 0.560546875 0.3125 0.560546875 0.3229166666666667 0.5625 0.3263888888888889 0.5625 0.3333333333333333 0.55859375 0.3472222222222222 0.55859375 0.3715277777777778 0.556640625 0.375 0.55859375 0.3888888888888889 0.5625 0.3993055555555556 0.556640625 0.4131944444444444 0.556640625 0.4236111111111111 0.552734375 0.4340277777777778 0.552734375 0.4409722222222222 0.546875 0.4548611111111111 0.5390625 0.4201388888888889 0.556640625 0.3854166666666667 0.552734375 0.3784722222222222 0.552734375 0.3645833333333333 0.55859375 0.34375 0.55859375 0.3263888888888889 0.556640625 0.3194444444444444 0.552734375 0.3125 0.544921875 0.3090277777777778 0.546875 0.3055555555555556
2 0.806640625 0 0.82421875 0 0.82421875 0.03819444444444445 0.826171875 0.041666666666666664 0.826171875 0.08680555555555555 0.82421875 0.09027777777777778 0.818359375 0.09027777777777778 0.81640625 0.08680555555555555 0.806640625 0.08680555555555555 0.8046875 0.08333333333333333 0.8125 0.06597222222222222 0.810546875 0.0625 0.810546875 0.03125 0.806640625 0.020833333333333332 0.806640625 0.003472222222222222
2 0.75 0.4027777777777778 0.75390625 0.4131944444444444 0.751953125 0.4166666666666667 0.751953125 0.4375 0.76171875 0.4583333333333333 0.76171875 0.4791666666666667 0.755859375 0.4930555555555556 0.755859375 0.5034722222222222 0.759765625 0.5138888888888888 0.76171875 0.5694444444444444 0.76953125 0.5902777777777778 0.7734375 0.6180555555555556 0.779296875 0.6319444444444444 0.779296875 0.6423611111111112 0.77734375 0.6458333333333334 0.76953125 0.6458333333333334 0.76953125 0.6215277777777778 0.76171875 0.6041666666666666 0.759765625 0.59375 0.75 0.5694444444444444 0.74609375 0.5520833333333334 0.744140625 0.5520833333333334 0.732421875 0.5763888888888888 0.732421875 0.5868055555555556 0.73046875 0.5902777777777778 0.73046875 0.6319444444444444 0.732421875 0.6354166666666666 0.732421875 0.6423611111111112 0.728515625 0.6458333333333334 0.71875 0.6458333333333334 0.724609375 0.6319444444444444 0.724609375 0.6180555555555556 0.72265625 0.6145833333333334 0.72265625 0.5555555555555556 0.732421875 0.5138888888888888 0.732421875 0.5 0.72265625 0.4826388888888889 0.72265625 0.4791666666666667 0.7265625 0.4722222222222222 0.7265625 0.4479166666666667 0.73046875 0.4409722222222222 0.73046875 0.4201388888888889 0.732421875 0.4166666666666667 0.732421875 0.4097222222222222 0.740234375 0.3993055555555556 0.74609375 0.3993055555555556 0.748046875 0.4027777777777778
2 0.716796875 0 0.7421875 0 0.7421875 0.020833333333333332 0.744140625 0.024305555555555556 0.744140625 0.03819444444444445 0.74609375 0.041666666666666664 0.74609375 0.06944444444444445 0.744140625 0.07291666666666667 0.74609375 0.0763888888888889 0.74609375 0.08680555555555555 0.740234375 0.09027777777777778 0.73828125 0.08333333333333333 0.740234375 0.0763888888888889 0.73828125 0.04513888888888889 0.73046875 0.03125 0.724609375 0.03819444444444445 0.724609375 0.04861111111111111 0.72265625 0.052083333333333336 0.72265625 0.07291666666666667 0.724609375 0.0798611111111111 0.720703125 0.08680555555555555 0.71484375 0.08680555555555555 0.71484375 0.0763888888888889 0.716796875 0.07291666666666667 0.716796875 0.003472222222222222
2 0.48828125 0.5069444444444444 0.49609375 0.5243055555555556 0.5078125 0.5347222222222222 0.51171875 0.5451388888888888 0.51171875 0.5729166666666666 0.513671875 0.5763888888888888 0.513671875 0.5902777777777778 0.517578125 0.6041666666666666 0.51953125 0.6493055555555556 0.521484375 0.6527777777777778 0.521484375 0.6597222222222222 0.525390625 0.6666666666666666 0.52734375 0.6979166666666666 0.53515625 0.7222222222222222 0.53515625 0.7291666666666666 0.52734375 0.7291666666666666 0.5234375 0.7222222222222222 0.5234375 0.7118055555555556 0.5078125 0.6597222222222222 0.5078125 0.6458333333333334 0.501953125 0.625 0.5 0.625 0.490234375 0.6423611111111112 0.490234375 0.6458333333333334 0.482421875 0.65625 0.482421875 0.6631944444444444 0.48046875 0.6666666666666666 0.48046875 0.6736111111111112 0.482421875 0.6770833333333334 0.48046875 0.6840277777777778 0.46875 0.6597222222222222 0.46875 0.6527777777777778 0.47265625 0.6388888888888888 0.478515625 0.6354166666666666 0.482421875 0.6215277777777778 0.482421875 0.59375 0.48046875 0.5902777777777778 0.48046875 0.5798611111111112 0.474609375 0.5659722222222222 0.474609375 0.5243055555555556 0.4765625 0.5208333333333334 0.4765625 0.5138888888888888 0.48046875 0.5069444444444444 0.486328125 0.5069444444444444
2 0.189453125 0.16319444444444445 0.197265625 0.1736111111111111 0.197265625 0.21875 0.19921875 0.2222222222222222 0.19921875 0.2326388888888889 0.205078125 0.23958333333333334 0.205078125 0.2465277777777778 0.19140625 0.2638888888888889 0.19140625 0.2847222222222222 0.193359375 0.2881944444444444 0.193359375 0.3993055555555556 0.185546875 0.3993055555555556 0.18359375 0.3923611111111111 0.185546875 0.3402777777777778 0.181640625 0.3229166666666667 0.173828125 0.3263888888888889 0.16796875 0.3368055555555556 0.16796875 0.3541666666666667 0.166015625 0.3576388888888889 0.166015625 0.3645833333333333 0.162109375 0.3715277777777778 0.16015625 0.3680555555555556 0.16015625 0.3472222222222222 0.16796875 0.3229166666666667 0.16796875 0.3125 0.169921875 0.3090277777777778 0.169921875 0.3020833333333333 0.166015625 0.2881944444444444 0.166015625 0.2638888888888889 0.16796875 0.2604166666666667 0.16796875 0.2534722222222222 0.1640625 0.23958333333333334 0.1640625 0.2222222222222222 0.16796875 0.2152777777777778 0.171875 0.19444444444444445 0.173828125 0.19444444444444445 0.1796875 0.1840277777777778 0.181640625 0.1701388888888889 0.18359375 0.16666666666666666 0.1875 0.16666666666666666
2 0.4296875 0.4270833333333333 0.43359375 0.4305555555555556 0.4375 0.4444444444444444 0.4375 0.4618055555555556 0.4453125 0.4722222222222222 0.4453125 0.4826388888888889 0.447265625 0.4861111111111111 0.447265625 0.4965277777777778 0.451171875 0.5069444444444444 0.453125 0.53125 0.44921875 0.5416666666666666 0.44921875 0.5625 0.43359375 0.5868055555555556 0.4296875 0.6041666666666666 0.431640625 0.6076388888888888 0.43359375 0.6388888888888888 0.427734375 0.6527777777777778 0.421875 0.6527777777777778 0.419921875 0.65625 0.4140625 0.6527777777777778 0.419921875 0.6458333333333334 0.42578125 0.6354166666666666 0.42578125 0.6319444444444444 0.4140625 0.6006944444444444 0.4140625 0.5729166666666666 0.419921875 0.5555555555555556 0.423828125 0.5520833333333334 0.427734375 0.5416666666666666 0.421875 0.5173611111111112 0.42578125 0.5104166666666666 0.42578125 0.4965277777777778 0.423828125 0.4930555555555556 0.419921875 0.4930555555555556 0.4140625 0.4826388888888889 0.4140625 0.4756944444444444 0.41796875 0.4652777777777778 0.419921875 0.4375 0.421875 0.4305555555555556 0.427734375 0.4270833333333333
2 0.40234375 0.4479166666666667 0.408203125 0.4583333333333333 0.408203125 0.4791666666666667 0.41796875 0.5 0.419921875 0.5138888888888888 0.416015625 0.5277777777777778 0.404296875 0.5520833333333334 0.404296875 0.5694444444444444 0.408203125 0.5798611111111112 0.408203125 0.6180555555555556 0.3984375 0.6493055555555556 0.3984375 0.6666666666666666 0.396484375 0.6701388888888888 0.3984375 0.6875 0.3828125 0.6840277777777778 0.376953125 0.6770833333333334 0.376953125 0.6701388888888888 0.380859375 0.6597222222222222 0.380859375 0.6354166666666666 0.37890625 0.6319444444444444 0.37890625 0.6180555555555556 0.380859375 0.6145833333333334 0.373046875 0.59375 0.365234375 0.5833333333333334 0.36328125 0.5555555555555556 0.3671875 0.5416666666666666 0.3671875 0.5277777777777778 0.36328125 0.5243055555555556 0.361328125 0.5173611111111112 0.37109375 0.4930555555555556 0.373046875 0.4791666666666667 0.376953125 0.4722222222222222 0.384765625 0.4722222222222222 0.390625 0.4513888888888889 0.39453125 0.4479166666666667 0.400390625 0.4479166666666667
2 0.359375 0.5243055555555556 0.36328125 0.5243055555555556 0.365234375 0.53125 0.365234375 0.5416666666666666 0.361328125 0.5555555555555556 0.361328125 0.5659722222222222 0.36328125 0.5694444444444444 0.36328125 0.59375 0.365234375 0.6006944444444444 0.369140625 0.6041666666666666 0.369140625 0.6284722222222222 0.365234375 0.6354166666666666 0.361328125 0.6527777777777778 0.35546875 0.65625 0.35546875 0.6458333333333334 0.357421875 0.6423611111111112 0.357421875 0.6180555555555556 0.34375 0.5972222222222222 0.34375 0.5798611111111112 0.345703125 0.5763888888888888 0.345703125 0.5694444444444444 0.349609375 0.5590277777777778 0.3515625 0.5451388888888888 0.359375 0.53125 0.359375 0.5277777777777778
2 0.560546875 0.3923611111111111 0.5625 0.3854166666666667 0.560546875 0.3819444444444444 0.560546875 0.3611111111111111 0.5625 0.3576388888888889 0.5625 0.3506944444444444 0.5703125 0.3368055555555556 0.572265625 0.3194444444444444 0.580078125 0.3055555555555556 0.58984375 0.3125 0.591796875 0.3194444444444444 0.591796875 0.3298611111111111 0.59765625 0.3472222222222222 0.59765625 0.3888888888888889 0.60546875 0.4131944444444444 0.609375 0.4618055555555556 0.611328125 0.4652777777777778 0.611328125 0.4722222222222222 0.6171875 0.4826388888888889 0.619140625 0.4895833333333333 0.619140625 0.5 0.623046875 0.5104166666666666 0.623046875 0.5173611111111112 0.619140625 0.5173611111111112 0.61328125 0.5104166666666666 0.60546875 0.4826388888888889 0.60546875 0.4756944444444444 0.599609375 0.4583333333333333 0.5859375 0.4409722222222222 0.58203125 0.4409722222222222 0.57421875 0.4513888888888889 0.568359375 0.4513888888888889 0.5546875 0.46875 0.552734375 0.4756944444444444 0.55078125 0.5138888888888888 0.548828125 0.5173611111111112 0.54296875 0.5173611111111112 0.5390625 0.5104166666666666 0.544921875 0.5 0.544921875 0.4930555555555556 0.546875 0.4895833333333333 0.546875 0.4618055555555556 0.552734375 0.4479166666666667 0.56640625 0.3993055555555556 0.56640625 0.3888888888888889 0.564453125 0.3854166666666667 0.560546875 0.3888888888888889
2 0.53515625 0.4513888888888889 0.54296875 0.4583333333333333 0.54296875 0.4791666666666667 0.537109375 0.4930555555555556 0.537109375 0.5 0.533203125 0.5104166666666666 0.53515625 0.5243055555555556 0.533203125 0.5277777777777778 0.533203125 0.5347222222222222 0.529296875 0.5416666666666666 0.529296875 0.5590277777777778 0.533203125 0.5694444444444444 0.533203125 0.5868055555555556 0.537109375 0.59375 0.5390625 0.6076388888888888 0.53515625 0.6076388888888888 0.529296875 0.6006944444444444 0.525390625 0.5729166666666666 0.513671875 0.5520833333333334 0.51171875 0.5381944444444444 0.5078125 0.5347222222222222 0.4921875 0.5034722222222222 0.4921875 0.4826388888888889 0.49609375 0.4756944444444444 0.5 0.4583333333333333 0.50390625 0.4513888888888889 0.51171875 0.4479166666666667 0.515625 0.4409722222222222 0.515625 0.4305555555555556 0.517578125 0.4270833333333333 0.52734375 0.4201388888888889 0.53125 0.4270833333333333 0.529296875 0.4444444444444444 0.533203125 0.4513888888888889
2 0.419921875 0.4270833333333333 0.419921875 0.4166666666666667 0.41796875 0.4131944444444444 0.419921875 0.3958333333333333 0.439453125 0.3645833333333333 0.4453125 0.3645833333333333 0.44921875 0.3576388888888889 0.451171875 0.34375 0.45703125 0.3368055555555556 0.46484375 0.3402777777777778 0.46875 0.3506944444444444 0.470703125 0.4027777777777778 0.4765625 0.4270833333333333 0.4765625 0.4479166666666667 0.48046875 0.4583333333333333 0.48046875 0.4756944444444444 0.478515625 0.4756944444444444 0.47265625 0.4652777777777778 0.46875 0.4652777777777778 0.46484375 0.4826388888888889 0.466796875 0.4930555555555556 0.46484375 0.4930555555555556 0.458984375 0.4791666666666667 0.458984375 0.4583333333333333 0.455078125 0.4513888888888889 0.44140625 0.4479166666666667 0.4375 0.4409722222222222 0.4375 0.4340277777777778 0.4296875 0.4236111111111111 0.421875 0.4270833333333333
2 0.546875 0.3055555555555556 0.55078125 0.3125 0.556640625 0.3090277777777778 0.556640625 0.3263888888888889 0.55859375 0.3298611111111111 0.55859375 0.3368055555555556 0.556640625 0.3402777777777778 0.556640625 0.3576388888888889 0.552734375 0.3680555555555556 0.552734375 0.3819444444444444 0.5546875 0.3888888888888889 0.55078125 0.3958333333333333 0.55078125 0.4027777777777778 0.5390625 0.4201388888888889 0.5390625 0.4270833333333333 0.54296875 0.4409722222222222 0.54296875 0.4513888888888889 0.537109375 0.4513888888888889 0.53125 0.4444444444444444 0.53125 0.4305555555555556 0.52734375 0.4201388888888889 0.5234375 0.4201388888888889 0.513671875 0.4305555555555556 0.51171875 0.4305555555555556 0.51171875 0.4236111111111111 0.509765625 0.4201388888888889 0.51171875 0.40625 0.521484375 0.3854166666666667 0.521484375 0.3645833333333333 0.529296875 0.3368055555555556 0.533203125 0.3368055555555556 0.537109375 0.3298611111111111 0.5390625 0.3194444444444444 0.546875 0.3090277777777778