0 0.27734375 0.3263888888888889 0.28125 0.3368055555555556 0.28125 0.34375 0.26953125 0.34375 0.267578125 0.3402777777777778 0.267578125 0.3298611111111111 0.26953125 0.3263888888888889 0.275390625 0.3263888888888889
0 0.31640625 0.2604166666666667 0.31640625 0.25 0.3203125 0.24305555555555555 0.326171875 0.24305555555555555 0.328125 0.2465277777777778 0.328125 0.2569444444444444 0.326171875 0.2604166666666667 0.318359375 0.2604166666666667
0 0.38671875 0.22569444444444445 0.390625 0.23958333333333334 0.390625 0.24305555555555555 0.38671875 0.2465277777777778 0.3828125 0.2465277777777778 0.376953125 0.23958333333333334 0.376953125 0.22916666666666666 0.37890625 0.22569444444444445 0.384765625 0.22569444444444445
0 0.453125 0.1840277777777778 0.4609375 0.1909722222222222 0.4609375 0.2013888888888889 0.458984375 0.20833333333333334 0.451171875 0.20833333333333334 0.44921875 0.2048611111111111 0.44921875 0.1909722222222222 0.451171875 0.1875
0 0.419921875 0.2777777777777778 0.423828125 0.2847222222222222 0.423828125 0.2951388888888889 0.421875 0.3020833333333333 0.412109375 0.3020833333333333 0.41015625 0.2951388888888889 0.412109375 0.28125 0.41796875 0.2777777777777778
0 0.4296875 0.3263888888888889 0.427734375 0.3125 0.431640625 0.3055555555555556 0.4375 0.3055555555555556 0.44140625 0.3159722222222222 0.439453125 0.3194444444444444 0.439453125 0.3263888888888889 0.435546875 0.3298611111111111 0.431640625 0.3263888888888889
0 0.4166666666666667 0.41018518518518515 0.015625 0.025925925925925925
0 0.3984375 0.4513888888888889 0.41015625 0.4513888888888889 0.412109375 0.4583333333333333 0.412109375 0.46875 0.408203125 0.4791666666666667 0.40234375 0.4791666666666667 0.3984375 0.4756944444444444 0.3984375 0.46875 0.400390625 0.4652777777777778 0.3984375 0.4618055555555556 0.3984375 0.4548611111111111
0 0.416015625 0.4930555555555556 0.416015625 0.4722222222222222 0.41796875 0.46875 0.427734375 0.46875 0.427734375 0.4826388888888889 0.41796875 0.4930555555555556
0 0.544921875 0.5069444444444444 0.55078125 0.5173611111111112 0.546875 0.53125 0.537109375 0.53125 0.533203125 0.5243055555555556 0.53515625 0.5104166666666666 0.537109375 0.5069444444444444 0.54296875 0.5069444444444444
0 0.44921875 0.3923611111111111 0.453125 0.40625 0.447265625 0.4201388888888889 0.443359375 0.4201388888888889 0.439453125 0.4131944444444444 0.439453125 0.3993055555555556 0.447265625 0.3923611111111111
0 0.470703125 0.34375 0.474609375 0.3541666666666667 0.47265625 0.3645833333333333 0.46484375 0.3645833333333333 0.4609375 0.3541666666666667 0.4609375 0.3472222222222222 0.462890625 0.34375 0.46875 0.34375
0 0.4609375 0.2673611111111111 0.46484375 0.2777777777777778 0.462890625 0.28125 0.462890625 0.2881944444444444 0.458984375 0.2951388888888889 0.451171875 0.2951388888888889 0.44921875 0.2881944444444444 0.44921875 0.2743055555555556 0.453125 0.2673611111111111 0.458984375 0.2673611111111111
0 0.5302083333333333 0.24444444444444446 0.016666666666666666 0.025925925925925925
0 0.58203125 0.1909722222222222 0.580078125 0.18055555555555555 0.5859375 0.1701388888888889 0.595703125 0.1701388888888889 0.595703125 0.1875 0.591796875 0.19444444444444445 0.5859375 0.19444444444444445 0.583984375 0.1909722222222222
0 0.48984374999999997 0.3537037037037037 0.0140625 0.02962962962962963
0 0.697265625 0.2048611111111111 0.69921875 0.20833333333333334 0.69921875 0.21875 0.6953125 0.22916666666666666 0.6875 0.22569444444444445 0.6875 0.20833333333333334 0.689453125 0.2048611111111111 0.6953125 0.2048611111111111
0 0.6953125 0.2951388888888889 0.703125 0.3055555555555556 0.703125 0.3125 0.69921875 0.3229166666666667 0.693359375 0.3229166666666667 0.6875 0.3159722222222222 0.6875 0.3020833333333333 0.693359375 0.2951388888888889
0 0.662109375 0.4166666666666667 0.666015625 0.4131944444444444 0.671875 0.4131944444444444 0.67578125 0.4270833333333333 0.673828125 0.4340277777777778 0.666015625 0.4375 0.662109375 0.4305555555555556 0.662109375 0.4201388888888889
0 0.666015625 0.53125 0.66796875 0.5347222222222222 0.66796875 0.5520833333333334 0.666015625 0.5555555555555556 0.66015625 0.5555555555555556 0.65625 0.5486111111111112 0.65625 0.5381944444444444 0.6640625 0.53125
1 0.83984375 0.1527777777777778 0.84765625 0.16319444444444445 0.849609375 0.1736111111111111 0.853515625 0.18055555555555555 0.853515625 0.2013888888888889 0.8515625 0.20833333333333334 0.84765625 0.20833333333333334 0.84765625 0.19791666666666666 0.84375 0.1909722222222222 0.837890625 0.1909722222222222 0.833984375 0.19444444444444445 0.8359375 0.1840277777777778 0.830078125 0.1701388888888889 0.830078125 0.16319444444444445 0.83203125 0.16319444444444445 0.833984375 0.15625 0.837890625 0.1527777777777778
1 0.68359375 0.4375 0.689453125 0.4479166666666667 0.69921875 0.4791666666666667 0.69140625 0.4861111111111111 0.68359375 0.4861111111111111 0.6796875 0.4826388888888889 0.677734375 0.4722222222222222 0.66796875 0.4513888888888889 0.66796875 0.4409722222222222 0.67578125 0.4305555555555556 0.681640625 0.4375
1 0.69921875 0.21875 0.701171875 0.2222222222222222 0.705078125 0.2222222222222222 0.71484375 0.2361111111111111 0.720703125 0.2604166666666667 0.70703125 0.2638888888888889 0.703125 0.2465277777777778 0.6953125 0.2465277777777778 0.69140625 0.23958333333333334 0.69140625 0.22916666666666666 0.697265625 0.2222222222222222
1 0.462890625 0.3611111111111111 0.466796875 0.3645833333333333 0.46875 0.3715277777777778 0.466796875 0.3784722222222222 0.462890625 0.3680555555555556 0.458984375 0.375 0.4609375 0.3819444444444444 0.4609375 0.3923611111111111 0.458984375 0.3958333333333333 0.453125 0.3958333333333333 0.4453125 0.3888888888888889 0.44140625 0.3923611111111111 0.44140625 0.3819444444444444 0.453125 0.3576388888888889 0.458984375 0.3576388888888889 0.4609375 0.3611111111111111
1 0.451171875 0.2951388888888889 0.458984375 0.2951388888888889 0.46484375 0.2881944444444444 0.470703125 0.2881944444444444 0.4765625 0.3125 0.48046875 0.3194444444444444 0.48046875 0.3229166666666667 0.474609375 0.3298611111111111 0.466796875 0.3298611111111111 0.453125 0.3090277777777778 0.451171875 0.2986111111111111
1 0.3203125 0.2604166666666667 0.330078125 0.2708333333333333 0.33203125 0.2777777777777778 0.322265625 0.2916666666666667 0.322265625 0.2986111111111111 0.3203125 0.3020833333333333 0.302734375 0.3020833333333333 0.3046875 0.2986111111111111 0.3046875 0.2847222222222222 0.306640625 0.28125 0.306640625 0.2638888888888889 0.318359375 0.2604166666666667
1 0.41354166666666664 0.32083333333333336 0.026041666666666668 0.04722222222222222
1 0.40625 0.4826388888888889 0.408203125 0.4895833333333333 0.404296875 0.4965277777777778 0.400390625 0.4965277777777778 0.39453125 0.4895833333333333 0.390625 0.4965277777777778 0.390625 0.5034722222222222 0.388671875 0.5069444444444444 0.3828125 0.5069444444444444 0.376953125 0.5 0.3828125 0.4826388888888889 0.38671875 0.4826388888888889 0.39453125 0.4722222222222222 0.400390625 0.4722222222222222 0.404296875 0.4826388888888889
1 0.42578125 0.3229166666666667 0.43359375 0.3298611111111111 0.43359375 0.3368055555555556 0.435546875 0.3402777777777778 0.427734375 0.3611111111111111 0.42578125 0.3611111111111111 0.427734375 0.3402777777777778 0.42578125 0.3368055555555556 0.421875 0.3368055555555556 0.41796875 0.34375 0.41796875 0.3645833333333333 0.412109375 0.3645833333333333 0.404296875 0.3576388888888889 0.404296875 0.3472222222222222 0.41015625 0.3402777777777778 0.4140625 0.3402777777777778 0.416015625 0.3333333333333333 0.421875 0.3229166666666667 0.423828125 0.3229166666666667
1 0.462890625 0.2013888888888889 0.466796875 0.20833333333333334 0.46484375 0.2222222222222222 0.47265625 0.2326388888888889 0.47265625 0.24305555555555555 0.466796875 0.24305555555555555 0.46484375 0.2465277777777778 0.4609375 0.24305555555555555 0.44921875 0.21875 0.44921875 0.20833333333333334 0.455078125 0.20833333333333334 0.4609375 0.2013888888888889
1 0.58984375 0.19444444444444445 0.591796875 0.19791666666666666 0.591796875 0.20833333333333334 0.587890625 0.2152777777777778 0.58203125 0.2152777777777778 0.57421875 0.22916666666666666 0.56640625 0.22569444444444445 0.568359375 0.2048611111111111 0.576171875 0.1909722222222222 0.5859375 0.1909722222222222 0.587890625 0.19444444444444445
1 0.396484375 0.4583333333333333 0.39453125 0.4548611111111111 0.390625 0.4548611111111111 0.38671875 0.4444444444444444 0.40625 0.4166666666666667 0.412109375 0.4166666666666667 0.41796875 0.4270833333333333 0.41796875 0.4375 0.412109375 0.4409722222222222 0.408203125 0.4479166666666667 0.40234375 0.4479166666666667 0.3984375 0.4548611111111111
1 0.373046875 0.2361111111111111 0.376953125 0.24305555555555555 0.380859375 0.2465277777777778 0.38671875 0.2465277777777778 0.388671875 0.25 0.390625 0.2708333333333333 0.3828125 0.2777777777777778 0.376953125 0.2916666666666667 0.373046875 0.2916666666666667 0.37109375 0.2881944444444444 0.361328125 0.2881944444444444 0.361328125 0.2638888888888889 0.359375 0.2569444444444444 0.369140625 0.23958333333333334 0.37109375 0.23958333333333334
1 0.263671875 0.3472222222222222 0.267578125 0.34375 0.271484375 0.3472222222222222 0.279296875 0.3472222222222222 0.283203125 0.3576388888888889 0.2734375 0.3819444444444444 0.2734375 0.3923611111111111 0.271484375 0.3958333333333333 0.267578125 0.3993055555555556 0.255859375 0.3993055555555556 0.2578125 0.3715277777777778 0.263671875 0.3506944444444444
1 0.49635416666666665 0.38749999999999996 0.0375 0.06388888888888888
1 0.673828125 0.5486111111111112 0.681640625 0.5555555555555556 0.689453125 0.5868055555555556 0.685546875 0.5902777777777778 0.658203125 0.59375 0.65234375 0.6041666666666666 0.650390625 0.6041666666666666 0.650390625 0.5972222222222222 0.654296875 0.5868055555555556 0.654296875 0.5659722222222222 0.65625 0.5625 0.65625 0.5555555555555556 0.671875 0.5486111111111112
1 0.431640625 0.4826388888888889 0.439453125 0.4965277777777778 0.4453125 0.5173611111111112 0.4453125 0.5208333333333334 0.44140625 0.5208333333333334 0.439453125 0.5243055555555556 0.431640625 0.5243055555555556 0.431640625 0.5138888888888888 0.419921875 0.5 0.419921875 0.4930555555555556 0.423828125 0.4861111111111111 0.4296875 0.4826388888888889
1 0.45703125 0.40625 0.46875 0.4375 0.47265625 0.4513888888888889 0.47265625 0.4583333333333333 0.466796875 0.4652777777777778 0.458984375 0.46875 0.453125 0.4583333333333333 0.453125 0.4548611111111111 0.44140625 0.4375 0.44140625 0.4270833333333333 0.455078125 0.4097222222222222
1 0.51953125 0.5277777777777778 0.53515625 0.5277777777777778 0.5390625 0.5347222222222222 0.52734375 0.5590277777777778 0.52734375 0.5659722222222222 0.525390625 0.5659722222222222 0.513671875 0.5555555555555556 0.515625 0.5381944444444444 0.51953125 0.53125
1 0.51953125 0.2465277777777778 0.525390625 0.2569444444444444 0.52734375 0.2569444444444444 0.52734375 0.2638888888888889 0.509765625 0.2881944444444444 0.505859375 0.2881944444444444 0.50390625 0.2847222222222222 0.50390625 0.2777777777777778 0.5078125 0.2708333333333333 0.505859375 0.2673611111111111 0.505859375 0.2604166666666667 0.51171875 0.25 0.517578125 0.2465277777777778
1 0.69140625 0.3298611111111111 0.6953125 0.3194444444444444 0.70703125 0.3159722222222222 0.712890625 0.3263888888888889 0.712890625 0.3333333333333333 0.716796875 0.34375 0.716796875 0.3576388888888889 0.7109375 0.3576388888888889 0.703125 0.3645833333333333 0.6953125 0.3645833333333333 0.693359375 0.3333333333333333
2 0.4921875 0.28125 0.498046875 0.2777777777777778 0.51171875 0.25 0.51953125 0.2465277777777778 0.525390625 0.2326388888888889 0.53125 0.2326388888888889 0.53515625 0.23958333333333334 0.53515625 0.2465277777777778 0.529296875 0.2569444444444444 0.52734375 0.2673611111111111 0.515625 0.2777777777777778 0.509765625 0.2881944444444444 0.51171875 0.2986111111111111 0.517578125 0.3125 0.517578125 0.3229166666666667 0.515625 0.3263888888888889 0.50390625 0.3263888888888889 0.501953125 0.3298611111111111 0.498046875 0.3298611111111111 0.490234375 0.3402777777777778 0.486328125 0.3368055555555556 0.486328125 0.3229166666666667 0.48828125 0.3159722222222222 0.4921875 0.3159722222222222 0.494140625 0.3125 0.494140625 0.2916666666666667 0.4921875 0.2847222222222222
2 0.45703125 0.2673611111111111 0.466796875 0.2743055555555556 0.466796875 0.28125 0.47265625 0.2916666666666667 0.47265625 0.2986111111111111 0.48046875 0.3194444444444444 0.482421875 0.3402777777777778 0.48046875 0.34375 0.478515625 0.3645833333333333 0.474609375 0.3680555555555556 0.474609375 0.3472222222222222 0.470703125 0.3402777777777778 0.46484375 0.3368055555555556 0.46484375 0.3333333333333333 0.4609375 0.3298611111111111 0.453125 0.3125 0.44921875 0.3125 0.447265625 0.3090277777777778 0.451171875 0.2986111111111111 0.451171875 0.2743055555555556 0.455078125 0.2708333333333333
2 0.66796875 0.4131944444444444 0.671875 0.4166666666666667 0.673828125 0.4236111111111111 0.689453125 0.4479166666666667 0.69921875 0.4791666666666667 0.697265625 0.4861111111111111 0.685546875 0.5034722222222222 0.685546875 0.5173611111111112 0.689453125 0.53125 0.689453125 0.5416666666666666 0.6875 0.5451388888888888 0.677734375 0.5451388888888888 0.671875 0.5277777777777778 0.671875 0.5 0.67578125 0.4930555555555556 0.67578125 0.46875 0.662109375 0.4375 0.662109375 0.4201388888888889 0.666015625 0.4166666666666667
2 0.693359375 0.2048611111111111 0.697265625 0.20833333333333334 0.697265625 0.21180555555555555 0.703125 0.2222222222222222 0.71484375 0.2361111111111111 0.72265625 0.2673611111111111 0.712890625 0.28125 0.71875 0.3055555555555556 0.71875 0.3090277777777778 0.712890625 0.3159722222222222 0.7109375 0.3125 0.7109375 0.2986111111111111 0.705078125 0.2847222222222222 0.703125 0.2847222222222222 0.69921875 0.2951388888888889 0.69140625 0.2951388888888889 0.689453125 0.2881944444444444 0.689453125 0.28125 0.6953125 0.2708333333333333 0.6953125 0.2465277777777778 0.685546875 0.2222222222222222 0.685546875 0.21180555555555555 0.69140625 0.2048611111111111
2 0.419921875 0.2777777777777778 0.423828125 0.2881944444444444 0.423828125 0.2986111111111111 0.427734375 0.3055555555555556 0.416015625 0.3368055555555556 0.40625 0.3402777777777778 0.40234375 0.3472222222222222 0.40234375 0.3576388888888889 0.400390625 0.3611111111111111 0.3984375 0.3611111111111111 0.396484375 0.3541666666666667 0.396484375 0.3402777777777778 0.400390625 0.3333333333333333 0.40234375 0.3125 0.408203125 0.2986111111111111 0.408203125 0.2881944444444444 0.41015625 0.28125 0.412109375 0.2777777777777778 0.41796875 0.2777777777777778
2 0.318359375 0.24305555555555555 0.32421875 0.24305555555555555 0.326171875 0.2465277777777778 0.328125 0.2534722222222222 0.326171875 0.2638888888888889 0.3359375 0.2881944444444444 0.3359375 0.2986111111111111 0.326171875 0.2881944444444444 0.322265625 0.2951388888888889 0.322265625 0.3020833333333333 0.3203125 0.3055555555555556 0.32421875 0.3194444444444444 0.32421875 0.375 0.328125 0.3819444444444444 0.3203125 0.3819444444444444 0.318359375 0.34375 0.314453125 0.3368055555555556 0.310546875 0.3368055555555556 0.30859375 0.3402777777777778 0.30859375 0.3576388888888889 0.306640625 0.3611111111111111 0.3046875 0.3541666666666667 0.3046875 0.3333333333333333 0.306640625 0.3298611111111111 0.306640625 0.3229166666666667 0.30078125 0.3090277777777778 0.306640625 0.28125 0.30078125 0.2743055555555556 0.296875 0.2777777777777778 0.287109375 0.2986111111111111 0.283203125 0.3020833333333333 0.28125 0.2986111111111111 0.283203125 0.2916666666666667 0.287109375 0.2881944444444444 0.2890625 0.2777777777777778 0.302734375 0.2638888888888889 0.3125 0.2604166666666667 0.318359375 0.2465277777777778
2 0.27734375 0.3263888888888889 0.28125 0.3368055555555556 0.279296875 0.3402777777777778 0.279296875 0.3472222222222222 0.2890625 0.3680555555555556 0.2890625 0.3784722222222222 0.287109375 0.3819444444444444 0.283203125 0.3819444444444444 0.27734375 0.375 0.2734375 0.3819444444444444 0.2734375 0.3923611111111111 0.283203125 0.4097222222222222 0.283203125 0.4166666666666667 0.287109375 0.4305555555555556 0.287109375 0.4479166666666667 0.29296875 0.4583333333333333 0.291015625 0.4652777777777778 0.28515625 0.4652777777777778 0.283203125 0.4618055555555556 0.283203125 0.4444444444444444 0.28125 0.4409722222222222 0.279296875 0.4236111111111111 0.26953125 0.4131944444444444 0.26171875 0.4305555555555556 0.263671875 0.4513888888888889 0.255859375 0.4479166666666667 0.255859375 0.4409722222222222 0.259765625 0.4270833333333333 0.259765625 0.4131944444444444 0.255859375 0.3993055555555556 0.2578125 0.3715277777777778 0.259765625 0.3680555555555556 0.26171875 0.3506944444444444 0.267578125 0.3402777777777778 0.267578125 0.3298611111111111 0.26953125 0.3263888888888889 0.275390625 0.3263888888888889
2 0.412109375 0.4548611111111111 0.412109375 0.4826388888888889 0.41015625 0.4861111111111111 0.41015625 0.4930555555555556 0.404296875 0.5 0.408203125 0.5173611111111112 0.40234375 0.5243055555555556 0.40234375 0.5277777777777778 0.408203125 0.5347222222222222 0.404296875 0.5486111111111112 0.404296875 0.5590277777777778 0.408203125 0.5625 0.40625 0.5659722222222222 0.3984375 0.5659722222222222 0.396484375 0.5625 0.400390625 0.5347222222222222 0.396484375 0.5277777777777778 0.392578125 0.5277777777777778 0.388671875 0.5347222222222222 0.388671875 0.5416666666666666 0.38671875 0.5451388888888888 0.3828125 0.5451388888888888 0.376953125 0.5520833333333334 0.373046875 0.5520833333333334 0.369140625 0.5590277777777778 0.361328125 0.5625 0.35546875 0.5763888888888888 0.3515625 0.5729166666666666 0.3515625 0.5625 0.36328125 0.5520833333333334 0.375 0.5347222222222222 0.375 0.5034722222222222 0.380859375 0.4861111111111111 0.392578125 0.4756944444444444 0.3984375 0.4652777777777778 0.40234375 0.4513888888888889 0.408203125 0.4513888888888889 0.41015625 0.4548611111111111
2 0.4375 0.3055555555555556 0.44140625 0.3159722222222222 0.439453125 0.3194444444444444 0.439453125 0.3263888888888889 0.443359375 0.3333333333333333 0.447265625 0.3333333333333333 0.447265625 0.3368055555555556 0.435546875 0.3402777777777778 0.427734375 0.3576388888888889 0.427734375 0.3645833333333333 0.431640625 0.3715277777777778 0.4296875 0.375 0.4296875 0.3819444444444444 0.43359375 0.3923611111111111 0.427734375 0.3993055555555556 0.423828125 0.3993055555555556 0.421875 0.3958333333333333 0.412109375 0.3958333333333333 0.404296875 0.4097222222222222 0.39453125 0.4201388888888889 0.392578125 0.4201388888888889 0.392578125 0.4166666666666667 0.404296875 0.3923611111111111 0.40234375 0.3854166666666667 0.38671875 0.3923611111111111 0.380859375 0.3993055555555556 0.37890625 0.3958333333333333 0.375 0.3958333333333333 0.375 0.3923611111111111 0.376953125 0.3888888888888889 0.384765625 0.3888888888888889 0.39453125 0.3819444444444444 0.3984375 0.375 0.400390625 0.3611111111111111 0.404296875 0.3541666666666667 0.404296875 0.3472222222222222 0.41015625 0.3402777777777778 0.4140625 0.3402777777777778 0.4296875 0.3055555555555556 0.435546875 0.3055555555555556
2 0.45703125 0.1875 0.466796875 0.21180555555555555 0.474609375 0.2222222222222222 0.474609375 0.2604166666666667 0.470703125 0.2708333333333333 0.453125 0.2673611111111111 0.4609375 0.2465277777777778 0.44921875 0.2222222222222222 0.447265625 0.1909722222222222 0.44921875 0.1875 0.455078125 0.1875
2 0.666015625 0.5347222222222222 0.681640625 0.5555555555555556 0.685546875 0.5729166666666666 0.689453125 0.5798611111111112 0.689453125 0.5902777777777778 0.685546875 0.6076388888888888 0.685546875 0.625 0.69140625 0.6354166666666666 0.697265625 0.65625 0.6953125 0.6597222222222222 0.69140625 0.65625 0.69140625 0.6527777777777778 0.681640625 0.6354166666666666 0.677734375 0.6215277777777778 0.67578125 0.6180555555555556 0.669921875 0.6180555555555556 0.6640625 0.625 0.65625 0.6423611111111112 0.65625 0.6493055555555556 0.654296875 0.6527777777777778 0.654296875 0.6840277777777778 0.650390625 0.6840277777777778 0.646484375 0.6770833333333334 0.650390625 0.6701388888888888 0.650390625 0.6388888888888888 0.65234375 0.6354166666666666 0.65234375 0.6215277777777778 0.650390625 0.6180555555555556 0.6484375 0.6215277777777778 0.642578125 0.6215277777777778 0.642578125 0.6180555555555556 0.650390625 0.6041666666666666 0.650390625 0.5972222222222222 0.654296875 0.5868055555555556 0.65625 0.5416666666666666 0.66015625 0.53125 0.6640625 0.5347222222222222
2 0.419921875 0.3993055555555556 0.423828125 0.4027777777777778 0.42578125 0.4097222222222222 0.42578125 0.4236111111111111 0.421875 0.4305555555555556 0.423828125 0.4340277777777778 0.423828125 0.4513888888888889 0.41796875 0.4513888888888889 0.416015625 0.4548611111111111 0.408203125 0.4479166666666667 0.40234375 0.4479166666666667 0.3984375 0.4548611111111111 0.396484375 0.4652777777777778 0.38671875 0.4791666666666667 0.3828125 0.4791666666666667 0.3828125 0.4479166666666667 0.38671875 0.4409722222222222 0.392578125 0.4375 0.3984375 0.4236111111111111 0.404296875 0.4201388888888889 0.41015625 0.4097222222222222 0.41015625 0.4027777777777778 0.412109375 0.3993055555555556 0.41796875 0.3993055555555556
2 0.37890625 0.2222222222222222 0.384765625 0.2222222222222222 0.388671875 0.22916666666666666 0.388671875 0.2569444444444444 0.390625 0.2638888888888889 0.3984375 0.2743055555555556 0.39453125 0.2847222222222222 0.3828125 0.2847222222222222 0.37890625 0.2916666666666667 0.388671875 0.3159722222222222 0.39453125 0.3368055555555556 0.39453125 0.3506944444444444 0.390625 0.3472222222222222 0.38671875 0.3368055555555556 0.38671875 0.3298611111111111 0.3828125 0.3229166666666667 0.376953125 0.3194444444444444 0.373046875 0.3263888888888889 0.373046875 0.3576388888888889 0.37109375 0.3611111111111111 0.369140625 0.3576388888888889 0.369140625 0.3333333333333333 0.3671875 0.3298611111111111 0.3671875 0.3194444444444444 0.369140625 0.3159722222222222 0.359375 0.2986111111111111 0.359375 0.2916666666666667 0.361328125 0.2881944444444444 0.361328125 0.2638888888888889 0.359375 0.2569444444444444 0.37890625 0.22569444444444445
2 0.494140625 0.34375 0.5 0.3576388888888889 0.50390625 0.3576388888888889 0.505859375 0.3611111111111111 0.5078125 0.3784722222222222 0.513671875 0.3993055555555556 0.513671875 0.4236111111111111 0.515625 0.4305555555555556 0.525390625 0.4444444444444444 0.525390625 0.4548611111111111 0.52734375 0.4583333333333333 0.53515625 0.4652777777777778 0.5390625 0.4652777777777778 0.5390625 0.4756944444444444 0.53515625 0.4791666666666667 0.53125 0.4791666666666667 0.52734375 0.46875 0.5078125 0.4548611111111111 0.501953125 0.4409722222222222 0.5 0.4340277777777778 0.5 0.4236111111111111 0.4921875 0.40625 0.4921875 0.3993055555555556 0.484375 0.3854166666666667 0.4765625 0.3784722222222222 0.482421875 0.3645833333333333 0.482421875 0.3541666666666667 0.484375 0.3472222222222222 0.486328125 0.34375 0.4921875 0.34375
2 0.4609375 0.34375 0.470703125 0.34375 0.47265625 0.3472222222222222 0.47265625 0.3611111111111111 0.470703125 0.3645833333333333 0.470703125 0.3784722222222222 0.47265625 0.3819444444444444 0.46875 0.3888888888888889 0.462890625 0.3888888888888889 0.45703125 0.3993055555555556 0.451171875 0.3923611111111111 0.443359375 0.3923611111111111 0.439453125 0.3993055555555556 0.439453125 0.4131944444444444 0.44140625 0.4166666666666667 0.439453125 0.4201388888888889 0.43359375 0.4201388888888889 0.431640625 0.4131944444444444 0.431640625 0.3993055555555556 0.43359375 0.3958333333333333 0.4375 0.3958333333333333 0.44140625 0.3888888888888889 0.443359375 0.375 0.4609375 0.3472222222222222
2 0.845703125 0.1597222222222222 0.853515625 0.18055555555555555 0.8515625 0.2222222222222222 0.845703125 0.2152777777777778 0.841796875 0.2152777777777778 0.837890625 0.2222222222222222 0.8359375 0.2326388888888889 0.841796875 0.24305555555555555 0.841796875 0.2465277777777778 0.8359375 0.2604166666666667 0.828125 0.2673611111111111 0.81640625 0.2638888888888889 0.81640625 0.2604166666666667 0.8203125 0.2604166666666667 0.828125 0.24305555555555555 0.828125 0.2222222222222222 0.826171875 0.21875 0.826171875 0.20833333333333334 0.833984375 0.19444444444444445 0.833984375 0.17708333333333334 0.826171875 0.1597222222222222 0.826171875 0.1423611111111111 0.828125 0.1388888888888889 0.833984375 0.1388888888888889 0.84375 0.1597222222222222
2 0.421875 0.46875 0.42578125 0.4722222222222222 0.431640625 0.4861111111111111 0.43359375 0.4861111111111111 0.443359375 0.5104166666666666 0.44921875 0.53125 0.453125 0.5555555555555556 0.45703125 0.5625 0.46484375 0.5625 0.4765625 0.5763888888888888 0.4765625 0.5798611111111112 0.470703125 0.5798611111111112 0.462890625 0.5729166666666666 0.45703125 0.5729166666666666 0.44921875 0.5659722222222222 0.443359375 0.5555555555555556 0.4375 0.5555555555555556 0.4296875 0.5659722222222222 0.431640625 0.5868055555555556 0.43359375 0.5902777777777778 0.43359375 0.6041666666666666 0.4296875 0.6041666666666666 0.427734375 0.6006944444444444 0.427734375 0.5902777777777778 0.421875 0.5729166666666666 0.421875 0.5625 0.4296875 0.5416666666666666 0.4296875 0.5173611111111112 0.416015625 0.4930555555555556 0.416015625 0.4722222222222222 0.419921875 0.46875
2 0.44140625 0.3958333333333333 0.451171875 0.3958333333333333 0.45703125 0.4027777777777778 0.462890625 0.4236111111111111 0.470703125 0.4409722222222222 0.474609375 0.4583333333333333 0.474609375 0.46875 0.470703125 0.4826388888888889 0.470703125 0.4930555555555556 0.478515625 0.5069444444444444 0.486328125 0.5138888888888888 0.484375 0.5208333333333334 0.47265625 0.5347222222222222 0.474609375 0.5381944444444444 0.474609375 0.5486111111111112 0.470703125 0.5555555555555556 0.46484375 0.5590277777777778 0.46484375 0.5520833333333334 0.466796875 0.5486111111111112 0.466796875 0.53125 0.4609375 0.5069444444444444 0.4609375 0.4965277777777778 0.45703125 0.4791666666666667 0.45703125 0.4652777777777778 0.447265625 0.4479166666666667 0.4375 0.4479166666666667 0.4375 0.4409722222222222 0.44140625 0.4340277777777778 0.44140625 0.4236111111111111 0.443359375 0.4201388888888889 0.44140625 0.4131944444444444 0.44140625 0.3993055555555556
2 0.54296875 0.5034722222222222 0.548828125 0.5104166666666666 0.548828125 0.5277777777777778 0.546875 0.53125 0.54296875 0.53125 0.529296875 0.5590277777777778 0.529296875 0.5659722222222222 0.53125 0.5694444444444444 0.537109375 0.5763888888888888 0.54296875 0.5763888888888888 0.54296875 0.5798611111111112 0.537109375 0.5833333333333334 0.533203125 0.5902777777777778 0.533203125 0.5972222222222222 0.53125 0.6006944444444444 0.525390625 0.6041666666666666 0.517578125 0.6180555555555556 0.509765625 0.625 0.51171875 0.6388888888888888 0.5078125 0.6388888888888888 0.501953125 0.6319444444444444 0.501953125 0.625 0.51171875 0.6076388888888888 0.509765625 0.6006944444444444 0.505859375 0.6006944444444444 0.50390625 0.5972222222222222 0.5078125 0.5972222222222222 0.515625 0.5902777777777778 0.515625 0.5798611111111112 0.51171875 0.5729166666666666 0.51171875 0.5520833333333334 0.515625 0.5451388888888888 0.515625 0.5381944444444444 0.521484375 0.5277777777777778 0.52734375 0.5277777777777778 0.53125 0.5243055555555556 0.53515625 0.5173611111111112 0.53515625 0.5104166666666666 0.537109375 0.5069444444444444 0.541015625 0.5069444444444444
2 0.583984375 0.1736111111111111 0.58984375 0.1701388888888889 0.595703125 0.17708333333333334 0.595703125 0.1909722222222222 0.59375 0.19444444444444445 0.595703125 0.19791666666666666 0.595703125 0.2048611111111111 0.59375 0.2048611111111111 0.58984375 0.2152777777777778 0.583984375 0.2152777777777778 0.580078125 0.2222222222222222 0.58203125 0.24305555555555555 0.572265625 0.2638888888888889 0.57421875 0.2777777777777778 0.568359375 0.2777777777777778 0.560546875 0.2673611111111111 0.5625 0.2604166666666667 0.56640625 0.2604166666666667 0.5703125 0.2534722222222222 0.568359375 0.2465277777777778 0.5625 0.2465277777777778 0.55859375 0.2534722222222222 0.5546875 0.2534722222222222 0.546875 0.2604166666666667 0.541015625 0.2708333333333333 0.54296875 0.2743055555555556 0.5390625 0.2777777777777778 0.537109375 0.2743055555555556 0.537109375 0.2673611111111111 0.5390625 0.2673611111111111 0.552734375 0.2465277777777778 0.5546875 0.2326388888888889 0.55859375 0.2222222222222222 0.55859375 0.2152777777777778 0.5625 0.20833333333333334 0.56640625 0.20833333333333334 0.576171875 0.1909722222222222 0.578125 0.1909722222222222 0.583984375 0.17708333333333334
2 0.70703125 0.3159722222222222 0.712890625 0.3263888888888889 0.716796875 0.3402777777777778 0.716796875 0.3645833333333333 0.71875 0.3680555555555556 0.71875 0.3784722222222222 0.70703125 0.3888888888888889 0.70703125 0.4201388888888889 0.703125 0.4270833333333333 0.701171875 0.4270833333333333 0.701171875 0.3854166666666667 0.69921875 0.3819444444444444 0.6953125 0.3819444444444444 0.69140625 0.3888888888888889 0.69140625 0.4270833333333333 0.689453125 0.4305555555555556 0.68359375 0.4305555555555556 0.68359375 0.4236111111111111 0.685546875 0.4201388888888889 0.68359375 0.3819444444444444 0.685546875 0.375 0.693359375 0.3680555555555556 0.693359375 0.3576388888888889 0.6953125 0.3541666666666667 0.693359375 0.3472222222222222 0.693359375 0.3368055555555556 0.689453125 0.3229166666666667 0.689453125 0.3020833333333333 0.69140625 0.2986111111111111 0.697265625 0.2986111111111111 0.705078125 0.3159722222222222