0 0.537109375 0.3784722222222222 0.541015625 0.3819444444444444 0.541015625 0.3923611111111111 0.53515625 0.3993055555555556 0.529296875 0.3993055555555556 0.525390625 0.3888888888888889 0.529296875 0.3784722222222222 0.53515625 0.3784722222222222
0 0.837890625 0.7777777777777778 0.845703125 0.7847222222222222 0.84765625 0.7986111111111112 0.84375 0.8020833333333334 0.837890625 0.8020833333333334 0.83203125 0.8090277777777778 0.828125 0.8020833333333334 0.828125 0.7916666666666666 0.833984375 0.78125 0.8359375 0.78125
0 0.91796875 0.5138888888888888 0.919921875 0.5208333333333334 0.919921875 0.53125 0.912109375 0.5381944444444444 0.904296875 0.5381944444444444 0.90234375 0.5347222222222222 0.90234375 0.5243055555555556 0.908203125 0.5104166666666666 0.9140625 0.5104166666666666 0.916015625 0.5138888888888888
0 0.4453125 0.3472222222222222 0.453125 0.3472222222222222 0.45703125 0.3541666666666667 0.45703125 0.3645833333333333 0.453125 0.3715277777777778 0.44921875 0.3715277777777778 0.443359375 0.3645833333333333 0.443359375 0.3541666666666667 0.4453125 0.3506944444444444
0 0.48046875 0.3958333333333333 0.48828125 0.3958333333333333 0.48828125 0.3993055555555556 0.4921875 0.4027777777777778 0.48828125 0.4166666666666667 0.478515625 0.4166666666666667 0.4765625 0.4097222222222222 0.48046875 0.3993055555555556
0 0.748046875 0.8333333333333334 0.751953125 0.8368055555555556 0.751953125 0.84375 0.736328125 0.84375 0.740234375 0.8333333333333334 0.74609375 0.8333333333333334
0 0.49140625 0.3611111111111111 0.013020833333333334 0.025925925925925925
0 0.498046875 0.3854166666666667 0.5 0.3923611111111111 0.5 0.3993055555555556 0.498046875 0.4027777777777778 0.4921875 0.4027777777777778 0.48828125 0.3958333333333333 0.48828125 0.3888888888888889 0.490234375 0.3854166666666667 0.49609375 0.3854166666666667
0 0.38671875 0.3784722222222222 0.390625 0.375 0.396484375 0.375 0.400390625 0.3854166666666667 0.392578125 0.4027777777777778 0.388671875 0.4027777777777778 0.384765625 0.3888888888888889 0.38671875 0.3819444444444444
0 0.763671875 0.027777777777777776 0.765625 0.03125 0.765625 0.04513888888888889 0.76171875 0.04513888888888889 0.755859375 0.03819444444444445 0.7578125 0.03125 0.76171875 0.027777777777777776
0 0.841796875 0.08333333333333333 0.845703125 0.09027777777777778 0.84375 0.09722222222222222 0.8359375 0.09722222222222222 0.8359375 0.08680555555555555 0.83984375 0.08333333333333333
0 0.8213541666666666 0.09953703703703703 0.011458333333333333 0.019444444444444445
0 0.939453125 0.09722222222222222 0.9453125 0.09722222222222222 0.947265625 0.10069444444444445 0.947265625 0.1111111111111111 0.943359375 0.11458333333333333 0.939453125 0.11458333333333333 0.9375 0.1111111111111111 0.9375 0.10416666666666667 0.939453125 0.10069444444444445
0 0.5234375 0.3958333333333333 0.52734375 0.3993055555555556 0.52734375 0.4201388888888889 0.525390625 0.4236111111111111 0.515625 0.4236111111111111 0.513671875 0.4166666666666667 0.515625 0.4027777777777778 0.521484375 0.3958333333333333
0 0.513671875 0.3541666666666667 0.517578125 0.3645833333333333 0.509765625 0.3784722222222222 0.50390625 0.375 0.501953125 0.3611111111111111 0.505859375 0.3541666666666667 0.51171875 0.3541666666666667
0 0.85546875 0.09375 0.859375 0.09027777777777778 0.86328125 0.09375 0.86328125 0.10416666666666667 0.861328125 0.1076388888888889 0.857421875 0.1076388888888889 0.85546875 0.10416666666666667 0.85546875 0.09722222222222222
0 0.798828125 0.10416666666666667 0.80078125 0.1076388888888889 0.80078125 0.11805555555555555 0.796875 0.12152777777777778 0.791015625 0.11458333333333333 0.79296875 0.1076388888888889 0.796875 0.10416666666666667
0 0.328125 0.4375 0.333984375 0.4375 0.337890625 0.4409722222222222 0.337890625 0.4548611111111111 0.333984375 0.4583333333333333 0.328125 0.4583333333333333 0.328125 0.4409722222222222
0 0.3359375 0.4930555555555556 0.33984375 0.4930555555555556 0.33984375 0.5 0.34375 0.5069444444444444 0.341796875 0.5138888888888888 0.3359375 0.5034722222222222 0.3359375 0.4965277777777778
1 0.890625 0.13194444444444445 0.91015625 0.13194444444444445 0.912109375 0.13541666666666666 0.912109375 0.14583333333333334 0.91015625 0.14930555555555555 0.91015625 0.1597222222222222 0.90625 0.17708333333333334 0.896484375 0.17708333333333334 0.89453125 0.1736111111111111 0.890625 0.1736111111111111 0.890625 0.16319444444444445 0.888671875 0.1597222222222222 0.888671875 0.1388888888888889 0.890625 0.13541666666666666
1 0.84765625 0.8020833333333334 0.85546875 0.8125 0.85546875 0.8194444444444444 0.857421875 0.8229166666666666 0.857421875 0.84375 0.82421875 0.84375 0.82421875 0.8298611111111112 0.828125 0.8159722222222222 0.837890625 0.8055555555555556 0.845703125 0.8020833333333334
1 0.90234375 0.5451388888888888 0.916015625 0.5416666666666666 0.91796875 0.5381944444444444 0.927734375 0.5381944444444444 0.931640625 0.5451388888888888 0.931640625 0.5590277777777778 0.9296875 0.5625 0.9296875 0.59375 0.92578125 0.6006944444444444 0.921875 0.5972222222222222 0.90625 0.5972222222222222 0.90625 0.5798611111111112 0.900390625 0.5555555555555556 0.90234375 0.5486111111111112
1 0.443359375 0.3680555555555556 0.44921875 0.375 0.45703125 0.375 0.45703125 0.3923611111111111 0.4453125 0.4236111111111111 0.43359375 0.4236111111111111 0.427734375 0.4166666666666667 0.427734375 0.3993055555555556 0.43359375 0.3958333333333333 0.4375 0.3888888888888889 0.435546875 0.3819444444444444 0.435546875 0.3715277777777778 0.44140625 0.3680555555555556
1 0.35052083333333334 0.499074074074074 0.027083333333333334 0.04074074074074074
1 0.482421875 0.3715277777777778 0.498046875 0.3715277777777778 0.501953125 0.3819444444444444 0.501953125 0.3958333333333333 0.501953125 0.3923611111111111 0.49609375 0.3819444444444444 0.490234375 0.3819444444444444 0.48828125 0.3888888888888889 0.484375 0.3923611111111111 0.482421875 0.3888888888888889 0.482421875 0.375
1 0.494140625 0.4201388888888889 0.501953125 0.4305555555555556 0.49609375 0.4444444444444444 0.4921875 0.4722222222222222 0.47265625 0.46875 0.47265625 0.4548611111111111 0.470703125 0.4513888888888889 0.470703125 0.4270833333333333 0.474609375 0.4201388888888889 0.4921875 0.4201388888888889
1 0.755859375 0.04861111111111111 0.7578125 0.052083333333333336 0.76171875 0.04861111111111111 0.76953125 0.04861111111111111 0.771484375 0.059027777777777776 0.767578125 0.06944444444444445 0.765625 0.08333333333333333 0.759765625 0.06597222222222222 0.7578125 0.06597222222222222 0.751953125 0.0763888888888889 0.751953125 0.0798611111111111 0.75 0.0763888888888889 0.75 0.052083333333333336 0.75390625 0.04861111111111111
1 0.330078125 0.4305555555555556 0.337890625 0.4375 0.33984375 0.4444444444444444 0.337890625 0.4583333333333333 0.3359375 0.4618055555555556 0.326171875 0.4618055555555556 0.32421875 0.4652777777777778 0.31640625 0.4652777777777778 0.314453125 0.46875 0.302734375 0.4479166666666667 0.302734375 0.4409722222222222 0.310546875 0.4305555555555556 0.328125 0.4305555555555556
1 0.98828125 0.6041666666666666 0.984375 0.5868055555555556 0.984375 0.5694444444444444 0.986328125 0.5659722222222222 0.986328125 0.5520833333333334 0.990234375 0.5416666666666666 0.99609375 0.5416666666666666 0.998046875 0.5451388888888888 0.998046875 0.6041666666666666 0.99609375 0.6076388888888888 0.9921875 0.6076388888888888 0.990234375 0.6041666666666666
1 0.5390625 0.3958333333333333 0.54296875 0.3993055555555556 0.544921875 0.40625 0.546875 0.4444444444444444 0.544921875 0.4479166666666667 0.541015625 0.4444444444444444 0.54296875 0.4375 0.533203125 0.4166666666666667 0.533203125 0.40625 0.537109375 0.3993055555555556
1 0.828125 0.1111111111111111 0.833984375 0.12152777777777778 0.830078125 0.13541666666666666 0.830078125 0.15625 0.826171875 0.16319444444444445 0.810546875 0.16319444444444445 0.810546875 0.13194444444444445 0.80859375 0.1284722222222222 0.810546875 0.11458333333333333 0.814453125 0.1111111111111111 0.818359375 0.11458333333333333 0.826171875 0.1111111111111111
1 0.501953125 0.4027777777777778 0.5078125 0.4131944444444444 0.5078125 0.4201388888888889 0.50390625 0.4236111111111111 0.501953125 0.4305555555555556 0.498046875 0.4201388888888889 0.494140625 0.4201388888888889 0.4921875 0.4166666666666667 0.4921875 0.4097222222222222 0.494140625 0.40625 0.5 0.40625
1 0.943359375 0.1701388888888889 0.943359375 0.1597222222222222 0.935546875 0.1423611111111111 0.935546875 0.13194444444444445 0.93359375 0.125 0.935546875 0.12152777777777778 0.943359375 0.12152777777777778 0.9453125 0.11805555555555555 0.951171875 0.11805555555555555 0.955078125 0.125 0.94921875 0.14583333333333334 0.94921875 0.15625 0.951171875 0.1597222222222222 0.94921875 0.16319444444444445 0.94921875 0.1701388888888889 0.9453125 0.1701388888888889
1 0.734375 0.9131944444444444 0.7578125 0.9131944444444444 0.759765625 0.9201388888888888 0.759765625 0.9409722222222222 0.73828125 0.9444444444444444 0.736328125 0.9409722222222222 0.732421875 0.9409722222222222 0.734375 0.9166666666666666
1 0.5203125 0.4513888888888889 0.03229166666666666 0.06018518518518518
1 0.783203125 0.09375 0.78515625 0.09722222222222222 0.79296875 0.09722222222222222 0.794921875 0.10069444444444445 0.791015625 0.1111111111111111 0.791015625 0.12152777777777778 0.78515625 0.13541666666666666 0.78515625 0.14583333333333334 0.77734375 0.14583333333333334 0.775390625 0.11805555555555555 0.7734375 0.11458333333333333 0.775390625 0.10416666666666667 0.78125 0.09722222222222222
1 0.849609375 0.1111111111111111 0.865234375 0.1111111111111111 0.8671875 0.11805555555555555 0.861328125 0.13194444444444445 0.859375 0.15625 0.857421875 0.1597222222222222 0.853515625 0.1597222222222222 0.8515625 0.15625 0.8515625 0.13194444444444445 0.84765625 0.12152777777777778 0.849609375 0.11458333333333333
1 0.7890625 0.125 0.8046875 0.125 0.80859375 0.13194444444444445 0.80859375 0.1388888888888889 0.802734375 0.1527777777777778 0.802734375 0.1701388888888889 0.798828125 0.1736111111111111 0.79296875 0.1736111111111111 0.791015625 0.1701388888888889 0.787109375 0.1701388888888889 0.78515625 0.16319444444444445 0.787109375 0.1597222222222222 0.787109375 0.14930555555555555 0.78515625 0.14583333333333334 0.7890625 0.1284722222222222
1 0.408203125 0.3888888888888889 0.416015625 0.4027777777777778 0.416015625 0.40625 0.42578125 0.4201388888888889 0.42578125 0.4305555555555556 0.4140625 0.4409722222222222 0.412109375 0.4409722222222222 0.4140625 0.4340277777777778 0.412109375 0.4305555555555556 0.408203125 0.4340277777777778 0.404296875 0.4305555555555556 0.396484375 0.4097222222222222 0.396484375 0.3958333333333333 0.400390625 0.3888888888888889 0.40625 0.3888888888888889
2 0.91796875 0.09722222222222222 0.921875 0.1076388888888889 0.921875 0.11458333333333333 0.92578125 0.12152777777777778 0.92578125 0.13541666666666666 0.91796875 0.15625 0.91796875 0.1840277777777778 0.916015625 0.1875 0.91796875 0.1909722222222222 0.91796875 0.2013888888888889 0.9140625 0.20833333333333334 0.91796875 0.2152777777777778 0.916015625 0.2326388888888889 0.912109375 0.2326388888888889 0.912109375 0.21875 0.9140625 0.2152777777777778 0.9140625 0.1875 0.91015625 0.1736111111111111 0.91015625 0.16319444444444445 0.912109375 0.1597222222222222 0.912109375 0.13194444444444445 0.908203125 0.1284722222222222 0.91015625 0.11458333333333333 0.9140625 0.10416666666666667 0.91796875 0.10069444444444445
2 0.892578125 0.1111111111111111 0.896484375 0.1076388888888889 0.90234375 0.1111111111111111 0.904296875 0.11458333333333333 0.904296875 0.12152777777777778 0.91015625 0.13194444444444445 0.912109375 0.13194444444444445 0.912109375 0.14583333333333334 0.91015625 0.14930555555555555 0.91015625 0.23958333333333334 0.912109375 0.2465277777777778 0.91015625 0.2465277777777778 0.904296875 0.2326388888888889 0.90234375 0.2326388888888889 0.900390625 0.2361111111111111 0.900390625 0.24305555555555555 0.896484375 0.2465277777777778 0.896484375 0.24305555555555555 0.890625 0.2326388888888889 0.892578125 0.22569444444444445 0.892578125 0.19791666666666666 0.890625 0.19444444444444445 0.890625 0.17708333333333334 0.888671875 0.1736111111111111 0.888671875 0.13541666666666666 0.89453125 0.11458333333333333
2 0.8046875 0.9652777777777778 0.814453125 0.9652777777777778 0.818359375 0.9583333333333334 0.818359375 0.9513888888888888 0.82421875 0.9375 0.82421875 0.9305555555555556 0.830078125 0.9131944444444444 0.86328125 0.9131944444444444 0.861328125 0.9444444444444444 0.86328125 0.9479166666666666 0.86328125 0.9618055555555556 0.865234375 0.9652777777777778 0.86328125 0.9965277777777778 0.859375 0.9965277777777778 0.859375 0.9791666666666666 0.857421875 0.9756944444444444 0.857421875 0.9583333333333334 0.85546875 0.9548611111111112 0.85546875 0.9479166666666666 0.84765625 0.9236111111111112 0.83984375 0.9236111111111112 0.833984375 0.9305555555555556 0.828125 0.9548611111111112 0.822265625 0.9652777777777778 0.81640625 0.9895833333333334 0.810546875 0.9826388888888888 0.806640625 0.9826388888888888 0.8046875 0.96875
2 0.91796875 0.5138888888888888 0.919921875 0.5208333333333334 0.919921875 0.53125 0.931640625 0.5451388888888888 0.931640625 0.5625 0.935546875 0.5798611111111112 0.935546875 0.5868055555555556 0.927734375 0.6041666666666666 0.93359375 0.6319444444444444 0.9296875 0.6423611111111112 0.9296875 0.6701388888888888 0.931640625 0.6736111111111112 0.931640625 0.6875 0.927734375 0.6875 0.927734375 0.6805555555555556 0.923828125 0.6736111111111112 0.91015625 0.6736111111111112 0.91015625 0.6388888888888888 0.90625 0.6215277777777778 0.90625 0.6076388888888888 0.904296875 0.6041666666666666 0.900390625 0.6041666666666666 0.900390625 0.5833333333333334 0.90234375 0.5798611111111112 0.900390625 0.5486111111111112 0.904296875 0.5416666666666666 0.90234375 0.5277777777777778 0.904296875 0.5243055555555556 0.904296875 0.5173611111111112 0.908203125 0.5104166666666666 0.9140625 0.5104166666666666 0.916015625 0.5138888888888888
2 0.427734375 0.46875 0.427734375 0.4583333333333333 0.4296875 0.4548611111111111 0.4296875 0.4236111111111111 0.42578125 0.4131944444444444 0.423828125 0.3923611111111111 0.4296875 0.3819444444444444 0.431640625 0.3819444444444444 0.435546875 0.3715277777777778 0.443359375 0.3645833333333333 0.443359375 0.3541666666666667 0.447265625 0.3472222222222222 0.453125 0.3472222222222222 0.45703125 0.3541666666666667 0.45703125 0.3923611111111111 0.458984375 0.3958333333333333 0.470703125 0.3958333333333333 0.470703125 0.3993055555555556 0.466796875 0.4027777777777778 0.462890625 0.3993055555555556 0.45703125 0.3993055555555556 0.447265625 0.4201388888888889 0.447265625 0.4270833333333333 0.44921875 0.4305555555555556 0.44921875 0.4722222222222222 0.44140625 0.5 0.44140625 0.5138888888888888 0.4453125 0.5208333333333334 0.443359375 0.5243055555555556 0.44140625 0.5208333333333334 0.431640625 0.5208333333333334 0.431640625 0.5138888888888888 0.435546875 0.5 0.435546875 0.4895833333333333 0.44140625 0.46875 0.44140625 0.4583333333333333 0.435546875 0.4513888888888889 0.431640625 0.4618055555555556 0.431640625 0.46875 0.4296875 0.46875
2 0.841796875 0.08333333333333333 0.845703125 0.09027777777777778 0.845703125 0.10416666666666667 0.84765625 0.1111111111111111 0.845703125 0.11458333333333333 0.837890625 0.11458333333333333 0.8359375 0.11805555555555555 0.83203125 0.11458333333333333 0.83203125 0.1076388888888889 0.833984375 0.10416666666666667 0.833984375 0.09375 0.8359375 0.08680555555555555 0.83984375 0.08333333333333333
2 0.49114583333333334 0.3703703703703704 0.020833333333333332 0.044444444444444446
2 0.763671875 0.027777777777777776 0.767578125 0.03819444444444445 0.767578125 0.04513888888888889 0.771484375 0.052083333333333336 0.771484375 0.0625 0.7734375 0.06597222222222222 0.7734375 0.0763888888888889 0.765625 0.08680555555555555 0.7578125 0.06597222222222222 0.75390625 0.0763888888888889 0.75 0.0763888888888889 0.748046875 0.07291666666666667 0.75 0.052083333333333336 0.755859375 0.04513888888888889 0.755859375 0.034722222222222224 0.76171875 0.027777777777777776
2 0.337890625 0.4375 0.33984375 0.4444444444444444 0.33984375 0.4756944444444444 0.337890625 0.4791666666666667 0.337890625 0.4895833333333333 0.333984375 0.4965277777777778 0.333984375 0.5173611111111112 0.337890625 0.5277777777777778 0.337890625 0.5347222222222222 0.333984375 0.5347222222222222 0.33203125 0.53125 0.330078125 0.5138888888888888 0.32421875 0.4930555555555556 0.31640625 0.4861111111111111 0.310546875 0.4756944444444444 0.3046875 0.4756944444444444 0.30078125 0.4791666666666667 0.29296875 0.4930555555555556 0.283203125 0.5243055555555556 0.279296875 0.53125 0.275390625 0.53125 0.275390625 0.5243055555555556 0.28125 0.5138888888888888 0.283203125 0.5 0.294921875 0.4618055555555556 0.294921875 0.4548611111111111 0.306640625 0.4340277777777778 0.310546875 0.4305555555555556 0.33203125 0.4305555555555556 0.3359375 0.4375
2 0.994140625 0.5243055555555556 0.998046875 0.5243055555555556 0.998046875 0.6527777777777778 0.994140625 0.625 0.990234375 0.6180555555555556 0.984375 0.6180555555555556 0.984375 0.6006944444444444 0.986328125 0.5972222222222222 0.984375 0.5902777777777778 0.986328125 0.5451388888888888 0.984375 0.5416666666666666 0.994140625 0.5277777777777778
2 0.89453125 0.10416666666666667 0.896484375 0.1076388888888889 0.892578125 0.11805555555555555 0.892578125 0.1284722222222222 0.888671875 0.13541666666666666 0.888671875 0.2013888888888889 0.88671875 0.2048611111111111 0.88671875 0.2222222222222222 0.884765625 0.22569444444444445 0.88671875 0.22916666666666666 0.884765625 0.2326388888888889 0.880859375 0.22916666666666666 0.880859375 0.1736111111111111 0.8828125 0.1701388888888889 0.8828125 0.15625 0.884765625 0.1527777777777778 0.884765625 0.1423611111111111 0.880859375 0.125 0.88671875 0.11458333333333333 0.88671875 0.1111111111111111 0.892578125 0.10416666666666667
2 0.8203125 0.09027777777777778 0.826171875 0.09722222222222222 0.826171875 0.1076388888888889 0.833984375 0.12152777777777778 0.830078125 0.13541666666666666 0.830078125 0.1597222222222222 0.828125 0.16319444444444445 0.828125 0.17708333333333334 0.826171875 0.18055555555555555 0.826171875 0.2048611111111111 0.82421875 0.20833333333333334 0.82421875 0.21875 0.8203125 0.2152777777777778 0.8203125 0.2013888888888889 0.818359375 0.19791666666666666 0.814453125 0.2048611111111111 0.8125 0.2326388888888889 0.80859375 0.2361111111111111 0.80859375 0.22916666666666666 0.810546875 0.22569444444444445 0.810546875 0.13194444444444445 0.80859375 0.1284722222222222 0.80859375 0.12152777777777778 0.810546875 0.11458333333333333 0.81640625 0.1076388888888889 0.81640625 0.09722222222222222 0.818359375 0.09375
2 0.537109375 0.3784722222222222 0.541015625 0.3819444444444444 0.541015625 0.3958333333333333 0.544921875 0.40625 0.546875 0.4340277777777778 0.55078125 0.4444444444444444 0.55078125 0.4618055555555556 0.548828125 0.4652777777777778 0.548828125 0.4722222222222222 0.544921875 0.4791666666666667 0.544921875 0.4965277777777778 0.546875 0.5 0.546875 0.5138888888888888 0.55078125 0.5277777777777778 0.55078125 0.5416666666666666 0.546875 0.5486111111111112 0.546875 0.5555555555555556 0.544921875 0.5590277777777778 0.537109375 0.5590277777777778 0.53515625 0.5555555555555556 0.5390625 0.5486111111111112 0.5390625 0.5381944444444444 0.537109375 0.5347222222222222 0.537109375 0.4965277777777778 0.53515625 0.4930555555555556 0.53515625 0.4618055555555556 0.541015625 0.4409722222222222 0.541015625 0.4305555555555556 0.53515625 0.4201388888888889 0.533203125 0.4201388888888889 0.525390625 0.3854166666666667 0.529296875 0.3784722222222222 0.53515625 0.3784722222222222
2 0.498046875 0.4479166666666667 0.501953125 0.4513888888888889 0.505859375 0.4652777777777778 0.505859375 0.4895833333333333 0.5078125 0.4930555555555556 0.5078125 0.5069444444444444 0.509765625 0.5104166666666666 0.5078125 0.5138888888888888 0.5078125 0.5277777777777778 0.505859375 0.53125 0.505859375 0.5486111111111112 0.50390625 0.5486111111111112 0.50390625 0.5381944444444444 0.5 0.5208333333333334 0.5 0.5 0.498046875 0.4965277777777778 0.498046875 0.4861111111111111 0.494140625 0.4756944444444444 0.49609375 0.4548611111111111 0.498046875 0.4513888888888889
2 0.939453125 0.09722222222222222 0.9453125 0.09722222222222222 0.947265625 0.10416666666666667 0.947265625 0.11458333333333333 0.94921875 0.11805555555555555 0.953125 0.11805555555555555 0.955078125 0.125 0.953125 0.13194444444444445 0.951171875 0.19791666666666666 0.94921875 0.2013888888888889 0.94921875 0.20833333333333334 0.951171875 0.21180555555555555 0.951171875 0.24305555555555555 0.953125 0.2465277777777778 0.947265625 0.2465277777777778 0.947265625 0.23958333333333334 0.9453125 0.2361111111111111 0.9453125 0.19791666666666666 0.943359375 0.19444444444444445 0.9453125 0.1736111111111111 0.943359375 0.1701388888888889 0.943359375 0.1597222222222222 0.935546875 0.1423611111111111 0.935546875 0.13541666666666666 0.931640625 0.125 0.9375 0.11458333333333333 0.9375 0.10416666666666667 0.939453125 0.10069444444444445
2 0.71484375 0.96875 0.712890625 0.9652777777777778 0.712890625 0.9583333333333334 0.716796875 0.9444444444444444 0.716796875 0.9305555555555556 0.72265625 0.9131944444444444 0.76953125 0.9131944444444444 0.767578125 0.9201388888888888 0.76171875 0.9201388888888888 0.759765625 0.9236111111111112 0.759765625 0.9340277777777778 0.763671875 0.9513888888888888 0.767578125 0.9583333333333334 0.7734375 0.9965277777777778 0.763671875 0.9965277777777778 0.76171875 0.9861111111111112 0.755859375 0.9791666666666666 0.751953125 0.9826388888888888 0.751953125 0.9965277777777778 0.74609375 0.9965277777777778 0.744140625 0.9930555555555556 0.744140625 0.9861111111111112 0.732421875 0.9409722222222222 0.732421875 0.9270833333333334 0.734375 0.9201388888888888 0.73046875 0.9131944444444444 0.724609375 0.9340277777777778 0.720703125 0.9409722222222222 0.720703125 0.9479166666666666 0.71875 0.9513888888888888 0.720703125 0.9583333333333334 0.716796875 0.9652777777777778
2 0.49609375 0.4201388888888889 0.5 0.4236111111111111 0.501953125 0.4340277777777778 0.494140625 0.4548611111111111 0.494140625 0.46875 0.4921875 0.4756944444444444 0.498046875 0.4930555555555556 0.498046875 0.5208333333333334 0.50390625 0.5416666666666666 0.501953125 0.5625 0.5078125 0.5729166666666666 0.505859375 0.5763888888888888 0.49609375 0.5763888888888888 0.494140625 0.5729166666666666 0.49609375 0.5659722222222222 0.49609375 0.5555555555555556 0.4921875 0.5416666666666666 0.4921875 0.5277777777777778 0.484375 0.5104166666666666 0.48046875 0.5208333333333334 0.48046875 0.5277777777777778 0.474609375 0.5520833333333334 0.474609375 0.5659722222222222 0.46875 0.5659722222222222 0.470703125 0.5277777777777778 0.474609375 0.5138888888888888 0.47265625 0.5069444444444444 0.47265625 0.4930555555555556 0.470703125 0.4895833333333333 0.46875 0.4340277777777778 0.4765625 0.4166666666666667 0.478515625 0.4027777777777778 0.482421875 0.3958333333333333 0.48828125 0.3958333333333333 0.4921875 0.4027777777777778 0.4921875 0.4166666666666667 0.494140625 0.4201388888888889
2 0.53515625 0.4236111111111111 0.541015625 0.4375 0.533203125 0.4548611111111111 0.533203125 0.5208333333333334 0.529296875 0.5277777777777778 0.529296875 0.5381944444444444 0.521484375 0.5555555555555556 0.515625 0.5798611111111112 0.51171875 0.5763888888888888 0.51171875 0.5659722222222222 0.5078125 0.5590277777777778 0.509765625 0.5520833333333334 0.515625 0.5451388888888888 0.515625 0.5208333333333334 0.513671875 0.5173611111111112 0.51171875 0.5 0.5078125 0.4895833333333333 0.5078125 0.4618055555555556 0.505859375 0.4548611111111111 0.5 0.4479166666666667 0.5 0.4409722222222222 0.50390625 0.4305555555555556 0.513671875 0.4166666666666667 0.513671875 0.40625 0.51953125 0.3958333333333333 0.525390625 0.3958333333333333 0.52734375 0.3993055555555556 0.529296875 0.4166666666666667 0.533203125 0.4236111111111111
2 0.5 0.3680555555555556 0.50390625 0.3541666666666667 0.513671875 0.3541666666666667 0.517578125 0.3611111111111111 0.517578125 0.375 0.515625 0.3715277777777778 0.505859375 0.3923611111111111 0.501953125 0.3888888888888889 0.501953125 0.3715277777777778
2 0.85546875 0.09375 0.86328125 0.09375 0.865234375 0.1111111111111111 0.8671875 0.11458333333333333 0.8671875 0.12152777777777778 0.859375 0.1423611111111111 0.861328125 0.1875 0.857421875 0.19444444444444445 0.857421875 0.22916666666666666 0.85546875 0.2326388888888889 0.8515625 0.2326388888888889 0.8515625 0.22569444444444445 0.853515625 0.2222222222222222 0.853515625 0.20833333333333334 0.8515625 0.2048611111111111 0.8515625 0.13194444444444445 0.84765625 0.11805555555555555 0.85546875 0.09722222222222222
2 0.80078125 0.1076388888888889 0.80078125 0.12152777777777778 0.80859375 0.13194444444444445 0.80859375 0.1388888888888889 0.802734375 0.1527777777777778 0.802734375 0.18055555555555555 0.796875 0.2048611111111111 0.796875 0.2222222222222222 0.79296875 0.2361111111111111 0.787109375 0.22916666666666666 0.78125 0.2361111111111111 0.78125 0.20833333333333334 0.783203125 0.2048611111111111 0.783203125 0.17708333333333334 0.78515625 0.1736111111111111 0.78515625 0.13541666666666666 0.791015625 0.11805555555555555 0.791015625 0.1111111111111111 0.794921875 0.10416666666666667 0.798828125 0.1076388888888889
2 0.384765625 0.3888888888888889 0.390625 0.375 0.396484375 0.375 0.40234375 0.3888888888888889 0.408203125 0.3888888888888889 0.42578125 0.4201388888888889 0.427734375 0.4270833333333333 0.427734375 0.4583333333333333 0.42578125 0.4618055555555556 0.423828125 0.4826388888888889 0.431640625 0.5104166666666666 0.431640625 0.5208333333333334 0.427734375 0.5243055555555556 0.42578125 0.5069444444444444 0.4140625 0.4895833333333333 0.4140625 0.4756944444444444 0.412109375 0.4722222222222222 0.41015625 0.4722222222222222 0.40234375 0.4895833333333333 0.400390625 0.46875 0.40234375 0.4652777777777778 0.404296875 0.4270833333333333 0.392578125 0.4027777777777778 0.388671875 0.4027777777777778 0.38671875 0.3923611111111111
2 0.376953125 0.4826388888888889 0.390625 0.5034722222222222 0.396484375 0.5034722222222222 0.40234375 0.4930555555555556 0.408203125 0.4930555555555556 0.412109375 0.4965277777777778 0.412109375 0.5034722222222222 0.41015625 0.5069444444444444 0.40234375 0.5069444444444444 0.39453125 0.5173611111111112 0.38671875 0.5173611111111112 0.3828125 0.5243055555555556 0.3828125 0.5347222222222222 0.384765625 0.5381944444444444 0.3828125 0.5416666666666666 0.37890625 0.5416666666666666 0.376953125 0.5381944444444444 0.369140625 0.5416666666666666 0.365234375 0.5381944444444444 0.361328125 0.5208333333333334 0.357421875 0.5138888888888888 0.33984375 0.5173611111111112 0.3359375 0.5104166666666666 0.3359375 0.4965277777777778 0.345703125 0.4895833333333333 0.349609375 0.4826388888888889 0.357421875 0.4826388888888889 0.359375 0.4791666666666667 0.373046875 0.4791666666666667 0.375 0.4826388888888889