0 0.75390625 0.16666666666666666 0.76171875 0.18055555555555555 0.76171875 0.19791666666666666 0.759765625 0.2013888888888889 0.75 0.2013888888888889 0.748046875 0.2048611111111111 0.740234375 0.2048611111111111 0.73828125 0.19791666666666666 0.73828125 0.17708333333333334 0.74609375 0.16666666666666666 0.751953125 0.16666666666666666
0 0.5390625 0.034722222222222224 0.541015625 0.041666666666666664 0.541015625 0.059027777777777776 0.5390625 0.0625 0.525390625 0.0625 0.5234375 0.059027777777777776 0.5234375 0.04861111111111111 0.525390625 0.041666666666666664 0.533203125 0.03125 0.537109375 0.034722222222222224
0 0.41796875 0.3680555555555556 0.421875 0.3784722222222222 0.421875 0.3958333333333333 0.404296875 0.3958333333333333 0.40234375 0.3923611111111111 0.40234375 0.3784722222222222 0.404296875 0.3715277777777778 0.412109375 0.3645833333333333 0.416015625 0.3680555555555556
0 0.08203125 0.1597222222222222 0.087890625 0.16666666666666666 0.08984375 0.1736111111111111 0.08984375 0.2013888888888889 0.087890625 0.2048611111111111 0.07421875 0.2048611111111111 0.068359375 0.1840277777777778 0.068359375 0.1736111111111111 0.0703125 0.16666666666666666 0.07421875 0.1597222222222222 0.080078125 0.1597222222222222
0 0.33203125 0.0798611111111111 0.341796875 0.0798611111111111 0.34765625 0.09027777777777778 0.345703125 0.11458333333333333 0.34375 0.11805555555555555 0.333984375 0.11805555555555555 0.330078125 0.1076388888888889 0.330078125 0.08680555555555555 0.33203125 0.08333333333333333
0 0.439453125 0.3645833333333333 0.435546875 0.3506944444444444 0.435546875 0.3333333333333333 0.44140625 0.3194444444444444 0.451171875 0.3194444444444444 0.455078125 0.3298611111111111 0.455078125 0.3402777777777778 0.45703125 0.34375 0.447265625 0.3645833333333333 0.44140625 0.3645833333333333
0 0.8515625 0.4097222222222222 0.85546875 0.4166666666666667 0.853515625 0.4375 0.83984375 0.4513888888888889 0.833984375 0.4513888888888889 0.83203125 0.4444444444444444 0.83203125 0.4131944444444444 0.837890625 0.40625 0.84765625 0.40625 0.849609375 0.4097222222222222
0 0.40625 0.2986111111111111 0.41015625 0.3055555555555556 0.41015625 0.3159722222222222 0.408203125 0.3194444444444444 0.404296875 0.3194444444444444 0.392578125 0.3090277777777778 0.392578125 0.3020833333333333 0.396484375 0.2951388888888889 0.40234375 0.2951388888888889 0.404296875 0.2986111111111111
0 0.40625 0.2986111111111111 0.41015625 0.3055555555555556 0.41015625 0.3194444444444444 0.40234375 0.3368055555555556 0.396484375 0.3368055555555556 0.392578125 0.3298611111111111 0.390625 0.3055555555555556 0.396484375 0.2951388888888889 0.40234375 0.2951388888888889 0.404296875 0.2986111111111111
0 0.34375 0.3125 0.345703125 0.3159722222222222 0.349609375 0.3159722222222222 0.353515625 0.3263888888888889 0.353515625 0.3402777777777778 0.34765625 0.3472222222222222 0.3359375 0.3472222222222222 0.33203125 0.3333333333333333 0.333984375 0.3194444444444444 0.341796875 0.3125
0 0.46875 0.027777777777777776 0.47265625 0.024305555555555556 0.478515625 0.024305555555555556 0.484375 0.04513888888888889 0.484375 0.05555555555555555 0.48046875 0.0625 0.47265625 0.0625 0.46484375 0.04861111111111111 0.46875 0.03125
0 0.69921875 0.4027777777777778 0.70703125 0.4097222222222222 0.708984375 0.4166666666666667 0.708984375 0.4270833333333333 0.70703125 0.4340277777777778 0.69140625 0.4131944444444444 0.69140625 0.4097222222222222 0.697265625 0.4027777777777778
0 0.326171875 0.20833333333333334 0.3359375 0.20833333333333334 0.341796875 0.22569444444444445 0.341796875 0.23958333333333334 0.337890625 0.2465277777777778 0.330078125 0.25 0.322265625 0.2326388888888889 0.322265625 0.22569444444444445 0.326171875 0.21180555555555555
1 0.76171875 0.2048611111111111 0.76171875 0.22916666666666666 0.75390625 0.2569444444444444 0.75390625 0.2673611111111111 0.751953125 0.2743055555555556 0.748046875 0.2777777777777778 0.73828125 0.2777777777777778 0.732421875 0.2708333333333333 0.732421875 0.2534722222222222 0.734375 0.25 0.734375 0.23958333333333334 0.73828125 0.2222222222222222 0.73828125 0.20833333333333334 0.744140625 0.20833333333333334 0.74609375 0.2048611111111111 0.759765625 0.2048611111111111
1 0.51953125 0.1284722222222222 0.51953125 0.09375 0.515625 0.0798611111111111 0.515625 0.07291666666666667 0.51953125 0.06597222222222222 0.548828125 0.06597222222222222 0.55078125 0.07291666666666667 0.55078125 0.08333333333333333 0.544921875 0.09722222222222222 0.544921875 0.12152777777777778 0.54296875 0.1284722222222222 0.521484375 0.1284722222222222
1 0.419921875 0.3993055555555556 0.421875 0.4027777777777778 0.4296875 0.4027777777777778 0.43359375 0.4131944444444444 0.43359375 0.4305555555555556 0.42578125 0.4513888888888889 0.42578125 0.4652777777777778 0.427734375 0.46875 0.427734375 0.4826388888888889 0.42578125 0.4861111111111111 0.40234375 0.4861111111111111 0.3984375 0.4791666666666667 0.3984375 0.4722222222222222 0.396484375 0.46875 0.396484375 0.4513888888888889 0.392578125 0.4444444444444444 0.392578125 0.4340277777777778 0.388671875 0.4201388888888889 0.388671875 0.4131944444444444 0.396484375 0.4027777777777778 0.40234375 0.4027777777777778 0.404296875 0.3993055555555556 0.41796875 0.3993055555555556
1 0.068359375 0.1875 0.076171875 0.20833333333333334 0.083984375 0.20833333333333334 0.087890625 0.2048611111111111 0.091796875 0.19444444444444445 0.099609375 0.19444444444444445 0.103515625 0.19791666666666666 0.10546875 0.2048611111111111 0.10546875 0.22916666666666666 0.1015625 0.22916666666666666 0.09765625 0.2361111111111111 0.099609375 0.2673611111111111 0.095703125 0.2743055555555556 0.091796875 0.2708333333333333 0.0859375 0.2708333333333333 0.083984375 0.2743055555555556 0.080078125 0.2743055555555556 0.078125 0.2708333333333333 0.068359375 0.2708333333333333 0.0625 0.2638888888888889 0.064453125 0.2604166666666667 0.064453125 0.23958333333333334 0.0625 0.2326388888888889 0.052734375 0.21875 0.052734375 0.19444444444444445 0.056640625 0.1875 0.06640625 0.1875
1 0.318359375 0.2326388888888889 0.33203125 0.25 0.337890625 0.2465277777777778 0.341796875 0.2361111111111111 0.345703125 0.2326388888888889 0.353515625 0.23958333333333334 0.353515625 0.2569444444444444 0.349609375 0.2673611111111111 0.349609375 0.2916666666666667 0.35546875 0.3055555555555556 0.35546875 0.3159722222222222 0.33984375 0.3090277777777778 0.33203125 0.3194444444444444 0.326171875 0.3090277777777778 0.32421875 0.2916666666666667 0.318359375 0.28125 0.318359375 0.2743055555555556 0.310546875 0.2534722222222222 0.310546875 0.24305555555555555 0.3125 0.2361111111111111 0.31640625 0.2361111111111111
1 0.85546875 0.4444444444444444 0.861328125 0.4652777777777778 0.861328125 0.4722222222222222 0.859375 0.4756944444444444 0.859375 0.5069444444444444 0.857421875 0.5104166666666666 0.861328125 0.5347222222222222 0.85546875 0.5416666666666666 0.84765625 0.5416666666666666 0.845703125 0.5381944444444444 0.830078125 0.53125 0.83203125 0.4965277777777778 0.8359375 0.4930555555555556 0.84375 0.4930555555555556 0.849609375 0.4861111111111111 0.845703125 0.4791666666666667 0.833984375 0.46875 0.8359375 0.4548611111111111 0.84765625 0.4444444444444444 0.853515625 0.4444444444444444
1 0.388671875 0.3090277777777778 0.39453125 0.3298611111111111 0.400390625 0.3368055555555556 0.400390625 0.3541666666666667 0.392578125 0.3645833333333333 0.384765625 0.3645833333333333 0.37890625 0.3576388888888889 0.375 0.3611111111111111 0.3671875 0.3611111111111111 0.36328125 0.3472222222222222 0.36328125 0.3333333333333333 0.373046875 0.3125 0.376953125 0.3090277777777778 0.38671875 0.3090277777777778
1 0.35546875 0.3472222222222222 0.36328125 0.3541666666666667 0.36328125 0.3611111111111111 0.365234375 0.3645833333333333 0.365234375 0.375 0.361328125 0.3854166666666667 0.359375 0.40625 0.357421875 0.4097222222222222 0.357421875 0.4305555555555556 0.35546875 0.4340277777777778 0.3359375 0.4340277777777778 0.333984375 0.4375 0.33203125 0.4340277777777778 0.33203125 0.4270833333333333 0.326171875 0.4166666666666667 0.32421875 0.4166666666666667 0.32421875 0.4027777777777778 0.326171875 0.3993055555555556 0.32421875 0.3923611111111111 0.32421875 0.3611111111111111 0.3359375 0.3472222222222222 0.353515625 0.3472222222222222
1 0.443359375 0.3680555555555556 0.447265625 0.3680555555555556 0.45703125 0.3472222222222222 0.462890625 0.3472222222222222 0.47265625 0.3645833333333333 0.474609375 0.375 0.48046875 0.3854166666666667 0.486328125 0.4027777777777778 0.486328125 0.4131944444444444 0.484375 0.4166666666666667 0.48046875 0.4201388888888889 0.47265625 0.4201388888888889 0.46484375 0.4027777777777778 0.451171875 0.3958333333333333 0.4453125 0.3854166666666667 0.443359375 0.3715277777777778
1 0.35546875 0.10416666666666667 0.357421875 0.1076388888888889 0.357421875 0.12152777777777778 0.349609375 0.1423611111111111 0.349609375 0.1736111111111111 0.341796875 0.18055555555555555 0.33203125 0.1736111111111111 0.32421875 0.1736111111111111 0.32421875 0.1388888888888889 0.3203125 0.13194444444444445 0.314453125 0.13194444444444445 0.310546875 0.12152777777777778 0.31640625 0.1076388888888889 0.3203125 0.1076388888888889 0.322265625 0.10416666666666667 0.328125 0.10416666666666667 0.3359375 0.12152777777777778 0.34375 0.11805555555555555 0.349609375 0.10069444444444445 0.353515625 0.10416666666666667
1 0.685546875 0.4131944444444444 0.705078125 0.4270833333333333 0.70703125 0.4340277777777778 0.70703125 0.4479166666666667 0.703125 0.4548611111111111 0.6953125 0.4583333333333333 0.697265625 0.4444444444444444 0.693359375 0.4375 0.68359375 0.4513888888888889 0.677734375 0.4513888888888889 0.6640625 0.4305555555555556 0.6640625 0.4236111111111111 0.67578125 0.4201388888888889 0.677734375 0.4166666666666667 0.68359375 0.4166666666666667
1 0.41015625 0.3263888888888889 0.431640625 0.3472222222222222 0.431640625 0.3576388888888889 0.421875 0.3611111111111111 0.404296875 0.34375 0.400390625 0.3541666666666667 0.392578125 0.3645833333333333 0.3828125 0.3645833333333333 0.37890625 0.3576388888888889 0.375 0.3611111111111111 0.3671875 0.3611111111111111 0.36328125 0.3472222222222222 0.36328125 0.3333333333333333 0.373046875 0.3125 0.376953125 0.3125 0.37890625 0.3090277777777778 0.388671875 0.3090277777777778 0.392578125 0.3229166666666667 0.3984375 0.3333333333333333 0.40234375 0.3333333333333333 0.408203125 0.3263888888888889
1 0.458984375 0.052083333333333336 0.46484375 0.052083333333333336 0.474609375 0.06944444444444445 0.48046875 0.06597222222222222 0.48828125 0.05555555555555555 0.4921875 0.059027777777777776 0.5 0.0763888888888889 0.5 0.08333333333333333 0.49609375 0.08680555555555555 0.490234375 0.10069444444444445 0.490234375 0.11458333333333333 0.4921875 0.11805555555555555 0.4921875 0.1284722222222222 0.490234375 0.13541666666666666 0.48828125 0.1388888888888889 0.47265625 0.1388888888888889 0.470703125 0.13541666666666666 0.466796875 0.13541666666666666 0.462890625 0.1284722222222222 0.462890625 0.11458333333333333 0.45703125 0.08680555555555555 0.45703125 0.059027777777777776 0.458984375 0.05555555555555555
2 0.73046875 0.3993055555555556 0.734375 0.3993055555555556 0.740234375 0.3854166666666667 0.740234375 0.3715277777777778 0.732421875 0.3402777777777778 0.732421875 0.3159722222222222 0.73046875 0.3125 0.73046875 0.2673611111111111 0.732421875 0.2638888888888889 0.732421875 0.25 0.734375 0.2465277777777778 0.736328125 0.2222222222222222 0.73828125 0.21875 0.736328125 0.2152777777777778 0.736328125 0.1875 0.73828125 0.1840277777777778 0.73828125 0.17708333333333334 0.74609375 0.16319444444444445 0.7421875 0.1527777777777778 0.7421875 0.14583333333333334 0.75 0.13541666666666666 0.755859375 0.1423611111111111 0.75390625 0.16319444444444445 0.76171875 0.18055555555555555 0.76171875 0.2013888888888889 0.763671875 0.2048611111111111 0.76171875 0.21180555555555555 0.76171875 0.22916666666666666 0.75390625 0.2569444444444444 0.75390625 0.3090277777777778 0.751953125 0.3125 0.751953125 0.3645833333333333 0.75390625 0.3680555555555556 0.75390625 0.3819444444444444 0.755859375 0.3854166666666667 0.755859375 0.4097222222222222 0.7578125 0.4131944444444444 0.7578125 0.4236111111111111 0.748046875 0.4340277777777778 0.740234375 0.4340277777777778 0.74609375 0.4166666666666667 0.740234375 0.40625 0.732421875 0.40625 0.73046875 0.4027777777777778
2 0.548828125 0.06597222222222222 0.55078125 0.07291666666666667 0.55078125 0.08680555555555555 0.552734375 0.09027777777777778 0.552734375 0.125 0.546875 0.13194444444444445 0.541015625 0.15625 0.5390625 0.22916666666666666 0.53515625 0.2465277777777778 0.53515625 0.2743055555555556 0.533203125 0.2777777777777778 0.533203125 0.2847222222222222 0.529296875 0.2847222222222222 0.525390625 0.2673611111111111 0.51953125 0.2673611111111111 0.51953125 0.23958333333333334 0.517578125 0.2361111111111111 0.517578125 0.1736111111111111 0.51171875 0.16666666666666666 0.509765625 0.1597222222222222 0.509765625 0.1527777777777778 0.51171875 0.14930555555555555 0.51171875 0.11805555555555555 0.515625 0.11805555555555555 0.51953125 0.1111111111111111 0.513671875 0.10416666666666667 0.51171875 0.09375 0.513671875 0.09027777777777778 0.515625 0.06944444444444445 0.5234375 0.0625 0.5234375 0.04861111111111111 0.525390625 0.041666666666666664 0.533203125 0.03125 0.53515625 0.03125 0.541015625 0.041666666666666664 0.541015625 0.05555555555555555 0.546875 0.06597222222222222
2 0.427734375 0.4027777777777778 0.431640625 0.40625 0.431640625 0.4131944444444444 0.43359375 0.4166666666666667 0.43359375 0.4305555555555556 0.42578125 0.4479166666666667 0.42578125 0.4652777777777778 0.427734375 0.46875 0.427734375 0.4756944444444444 0.43359375 0.4861111111111111 0.43359375 0.4895833333333333 0.4375 0.4930555555555556 0.44140625 0.5069444444444444 0.44140625 0.5208333333333334 0.462890625 0.5694444444444444 0.462890625 0.5798611111111112 0.458984375 0.5833333333333334 0.453125 0.5729166666666666 0.453125 0.5659722222222222 0.439453125 0.5416666666666666 0.439453125 0.5381944444444444 0.431640625 0.5243055555555556 0.4296875 0.5243055555555556 0.423828125 0.5104166666666666 0.416015625 0.5069444444444444 0.400390625 0.5173611111111112 0.39453125 0.5277777777777778 0.392578125 0.5347222222222222 0.392578125 0.59375 0.390625 0.5972222222222222 0.376953125 0.5902777777777778 0.376953125 0.5868055555555556 0.384765625 0.5763888888888888 0.384765625 0.5243055555555556 0.38671875 0.5208333333333334 0.38671875 0.5104166666666666 0.390625 0.4965277777777778 0.392578125 0.4965277777777778 0.3984375 0.4826388888888889 0.3984375 0.4722222222222222 0.39453125 0.46875 0.390625 0.4583333333333333 0.390625 0.4409722222222222 0.392578125 0.4340277777777778 0.390625 0.4305555555555556 0.390625 0.4201388888888889 0.388671875 0.4131944444444444 0.392578125 0.40625 0.40234375 0.3993055555555556 0.40234375 0.3784722222222222 0.408203125 0.3680555555555556 0.41796875 0.3680555555555556 0.419921875 0.3715277777777778 0.421875 0.3784722222222222 0.421875 0.3958333333333333 0.42578125 0.4027777777777778
2 0.08203125 0.1597222222222222 0.08984375 0.1736111111111111 0.08984375 0.1840277777777778 0.095703125 0.19444444444444445 0.103515625 0.19791666666666666 0.10546875 0.2048611111111111 0.10546875 0.22916666666666666 0.107421875 0.2326388888888889 0.107421875 0.2534722222222222 0.109375 0.2569444444444444 0.109375 0.2638888888888889 0.107421875 0.2673611111111111 0.107421875 0.2951388888888889 0.103515625 0.3125 0.103515625 0.3368055555555556 0.107421875 0.3472222222222222 0.107421875 0.3888888888888889 0.109375 0.3923611111111111 0.10546875 0.3993055555555556 0.099609375 0.3993055555555556 0.09765625 0.3958333333333333 0.09765625 0.3680555555555556 0.09375 0.3576388888888889 0.09375 0.3472222222222222 0.087890625 0.3368055555555556 0.08203125 0.34375 0.07421875 0.34375 0.068359375 0.3298611111111111 0.068359375 0.3194444444444444 0.06640625 0.3159722222222222 0.06640625 0.28125 0.0625 0.2638888888888889 0.064453125 0.2604166666666667 0.064453125 0.23958333333333334 0.060546875 0.2326388888888889 0.056640625 0.23958333333333334 0.056640625 0.25 0.0546875 0.2534722222222222 0.0546875 0.2743055555555556 0.056640625 0.2777777777777778 0.056640625 0.2847222222222222 0.0546875 0.2881944444444444 0.046875 0.2881944444444444 0.046875 0.2465277777777778 0.048828125 0.24305555555555555 0.05078125 0.2152777777777778 0.052734375 0.21180555555555555 0.052734375 0.19444444444444445 0.056640625 0.1875 0.0625 0.1875 0.06640625 0.1840277777777778 0.0703125 0.16666666666666666 0.07421875 0.1597222222222222 0.080078125 0.1597222222222222
2 0.626953125 0.3923611111111111 0.62890625 0.3958333333333333 0.6328125 0.3958333333333333 0.640625 0.40625 0.65234375 0.40625 0.6640625 0.4201388888888889 0.673828125 0.4201388888888889 0.67578125 0.4166666666666667 0.689453125 0.4131944444444444 0.6953125 0.4027777777777778 0.705078125 0.4097222222222222 0.708984375 0.4201388888888889 0.708984375 0.4375 0.70703125 0.4409722222222222 0.70703125 0.4479166666666667 0.689453125 0.46875 0.67578125 0.46875 0.673828125 0.4652777777777778 0.650390625 0.4652777777777778 0.646484375 0.4618055555555556 0.642578125 0.46875 0.642578125 0.4756944444444444 0.63671875 0.4826388888888889 0.62890625 0.4826388888888889 0.62890625 0.4722222222222222 0.63671875 0.4583333333333333 0.63671875 0.4513888888888889 0.638671875 0.4479166666666667 0.638671875 0.4444444444444444 0.630859375 0.4340277777777778 0.626953125 0.4340277777777778 0.623046875 0.4444444444444444 0.625 0.4479166666666667 0.625 0.4652777777777778 0.62109375 0.46875 0.609375 0.46875 0.607421875 0.4652777777777778 0.607421875 0.4618055555555556 0.611328125 0.4583333333333333 0.6171875 0.4444444444444444 0.6171875 0.4097222222222222 0.619140625 0.40625 0.619140625 0.3993055555555556 0.625 0.3923611111111111
2 0.34765625 0.2326388888888889 0.35546875 0.24305555555555555 0.365234375 0.2743055555555556 0.365234375 0.28125 0.369140625 0.2881944444444444 0.369140625 0.3125 0.365234375 0.3125 0.36328125 0.3090277777777778 0.36328125 0.2951388888888889 0.361328125 0.2916666666666667 0.36328125 0.2847222222222222 0.35546875 0.2708333333333333 0.3515625 0.2708333333333333 0.349609375 0.2743055555555556 0.349609375 0.2916666666666667 0.357421875 0.3090277777777778 0.357421875 0.3263888888888889 0.35546875 0.3298611111111111 0.353515625 0.3263888888888889 0.353515625 0.3194444444444444 0.34765625 0.3125 0.3359375 0.3125 0.33203125 0.3229166666666667 0.328125 0.3159722222222222 0.326171875 0.3020833333333333 0.3203125 0.2881944444444444 0.318359375 0.2777777777777778 0.31640625 0.2743055555555556 0.3125 0.2743055555555556 0.306640625 0.2881944444444444 0.306640625 0.3020833333333333 0.3125 0.3194444444444444 0.30859375 0.3333333333333333 0.3046875 0.3333333333333333 0.30078125 0.3194444444444444 0.30078125 0.2777777777777778 0.302734375 0.2743055555555556 0.302734375 0.2638888888888889 0.310546875 0.2465277777777778 0.310546875 0.23958333333333334 0.3203125 0.22916666666666666 0.326171875 0.20833333333333334 0.3359375 0.20833333333333334 0.345703125 0.2326388888888889
2 0.83203125 0.4131944444444444 0.837890625 0.40625 0.84765625 0.40625 0.853515625 0.4131944444444444 0.85546875 0.4166666666666667 0.85546875 0.4270833333333333 0.853515625 0.4340277777777778 0.861328125 0.4618055555555556 0.859375 0.5034722222222222 0.857421875 0.5069444444444444 0.857421875 0.5138888888888888 0.859375 0.5173611111111112 0.86328125 0.5451388888888888 0.849609375 0.5833333333333334 0.8515625 0.6215277777777778 0.859375 0.6388888888888888 0.861328125 0.6493055555555556 0.85546875 0.65625 0.84765625 0.65625 0.845703125 0.6597222222222222 0.845703125 0.6666666666666666 0.84765625 0.6701388888888888 0.84765625 0.6875 0.849609375 0.6909722222222222 0.84765625 0.6944444444444444 0.830078125 0.6944444444444444 0.828125 0.6909722222222222 0.82421875 0.6909722222222222 0.826171875 0.6875 0.830078125 0.6875 0.8359375 0.6770833333333334 0.8359375 0.6527777777777778 0.833984375 0.6493055555555556 0.833984375 0.6354166666666666 0.830078125 0.6180555555555556 0.830078125 0.5659722222222222 0.83203125 0.5625 0.83203125 0.5451388888888888 0.833984375 0.5416666666666666 0.830078125 0.53125 0.83203125 0.4965277777777778 0.828125 0.4895833333333333 0.822265625 0.4895833333333333 0.814453125 0.4826388888888889 0.806640625 0.46875 0.8046875 0.46875 0.794921875 0.4479166666666667 0.794921875 0.4375 0.796875 0.4340277777777778 0.80078125 0.4340277777777778 0.8046875 0.4479166666666667 0.81640625 0.46875 0.83203125 0.4722222222222222 0.833984375 0.46875 0.83203125 0.4166666666666667
2 0.400390625 0.2951388888888889 0.40234375 0.2986111111111111 0.40625 0.2986111111111111 0.41015625 0.3055555555555556 0.41015625 0.3159722222222222 0.4140625 0.3298611111111111 0.431640625 0.3472222222222222 0.431640625 0.3576388888888889 0.421875 0.3611111111111111 0.416015625 0.3541666666666667 0.408203125 0.3506944444444444 0.404296875 0.34375 0.40234375 0.3506944444444444 0.38671875 0.375 0.388671875 0.40625 0.384765625 0.4097222222222222 0.384765625 0.4409722222222222 0.37890625 0.4513888888888889 0.375 0.4513888888888889 0.373046875 0.4548611111111111 0.373046875 0.4618055555555556 0.376953125 0.4652777777777778 0.376953125 0.4756944444444444 0.37109375 0.4756944444444444 0.369140625 0.4722222222222222 0.3671875 0.4756944444444444 0.36328125 0.46875 0.36328125 0.3888888888888889 0.369140625 0.3715277777777778 0.361328125 0.34375 0.361328125 0.3368055555555556 0.373046875 0.3125 0.38671875 0.3090277777777778 0.3984375 0.2951388888888889
2 0.34765625 0.3159722222222222 0.353515625 0.3298611111111111 0.35546875 0.34375 0.36328125 0.3576388888888889 0.36328125 0.3645833333333333 0.365234375 0.3680555555555556 0.357421875 0.4027777777777778 0.357421875 0.4652777777777778 0.359375 0.46875 0.359375 0.4756944444444444 0.35546875 0.4791666666666667 0.345703125 0.4756944444444444 0.341796875 0.4791666666666667 0.33984375 0.4861111111111111 0.345703125 0.4965277777777778 0.349609375 0.5173611111111112 0.359375 0.5347222222222222 0.359375 0.5416666666666666 0.357421875 0.5451388888888888 0.34765625 0.5451388888888888 0.34375 0.5381944444444444 0.345703125 0.5347222222222222 0.345703125 0.5243055555555556 0.333984375 0.5034722222222222 0.333984375 0.5 0.32421875 0.4861111111111111 0.322265625 0.4895833333333333 0.318359375 0.4895833333333333 0.314453125 0.4965277777777778 0.314453125 0.5034722222222222 0.310546875 0.5138888888888888 0.30859375 0.5347222222222222 0.306640625 0.5381944444444444 0.306640625 0.5625 0.302734375 0.5659722222222222 0.287109375 0.5590277777777778 0.28515625 0.5520833333333334 0.291015625 0.5520833333333334 0.296875 0.5416666666666666 0.296875 0.5381944444444444 0.30078125 0.5347222222222222 0.302734375 0.4965277777777778 0.30859375 0.46875 0.322265625 0.4513888888888889 0.33203125 0.4340277777777778 0.33203125 0.4270833333333333 0.328125 0.4201388888888889 0.322265625 0.4201388888888889 0.31640625 0.4097222222222222 0.314453125 0.4097222222222222 0.310546875 0.4027777777777778 0.310546875 0.3958333333333333 0.314453125 0.3888888888888889 0.3203125 0.3958333333333333 0.32421875 0.3888888888888889 0.32421875 0.3611111111111111 0.330078125 0.3541666666666667 0.333984375 0.34375 0.333984375 0.3194444444444444 0.3359375 0.3159722222222222 0.345703125 0.3159722222222222
2 0.33203125 0.0798611111111111 0.341796875 0.0798611111111111 0.34765625 0.09027777777777778 0.34765625 0.09375 0.357421875 0.1076388888888889 0.357421875 0.11805555555555555 0.369140625 0.1388888888888889 0.369140625 0.1527777777777778 0.37109375 0.15625 0.37109375 0.1701388888888889 0.373046875 0.1736111111111111 0.373046875 0.1875 0.369140625 0.19444444444444445 0.365234375 0.17708333333333334 0.365234375 0.16666666666666666 0.361328125 0.1527777777777778 0.35546875 0.1423611111111111 0.3515625 0.1423611111111111 0.349609375 0.14583333333333334 0.34765625 0.22569444444444445 0.345703125 0.22916666666666666 0.3359375 0.2048611111111111 0.328125 0.2048611111111111 0.322265625 0.2152777777777778 0.322265625 0.2222222222222222 0.3203125 0.2222222222222222 0.318359375 0.2152777777777778 0.318359375 0.1840277777777778 0.3125 0.1736111111111111 0.3125 0.1284722222222222 0.310546875 0.12152777777777778 0.31640625 0.1076388888888889 0.326171875 0.10416666666666667 0.33203125 0.08333333333333333
2 0.462890625 0.3472222222222222 0.47265625 0.3645833333333333 0.474609375 0.375 0.48046875 0.3854166666666667 0.486328125 0.4027777777777778 0.486328125 0.4166666666666667 0.48046875 0.4270833333333333 0.48046875 0.4305555555555556 0.4609375 0.4548611111111111 0.4609375 0.4618055555555556 0.47265625 0.4861111111111111 0.48046875 0.4861111111111111 0.484375 0.4930555555555556 0.484375 0.5034722222222222 0.482421875 0.5104166666666666 0.470703125 0.53125 0.466796875 0.53125 0.46484375 0.5277777777777778 0.46875 0.5104166666666666 0.46875 0.4965277777777778 0.462890625 0.4861111111111111 0.453125 0.4791666666666667 0.447265625 0.46875 0.4453125 0.46875 0.44140625 0.4791666666666667 0.44140625 0.4930555555555556 0.435546875 0.4861111111111111 0.435546875 0.4618055555555556 0.4453125 0.4479166666666667 0.443359375 0.4409722222222222 0.44921875 0.4340277777777778 0.44921875 0.4236111111111111 0.453125 0.4166666666666667 0.451171875 0.4131944444444444 0.44921875 0.3958333333333333 0.4375 0.3611111111111111 0.4375 0.3541666666666667 0.435546875 0.3506944444444444 0.435546875 0.3333333333333333 0.44140625 0.3194444444444444 0.451171875 0.3194444444444444 0.455078125 0.3298611111111111 0.455078125 0.3368055555555556 0.4609375 0.3472222222222222
2 0.4765625 0.024305555555555556 0.48046875 0.027777777777777776 0.484375 0.052083333333333336 0.4921875 0.059027777777777776 0.501953125 0.08333333333333333 0.501953125 0.09375 0.50390625 0.09722222222222222 0.50390625 0.1076388888888889 0.505859375 0.11458333333333333 0.501953125 0.1284722222222222 0.498046875 0.13194444444444445 0.494140625 0.1284722222222222 0.4921875 0.13194444444444445 0.4921875 0.1423611111111111 0.49609375 0.1597222222222222 0.49609375 0.1840277777777778 0.501953125 0.2013888888888889 0.501953125 0.21180555555555555 0.509765625 0.2465277777777778 0.509765625 0.2569444444444444 0.5078125 0.2604166666666667 0.50390625 0.2604166666666667 0.498046875 0.2222222222222222 0.4921875 0.21180555555555555 0.486328125 0.1909722222222222 0.48046875 0.1840277777777778 0.478515625 0.1875 0.478515625 0.2013888888888889 0.4765625 0.2048611111111111 0.474609375 0.2777777777777778 0.470703125 0.2847222222222222 0.462890625 0.28125 0.46875 0.2604166666666667 0.46875 0.24305555555555555 0.466796875 0.23958333333333334 0.466796875 0.19791666666666666 0.4609375 0.17708333333333334 0.4609375 0.1527777777777778 0.45703125 0.1423611111111111 0.45703125 0.13194444444444445 0.451171875 0.1076388888888889 0.451171875 0.08333333333333333 0.45703125 0.05555555555555555 0.458984375 0.052083333333333336 0.462890625 0.052083333333333336 0.466796875 0.041666666666666664 0.46875 0.027777777777777776 0.474609375 0.024305555555555556