0 0.474609375 0.34375 0.4765625 0.3506944444444444 0.4765625 0.3645833333333333 0.474609375 0.3680555555555556 0.466796875 0.3680555555555556 0.458984375 0.3611111111111111 0.458984375 0.3541666666666667 0.46484375 0.34375 0.46875 0.3402777777777778 0.47265625 0.34375
0 0.46875 0.3194444444444444 0.46875 0.3125 0.47265625 0.3055555555555556 0.478515625 0.3055555555555556 0.48046875 0.3090277777777778 0.48046875 0.3229166666666667 0.47265625 0.3229166666666667 0.470703125 0.3194444444444444
0 0.853515625 0.6597222222222222 0.857421875 0.6666666666666666 0.857421875 0.6770833333333334 0.849609375 0.6840277777777778 0.845703125 0.6840277777777778 0.841796875 0.6770833333333334 0.841796875 0.6666666666666666 0.845703125 0.6597222222222222 0.8515625 0.6597222222222222
0 0.873046875 0.5381944444444444 0.873046875 0.53125 0.876953125 0.5243055555555556 0.88671875 0.5243055555555556 0.888671875 0.5277777777777778 0.888671875 0.5381944444444444 0.875 0.5381944444444444
0 0.73828125 0.04513888888888889 0.740234375 0.04861111111111111 0.73828125 0.059027777777777776 0.734375 0.059027777777777776 0.732421875 0.05555555555555555 0.732421875 0.04861111111111111 0.736328125 0.04513888888888889
0 0.345703125 0.3194444444444444 0.349609375 0.3298611111111111 0.34765625 0.3333333333333333 0.34765625 0.3402777777777778 0.33984375 0.3402777777777778 0.33984375 0.3229166666666667 0.34375 0.3194444444444444
0 0.392578125 0.2916666666666667 0.392578125 0.3020833333333333 0.38671875 0.3090277777777778 0.3828125 0.3055555555555556 0.3828125 0.2951388888888889 0.384765625 0.2916666666666667 0.390625 0.2916666666666667
0 0.603515625 0.8333333333333334 0.603515625 0.84375 0.58984375 0.84375 0.587890625 0.8402777777777778 0.587890625 0.8368055555555556 0.595703125 0.8263888888888888 0.6015625 0.8333333333333334
0 0.4296875 0.2986111111111111 0.431640625 0.3055555555555556 0.42578125 0.3055555555555556 0.423828125 0.3090277777777778 0.421875 0.3090277777777778 0.419921875 0.3020833333333333 0.423828125 0.2951388888888889 0.427734375 0.2986111111111111
0 0.48828125 0.3020833333333333 0.4921875 0.3055555555555556 0.494140625 0.3194444444444444 0.4921875 0.3229166666666667 0.482421875 0.3229166666666667 0.482421875 0.3055555555555556 0.486328125 0.3055555555555556
0 0.3768229166666667 0.3143518518518518 0.01614583333333333 0.026851851851851852
0 0.681640625 0.06944444444444445 0.681640625 0.059027777777777776 0.68359375 0.05555555555555555 0.685546875 0.05555555555555555 0.6875 0.0625 0.6875 0.06597222222222222 0.68359375 0.06944444444444445
0 0.8072916666666666 0.0587962962962963 0.009375 0.01759259259259259
0 0.9328124999999999 0.24583333333333332 0.013541666666666667 0.02314814814814815
0 0.74765625 0.5384259259259259 0.015104166666666667 0.025
0 0.3515625 0.375 0.35546875 0.3715277777777778 0.36328125 0.375 0.36328125 0.3819444444444444 0.361328125 0.3819444444444444 0.359375 0.3888888888888889 0.353515625 0.3888888888888889 0.3515625 0.3854166666666667 0.3515625 0.3784722222222222
1 0.984375 0.07291666666666667 0.98828125 0.0763888888888889 0.98828125 0.09027777777777778 0.986328125 0.09375 0.986328125 0.10416666666666667 0.982421875 0.1111111111111111 0.978515625 0.1076388888888889 0.97265625 0.1076388888888889 0.970703125 0.10416666666666667 0.970703125 0.06944444444444445 0.97265625 0.06597222222222222 0.978515625 0.06597222222222222 0.982421875 0.07291666666666667
1 0.67578125 0.11458333333333333 0.67578125 0.0798611111111111 0.68359375 0.07291666666666667 0.689453125 0.07291666666666667 0.693359375 0.0798611111111111 0.693359375 0.08680555555555555 0.689453125 0.09722222222222222 0.689453125 0.11458333333333333 0.685546875 0.11805555555555555 0.677734375 0.11458333333333333
1 0.48046875 0.3402777777777778 0.484375 0.3368055555555556 0.494140625 0.3368055555555556 0.49609375 0.3576388888888889 0.498046875 0.3611111111111111 0.498046875 0.3715277777777778 0.490234375 0.3715277777777778 0.48046875 0.3645833333333333 0.478515625 0.3576388888888889 0.48046875 0.34375
1 0.84765625 0.6875 0.853515625 0.6805555555555556 0.859375 0.6805555555555556 0.865234375 0.6909722222222222 0.875 0.7291666666666666 0.875 0.7361111111111112 0.873046875 0.7395833333333334 0.865234375 0.7395833333333334 0.861328125 0.7361111111111112 0.8515625 0.71875 0.84765625 0.7013888888888888 0.84765625 0.6909722222222222
1 0.94140625 0.2569444444444444 0.943359375 0.2604166666666667 0.9453125 0.2777777777777778 0.94921875 0.2881944444444444 0.94921875 0.2951388888888889 0.94140625 0.3020833333333333 0.939453125 0.2986111111111111 0.93359375 0.2986111111111111 0.927734375 0.2916666666666667 0.927734375 0.2604166666666667 0.939453125 0.2569444444444444
1 0.3963541666666667 0.33379629629629626 0.03125 0.05092592592592592
1 0.333984375 0.3506944444444444 0.34375 0.34375 0.353515625 0.34375 0.357421875 0.3541666666666667 0.357421875 0.3645833333333333 0.35546875 0.3680555555555556 0.3515625 0.3680555555555556 0.345703125 0.3784722222222222 0.341796875 0.3784722222222222 0.33984375 0.3819444444444444 0.33203125 0.3819444444444444 0.33203125 0.3576388888888889 0.333984375 0.3541666666666667
1 0.45703125 0.3611111111111111 0.4609375 0.3680555555555556 0.466796875 0.3680555555555556 0.470703125 0.3715277777777778 0.470703125 0.3784722222222222 0.466796875 0.3819444444444444 0.466796875 0.3993055555555556 0.45703125 0.4166666666666667 0.44140625 0.4027777777777778 0.4453125 0.375 0.453125 0.3611111111111111 0.455078125 0.3611111111111111
1 0.890625 0.5416666666666666 0.900390625 0.5694444444444444 0.900390625 0.5868055555555556 0.8984375 0.5833333333333334 0.888671875 0.5833333333333334 0.880859375 0.5902777777777778 0.873046875 0.5902777777777778 0.87109375 0.5868055555555556 0.87109375 0.5625 0.869140625 0.5555555555555556 0.875 0.5416666666666666 0.888671875 0.5416666666666666
1 0.921875 0.03125 0.92578125 0.03819444444444445 0.923828125 0.041666666666666664 0.923828125 0.04861111111111111 0.919921875 0.05555555555555555 0.919921875 0.06597222222222222 0.91796875 0.07291666666666667 0.90625 0.07291666666666667 0.90625 0.06597222222222222 0.904296875 0.0625 0.904296875 0.034722222222222224 0.916015625 0.034722222222222224 0.919921875 0.03125
1 0.49609375 0.3784722222222222 0.509765625 0.3923611111111111 0.509765625 0.3958333333333333 0.5078125 0.3958333333333333 0.50390625 0.40625 0.498046875 0.40625 0.48828125 0.3958333333333333 0.490234375 0.3819444444444444 0.494140625 0.3784722222222222
1 0.576171875 0.9131944444444444 0.599609375 0.9131944444444444 0.599609375 0.9236111111111112 0.591796875 0.9236111111111112 0.58984375 0.9201388888888888 0.576171875 0.9236111111111112 0.576171875 0.9166666666666666
1 0.337890625 0.4201388888888889 0.337890625 0.40625 0.33984375 0.3993055555555556 0.3515625 0.3854166666666667 0.361328125 0.3854166666666667 0.365234375 0.3923611111111111 0.36328125 0.4166666666666667 0.359375 0.4236111111111111 0.35546875 0.4236111111111111 0.353515625 0.4201388888888889 0.33984375 0.4201388888888889
1 0.421875 0.3090277777777778 0.42578125 0.3055555555555556 0.431640625 0.3090277777777778 0.447265625 0.3472222222222222 0.4375 0.3541666666666667 0.4296875 0.3541666666666667 0.423828125 0.3402777777777778 0.423828125 0.3229166666666667 0.421875 0.3194444444444444 0.421875 0.3125
1 0.369140625 0.3125 0.37890625 0.3298611111111111 0.37890625 0.3368055555555556 0.365234375 0.3506944444444444 0.359375 0.3506944444444444 0.353515625 0.3402777777777778 0.3515625 0.3402777777777778 0.3515625 0.3298611111111111 0.357421875 0.3159722222222222 0.361328125 0.3125 0.3671875 0.3125
1 0.4609375 0.3194444444444444 0.46875 0.3194444444444444 0.48046875 0.3298611111111111 0.48046875 0.3368055555555556 0.4765625 0.34375 0.47265625 0.3368055555555556 0.46875 0.3368055555555556 0.45703125 0.3506944444444444 0.45703125 0.3402777777777778 0.4609375 0.3229166666666667
1 0.984375 0.6180555555555556 0.98828125 0.6145833333333334 0.998046875 0.6145833333333334 0.998046875 0.6666666666666666 0.984375 0.6631944444444444 0.984375 0.6215277777777778
1 0.765625 0.0798611111111111 0.779296875 0.0798611111111111 0.783203125 0.08680555555555555 0.779296875 0.09722222222222222 0.779296875 0.11805555555555555 0.77734375 0.12152777777777778 0.765625 0.12152777777777778 0.763671875 0.11458333333333333 0.763671875 0.08680555555555555 0.765625 0.08333333333333333
1 0.6953125 0.06597222222222222 0.71484375 0.06597222222222222 0.716796875 0.06944444444444445 0.712890625 0.08333333333333333 0.712890625 0.10069444444444445 0.7109375 0.1076388888888889 0.697265625 0.1076388888888889 0.6953125 0.10416666666666667 0.6953125 0.06944444444444445
1 0.76171875 0.5555555555555556 0.759765625 0.5972222222222222 0.755859375 0.6041666666666666 0.751953125 0.6006944444444444 0.73828125 0.6006944444444444 0.734375 0.59375 0.732421875 0.5590277777777778 0.740234375 0.5520833333333334 0.75390625 0.5520833333333334 0.755859375 0.5555555555555556 0.759765625 0.5555555555555556
1 0.814453125 0.06944444444444445 0.81640625 0.07291666666666667 0.81640625 0.08333333333333333 0.814453125 0.08680555555555555 0.814453125 0.11458333333333333 0.80859375 0.11458333333333333 0.80859375 0.10069444444444445 0.802734375 0.09027777777777778 0.798828125 0.0763888888888889 0.802734375 0.06944444444444445 0.8125 0.06944444444444445
2 0.80859375 0.052083333333333336 0.810546875 0.05555555555555555 0.810546875 0.06597222222222222 0.81640625 0.07291666666666667 0.81640625 0.08680555555555555 0.814453125 0.09027777777777778 0.814453125 0.17708333333333334 0.81640625 0.18055555555555555 0.814453125 0.1840277777777778 0.810546875 0.18055555555555555 0.810546875 0.1527777777777778 0.80859375 0.14930555555555555 0.80859375 0.10069444444444445 0.802734375 0.09027777777777778 0.798828125 0.0763888888888889 0.802734375 0.06597222222222222 0.802734375 0.05555555555555555 0.806640625 0.052083333333333336
2 0.599609375 0.9131944444444444 0.599609375 0.9236111111111112 0.603515625 0.9375 0.603515625 0.9965277777777778 0.58203125 0.9965277777777778 0.583984375 0.9548611111111112 0.576171875 0.9340277777777778 0.576171875 0.9201388888888888 0.57421875 0.9166666666666666 0.576171875 0.9131944444444444 0.59765625 0.9131944444444444
2 0.70703125 0.04513888888888889 0.708984375 0.059027777777777776 0.712890625 0.0625 0.716796875 0.07291666666666667 0.712890625 0.08333333333333333 0.712890625 0.10416666666666667 0.708984375 0.11458333333333333 0.708984375 0.1388888888888889 0.70703125 0.1423611111111111 0.708984375 0.14930555555555555 0.70703125 0.1527777777777778 0.70703125 0.16666666666666666 0.70703125 0.15625 0.703125 0.1388888888888889 0.69921875 0.14930555555555555 0.69921875 0.16319444444444445 0.697265625 0.1701388888888889 0.6953125 0.1701388888888889 0.6953125 0.0798611111111111 0.693359375 0.07291666666666667 0.697265625 0.0625 0.69921875 0.04861111111111111 0.705078125 0.04513888888888889
2 0.765625 0.625 0.76171875 0.6215277777777778 0.7578125 0.6284722222222222 0.7578125 0.6944444444444444 0.75 0.6944444444444444 0.748046875 0.6909722222222222 0.74609375 0.6736111111111112 0.7421875 0.6666666666666666 0.736328125 0.6458333333333334 0.736328125 0.625 0.73828125 0.6215277777777778 0.73828125 0.6111111111111112 0.732421875 0.6006944444444444 0.732421875 0.5590277777777778 0.740234375 0.5486111111111112 0.740234375 0.5381944444444444 0.7421875 0.53125 0.744140625 0.5277777777777778 0.75 0.5277777777777778 0.75390625 0.5347222222222222 0.75390625 0.5486111111111112 0.7578125 0.5555555555555556 0.76171875 0.5555555555555556 0.763671875 0.5625 0.76171875 0.5659722222222222 0.76171875 0.5798611111111112 0.765625 0.59375 0.765625 0.6111111111111112 0.767578125 0.6145833333333334 0.767578125 0.6215277777777778
2 0.92578125 0.2951388888888889 0.9296875 0.28125 0.927734375 0.2777777777777778 0.927734375 0.2569444444444444 0.92578125 0.25 0.9296875 0.2361111111111111 0.935546875 0.2361111111111111 0.939453125 0.2465277777777778 0.939453125 0.2534722222222222 0.9453125 0.2673611111111111 0.9453125 0.2743055555555556 0.94921875 0.2881944444444444 0.94921875 0.3194444444444444 0.951171875 0.3229166666666667 0.951171875 0.3298611111111111 0.955078125 0.3333333333333333 0.955078125 0.3368055555555556 0.9609375 0.3472222222222222 0.962890625 0.3576388888888889 0.958984375 0.3576388888888889 0.94921875 0.3402777777777778 0.9453125 0.3402777777777778 0.9375 0.3472222222222222 0.9375 0.3368055555555556 0.935546875 0.3298611111111111 0.9296875 0.3229166666666667 0.93359375 0.3020833333333333 0.927734375 0.2951388888888889 0.923828125 0.3055555555555556 0.919921875 0.3055555555555556 0.921875 0.2986111111111111 0.923828125 0.2986111111111111
2 0.48828125 0.375 0.494140625 0.375 0.51171875 0.3923611111111111 0.51953125 0.3958333333333333 0.52734375 0.4236111111111111 0.52734375 0.4305555555555556 0.53125 0.4375 0.537109375 0.4375 0.55078125 0.4479166666666667 0.55078125 0.46875 0.546875 0.46875 0.546875 0.4618055555555556 0.541015625 0.4513888888888889 0.53125 0.4444444444444444 0.525390625 0.4444444444444444 0.515625 0.4340277777777778 0.5078125 0.4340277777777778 0.50390625 0.4409722222222222 0.513671875 0.4722222222222222 0.51171875 0.4756944444444444 0.50390625 0.4756944444444444 0.501953125 0.4722222222222222 0.50390625 0.4583333333333333 0.498046875 0.4479166666666667 0.4921875 0.4236111111111111 0.498046875 0.4166666666666667 0.498046875 0.4097222222222222 0.494140625 0.4027777777777778 0.48828125 0.3993055555555556 0.484375 0.3854166666666667 0.486328125 0.3854166666666667 0.48828125 0.3784722222222222
2 0.33984375 0.3229166666666667 0.34765625 0.3229166666666667 0.34765625 0.3368055555555556 0.35546875 0.3472222222222222 0.361328125 0.3680555555555556 0.361328125 0.3784722222222222 0.357421875 0.3784722222222222 0.35546875 0.375 0.353515625 0.3784722222222222 0.349609375 0.3784722222222222 0.341796875 0.3888888888888889 0.337890625 0.3993055555555556 0.337890625 0.4201388888888889 0.3359375 0.4236111111111111 0.3359375 0.4375 0.33203125 0.4479166666666667 0.33203125 0.4548611111111111 0.328125 0.4652777777777778 0.32421875 0.4652777777777778 0.328125 0.4375 0.333984375 0.4236111111111111 0.330078125 0.4097222222222222 0.330078125 0.3923611111111111 0.328125 0.3888888888888889 0.322265625 0.3923611111111111 0.322265625 0.3888888888888889 0.33203125 0.375 0.33203125 0.3576388888888889 0.333984375 0.3506944444444444 0.33984375 0.34375 0.33984375 0.3263888888888889
2 0.341796875 0.3194444444444444 0.349609375 0.3263888888888889 0.34765625 0.3333333333333333 0.349609375 0.3402777777777778 0.35546875 0.3472222222222222 0.361328125 0.3680555555555556 0.359375 0.3715277777777778 0.357421875 0.3680555555555556 0.34765625 0.3680555555555556 0.341796875 0.3784722222222222 0.3359375 0.3819444444444444 0.333984375 0.3888888888888889 0.328125 0.3888888888888889 0.32421875 0.3958333333333333 0.3203125 0.3923611111111111 0.3203125 0.3888888888888889 0.33203125 0.3715277777777778 0.33203125 0.3541666666666667 0.33984375 0.3368055555555556 0.33984375 0.3229166666666667
2 0.681640625 0.059027777777777776 0.685546875 0.059027777777777776 0.693359375 0.0798611111111111 0.69140625 0.10069444444444445 0.689453125 0.10416666666666667 0.689453125 0.1284722222222222 0.685546875 0.13541666666666666 0.68359375 0.1701388888888889 0.677734375 0.1701388888888889 0.67578125 0.16666666666666666 0.671875 0.1701388888888889 0.673828125 0.09375 0.67578125 0.09027777777777778 0.67578125 0.0798611111111111 0.6796875 0.07291666666666667 0.6796875 0.06597222222222222 0.681640625 0.0625
2 0.3515625 0.3263888888888889 0.353515625 0.3263888888888889 0.359375 0.3125 0.36328125 0.3125 0.375 0.3020833333333333 0.380859375 0.3020833333333333 0.384765625 0.3090277777777778 0.384765625 0.3229166666666667 0.380859375 0.3298611111111111 0.376953125 0.3472222222222222 0.373046875 0.34375 0.369140625 0.3541666666666667 0.361328125 0.3541666666666667 0.353515625 0.3402777777777778 0.3515625 0.3402777777777778 0.349609375 0.3333333333333333 0.3515625 0.3298611111111111
2 0.482421875 0.3055555555555556 0.4921875 0.3055555555555556 0.494140625 0.3125 0.494140625 0.3402777777777778 0.49609375 0.34375 0.49609375 0.3541666666666667 0.498046875 0.3576388888888889 0.498046875 0.3645833333333333 0.501953125 0.3715277777777778 0.501953125 0.3784722222222222 0.5 0.3784722222222222 0.48046875 0.3645833333333333 0.482421875 0.3090277777777778
2 0.42578125 0.2951388888888889 0.431640625 0.3020833333333333 0.431640625 0.3090277777777778 0.44921875 0.3506944444444444 0.44921875 0.3611111111111111 0.439453125 0.3819444444444444 0.439453125 0.4027777777777778 0.435546875 0.4027777777777778 0.427734375 0.3958333333333333 0.42578125 0.3888888888888889 0.42578125 0.3784722222222222 0.431640625 0.3576388888888889 0.423828125 0.3472222222222222 0.416015625 0.34375 0.412109375 0.3333333333333333 0.419921875 0.3159722222222222 0.419921875 0.3020833333333333 0.423828125 0.2986111111111111
2 0.353515625 0.3715277777777778 0.365234375 0.3888888888888889 0.365234375 0.40625 0.36328125 0.4131944444444444 0.365234375 0.4166666666666667 0.365234375 0.4340277777777778 0.3671875 0.4375 0.361328125 0.4548611111111111 0.361328125 0.4652777777777778 0.36328125 0.46875 0.36328125 0.4895833333333333 0.359375 0.4861111111111111 0.359375 0.4756944444444444 0.35546875 0.4652777777777778 0.35546875 0.4583333333333333 0.349609375 0.4513888888888889 0.341796875 0.4652777777777778 0.33984375 0.4895833333333333 0.33203125 0.5 0.330078125 0.4965277777777778 0.333984375 0.4826388888888889 0.333984375 0.4652777777777778 0.337890625 0.4548611111111111 0.337890625 0.4270833333333333 0.3359375 0.4236111111111111 0.337890625 0.4027777777777778 0.3515625 0.375
2 0.998046875 0.5972222222222222 0.998046875 0.7256944444444444 0.99609375 0.7291666666666666 0.99609375 0.7395833333333334 0.984375 0.7604166666666666 0.984375 0.7708333333333334 0.98828125 0.78125 0.98046875 0.78125 0.970703125 0.7743055555555556 0.97265625 0.7638888888888888 0.9765625 0.7569444444444444 0.9765625 0.75 0.982421875 0.7361111111111112 0.982421875 0.71875 0.984375 0.7152777777777778 0.984375 0.7013888888888888 0.98046875 0.6909722222222222 0.982421875 0.6458333333333334 0.984375 0.6423611111111112 0.984375 0.6180555555555556 0.994140625 0.6111111111111112 0.998046875 0.6006944444444444
2 0.421875 0.4583333333333333 0.423828125 0.4583333333333333 0.43359375 0.4375 0.43359375 0.4270833333333333 0.4375 0.4097222222222222 0.44140625 0.4027777777777778 0.44140625 0.3923611111111111 0.4453125 0.375 0.458984375 0.3506944444444444 0.466796875 0.34375 0.47265625 0.34375 0.474609375 0.3472222222222222 0.474609375 0.3680555555555556 0.47265625 0.375 0.48046875 0.3923611111111111 0.466796875 0.3993055555555556 0.458984375 0.4166666666666667 0.45703125 0.4236111111111111 0.458984375 0.4305555555555556 0.458984375 0.4409722222222222 0.45703125 0.4444444444444444 0.458984375 0.4583333333333333 0.455078125 0.4756944444444444 0.447265625 0.4895833333333333 0.451171875 0.4965277777777778 0.44921875 0.5034722222222222 0.447265625 0.5 0.4375 0.5 0.4375 0.4930555555555556 0.44921875 0.4618055555555556 0.44921875 0.4548611111111111 0.4453125 0.4479166666666667 0.44140625 0.4479166666666667 0.435546875 0.4548611111111111 0.427734375 0.46875 0.42578125 0.46875 0.41796875 0.4826388888888889 0.41796875 0.4861111111111111 0.412109375 0.4861111111111111 0.412109375 0.4791666666666667 0.421875 0.4618055555555556
2 0.390625 0.3090277777777778 0.39453125 0.3055555555555556 0.400390625 0.3055555555555556 0.412109375 0.3229166666666667 0.41015625 0.3298611111111111 0.41015625 0.3402777777777778 0.412109375 0.34375 0.4140625 0.3680555555555556 0.41796875 0.3784722222222222 0.41796875 0.3854166666666667 0.4140625 0.3888888888888889 0.412109375 0.3854166666666667 0.39453125 0.3854166666666667 0.388671875 0.3923611111111111 0.38671875 0.3993055555555556 0.38671875 0.4097222222222222 0.37890625 0.4131944444444444 0.3828125 0.3993055555555556 0.3828125 0.3611111111111111 0.384765625 0.3576388888888889 0.3828125 0.3506944444444444 0.3828125 0.3333333333333333 0.390625 0.3125
2 0.884765625 0.5243055555555556 0.888671875 0.5277777777777778 0.888671875 0.5381944444444444 0.89453125 0.5486111111111112 0.900390625 0.5694444444444444 0.900390625 0.5833333333333334 0.90234375 0.5868055555555556 0.90234375 0.6215277777777778 0.900390625 0.625 0.900390625 0.6388888888888888 0.90234375 0.6423611111111112 0.90234375 0.6805555555555556 0.900390625 0.6840277777777778 0.896484375 0.6770833333333334 0.896484375 0.6631944444444444 0.89453125 0.6597222222222222 0.890625 0.6666666666666666 0.890625 0.6736111111111112 0.88671875 0.6736111111111112 0.884765625 0.6666666666666666 0.884765625 0.65625 0.87890625 0.6458333333333334 0.875 0.6458333333333334 0.8671875 0.6354166666666666 0.8671875 0.6284722222222222 0.87109375 0.6180555555555556 0.87109375 0.5659722222222222 0.869140625 0.5625 0.869140625 0.5451388888888888 0.87109375 0.5416666666666666 0.87109375 0.5347222222222222 0.876953125 0.5243055555555556 0.8828125 0.5243055555555556
2 0.7734375 0.0625 0.77734375 0.06597222222222222 0.77734375 0.07291666666666667 0.783203125 0.08333333333333333 0.783203125 0.09027777777777778 0.78125 0.09375 0.78125 0.13194444444444445 0.779296875 0.13541666666666666 0.779296875 0.1701388888888889 0.78125 0.1736111111111111 0.779296875 0.18055555555555555 0.771484375 0.17708333333333334 0.76171875 0.16666666666666666 0.763671875 0.1597222222222222 0.763671875 0.14930555555555555 0.765625 0.14583333333333334 0.765625 0.13541666666666666 0.763671875 0.13194444444444445 0.763671875 0.08333333333333333 0.765625 0.0798611111111111 0.765625 0.06944444444444445 0.771484375 0.0625
2 0.85546875 0.6631944444444444 0.857421875 0.6770833333333334 0.8671875 0.6979166666666666 0.876953125 0.7361111111111112 0.875 0.7638888888888888 0.869140625 0.7777777777777778 0.87890625 0.7916666666666666 0.87890625 0.8020833333333334 0.873046875 0.8125 0.869140625 0.8125 0.87109375 0.7986111111111112 0.86328125 0.7847222222222222 0.859375 0.78125 0.85546875 0.7847222222222222 0.857421875 0.8194444444444444 0.861328125 0.8298611111111112 0.861328125 0.8368055555555556 0.857421875 0.8402777777777778 0.849609375 0.8368055555555556 0.853515625 0.8229166666666666 0.8515625 0.8194444444444444 0.849609375 0.7916666666666666 0.84765625 0.7881944444444444 0.84765625 0.7638888888888888 0.8515625 0.75 0.853515625 0.75 0.857421875 0.7395833333333334 0.85546875 0.7361111111111112 0.8515625 0.7361111111111112 0.841796875 0.7465277777777778 0.83984375 0.7430555555555556 0.841796875 0.7361111111111112 0.845703125 0.7361111111111112 0.853515625 0.7256944444444444 0.84765625 0.7013888888888888 0.84765625 0.6875 0.841796875 0.6736111111111112 0.845703125 0.6597222222222222 0.8515625 0.6597222222222222 0.853515625 0.6631944444444444
2 0.4609375 0.3194444444444444 0.466796875 0.3159722222222222 0.47265625 0.3055555555555556 0.478515625 0.3055555555555556 0.48046875 0.3090277777777778 0.48046875 0.3368055555555556 0.4765625 0.3472222222222222 0.470703125 0.3368055555555556 0.462890625 0.3472222222222222 0.45703125 0.3506944444444444 0.45703125 0.3402777777777778 0.4609375 0.3229166666666667