0 0.94140625 0.46875 0.9453125 0.4756944444444444 0.9453125 0.4826388888888889 0.94921875 0.4930555555555556 0.939453125 0.5 0.927734375 0.5 0.927734375 0.4791666666666667 0.93359375 0.46875 0.939453125 0.46875
0 0.587890625 0.3263888888888889 0.591796875 0.3333333333333333 0.591796875 0.34375 0.5859375 0.3541666666666667 0.58203125 0.3541666666666667 0.576171875 0.34375 0.57421875 0.34375 0.57421875 0.3298611111111111 0.578125 0.3229166666666667 0.583984375 0.3229166666666667 0.5859375 0.3263888888888889
0 0.6229166666666667 0.3087962962962963 0.020833333333333332 0.03240740740740741
1 0.62109375 0.3298611111111111 0.62109375 0.3645833333333333 0.623046875 0.3680555555555556 0.623046875 0.3854166666666667 0.62109375 0.3888888888888889 0.609375 0.3888888888888889 0.599609375 0.375 0.59375 0.3715277777777778 0.59375 0.3611111111111111 0.59765625 0.3576388888888889 0.599609375 0.3472222222222222 0.609375 0.3298611111111111 0.619140625 0.3298611111111111
1 0 0.027777777777777776 0.005859375 0.027777777777777776 0.009765625 0.04513888888888889 0.0078125 0.04861111111111111 0.005859375 0.1076388888888889 0 0.1076388888888889 0 0.03125
1 0.958984375 0.5 0.962890625 0.5104166666666666 0.962890625 0.5208333333333334 0.958984375 0.53125 0.958984375 0.5451388888888888 0.962890625 0.5555555555555556 0.962890625 0.5625 0.94921875 0.5729166666666666 0.9453125 0.5868055555555556 0.94140625 0.5868055555555556 0.9375 0.5798611111111112 0.9296875 0.5590277777777778 0.92578125 0.5416666666666666 0.916015625 0.5243055555555556 0.916015625 0.5208333333333334 0.921875 0.5069444444444444 0.92578125 0.5069444444444444 0.927734375 0.5034722222222222 0.9375 0.5069444444444444 0.947265625 0.5 0.95703125 0.5
1 0.017578125 0.04513888888888889 0.015625 0.027777777777777776 0.021484375 0.006944444444444444 0.048828125 0.006944444444444444 0.048828125 0.020833333333333332 0.046875 0.024305555555555556 0.046875 0.06597222222222222 0.04296875 0.06597222222222222 0.041015625 0.06944444444444445 0.02734375 0.06597222222222222 0.02734375 0.05555555555555555 0.01953125 0.04513888888888889
1 0.625 0.34375 0.623046875 0.3298611111111111 0.630859375 0.3159722222222222 0.640625 0.3055555555555556 0.650390625 0.3055555555555556 0.65234375 0.3125 0.65234375 0.3229166666666667 0.654296875 0.3263888888888889 0.654296875 0.3888888888888889 0.64453125 0.3958333333333333 0.630859375 0.3923611111111111 0.626953125 0.3854166666666667 0.625 0.3784722222222222 0.625 0.3645833333333333 0.62890625 0.3576388888888889 0.62890625 0.3472222222222222 0.626953125 0.34375
1 0.560546875 0.3472222222222222 0.572265625 0.34375 0.58203125 0.3576388888888889 0.578125 0.3680555555555556 0.572265625 0.3680555555555556 0.5703125 0.3715277777777778 0.572265625 0.3819444444444444 0.55859375 0.4027777777777778 0.556640625 0.4027777777777778 0.54296875 0.3854166666666667 0.54296875 0.3715277777777778 0.560546875 0.3506944444444444
2 0.61328125 0.3263888888888889 0.61328125 0.3020833333333333 0.6171875 0.2951388888888889 0.626953125 0.2951388888888889 0.6328125 0.3055555555555556 0.6328125 0.3090277777777778 0.626953125 0.3194444444444444 0.626953125 0.3229166666666667 0.619140625 0.3298611111111111 0.615234375 0.3263888888888889
2 0 0.027777777777777776 0.005859375 0.027777777777777776 0.0078125 0.03125 0.0078125 0.041666666666666664 0.009765625 0.04513888888888889 0.0078125 0.04861111111111111 0.0078125 0.09722222222222222 0.013671875 0.11458333333333333 0.013671875 0.12152777777777778 0.009765625 0.13194444444444445 0 0.12152777777777778 0 0.03125
2 0.951171875 0.4930555555555556 0.958984375 0.5 0.958984375 0.5034722222222222 0.96484375 0.5104166666666666 0.978515625 0.5138888888888888 0.984375 0.5243055555555556 0.984375 0.5347222222222222 0.986328125 0.5381944444444444 0.986328125 0.5590277777777778 0.990234375 0.5659722222222222 0.990234375 0.5798611111111112 0.98828125 0.5868055555555556 0.984375 0.5868055555555556 0.98046875 0.5798611111111112 0.98046875 0.5451388888888888 0.974609375 0.53125 0.970703125 0.5277777777777778 0.962890625 0.5277777777777778 0.958984375 0.5416666666666666 0.9609375 0.5451388888888888 0.962890625 0.5625 0.970703125 0.5798611111111112 0.970703125 0.5868055555555556 0.97265625 0.5902777777777778 0.970703125 0.6006944444444444 0.966796875 0.6076388888888888 0.966796875 0.6145833333333334 0.970703125 0.6284722222222222 0.97265625 0.6527777777777778 0.998046875 0.6944444444444444 0.998046875 0.7222222222222222 0.99609375 0.7083333333333334 0.970703125 0.6701388888888888 0.966796875 0.6701388888888888 0.962890625 0.6840277777777778 0.95703125 0.6875 0.958984375 0.6666666666666666 0.9609375 0.6631944444444444 0.958984375 0.6597222222222222 0.958984375 0.6527777777777778 0.953125 0.6423611111111112 0.9453125 0.6145833333333334 0.9453125 0.5972222222222222 0.943359375 0.5902777777777778 0.923828125 0.5451388888888888 0.919921875 0.5451388888888888 0.916015625 0.5520833333333334 0.91015625 0.5520833333333334 0.90625 0.5451388888888888 0.90625 0.5416666666666666 0.916015625 0.5277777777777778 0.91796875 0.5138888888888888 0.927734375 0.5 0.927734375 0.4791666666666667 0.931640625 0.4722222222222222 0.935546875 0.46875 0.94140625 0.46875 0.94921875 0.4930555555555556
2 0.41015625 0.006944444444444444 0.421875 0.006944444444444444 0.421875 0.04861111111111111 0.419921875 0.052083333333333336 0.419921875 0.06597222222222222 0.423828125 0.07291666666666667 0.423828125 0.0798611111111111 0.412109375 0.0798611111111111 0.41015625 0.08333333333333333 0.40625 0.08333333333333333 0.404296875 0.06597222222222222 0.408203125 0.05555555555555555 0.408203125 0.03819444444444445 0.41015625 0.034722222222222224 0.408203125 0.027777777777777776 0.41015625 0.024305555555555556 0.41015625 0.010416666666666666
2 0.009765625 0.059027777777777776 0.013671875 0.04861111111111111 0.015625 0.024305555555555556 0.021484375 0.006944444444444444 0.046875 0.006944444444444444 0.046875 0.05555555555555555 0.05078125 0.0625 0.052734375 0.059027777777777776 0.056640625 0.059027777777777776 0.056640625 0.06944444444444445 0.048828125 0.0763888888888889 0.048828125 0.10416666666666667 0.04296875 0.12152777777777778 0.041015625 0.12152777777777778 0.03515625 0.1076388888888889 0.033203125 0.1076388888888889 0.01171875 0.15625 0.009765625 0.16319444444444445 0.009765625 0.18055555555555555 0.00390625 0.1736111111111111 0 0.1736111111111111 0 0.15625 0.005859375 0.1527777777777778 0.01171875 0.1388888888888889 0.01171875 0.125 0.013671875 0.12152777777777778 0.013671875 0.09375 0.015625 0.09027777777777778 0.015625 0.0798611111111111 0.021484375 0.06597222222222222 0.017578125 0.05555555555555555 0.01171875 0.059027777777777776
2 0.625 0.34375 0.623046875 0.3298611111111111 0.634765625 0.3090277777777778 0.642578125 0.3020833333333333 0.6484375 0.3020833333333333 0.65234375 0.3090277777777778 0.654296875 0.3368055555555556 0.658203125 0.34375 0.658203125 0.3506944444444444 0.654296875 0.3576388888888889 0.654296875 0.3923611111111111 0.64453125 0.4131944444444444 0.64453125 0.4201388888888889 0.63671875 0.4305555555555556 0.640625 0.5 0.634765625 0.5 0.6328125 0.4965277777777778 0.6328125 0.4722222222222222 0.62890625 0.4618055555555556 0.62890625 0.4513888888888889 0.625 0.4375 0.625 0.3993055555555556 0.626953125 0.3958333333333333 0.625 0.3611111111111111 0.62890625 0.3576388888888889 0.62890625 0.3472222222222222 0.626953125 0.34375
2 0.591796875 0.3784722222222222 0.591796875 0.3645833333333333 0.59765625 0.3541666666666667 0.59765625 0.3506944444444444 0.609375 0.3298611111111111 0.61328125 0.3263888888888889 0.619140625 0.3263888888888889 0.62109375 0.3298611111111111 0.62109375 0.3402777777777778 0.626953125 0.3506944444444444 0.623046875 0.3611111111111111 0.623046875 0.3923611111111111 0.619140625 0.3958333333333333 0.6171875 0.3923611111111111 0.611328125 0.3993055555555556 0.611328125 0.4097222222222222 0.609375 0.4166666666666667 0.59765625 0.4409722222222222 0.59765625 0.4513888888888889 0.60546875 0.4618055555555556 0.603515625 0.4652777777777778 0.583984375 0.4618055555555556 0.56640625 0.4791666666666667 0.564453125 0.4826388888888889 0.564453125 0.4965277777777778 0.56640625 0.5 0.564453125 0.5069444444444444 0.552734375 0.4930555555555556 0.552734375 0.4826388888888889 0.5625 0.4722222222222222 0.5703125 0.4548611111111111 0.576171875 0.4513888888888889 0.58203125 0.4409722222222222 0.58203125 0.4270833333333333 0.587890625 0.40625 0.591796875 0.3993055555555556 0.603515625 0.3888888888888889 0.599609375 0.3819444444444444 0.595703125 0.3819444444444444 0.59375 0.3784722222222222
2 0.3828125 0.006944444444444444 0.421875 0.006944444444444444 0.421875 0.017361111111111112 0.416015625 0.017361111111111112 0.412109375 0.024305555555555556 0.412109375 0.034722222222222224 0.41015625 0.03819444444444445 0.41015625 0.06597222222222222 0.4140625 0.07291666666666667 0.421875 0.06944444444444445 0.421875 0.0798611111111111 0.4140625 0.0763888888888889 0.404296875 0.09027777777777778 0.400390625 0.09027777777777778 0.3984375 0.08680555555555555 0.390625 0.09027777777777778 0.388671875 0.08680555555555555 0.388671875 0.03819444444444445 0.38671875 0.034722222222222224 0.38671875 0.017361111111111112 0.384765625 0.010416666666666666
2 0.591796875 0.3819444444444444 0.599609375 0.3888888888888889 0.591796875 0.3958333333333333 0.580078125 0.3854166666666667 0.572265625 0.3854166666666667 0.560546875 0.3993055555555556 0.560546875 0.4131944444444444 0.564453125 0.4201388888888889 0.564453125 0.4270833333333333 0.568359375 0.4409722222222222 0.564453125 0.4583333333333333 0.55859375 0.46875 0.55859375 0.4722222222222222 0.55078125 0.4826388888888889 0.55078125 0.4965277777777778 0.552734375 0.5 0.55078125 0.5069444444444444 0.546875 0.5069444444444444 0.537109375 0.4930555555555556 0.5390625 0.4826388888888889 0.55078125 0.4652777777777778 0.552734375 0.4548611111111111 0.556640625 0.4479166666666667 0.556640625 0.4444444444444444 0.548828125 0.4305555555555556 0.544921875 0.4305555555555556 0.54296875 0.4340277777777778 0.5390625 0.4513888888888889 0.533203125 0.4618055555555556 0.525390625 0.4652777777777778 0.51953125 0.4756944444444444 0.517578125 0.4895833333333333 0.513671875 0.4930555555555556 0.51171875 0.4895833333333333 0.51171875 0.4791666666666667 0.517578125 0.4583333333333333 0.5234375 0.4548611111111111 0.529296875 0.4444444444444444 0.53125 0.4201388888888889 0.53515625 0.40625 0.53515625 0.3923611111111111 0.54296875 0.3784722222222222 0.54296875 0.3715277777777778 0.544921875 0.3680555555555556 0.552734375 0.3611111111111111 0.560546875 0.3472222222222222 0.568359375 0.34375 0.57421875 0.3333333333333333 0.57421875 0.3298611111111111 0.580078125 0.3229166666666667 0.587890625 0.3263888888888889 0.591796875 0.3333333333333333 0.591796875 0.34375 0.5859375 0.3576388888888889 0.5859375 0.3645833333333333 0.583984375 0.3680555555555556 0.58984375 0.3819444444444444
2 0.34375 0.006944444444444444 0.373046875 0.006944444444444444 0.369140625 0.024305555555555556 0.369140625 0.03819444444444445 0.37109375 0.041666666666666664 0.37109375 0.059027777777777776 0.369140625 0.0625 0.37109375 0.08680555555555555 0.365234375 0.08680555555555555 0.36328125 0.08333333333333333 0.36328125 0.03819444444444445 0.359375 0.027777777777777776 0.353515625 0.034722222222222224 0.353515625 0.04861111111111111 0.3515625 0.052083333333333336 0.3515625 0.08333333333333333 0.349609375 0.08680555555555555 0.345703125 0.08680555555555555 0.34375 0.08333333333333333 0.345703125 0.0798611111111111 0.345703125 0.027777777777777776 0.34375 0.024305555555555556 0.34375 0.010416666666666666