0 0.859375 0.03819444444444445 0.861328125 0.041666666666666664 0.861328125 0.059027777777777776 0.859375 0.0625 0.849609375 0.0625 0.84765625 0.059027777777777776 0.84765625 0.03819444444444445 0.849609375 0.034722222222222224 0.85546875 0.034722222222222224 0.857421875 0.03819444444444445
0 0.728515625 0.006944444444444444 0.744140625 0.006944444444444444 0.744140625 0.013888888888888888 0.740234375 0.020833333333333332 0.732421875 0.020833333333333332 0.73046875 0.017361111111111112 0.73046875 0.010416666666666666
0 0.7734375 0.5034722222222222 0.771484375 0.4965277777777778 0.7734375 0.4826388888888889 0.783203125 0.46875 0.791015625 0.4722222222222222 0.796875 0.5 0.79296875 0.5069444444444444 0.77734375 0.5069444444444444 0.775390625 0.5034722222222222
0 0.97265625 0.7222222222222222 0.984375 0.7361111111111112 0.984375 0.7465277777777778 0.98046875 0.7638888888888888 0.962890625 0.7604166666666666 0.958984375 0.7534722222222222 0.958984375 0.7395833333333334 0.96875 0.7222222222222222 0.970703125 0.7222222222222222
0 0.671875 0.010416666666666666 0.67578125 0.020833333333333332 0.67578125 0.03125 0.673828125 0.034722222222222224 0.662109375 0.034722222222222224 0.662109375 0.017361111111111112 0.669921875 0.010416666666666666
0 0 0.020833333333333332 0.0078125 0.020833333333333332 0.01171875 0.024305555555555556 0.013671875 0.03125 0.01171875 0.059027777777777776 0.005859375 0.0625 0.00390625 0.059027777777777776 0 0.059027777777777776 0 0.024305555555555556
0 0.623046875 0.4236111111111111 0.625 0.3993055555555556 0.630859375 0.3923611111111111 0.640625 0.3923611111111111 0.64453125 0.3993055555555556 0.64453125 0.4097222222222222 0.646484375 0.4166666666666667 0.64453125 0.4201388888888889 0.64453125 0.4270833333333333 0.626953125 0.4270833333333333 0.625 0.4236111111111111
0 0.078125 0.010416666666666666 0.083984375 0.024305555555555556 0.083984375 0.04513888888888889 0.08203125 0.04861111111111111 0.0703125 0.04861111111111111 0.06640625 0.034722222222222224 0.068359375 0.013888888888888888 0.0703125 0.010416666666666666 0.076171875 0.010416666666666666
0 0.962890625 0.6006944444444444 0.962890625 0.5798611111111112 0.96875 0.5659722222222222 0.982421875 0.5659722222222222 0.98828125 0.5798611111111112 0.98828125 0.6006944444444444 0.986328125 0.6041666666666666 0.96875 0.6041666666666666 0.96484375 0.6006944444444444
0 0.81640625 0.006944444444444444 0.83203125 0.006944444444444444 0.83203125 0.020833333333333332 0.82421875 0.03125 0.8203125 0.03125 0.81640625 0.024305555555555556 0.81640625 0.010416666666666666
0 0.53515625 0.6423611111111112 0.537109375 0.6458333333333334 0.541015625 0.6458333333333334 0.54296875 0.6527777777777778 0.54296875 0.6736111111111112 0.544921875 0.6805555555555556 0.5390625 0.6875 0.5234375 0.6840277777777778 0.51953125 0.6805555555555556 0.517578125 0.6736111111111112 0.51953125 0.6527777777777778 0.525390625 0.6458333333333334 0.533203125 0.6423611111111112
0 0.7109375 0.5798611111111112 0.712890625 0.5833333333333334 0.716796875 0.5833333333333334 0.720703125 0.59375 0.720703125 0.6041666666666666 0.71484375 0.625 0.703125 0.625 0.69921875 0.6180555555555556 0.69921875 0.5902777777777778 0.701171875 0.5833333333333334 0.708984375 0.5798611111111112
0 0.267578125 0.006944444444444444 0.28515625 0.006944444444444444 0.28515625 0.017361111111111112 0.283203125 0.024305555555555556 0.275390625 0.024305555555555556 0.271484375 0.020833333333333332 0.267578125 0.010416666666666666
0 0.046875 0.027777777777777776 0.052734375 0.020833333333333332 0.05859375 0.020833333333333332 0.064453125 0.034722222222222224 0.064453125 0.05555555555555555 0.0546875 0.0625 0.046875 0.052083333333333336 0.046875 0.03125
0 0.6966145833333334 0.044444444444444446 0.019270833333333334 0.04259259259259259
0 0.900390625 0.03125 0.90234375 0.034722222222222224 0.90234375 0.052083333333333336 0.89453125 0.0625 0.890625 0.0625 0.88671875 0.05555555555555555 0.884765625 0.041666666666666664 0.890625 0.027777777777777776 0.896484375 0.027777777777777776 0.8984375 0.03125
0 0.537109375 0.59375 0.544921875 0.6145833333333334 0.544921875 0.6215277777777778 0.541015625 0.6354166666666666 0.529296875 0.6354166666666666 0.5234375 0.625 0.5234375 0.6180555555555556 0.521484375 0.6145833333333334 0.521484375 0.6041666666666666 0.525390625 0.5972222222222222 0.529296875 0.59375 0.53515625 0.59375
0 0.63984375 0.044444444444444446 0.0203125 0.04259259259259259
0 0.6966145833333334 0.03796296296296296 0.019270833333333334 0.02962962962962963
0 0.828125 0.8472222222222222 0.83203125 0.84375 0.845703125 0.84375 0.8515625 0.8506944444444444 0.8515625 0.8576388888888888 0.853515625 0.8611111111111112 0.853515625 0.8715277777777778 0.849609375 0.8819444444444444 0.845703125 0.8854166666666666 0.8359375 0.8854166666666666 0.826171875 0.875 0.826171875 0.8541666666666666 0.828125 0.8506944444444444
1 0.859375 0.06944444444444445 0.87109375 0.08333333333333333 0.873046875 0.09027777777777778 0.873046875 0.10416666666666667 0.876953125 0.11458333333333333 0.876953125 0.12152777777777778 0.875 0.125 0.8671875 0.125 0.865234375 0.1284722222222222 0.85546875 0.1284722222222222 0.853515625 0.125 0.8359375 0.125 0.83203125 0.11805555555555555 0.826171875 0.11458333333333333 0.828125 0.09722222222222222 0.83203125 0.09027777777777778 0.833984375 0.0763888888888889 0.83984375 0.07291666666666667 0.84375 0.06597222222222222 0.845703125 0.06597222222222222 0.8515625 0.0763888888888889 0.85546875 0.0763888888888889 0.857421875 0.07291666666666667
1 0.537109375 0.5763888888888888 0.54296875 0.5902777777777778 0.54296875 0.6006944444444444 0.541015625 0.6041666666666666 0.537109375 0.6006944444444444 0.52734375 0.6006944444444444 0.515625 0.6180555555555556 0.5078125 0.6180555555555556 0.505859375 0.6145833333333334 0.505859375 0.6041666666666666 0.50390625 0.5972222222222222 0.498046875 0.5868055555555556 0.48828125 0.5555555555555556 0.49609375 0.5416666666666666 0.509765625 0.5381944444444444 0.51171875 0.5416666666666666 0.515625 0.5416666666666666 0.53515625 0.5763888888888888
1 0.689453125 0.0625 0.6953125 0.06944444444444445 0.703125 0.06597222222222222 0.703125 0.0763888888888889 0.697265625 0.09375 0.697265625 0.10416666666666667 0.6953125 0.1076388888888889 0.6953125 0.13541666666666666 0.693359375 0.1423611111111111 0.6875 0.1423611111111111 0.685546875 0.13541666666666666 0.68359375 0.0798611111111111 0.6875 0.06597222222222222
1 0.771484375 0.5034722222222222 0.779296875 0.5104166666666666 0.802734375 0.5104166666666666 0.8046875 0.5138888888888888 0.80859375 0.5138888888888888 0.80859375 0.5381944444444444 0.806640625 0.5416666666666666 0.806640625 0.5520833333333334 0.794921875 0.59375 0.79296875 0.5972222222222222 0.7890625 0.5972222222222222 0.787109375 0.59375 0.7734375 0.5902777777777778 0.765625 0.5833333333333334 0.765625 0.5486111111111112 0.76171875 0.5416666666666666 0.76171875 0.53125 0.7578125 0.5208333333333334 0.763671875 0.5069444444444444 0.76953125 0.5069444444444444
1 0.96875 0.7638888888888888 0.970703125 0.7673611111111112 0.98828125 0.7708333333333334 0.998046875 0.7777777777777778 0.998046875 0.8090277777777778 0.99609375 0.8125 0.99609375 0.8229166666666666 0.990234375 0.8229166666666666 0.986328125 0.8298611111111112 0.986328125 0.8576388888888888 0.97265625 0.8576388888888888 0.970703125 0.8541666666666666 0.9453125 0.8541666666666666 0.943359375 0.8506944444444444 0.943359375 0.8333333333333334 0.9453125 0.8298611111111112 0.9453125 0.8194444444444444 0.94921875 0.8125 0.951171875 0.7951388888888888 0.94921875 0.7916666666666666 0.94921875 0.7847222222222222 0.9453125 0.7777777777777778 0.94140625 0.7777777777777778 0.939453125 0.7708333333333334 0.9453125 0.7569444444444444 0.955078125 0.7569444444444444 0.95703125 0.7604166666666666 0.966796875 0.7638888888888888
1 0 0.06597222222222222 0.0078125 0.06597222222222222 0.015625 0.05555555555555555 0.025390625 0.0625 0.025390625 0.09027777777777778 0.01953125 0.10416666666666667 0.021484375 0.13541666666666666 0.017578125 0.13541666666666666 0.01171875 0.1423611111111111 0 0.1423611111111111 0 0.06944444444444445
1 0.626953125 0.4270833333333333 0.62890625 0.4305555555555556 0.64453125 0.4305555555555556 0.6484375 0.4340277777777778 0.65234375 0.4409722222222222 0.654296875 0.4548611111111111 0.646484375 0.46875 0.64453125 0.4756944444444444 0.64453125 0.4861111111111111 0.642578125 0.4895833333333333 0.642578125 0.5 0.640625 0.5034722222222222 0.623046875 0.5034722222222222 0.62109375 0.5069444444444444 0.615234375 0.5069444444444444 0.61328125 0.5034722222222222 0.61328125 0.4791666666666667 0.60546875 0.4548611111111111 0.60546875 0.4444444444444444 0.611328125 0.4305555555555556 0.615234375 0.4270833333333333 0.625 0.4270833333333333
1 0.966796875 0.6041666666666666 0.96875 0.6076388888888888 0.98046875 0.6076388888888888 0.982421875 0.6111111111111112 0.986328125 0.6111111111111112 0.998046875 0.625 0.998046875 0.6493055555555556 0.994140625 0.6597222222222222 0.99609375 0.6631944444444444 0.99609375 0.6944444444444444 0.994140625 0.6979166666666666 0.990234375 0.6944444444444444 0.984375 0.6944444444444444 0.982421875 0.6909722222222222 0.962890625 0.6909722222222222 0.95703125 0.6979166666666666 0.953125 0.6909722222222222 0.955078125 0.6840277777777778 0.953125 0.6631944444444444 0.95703125 0.6458333333333334 0.95703125 0.6319444444444444 0.953125 0.6215277777777778 0.94921875 0.6215277777777778 0.94921875 0.6076388888888888 0.951171875 0.6041666666666666 0.96484375 0.6041666666666666
1 0.8221354166666667 0.07685185185185185 0.030729166666666665 0.09074074074074073
1 0.529296875 0.6875 0.53125 0.6909722222222222 0.546875 0.6944444444444444 0.552734375 0.7048611111111112 0.55078125 0.7430555555555556 0.54296875 0.7743055555555556 0.5390625 0.78125 0.53515625 0.78125 0.529296875 0.7743055555555556 0.5234375 0.7743055555555556 0.521484375 0.7708333333333334 0.509765625 0.7708333333333334 0.5078125 0.7743055555555556 0.5078125 0.7673611111111112 0.513671875 0.7465277777777778 0.517578125 0.7395833333333334 0.517578125 0.7118055555555556 0.5078125 0.7048611111111112 0.5078125 0.6979166666666666 0.513671875 0.6875 0.52734375 0.6875
1 0.6796875 0.6354166666666666 0.677734375 0.625 0.673828125 0.6215277777777778 0.66796875 0.6319444444444444 0.666015625 0.6319444444444444 0.658203125 0.6458333333333334 0.658203125 0.6493055555555556 0.65234375 0.6458333333333334 0.65234375 0.6423611111111112 0.646484375 0.6319444444444444 0.646484375 0.625 0.650390625 0.6180555555555556 0.650390625 0.6076388888888888 0.654296875 0.6006944444444444 0.658203125 0.6006944444444444 0.66015625 0.5972222222222222 0.677734375 0.5972222222222222 0.6796875 0.59375 0.689453125 0.59375 0.69140625 0.5902777777777778 0.697265625 0.5902777777777778 0.697265625 0.6111111111111112 0.701171875 0.625 0.701171875 0.6388888888888888 0.69140625 0.6388888888888888 0.6875 0.6423611111111112 0.681640625 0.6354166666666666
1 0.34765625 0.010416666666666666 0.349609375 0.013888888888888888 0.353515625 0.013888888888888888 0.353515625 0.024305555555555556 0.34765625 0.041666666666666664 0.349609375 0.08333333333333333 0.345703125 0.08680555555555555 0.337890625 0.08680555555555555 0.330078125 0.07291666666666667 0.32421875 0.06944444444444445 0.322265625 0.052083333333333336 0.314453125 0.03819444444444445 0.3125 0.03819444444444445 0.30859375 0.027777777777777776 0.30859375 0.020833333333333332 0.3125 0.013888888888888888 0.32421875 0.013888888888888888 0.328125 0.020833333333333332 0.33203125 0.020833333333333332 0.3359375 0.013888888888888888 0.341796875 0.013888888888888888 0.345703125 0.010416666666666666
1 0.662109375 0.04513888888888889 0.66796875 0.052083333333333336 0.67578125 0.04513888888888889 0.6796875 0.04861111111111111 0.685546875 0.04861111111111111 0.685546875 0.059027777777777776 0.6796875 0.0625 0.669921875 0.0798611111111111 0.66796875 0.08680555555555555 0.66796875 0.10069444444444445 0.666015625 0.10416666666666667 0.662109375 0.10416666666666667 0.662109375 0.0763888888888889 0.65234375 0.05555555555555555 0.66015625 0.04861111111111111
1 0.265625 0.013888888888888888 0.27734375 0.027777777777777776 0.287109375 0.020833333333333332 0.296875 0.020833333333333332 0.298828125 0.024305555555555556 0.298828125 0.03125 0.29296875 0.041666666666666664 0.29296875 0.0798611111111111 0.287109375 0.09722222222222222 0.287109375 0.1076388888888889 0.283203125 0.1076388888888889 0.279296875 0.09375 0.2734375 0.08333333333333333 0.2734375 0.0625 0.267578125 0.04861111111111111 0.263671875 0.04513888888888889 0.259765625 0.04861111111111111 0.251953125 0.04861111111111111 0.25390625 0.041666666666666664 0.25390625 0.027777777777777776 0.2578125 0.020833333333333332 0.263671875 0.017361111111111112
1 0.068359375 0.05555555555555555 0.080078125 0.052083333333333336 0.08203125 0.04861111111111111 0.091796875 0.04861111111111111 0.09375 0.052083333333333336 0.09375 0.06597222222222222 0.08984375 0.0763888888888889 0.08984375 0.125 0.08203125 0.13194444444444445 0.078125 0.13194444444444445 0.078125 0.0798611111111111 0.076171875 0.0763888888888889 0.076171875 0.0625 0.0703125 0.05555555555555555
1 0.072265625 0.059027777777777776 0.076171875 0.06597222222222222 0.076171875 0.0798611111111111 0.07421875 0.08333333333333333 0.07421875 0.09722222222222222 0.072265625 0.10069444444444445 0.072265625 0.1076388888888889 0.07421875 0.1111111111111111 0.072265625 0.11458333333333333 0.072265625 0.13541666666666666 0.0625 0.14583333333333334 0.060546875 0.1527777777777778 0.056640625 0.14930555555555555 0.048828125 0.14930555555555555 0.046875 0.14583333333333334 0.04296875 0.14930555555555555 0.04296875 0.14583333333333334 0.0390625 0.1423611111111111 0.0390625 0.11805555555555555 0.037109375 0.11458333333333333 0.0390625 0.10416666666666667 0.033203125 0.08333333333333333 0.033203125 0.06597222222222222 0.0390625 0.059027777777777776 0.048828125 0.059027777777777776 0.052734375 0.06597222222222222 0.05859375 0.06597222222222222 0.064453125 0.059027777777777776 0.0703125 0.059027777777777776
1 0.88671875 0.06597222222222222 0.890625 0.07291666666666667 0.89453125 0.07291666666666667 0.8984375 0.06597222222222222 0.90234375 0.06597222222222222 0.904296875 0.07291666666666667 0.904296875 0.13541666666666666 0.896484375 0.1423611111111111 0.88671875 0.1423611111111111 0.88671875 0.1284722222222222 0.8828125 0.11458333333333333 0.8828125 0.1076388888888889 0.884765625 0.10416666666666667 0.8828125 0.10069444444444445 0.8828125 0.08333333333333333 0.880859375 0.0798611111111111 0.880859375 0.06944444444444445 0.884765625 0.06597222222222222
1 0.287109375 0.006944444444444444 0.3203125 0.006944444444444444 0.318359375 0.010416666666666666 0.314453125 0.010416666666666666 0.306640625 0.020833333333333332 0.2890625 0.017361111111111112 0.287109375 0.010416666666666666
1 0.751953125 0.013888888888888888 0.7578125 0.024305555555555556 0.7578125 0.034722222222222224 0.75390625 0.041666666666666664 0.75390625 0.06944444444444445 0.748046875 0.0798611111111111 0.748046875 0.08680555555555555 0.744140625 0.09722222222222222 0.7421875 0.1111111111111111 0.736328125 0.1111111111111111 0.728515625 0.10416666666666667 0.728515625 0.09375 0.724609375 0.0763888888888889 0.724609375 0.059027777777777776 0.72265625 0.05555555555555555 0.72265625 0.04861111111111111 0.71875 0.041666666666666664 0.71875 0.027777777777777776 0.724609375 0.017361111111111112 0.73828125 0.024305555555555556 0.744140625 0.013888888888888888 0.75 0.013888888888888888
2 0.5 0.5208333333333334 0.5078125 0.5381944444444444 0.515625 0.5416666666666666 0.53125 0.5694444444444444 0.541015625 0.5798611111111112 0.54296875 0.5868055555555556 0.54296875 0.6076388888888888 0.552734375 0.6180555555555556 0.552734375 0.625 0.55078125 0.6284722222222222 0.544921875 0.6284722222222222 0.541015625 0.6354166666666666 0.53515625 0.6354166666666666 0.52734375 0.6423611111111112 0.521484375 0.6423611111111112 0.51171875 0.625 0.50390625 0.625 0.494140625 0.6388888888888888 0.490234375 0.6388888888888888 0.484375 0.6319444444444444 0.484375 0.625 0.48046875 0.6180555555555556 0.48046875 0.5833333333333334 0.484375 0.5729166666666666 0.484375 0.5451388888888888 0.482421875 0.5416666666666666 0.484375 0.5347222222222222 0.48828125 0.53125 0.48828125 0.5277777777777778 0.498046875 0.5208333333333334
2 0.728515625 0.006944444444444444 0.744140625 0.006944444444444444 0.748046875 0.013888888888888888 0.75390625 0.013888888888888888 0.759765625 0.027777777777777776 0.76171875 0.04861111111111111 0.763671875 0.052083333333333336 0.763671875 0.059027777777777776 0.76171875 0.0625 0.7578125 0.059027777777777776 0.75390625 0.06597222222222222 0.744140625 0.09722222222222222 0.744140625 0.1076388888888889 0.7421875 0.1111111111111111 0.748046875 0.13194444444444445 0.74609375 0.1423611111111111 0.7421875 0.14583333333333334 0.73828125 0.15625 0.73046875 0.1597222222222222 0.728515625 0.1527777777777778 0.728515625 0.09375 0.716796875 0.052083333333333336 0.71875 0.024305555555555556 0.728515625 0.010416666666666666
2 0.3203125 0.006944444444444444 0.3515625 0.010416666666666666 0.357421875 0.024305555555555556 0.357421875 0.03819444444444445 0.359375 0.041666666666666664 0.359375 0.06944444444444445 0.3515625 0.08680555555555555 0.3515625 0.09722222222222222 0.35546875 0.11458333333333333 0.35546875 0.14583333333333334 0.353515625 0.14930555555555555 0.353515625 0.21180555555555555 0.357421875 0.22569444444444445 0.365234375 0.2361111111111111 0.365234375 0.24305555555555555 0.3515625 0.24305555555555555 0.34765625 0.2361111111111111 0.34765625 0.20833333333333334 0.34375 0.19791666666666666 0.34375 0.18055555555555555 0.341796875 0.17708333333333334 0.34375 0.16666666666666666 0.341796875 0.16319444444444445 0.33984375 0.1423611111111111 0.3359375 0.1284722222222222 0.3359375 0.12152777777777778 0.33984375 0.1111111111111111 0.33984375 0.09375 0.3359375 0.08333333333333333 0.32421875 0.06597222222222222 0.32421875 0.05555555555555555 0.3203125 0.04513888888888889 0.31640625 0.03819444444444445 0.3125 0.03819444444444445 0.310546875 0.034722222222222224 0.310546875 0.017361111111111112 0.3203125 0.010416666666666666
2 0.791015625 0.4722222222222222 0.796875 0.5034722222222222 0.80078125 0.5104166666666666 0.80859375 0.5138888888888888 0.80859375 0.5729166666666666 0.806640625 0.5763888888888888 0.802734375 0.5763888888888888 0.794921875 0.5902777777777778 0.79296875 0.6111111111111112 0.791015625 0.6180555555555556 0.787109375 0.6215277777777778 0.779296875 0.6493055555555556 0.759765625 0.6805555555555556 0.748046875 0.7118055555555556 0.74609375 0.7118055555555556 0.73828125 0.7256944444444444 0.734375 0.7430555555555556 0.734375 0.7534722222222222 0.73046875 0.7569444444444444 0.7265625 0.7569444444444444 0.724609375 0.7534722222222222 0.724609375 0.7361111111111112 0.73046875 0.7222222222222222 0.736328125 0.6944444444444444 0.740234375 0.6875 0.7421875 0.6666666666666666 0.74609375 0.65625 0.748046875 0.6388888888888888 0.755859375 0.6145833333333334 0.7578125 0.6006944444444444 0.763671875 0.5868055555555556 0.763671875 0.5798611111111112 0.765625 0.5763888888888888 0.765625 0.5486111111111112 0.763671875 0.5451388888888888 0.755859375 0.5451388888888888 0.740234375 0.5590277777777778 0.734375 0.5729166666666666 0.73046875 0.6006944444444444 0.72265625 0.6041666666666666 0.72265625 0.5902777777777778 0.73046875 0.5729166666666666 0.734375 0.5555555555555556 0.7421875 0.5416666666666666 0.75 0.5347222222222222 0.763671875 0.5069444444444444 0.767578125 0.5069444444444444 0.771484375 0.5 0.7734375 0.4826388888888889 0.779296875 0.4722222222222222 0.7890625 0.4722222222222222
2 0.970703125 0.7222222222222222 0.982421875 0.7326388888888888 0.982421875 0.7638888888888888 0.986328125 0.7708333333333334 0.994140625 0.7743055555555556 0.998046875 0.78125 0.998046875 0.8090277777777778 0.99609375 0.8125 0.998046875 0.8194444444444444 0.998046875 0.8576388888888888 0.99609375 0.8611111111111112 0.99609375 0.8715277777777778 0.984375 0.8854166666666666 0.931640625 0.8854166666666666 0.9296875 0.8819444444444444 0.9296875 0.8715277777777778 0.931640625 0.8645833333333334 0.9296875 0.8611111111111112 0.9296875 0.8506944444444444 0.927734375 0.84375 0.93359375 0.8263888888888888 0.93359375 0.8020833333333334 0.94140625 0.7777777777777778 0.939453125 0.7708333333333334 0.9453125 0.7569444444444444 0.955078125 0.7569444444444444 0.958984375 0.75 0.958984375 0.7395833333333334 0.9609375 0.7326388888888888 0.96875 0.7256944444444444
2 0 0.020833333333333332 0.0078125 0.020833333333333332 0.01171875 0.024305555555555556 0.013671875 0.03125 0.013671875 0.052083333333333336 0.0234375 0.059027777777777776 0.02734375 0.06944444444444445 0.02734375 0.08680555555555555 0.0234375 0.09722222222222222 0.025390625 0.10069444444444445 0.025390625 0.1111111111111111 0.029296875 0.12152777777777778 0.029296875 0.1388888888888889 0.03125 0.1423611111111111 0.029296875 0.14583333333333334 0.029296875 0.1527777777777778 0.03125 0.15625 0.029296875 0.16319444444444445 0.029296875 0.1736111111111111 0.0234375 0.1875 0.0234375 0.2152777777777778 0.025390625 0.21875 0.0234375 0.2534722222222222 0.025390625 0.2569444444444444 0.025390625 0.2708333333333333 0.02734375 0.2743055555555556 0.021484375 0.28125 0.013671875 0.2708333333333333 0.013671875 0.21875 0.005859375 0.2048611111111111 0.00390625 0.21180555555555555 0 0.2152777777777778 0 0.024305555555555556
2 0.638671875 0.3923611111111111 0.64453125 0.3993055555555556 0.64453125 0.4097222222222222 0.646484375 0.4131944444444444 0.64453125 0.4270833333333333 0.650390625 0.4375 0.65234375 0.4375 0.65234375 0.4444444444444444 0.654296875 0.4479166666666667 0.65234375 0.46875 0.658203125 0.4895833333333333 0.658203125 0.4965277777777778 0.654296875 0.5069444444444444 0.650390625 0.5069444444444444 0.646484375 0.5 0.64453125 0.5034722222222222 0.64453125 0.53125 0.646484375 0.5347222222222222 0.6484375 0.5590277777777778 0.650390625 0.5625 0.650390625 0.5972222222222222 0.642578125 0.6076388888888888 0.6328125 0.6076388888888888 0.62890625 0.6215277777777778 0.623046875 0.6319444444444444 0.6171875 0.6527777777777778 0.61328125 0.6388888888888888 0.6171875 0.6215277777777778 0.6171875 0.59375 0.62109375 0.5868055555555556 0.62109375 0.5798611111111112 0.623046875 0.5763888888888888 0.615234375 0.5486111111111112 0.611328125 0.5208333333333334 0.6015625 0.5069444444444444 0.6015625 0.4861111111111111 0.60546875 0.4756944444444444 0.60546875 0.4444444444444444 0.609375 0.4305555555555556 0.61328125 0.4270833333333333 0.62109375 0.4270833333333333 0.623046875 0.4236111111111111 0.625 0.3993055555555556 0.630859375 0.3923611111111111 0.63671875 0.3923611111111111
2 0.953125 0.6909722222222222 0.955078125 0.6875 0.955078125 0.6736111111111112 0.94921875 0.6631944444444444 0.939453125 0.6909722222222222 0.939453125 0.7013888888888888 0.935546875 0.7152777777777778 0.935546875 0.7256944444444444 0.9296875 0.7326388888888888 0.92578125 0.7222222222222222 0.9296875 0.7048611111111112 0.9296875 0.6944444444444444 0.93359375 0.6875 0.93359375 0.6805555555555556 0.935546875 0.6770833333333334 0.935546875 0.6666666666666666 0.943359375 0.6493055555555556 0.94921875 0.6284722222222222 0.94921875 0.6076388888888888 0.951171875 0.6041666666666666 0.958984375 0.6041666666666666 0.962890625 0.5972222222222222 0.962890625 0.5798611111111112 0.96875 0.5659722222222222 0.982421875 0.5659722222222222 0.98828125 0.5798611111111112 0.98828125 0.6006944444444444 0.986328125 0.6041666666666666 0.986328125 0.6111111111111112 0.998046875 0.625 0.998046875 0.6458333333333334 0.99609375 0.6493055555555556 0.99609375 0.65625 0.998046875 0.6597222222222222 0.998046875 0.6909722222222222 0.99609375 0.6944444444444444 0.99609375 0.7326388888888888 0.994140625 0.7361111111111112 0.994140625 0.7465277777777778 0.990234375 0.7569444444444444 0.990234375 0.7638888888888888 0.986328125 0.7638888888888888 0.984375 0.7604166666666666 0.984375 0.7326388888888888 0.974609375 0.7222222222222222 0.966796875 0.7222222222222222 0.95703125 0.7395833333333334 0.95703125 0.7534722222222222 0.947265625 0.7534722222222222 0.947265625 0.7395833333333334 0.953125 0.7152777777777778 0.955078125 0.6944444444444444
2 0.478515625 0.7708333333333334 0.478515625 0.7638888888888888 0.48046875 0.7604166666666666 0.494140625 0.7569444444444444 0.501953125 0.7395833333333334 0.5078125 0.7222222222222222 0.5078125 0.6944444444444444 0.517578125 0.6805555555555556 0.51953125 0.65625 0.525390625 0.6458333333333334 0.5390625 0.6458333333333334 0.54296875 0.6527777777777778 0.54296875 0.6736111111111112 0.544921875 0.6770833333333334 0.544921875 0.6875 0.552734375 0.7048611111111112 0.552734375 0.7256944444444444 0.55078125 0.7291666666666666 0.55078125 0.7465277777777778 0.548828125 0.75 0.548828125 0.7569444444444444 0.544921875 0.7638888888888888 0.5390625 0.7847222222222222 0.5390625 0.8055555555555556 0.537109375 0.8090277777777778 0.53515625 0.8333333333333334 0.529296875 0.8506944444444444 0.529296875 0.8576388888888888 0.521484375 0.8854166666666666 0.517578125 0.8854166666666666 0.515625 0.8888888888888888 0.51171875 0.8854166666666666 0.51171875 0.8645833333333334 0.513671875 0.8611111111111112 0.513671875 0.8368055555555556 0.51171875 0.8333333333333334 0.505859375 0.8368055555555556 0.498046875 0.8506944444444444 0.49609375 0.8645833333333334 0.48828125 0.8854166666666666 0.484375 0.8888888888888888 0.48046875 0.8854166666666666 0.482421875 0.8611111111111112 0.48828125 0.8472222222222222 0.4921875 0.8333333333333334 0.494140625 0.8159722222222222 0.498046875 0.8055555555555556 0.498046875 0.7986111111111112 0.5078125 0.7708333333333334 0.5078125 0.7638888888888888 0.505859375 0.7604166666666666 0.498046875 0.7604166666666666 0.494140625 0.7673611111111112 0.48046875 0.7708333333333334
2 0.708984375 0.5798611111111112 0.7109375 0.5833333333333334 0.71484375 0.5833333333333334 0.71875 0.5902777777777778 0.71875 0.6145833333333334 0.71484375 0.625 0.708984375 0.625 0.705078125 0.6319444444444444 0.705078125 0.6527777777777778 0.708984375 0.6597222222222222 0.720703125 0.6597222222222222 0.724609375 0.6631944444444444 0.7265625 0.6666666666666666 0.7265625 0.6736111111111112 0.681640625 0.6770833333333334 0.681640625 0.6736111111111112 0.689453125 0.6631944444444444 0.685546875 0.6527777777777778 0.6796875 0.6597222222222222 0.669921875 0.6597222222222222 0.66796875 0.6631944444444444 0.662109375 0.6631944444444444 0.65625 0.6527777777777778 0.650390625 0.6527777777777778 0.64453125 0.6597222222222222 0.638671875 0.6597222222222222 0.63671875 0.6631944444444444 0.623046875 0.6631944444444444 0.62109375 0.6597222222222222 0.623046875 0.6388888888888888 0.640625 0.6145833333333334 0.650390625 0.6076388888888888 0.654296875 0.6006944444444444 0.658203125 0.6006944444444444 0.66015625 0.5972222222222222 0.677734375 0.5972222222222222 0.6796875 0.59375 0.697265625 0.5902777777777778 0.701171875 0.5833333333333334 0.70703125 0.5833333333333334
2 0.267578125 0.006944444444444444 0.28515625 0.006944444444444444 0.28515625 0.013888888888888888 0.2890625 0.020833333333333332 0.298828125 0.020833333333333332 0.302734375 0.027777777777777776 0.302734375 0.03125 0.298828125 0.034722222222222224 0.298828125 0.052083333333333336 0.296875 0.05555555555555555 0.296875 0.06597222222222222 0.298828125 0.06944444444444445 0.291015625 0.08333333333333333 0.291015625 0.09027777777777778 0.287109375 0.09722222222222222 0.287109375 0.1111111111111111 0.283203125 0.11458333333333333 0.279296875 0.09375 0.2734375 0.08680555555555555 0.2734375 0.06597222222222222 0.267578125 0.04861111111111111 0.263671875 0.04861111111111111 0.26171875 0.04513888888888889 0.255859375 0.05555555555555555 0.255859375 0.0625 0.25 0.0625 0.25 0.04861111111111111 0.25390625 0.03819444444444445 0.25390625 0.027777777777777776 0.267578125 0.010416666666666666
2 0.0703125 0.010416666666666666 0.078125 0.010416666666666666 0.08203125 0.017361111111111112 0.083984375 0.024305555555555556 0.083984375 0.041666666666666664 0.087890625 0.04861111111111111 0.091796875 0.04861111111111111 0.09375 0.05555555555555555 0.091796875 0.059027777777777776 0.091796875 0.07291666666666667 0.08984375 0.0763888888888889 0.08984375 0.13541666666666666 0.091796875 0.1388888888888889 0.091796875 0.17708333333333334 0.08984375 0.18055555555555555 0.08984375 0.19791666666666666 0.091796875 0.2013888888888889 0.091796875 0.2326388888888889 0.08984375 0.2361111111111111 0.08984375 0.25 0.095703125 0.2638888888888889 0.095703125 0.2708333333333333 0.0859375 0.2708333333333333 0.083984375 0.2673611111111111 0.076171875 0.2743055555555556 0.072265625 0.2743055555555556 0.0703125 0.2708333333333333 0.0703125 0.2569444444444444 0.07421875 0.2465277777777778 0.072265625 0.24305555555555555 0.072265625 0.2222222222222222 0.07421875 0.21875 0.072265625 0.21180555555555555 0.07421875 0.2048611111111111 0.072265625 0.19444444444444445 0.07421875 0.1909722222222222 0.07421875 0.16666666666666666 0.078125 0.15625 0.078125 0.1423611111111111 0.076171875 0.1388888888888889 0.078125 0.13194444444444445 0.076171875 0.125 0.078125 0.12152777777777778 0.078125 0.0798611111111111 0.076171875 0.0763888888888889 0.076171875 0.0625 0.068359375 0.052083333333333336 0.068359375 0.03819444444444445 0.06640625 0.034722222222222224 0.068359375 0.03125 0.068359375 0.017361111111111112 0.0703125 0.013888888888888888
2 0.046875 0.027777777777777776 0.0546875 0.020833333333333332 0.060546875 0.020833333333333332 0.0625 0.024305555555555556 0.06640625 0.05555555555555555 0.076171875 0.06597222222222222 0.076171875 0.10069444444444445 0.078125 0.10416666666666667 0.076171875 0.1111111111111111 0.076171875 0.16319444444444445 0.072265625 0.1736111111111111 0.072265625 0.2326388888888889 0.0703125 0.2361111111111111 0.0703125 0.24305555555555555 0.072265625 0.2465277777777778 0.068359375 0.2569444444444444 0.068359375 0.2673611111111111 0.072265625 0.2777777777777778 0.0703125 0.28125 0.0625 0.28125 0.05859375 0.2777777777777778 0.05078125 0.2847222222222222 0.046875 0.28125 0.046875 0.2743055555555556 0.048828125 0.2708333333333333 0.048828125 0.2534722222222222 0.046875 0.25 0.046875 0.22916666666666666 0.044921875 0.22569444444444445 0.044921875 0.2013888888888889 0.04296875 0.19791666666666666 0.041015625 0.17708333333333334 0.033203125 0.16666666666666666 0.0390625 0.1597222222222222 0.03515625 0.1527777777777778 0.037109375 0.14930555555555555 0.037109375 0.10416666666666667 0.033203125 0.08680555555555555 0.033203125 0.06597222222222222 0.0390625 0.059027777777777776 0.04296875 0.059027777777777776 0.046875 0.052083333333333336 0.046875 0.03125
2 0.287109375 0.006944444444444444 0.3203125 0.006944444444444444 0.314453125 0.010416666666666666 0.306640625 0.020833333333333332 0.2890625 0.017361111111111112 0.287109375 0.010416666666666666