0 0.83203125 0.3541666666666667 0.83984375 0.3645833333333333 0.83984375 0.3784722222222222 0.8359375 0.3958333333333333 0.818359375 0.3958333333333333 0.81640625 0.3923611111111111 0.818359375 0.3611111111111111 0.82421875 0.3541666666666667 0.830078125 0.3541666666666667
0 0.57421875 0.2604166666666667 0.576171875 0.2638888888888889 0.580078125 0.2638888888888889 0.587890625 0.2777777777777778 0.587890625 0.3055555555555556 0.580078125 0.3125 0.57421875 0.2986111111111111 0.560546875 0.2916666666666667 0.5625 0.2847222222222222 0.5625 0.2708333333333333 0.56640625 0.2638888888888889 0.572265625 0.2638888888888889
0 0.314453125 0.14930555555555555 0.3125 0.1423611111111111 0.3125 0.11805555555555555 0.318359375 0.1111111111111111 0.328125 0.1111111111111111 0.33203125 0.11805555555555555 0.333984375 0.125 0.333984375 0.1423611111111111 0.326171875 0.14930555555555555 0.31640625 0.14930555555555555
0 0.015625 0.6076388888888888 0.0234375 0.6180555555555556 0.02734375 0.6319444444444444 0.025390625 0.6388888888888888 0.01953125 0.6423611111111112 0.015625 0.6493055555555556 0 0.6493055555555556 0 0.6180555555555556 0.001953125 0.6180555555555556 0.00390625 0.6111111111111112 0.0078125 0.6076388888888888 0.013671875 0.6076388888888888
0 0.19921875 0.18055555555555555 0.201171875 0.1840277777777778 0.205078125 0.1840277777777778 0.20703125 0.1909722222222222 0.20703125 0.21180555555555555 0.197265625 0.2326388888888889 0.189453125 0.2326388888888889 0.18359375 0.21180555555555555 0.18359375 0.19444444444444445 0.185546875 0.1875 0.197265625 0.18055555555555555
0 0.109375 0.6805555555555556 0.10546875 0.6701388888888888 0.10546875 0.6458333333333334 0.107421875 0.6388888888888888 0.115234375 0.6284722222222222 0.12109375 0.6284722222222222 0.126953125 0.6388888888888888 0.12890625 0.6458333333333334 0.12890625 0.65625 0.130859375 0.6597222222222222 0.130859375 0.6770833333333334 0.12890625 0.6840277777777778 0.123046875 0.6909722222222222 0.115234375 0.6875 0.111328125 0.6805555555555556
0 0.150390625 0.4722222222222222 0.158203125 0.4930555555555556 0.158203125 0.5104166666666666 0.146484375 0.5277777777777778 0.138671875 0.5277777777777778 0.134765625 0.5208333333333334 0.134765625 0.4861111111111111 0.138671875 0.4756944444444444 0.142578125 0.4722222222222222 0.1484375 0.4722222222222222
0 0.298828125 0.17708333333333334 0.30078125 0.18055555555555555 0.3046875 0.18055555555555555 0.30859375 0.1909722222222222 0.30859375 0.2152777777777778 0.3046875 0.22569444444444445 0.29296875 0.22569444444444445 0.29296875 0.2222222222222222 0.28515625 0.21180555555555555 0.28125 0.19791666666666666 0.28125 0.1909722222222222 0.287109375 0.17708333333333334 0.296875 0.17708333333333334
0 0.66796875 0.1423611111111111 0.669921875 0.14583333333333334 0.673828125 0.14583333333333334 0.677734375 0.15625 0.677734375 0.1840277777777778 0.671875 0.1840277777777778 0.669921875 0.18055555555555555 0.65625 0.18055555555555555 0.654296875 0.1840277777777778 0.65234375 0.18055555555555555 0.65234375 0.1597222222222222 0.654296875 0.1527777777777778 0.658203125 0.14583333333333334 0.666015625 0.1423611111111111
0 0.5880208333333333 0.5393518518518519 0.026041666666666668 0.049074074074074076
0 0.37890625 0.7430555555555556 0.38671875 0.7534722222222222 0.38671875 0.7604166666666666 0.388671875 0.7638888888888888 0.388671875 0.7881944444444444 0.384765625 0.7951388888888888 0.3671875 0.7951388888888888 0.361328125 0.7847222222222222 0.365234375 0.7534722222222222 0.37109375 0.7430555555555556 0.376953125 0.7430555555555556
0 0.091796875 0.1076388888888889 0.095703125 0.11805555555555555 0.095703125 0.1423611111111111 0.09375 0.14583333333333334 0.083984375 0.1423611111111111 0.076171875 0.1284722222222222 0.076171875 0.11458333333333333 0.080078125 0.1076388888888889 0.08984375 0.1076388888888889
0 0.69921875 0.4618055555555556 0.69921875 0.4548611111111111 0.703125 0.4444444444444444 0.71484375 0.4444444444444444 0.71484375 0.4479166666666667 0.70703125 0.4583333333333333 0.697265625 0.4652777777777778
1 0.36328125 0.7916666666666666 0.3671875 0.7986111111111112 0.384765625 0.7986111111111112 0.396484375 0.8125 0.3984375 0.8194444444444444 0.396484375 0.8263888888888888 0.392578125 0.8333333333333334 0.388671875 0.8333333333333334 0.3828125 0.84375 0.384765625 0.8611111111111112 0.390625 0.875 0.392578125 0.8854166666666666 0.359375 0.8854166666666666 0.357421875 0.8819444444444444 0.35546875 0.8576388888888888 0.34765625 0.8298611111111112 0.34765625 0.8055555555555556 0.3515625 0.7986111111111112 0.361328125 0.7916666666666666
1 0.068359375 0.14583333333333334 0.072265625 0.1423611111111111 0.08203125 0.1423611111111111 0.083984375 0.14583333333333334 0.087890625 0.14583333333333334 0.095703125 0.15625 0.095703125 0.16666666666666666 0.09765625 0.1701388888888889 0.09765625 0.1909722222222222 0.095703125 0.1909722222222222 0.09375 0.1840277777777778 0.09375 0.1736111111111111 0.091796875 0.1701388888888889 0.087890625 0.1701388888888889 0.08203125 0.17708333333333334 0.08203125 0.1909722222222222 0.083984375 0.19791666666666666 0.08984375 0.20833333333333334 0.08984375 0.2152777777777778 0.09765625 0.22916666666666666 0.095703125 0.2569444444444444 0.08984375 0.2569444444444444 0.087890625 0.2604166666666667 0.07421875 0.2604166666666667 0.07421875 0.2534722222222222 0.072265625 0.25 0.07421875 0.2326388888888889 0.072265625 0.22916666666666666 0.072265625 0.21875 0.06640625 0.19444444444444445 0.06640625 0.1736111111111111 0.064453125 0.1701388888888889 0.06640625 0.16319444444444445 0.06640625 0.1527777777777778 0.068359375 0.14930555555555555
1 0.81640625 0.3993055555555556 0.818359375 0.4027777777777778 0.84765625 0.4027777777777778 0.853515625 0.4131944444444444 0.853515625 0.4270833333333333 0.845703125 0.4340277777777778 0.83984375 0.4444444444444444 0.83984375 0.4513888888888889 0.841796875 0.4548611111111111 0.841796875 0.4930555555555556 0.837890625 0.5 0.828125 0.4930555555555556 0.802734375 0.4930555555555556 0.80078125 0.4895833333333333 0.80078125 0.4826388888888889 0.802734375 0.4791666666666667 0.80078125 0.4756944444444444 0.80078125 0.4513888888888889 0.79296875 0.4270833333333333 0.79296875 0.4131944444444444 0.794921875 0.40625 0.80078125 0.3993055555555556 0.814453125 0.3993055555555556
1 0.57421875 0.3020833333333333 0.580078125 0.3159722222222222 0.580078125 0.3263888888888889 0.58203125 0.3298611111111111 0.58203125 0.4097222222222222 0.578125 0.4131944444444444 0.5703125 0.4027777777777778 0.56640625 0.3888888888888889 0.56640625 0.3784722222222222 0.578125 0.3472222222222222 0.57421875 0.3402777777777778 0.564453125 0.3402777777777778 0.55859375 0.3506944444444444 0.556640625 0.3576388888888889 0.556640625 0.3680555555555556 0.552734375 0.3784722222222222 0.552734375 0.3854166666666667 0.55859375 0.4027777777777778 0.548828125 0.3993055555555556 0.546875 0.3506944444444444 0.544921875 0.3472222222222222 0.544921875 0.3298611111111111 0.548828125 0.3125 0.552734375 0.3055555555555556 0.560546875 0.2986111111111111 0.5703125 0.2986111111111111 0.572265625 0.3020833333333333
1 0 0.65625 0.009765625 0.6493055555555556 0.015625 0.6493055555555556 0.02734375 0.6736111111111112 0.02734375 0.6840277777777778 0.025390625 0.6875 0.017578125 0.6875 0.013671875 0.6944444444444444 0.013671875 0.7048611111111112 0.025390625 0.7256944444444444 0.029296875 0.7430555555555556 0.029296875 0.7777777777777778 0.02734375 0.78125 0.01953125 0.78125 0.009765625 0.7743055555555556 0 0.7743055555555556 0 0.6909722222222222 0.00390625 0.6875 0.00390625 0.6840277777777778 0 0.6805555555555556 0 0.6597222222222222
1 0.185546875 0.22916666666666666 0.189453125 0.2326388888888889 0.19140625 0.23958333333333334 0.197265625 0.2361111111111111 0.201171875 0.22916666666666666 0.216796875 0.22916666666666666 0.220703125 0.2361111111111111 0.220703125 0.2534722222222222 0.212890625 0.2638888888888889 0.21484375 0.3159722222222222 0.2109375 0.3229166666666667 0.1875 0.3229166666666667 0.18359375 0.3298611111111111 0.185546875 0.3368055555555556 0.193359375 0.3333333333333333 0.197265625 0.34375 0.19921875 0.3368055555555556 0.197265625 0.34375 0.193359375 0.34375 0.19140625 0.3472222222222222 0.1875 0.34375 0.1796875 0.34375 0.1796875 0.3298611111111111 0.17578125 0.3194444444444444 0.17578125 0.3020833333333333 0.177734375 0.2986111111111111 0.177734375 0.28125 0.1796875 0.2777777777777778 0.169921875 0.2569444444444444 0.169921875 0.25 0.16796875 0.2465277777777778 0.169921875 0.2326388888888889 0.18359375 0.22916666666666666
1 0.162109375 0.5104166666666666 0.1640625 0.5138888888888888 0.171875 0.5138888888888888 0.177734375 0.5243055555555556 0.177734375 0.5347222222222222 0.169921875 0.5486111111111112 0.169921875 0.5868055555555556 0.16796875 0.5902777777777778 0.169921875 0.59375 0.169921875 0.6006944444444444 0.16796875 0.6041666666666666 0.16796875 0.6145833333333334 0.166015625 0.6180555555555556 0.14453125 0.6180555555555556 0.140625 0.6145833333333334 0.138671875 0.5902777777777778 0.13671875 0.5868055555555556 0.13671875 0.5729166666666666 0.130859375 0.5625 0.12890625 0.5625 0.123046875 0.5486111111111112 0.123046875 0.5277777777777778 0.126953125 0.5208333333333334 0.130859375 0.5208333333333334 0.1328125 0.5173611111111112 0.142578125 0.5381944444444444 0.146484375 0.5381944444444444 0.150390625 0.5347222222222222 0.158203125 0.5138888888888888 0.16015625 0.5138888888888888
1 0.302734375 0.2326388888888889 0.3046875 0.23958333333333334 0.3046875 0.2604166666666667 0.306640625 0.2638888888888889 0.3046875 0.2673611111111111 0.3046875 0.2916666666666667 0.302734375 0.2951388888888889 0.302734375 0.3125 0.30078125 0.3159722222222222 0.296875 0.3159722222222222 0.29296875 0.3020833333333333 0.294921875 0.2986111111111111 0.294921875 0.2916666666666667 0.29296875 0.2881944444444444 0.294921875 0.2777777777777778 0.29296875 0.2743055555555556 0.29296875 0.25 0.291015625 0.2465277777777778 0.291015625 0.2326388888888889 0.29296875 0.22916666666666666 0.298828125 0.22916666666666666 0.30078125 0.2326388888888889
1 0.654296875 0.2013888888888889 0.66015625 0.20833333333333334 0.6640625 0.20833333333333334 0.66796875 0.2013888888888889 0.671875 0.2013888888888889 0.671875 0.25 0.673828125 0.2534722222222222 0.673828125 0.2743055555555556 0.67578125 0.2777777777777778 0.677734375 0.3020833333333333 0.673828125 0.3090277777777778 0.658203125 0.3090277777777778 0.654296875 0.2986111111111111 0.654296875 0.2881944444444444 0.65234375 0.2847222222222222 0.65234375 0.25 0.6484375 0.24305555555555555 0.6484375 0.2222222222222222 0.65234375 0.2048611111111111
1 0.314453125 0.1527777777777778 0.318359375 0.16319444444444445 0.318359375 0.1736111111111111 0.3203125 0.17708333333333334 0.326171875 0.1701388888888889 0.326171875 0.16319444444444445 0.33203125 0.14930555555555555 0.345703125 0.14930555555555555 0.349609375 0.15625 0.3515625 0.1701388888888889 0.34375 0.1875 0.34375 0.19444444444444445 0.34765625 0.20833333333333334 0.34765625 0.21875 0.33984375 0.2326388888888889 0.33984375 0.2361111111111111 0.333984375 0.24305555555555555 0.326171875 0.24305555555555555 0.32421875 0.23958333333333334 0.32421875 0.2326388888888889 0.314453125 0.2152777777777778 0.31640625 0.21180555555555555 0.31640625 0.2048611111111111 0.3125 0.19791666666666666 0.3125 0.1909722222222222 0.3046875 0.17708333333333334 0.30078125 0.17708333333333334 0.296875 0.1701388888888889 0.298828125 0.1597222222222222 0.302734375 0.1527777777777778 0.3125 0.1527777777777778
1 0.599609375 0.5763888888888888 0.603515625 0.5798611111111112 0.60546875 0.5868055555555556 0.60546875 0.6041666666666666 0.59375 0.6041666666666666 0.591796875 0.6076388888888888 0.591796875 0.6354166666666666 0.599609375 0.65625 0.599609375 0.6631944444444444 0.6015625 0.6666666666666666 0.6015625 0.6875 0.5859375 0.6875 0.583984375 0.6840277777777778 0.57421875 0.6840277777777778 0.572265625 0.6805555555555556 0.568359375 0.6805555555555556 0.568359375 0.6597222222222222 0.56640625 0.65625 0.568359375 0.6423611111111112 0.56640625 0.6388888888888888 0.56640625 0.6319444444444444 0.560546875 0.6180555555555556 0.560546875 0.6006944444444444 0.55859375 0.5972222222222222 0.560546875 0.59375 0.560546875 0.5798611111111112 0.572265625 0.5694444444444444 0.578125 0.5694444444444444 0.580078125 0.5729166666666666 0.595703125 0.5729166666666666 0.59765625 0.5763888888888888
1 0.71484375 0.4513888888888889 0.708984375 0.4722222222222222 0.716796875 0.4965277777777778 0.716796875 0.5347222222222222 0.71484375 0.53125 0.7109375 0.53125 0.70703125 0.5243055555555556 0.689453125 0.5243055555555556 0.685546875 0.5104166666666666 0.6875 0.4826388888888889 0.70703125 0.4548611111111111 0.712890625 0.4513888888888889
1 0.09375 0.6805555555555556 0.099609375 0.6736111111111112 0.10546875 0.6736111111111112 0.115234375 0.6909722222222222 0.123046875 0.6944444444444444 0.126953125 0.6909722222222222 0.130859375 0.6770833333333334 0.134765625 0.6736111111111112 0.140625 0.6875 0.138671875 0.6944444444444444 0.138671875 0.7048611111111112 0.12890625 0.7222222222222222 0.125 0.7361111111111112 0.125 0.7430555555555556 0.12109375 0.7534722222222222 0.12109375 0.7638888888888888 0.119140625 0.7673611111111112 0.1015625 0.7673611111111112 0.099609375 0.7604166666666666 0.099609375 0.7222222222222222 0.095703125 0.7152777777777778 0.08984375 0.7118055555555556 0.08984375 0.6909722222222222 0.09375 0.6840277777777778
2 0.83203125 0.3541666666666667 0.8359375 0.3576388888888889 0.83984375 0.3680555555555556 0.83984375 0.3784722222222222 0.8359375 0.3958333333333333 0.83984375 0.4027777777777778 0.84765625 0.4027777777777778 0.8515625 0.40625 0.853515625 0.4131944444444444 0.8515625 0.4409722222222222 0.857421875 0.4548611111111111 0.86328125 0.4548611111111111 0.8671875 0.4652777777777778 0.861328125 0.4756944444444444 0.857421875 0.4756944444444444 0.85546875 0.4791666666666667 0.845703125 0.4722222222222222 0.841796875 0.4791666666666667 0.841796875 0.4930555555555556 0.837890625 0.5069444444444444 0.837890625 0.5729166666666666 0.83203125 0.5902777777777778 0.83203125 0.5972222222222222 0.828125 0.6111111111111112 0.8046875 0.6736111111111112 0.8046875 0.6979166666666666 0.806640625 0.7048611111111112 0.798828125 0.7048611111111112 0.794921875 0.7013888888888888 0.79296875 0.6909722222222222 0.7890625 0.6875 0.787109375 0.6736111111111112 0.794921875 0.6631944444444444 0.796875 0.6527777777777778 0.80078125 0.6458333333333334 0.80078125 0.6354166666666666 0.8046875 0.625 0.8046875 0.6180555555555556 0.8125 0.6006944444444444 0.8125 0.5520833333333334 0.802734375 0.5347222222222222 0.80078125 0.5347222222222222 0.80078125 0.5208333333333334 0.798828125 0.5173611111111112 0.80078125 0.4722222222222222 0.796875 0.4652777777777778 0.791015625 0.4756944444444444 0.787109375 0.4722222222222222 0.78515625 0.4513888888888889 0.787109375 0.4479166666666667 0.787109375 0.4409722222222222 0.79296875 0.4305555555555556 0.79296875 0.4097222222222222 0.80078125 0.3993055555555556 0.810546875 0.3993055555555556 0.814453125 0.3958333333333333 0.81640625 0.3923611111111111 0.81640625 0.375 0.8203125 0.3576388888888889 0.82421875 0.3541666666666667 0.830078125 0.3541666666666667
2 0.58203125 0.5138888888888888 0.578125 0.4895833333333333 0.57421875 0.4826388888888889 0.5703125 0.4826388888888889 0.556640625 0.5104166666666666 0.54296875 0.5243055555555556 0.5390625 0.5243055555555556 0.52734375 0.5416666666666666 0.5234375 0.5555555555555556 0.5234375 0.5729166666666666 0.521484375 0.5798611111111112 0.515625 0.5763888888888888 0.51171875 0.5590277777777778 0.51171875 0.5347222222222222 0.515625 0.5277777777777778 0.51953125 0.5277777777777778 0.52734375 0.5208333333333334 0.529296875 0.5138888888888888 0.533203125 0.5104166666666666 0.5390625 0.4965277777777778 0.544921875 0.4930555555555556 0.548828125 0.4826388888888889 0.546875 0.4756944444444444 0.546875 0.4618055555555556 0.544921875 0.4583333333333333 0.544921875 0.4375 0.54296875 0.4340277777777778 0.54296875 0.4097222222222222 0.548828125 0.3958333333333333 0.548828125 0.3854166666666667 0.54296875 0.3645833333333333 0.544921875 0.3576388888888889 0.544921875 0.3298611111111111 0.546875 0.3263888888888889 0.546875 0.3159722222222222 0.560546875 0.2951388888888889 0.5625 0.2708333333333333 0.56640625 0.2638888888888889 0.580078125 0.2638888888888889 0.587890625 0.2777777777777778 0.587890625 0.3055555555555556 0.580078125 0.3229166666666667 0.58203125 0.3263888888888889 0.58203125 0.4166666666666667 0.58984375 0.4375 0.58984375 0.4618055555555556 0.591796875 0.4652777777777778 0.591796875 0.4826388888888889 0.595703125 0.5 0.595703125 0.5208333333333334 0.591796875 0.5138888888888888 0.583984375 0.5138888888888888
2 0.00390625 0.6111111111111112 0.015625 0.6076388888888888 0.021484375 0.6145833333333334 0.02734375 0.6319444444444444 0.033203125 0.6875 0.037109375 0.6944444444444444 0.04296875 0.7152777777777778 0.04296875 0.7256944444444444 0.0390625 0.7291666666666666 0.03125 0.7291666666666666 0.029296875 0.7326388888888888 0.029296875 0.7777777777777778 0.037109375 0.8020833333333334 0.037109375 0.8090277777777778 0.04296875 0.8333333333333334 0.041015625 0.8402777777777778 0.04296875 0.8472222222222222 0.04296875 0.8645833333333334 0.033203125 0.8854166666666666 0.00390625 0.8854166666666666 0.00390625 0.8645833333333334 0.005859375 0.8611111111111112 0.005859375 0.8506944444444444 0.00390625 0.8472222222222222 0.00390625 0.8125 0 0.8090277777777778 0 0.6909722222222222 0.00390625 0.6875 0.00390625 0.6840277777777778 0 0.6805555555555556 0 0.6180555555555556 0.00390625 0.6145833333333334
2 0.203125 0.1840277777777778 0.20703125 0.1909722222222222 0.20703125 0.21180555555555555 0.205078125 0.2152777777777778 0.205078125 0.2222222222222222 0.2109375 0.22916666666666666 0.216796875 0.22916666666666666 0.220703125 0.2326388888888889 0.220703125 0.2708333333333333 0.22265625 0.2743055555555556 0.22265625 0.3229166666666667 0.220703125 0.3263888888888889 0.22265625 0.3645833333333333 0.220703125 0.3715277777777778 0.216796875 0.3715277777777778 0.21484375 0.3680555555555556 0.212890625 0.3715277777777778 0.212890625 0.3784722222222222 0.2109375 0.3819444444444444 0.2109375 0.3993055555555556 0.208984375 0.4027777777777778 0.208984375 0.4652777777777778 0.20703125 0.46875 0.20703125 0.4895833333333333 0.2109375 0.5069444444444444 0.208984375 0.5104166666666666 0.203125 0.5104166666666666 0.19921875 0.5069444444444444 0.1953125 0.4965277777777778 0.18359375 0.4965277777777778 0.1875 0.4826388888888889 0.1875 0.46875 0.189453125 0.4652777777777778 0.189453125 0.4548611111111111 0.185546875 0.4375 0.185546875 0.4097222222222222 0.18359375 0.40625 0.18359375 0.3993055555555556 0.1796875 0.3923611111111111 0.177734375 0.3680555555555556 0.17578125 0.3645833333333333 0.171875 0.3645833333333333 0.169921875 0.3715277777777778 0.16796875 0.3715277777777778 0.1640625 0.3611111111111111 0.1640625 0.34375 0.169921875 0.3368055555555556 0.16796875 0.3298611111111111 0.16796875 0.2881944444444444 0.169921875 0.2847222222222222 0.169921875 0.25 0.16796875 0.24305555555555555 0.169921875 0.23958333333333334 0.169921875 0.2326388888888889 0.18359375 0.22916666666666666 0.185546875 0.22569444444444445 0.18359375 0.19444444444444445 0.19140625 0.1840277777777778 0.201171875 0.1840277777777778
2 0.16796875 0.875 0.171875 0.8819444444444444 0.169921875 0.8888888888888888 0.15234375 0.8888888888888888 0.150390625 0.8854166666666666 0.15625 0.875 0.166015625 0.875
2 0.068359375 0.14583333333333334 0.0703125 0.14583333333333334 0.076171875 0.13541666666666666 0.076171875 0.11805555555555555 0.080078125 0.1076388888888889 0.08984375 0.1076388888888889 0.095703125 0.11805555555555555 0.095703125 0.14583333333333334 0.09375 0.14930555555555555 0.09765625 0.16666666666666666 0.09765625 0.2048611111111111 0.099609375 0.21180555555555555 0.1171875 0.24305555555555555 0.12109375 0.24305555555555555 0.126953125 0.2569444444444444 0.119140625 0.25 0.11328125 0.25 0.111328125 0.24305555555555555 0.103515625 0.2361111111111111 0.099609375 0.2361111111111111 0.095703125 0.2465277777777778 0.095703125 0.2743055555555556 0.09765625 0.2777777777777778 0.09765625 0.2986111111111111 0.099609375 0.3020833333333333 0.099609375 0.3298611111111111 0.1015625 0.3333333333333333 0.1015625 0.34375 0.103515625 0.3472222222222222 0.10546875 0.3645833333333333 0.11328125 0.3784722222222222 0.119140625 0.3784722222222222 0.123046875 0.3819444444444444 0.11328125 0.3958333333333333 0.107421875 0.3958333333333333 0.10546875 0.3923611111111111 0.10546875 0.3854166666666667 0.1015625 0.3784722222222222 0.1015625 0.3715277777777778 0.09375 0.3506944444444444 0.091796875 0.3298611111111111 0.087890625 0.3159722222222222 0.08203125 0.3055555555555556 0.076171875 0.3020833333333333 0.078125 0.2951388888888889 0.078125 0.2708333333333333 0.07421875 0.2604166666666667 0.07421875 0.25 0.072265625 0.2465277777777778 0.07421875 0.2326388888888889 0.072265625 0.22916666666666666 0.072265625 0.21875 0.06640625 0.19444444444444445 0.06640625 0.1736111111111111 0.064453125 0.1701388888888889 0.06640625 0.16319444444444445 0.06640625 0.1527777777777778 0.068359375 0.14930555555555555
2 0.1484375 0.4722222222222222 0.154296875 0.4791666666666667 0.158203125 0.4930555555555556 0.158203125 0.5034722222222222 0.166015625 0.5138888888888888 0.171875 0.5138888888888888 0.177734375 0.5243055555555556 0.177734375 0.5520833333333334 0.185546875 0.5798611111111112 0.185546875 0.59375 0.17578125 0.6215277777777778 0.17578125 0.6493055555555556 0.177734375 0.6527777777777778 0.177734375 0.6701388888888888 0.17578125 0.6736111111111112 0.177734375 0.6770833333333334 0.177734375 0.7013888888888888 0.181640625 0.7152777777777778 0.1796875 0.7569444444444444 0.185546875 0.7777777777777778 0.185546875 0.7951388888888888 0.1796875 0.7951388888888888 0.173828125 0.78125 0.173828125 0.7743055555555556 0.171875 0.7708333333333334 0.173828125 0.7465277777777778 0.171875 0.7430555555555556 0.171875 0.7326388888888888 0.16796875 0.7152777777777778 0.16796875 0.7013888888888888 0.1640625 0.6875 0.16015625 0.6840277777777778 0.15625 0.6979166666666666 0.15625 0.7083333333333334 0.16015625 0.7256944444444444 0.16015625 0.7534722222222222 0.1640625 0.7673611111111112 0.1640625 0.78125 0.15234375 0.7986111111111112 0.150390625 0.7951388888888888 0.150390625 0.7847222222222222 0.154296875 0.7743055555555556 0.154296875 0.7604166666666666 0.146484375 0.7256944444444444 0.146484375 0.7048611111111112 0.142578125 0.6909722222222222 0.142578125 0.6770833333333334 0.138671875 0.6597222222222222 0.138671875 0.6215277777777778 0.140625 0.6145833333333334 0.13671875 0.6006944444444444 0.130859375 0.6215277777777778 0.130859375 0.6354166666666666 0.12890625 0.6354166666666666 0.125 0.625 0.126953125 0.5625 0.123046875 0.5486111111111112 0.123046875 0.5277777777777778 0.134765625 0.5104166666666666 0.134765625 0.4895833333333333 0.13671875 0.4826388888888889 0.140625 0.4756944444444444 0.146484375 0.4722222222222222
2 0.3125 0.11805555555555555 0.318359375 0.1111111111111111 0.328125 0.1111111111111111 0.333984375 0.125 0.333984375 0.1423611111111111 0.337890625 0.14930555555555555 0.345703125 0.14930555555555555 0.349609375 0.15625 0.349609375 0.16319444444444445 0.3515625 0.16666666666666666 0.3515625 0.1840277777777778 0.35546875 0.1909722222222222 0.35546875 0.19791666666666666 0.357421875 0.2013888888888889 0.357421875 0.21875 0.34765625 0.22569444444444445 0.34765625 0.2361111111111111 0.345703125 0.23958333333333334 0.345703125 0.2465277777777778 0.34765625 0.25 0.345703125 0.2534722222222222 0.345703125 0.2708333333333333 0.34765625 0.2743055555555556 0.34765625 0.2881944444444444 0.349609375 0.2916666666666667 0.3515625 0.3298611111111111 0.357421875 0.3506944444444444 0.357421875 0.3680555555555556 0.359375 0.3715277777777778 0.359375 0.3854166666666667 0.357421875 0.3888888888888889 0.357421875 0.3958333333333333 0.359375 0.3993055555555556 0.359375 0.4236111111111111 0.35546875 0.4270833333333333 0.353515625 0.4236111111111111 0.349609375 0.4236111111111111 0.3515625 0.4166666666666667 0.3515625 0.3923611111111111 0.345703125 0.3645833333333333 0.345703125 0.3472222222222222 0.33984375 0.3263888888888889 0.333984375 0.3159722222222222 0.33203125 0.3159722222222222 0.33203125 0.3055555555555556 0.328125 0.2951388888888889 0.328125 0.2569444444444444 0.326171875 0.2534722222222222 0.32421875 0.2326388888888889 0.3125 0.21180555555555555 0.310546875 0.1875 0.306640625 0.18055555555555555 0.296875 0.1736111111111111 0.298828125 0.1597222222222222 0.302734375 0.1527777777777778 0.30859375 0.1527777777777778 0.3125 0.14583333333333334 0.3125 0.12152777777777778
2 0.591796875 0.5173611111111112 0.595703125 0.5208333333333334 0.599609375 0.53125 0.599609375 0.5590277777777778 0.59765625 0.5625 0.59765625 0.5729166666666666 0.603515625 0.5798611111111112 0.607421875 0.5972222222222222 0.60546875 0.6041666666666666 0.607421875 0.6388888888888888 0.611328125 0.6527777777777778 0.619140625 0.6666666666666666 0.62109375 0.6666666666666666 0.62890625 0.6875 0.626953125 0.6944444444444444 0.62109375 0.6944444444444444 0.609375 0.6701388888888888 0.60546875 0.6666666666666666 0.6015625 0.6736111111111112 0.603515625 0.6944444444444444 0.611328125 0.7222222222222222 0.611328125 0.7326388888888888 0.61328125 0.7361111111111112 0.61328125 0.7638888888888888 0.615234375 0.7673611111111112 0.615234375 0.7777777777777778 0.611328125 0.7881944444444444 0.6015625 0.7881944444444444 0.599609375 0.7916666666666666 0.59765625 0.7986111111111112 0.59765625 0.8090277777777778 0.595703125 0.8125 0.595703125 0.8229166666666666 0.591796875 0.8333333333333334 0.591796875 0.8541666666666666 0.595703125 0.8611111111111112 0.603515625 0.8645833333333334 0.6015625 0.8715277777777778 0.578125 0.8715277777777778 0.578125 0.8645833333333334 0.576171875 0.8611111111111112 0.578125 0.8576388888888888 0.578125 0.8472222222222222 0.58203125 0.8368055555555556 0.58203125 0.8263888888888888 0.583984375 0.8229166666666666 0.583984375 0.7847222222222222 0.58203125 0.78125 0.568359375 0.78125 0.55859375 0.7951388888888888 0.55078125 0.7951388888888888 0.546875 0.7881944444444444 0.55078125 0.7638888888888888 0.556640625 0.75 0.5625 0.75 0.56640625 0.7569444444444444 0.5703125 0.7569444444444444 0.572265625 0.7604166666666666 0.580078125 0.7604166666666666 0.58203125 0.7569444444444444 0.57421875 0.7291666666666666 0.5703125 0.7256944444444444 0.56640625 0.7083333333333334 0.56640625 0.6875 0.568359375 0.6840277777777778 0.56640625 0.6493055555555556 0.564453125 0.6458333333333334 0.560546875 0.6458333333333334 0.556640625 0.6388888888888888 0.556640625 0.6319444444444444 0.560546875 0.6215277777777778 0.560546875 0.6006944444444444 0.55859375 0.5972222222222222 0.560546875 0.5902777777777778 0.560546875 0.5798611111111112 0.576171875 0.5659722222222222 0.576171875 0.5277777777777778 0.583984375 0.5173611111111112 0.58984375 0.5173611111111112
2 0.3828125 0.7465277777777778 0.38671875 0.7534722222222222 0.38671875 0.7604166666666666 0.388671875 0.7638888888888888 0.388671875 0.7881944444444444 0.38671875 0.7916666666666666 0.38671875 0.7986111111111112 0.392578125 0.8055555555555556 0.3984375 0.8194444444444444 0.39453125 0.8333333333333334 0.3984375 0.8541666666666666 0.404296875 0.8680555555555556 0.412109375 0.875 0.423828125 0.8715277777777778 0.4296875 0.8784722222222222 0.427734375 0.8854166666666666 0.416015625 0.8854166666666666 0.4140625 0.8888888888888888 0.41015625 0.8888888888888888 0.408203125 0.8854166666666666 0.404296875 0.8854166666666666 0.40234375 0.8888888888888888 0.400390625 0.8854166666666666 0.357421875 0.8854166666666666 0.353515625 0.8715277777777778 0.349609375 0.875 0.34765625 0.8854166666666666 0.341796875 0.8854166666666666 0.33984375 0.8888888888888888 0.3359375 0.8854166666666666 0.33984375 0.8611111111111112 0.34765625 0.8368055555555556 0.34765625 0.8055555555555556 0.361328125 0.7847222222222222 0.365234375 0.7534722222222222 0.373046875 0.7430555555555556 0.37890625 0.7430555555555556 0.380859375 0.7465277777777778
2 0.125 0.6319444444444444 0.12890625 0.6423611111111112 0.130859375 0.6666666666666666 0.138671875 0.6805555555555556 0.138671875 0.6909722222222222 0.140625 0.6944444444444444 0.13671875 0.7118055555555556 0.12890625 0.7256944444444444 0.123046875 0.7465277777777778 0.123046875 0.7673611111111112 0.126953125 0.7847222222222222 0.126953125 0.8125 0.12890625 0.8159722222222222 0.126953125 0.8229166666666666 0.126953125 0.8541666666666666 0.123046875 0.8645833333333334 0.123046875 0.8854166666666666 0.1015625 0.8854166666666666 0.1015625 0.8784722222222222 0.109375 0.8576388888888888 0.109375 0.84375 0.10546875 0.8298611111111112 0.08984375 0.7951388888888888 0.08984375 0.7847222222222222 0.0859375 0.7673611111111112 0.0859375 0.7465277777777778 0.087890625 0.7430555555555556 0.087890625 0.7222222222222222 0.08984375 0.71875 0.08984375 0.6909722222222222 0.091796875 0.6840277777777778 0.10546875 0.6631944444444444 0.10546875 0.6458333333333334 0.107421875 0.6388888888888888 0.115234375 0.6284722222222222 0.12109375 0.6284722222222222 0.123046875 0.6319444444444444
2 0.71484375 0.4444444444444444 0.716796875 0.4479166666666667 0.720703125 0.4479166666666667 0.72265625 0.4444444444444444 0.734375 0.4444444444444444 0.7421875 0.4583333333333333 0.74609375 0.4722222222222222 0.748046875 0.4895833333333333 0.751953125 0.4965277777777778 0.755859375 0.5 0.76171875 0.5 0.76953125 0.5069444444444444 0.78125 0.5243055555555556 0.7890625 0.5277777777777778 0.796875 0.5381944444444444 0.796875 0.5451388888888888 0.794921875 0.5486111111111112 0.791015625 0.5486111111111112 0.7734375 0.53125 0.767578125 0.53125 0.76171875 0.5243055555555556 0.755859375 0.5243055555555556 0.751953125 0.5347222222222222 0.748046875 0.5347222222222222 0.744140625 0.5416666666666666 0.736328125 0.5625 0.732421875 0.5625 0.7265625 0.5555555555555556 0.7109375 0.5555555555555556 0.69921875 0.5381944444444444 0.6953125 0.5381944444444444 0.6875 0.5243055555555556 0.6875 0.5138888888888888 0.685546875 0.5104166666666666 0.685546875 0.5034722222222222 0.6875 0.5 0.6875 0.4826388888888889 0.6953125 0.4722222222222222 0.703125 0.4479166666666667 0.70703125 0.4444444444444444 0.712890625 0.4444444444444444