0 0.611328125 0.2604166666666667 0.609375 0.2534722222222222 0.609375 0.24305555555555555 0.6171875 0.22569444444444445 0.626953125 0.22569444444444445 0.634765625 0.2465277777777778 0.634765625 0.2569444444444444 0.630859375 0.2534722222222222 0.623046875 0.2534722222222222 0.6171875 0.2604166666666667 0.61328125 0.2604166666666667
0 0.189453125 0.1076388888888889 0.193359375 0.11458333333333333 0.193359375 0.13541666666666666 0.1875 0.14930555555555555 0.18359375 0.14930555555555555 0.181640625 0.1527777777777778 0.173828125 0.1527777777777778 0.169921875 0.14930555555555555 0.16796875 0.1423611111111111 0.16796875 0.12152777777777778 0.171875 0.1111111111111111 0.1796875 0.10416666666666667 0.185546875 0.10416666666666667 0.1875 0.1076388888888889
0 0.79296875 0.4270833333333333 0.802734375 0.4548611111111111 0.796875 0.4652777777777778 0.79296875 0.46875 0.787109375 0.46875 0.78515625 0.4722222222222222 0.77734375 0.46875 0.775390625 0.4618055555555556 0.775390625 0.4444444444444444 0.77734375 0.4409722222222222 0.77734375 0.4340277777777778 0.783203125 0.4236111111111111 0.7890625 0.4236111111111111 0.791015625 0.4270833333333333
0 0 0.2013888888888889 0.00390625 0.2013888888888889 0.01171875 0.21875 0.009765625 0.23958333333333334 0.001953125 0.2534722222222222 0 0.2534722222222222 0 0.2048611111111111
0 0.158203125 0.7534722222222222 0.1640625 0.7604166666666666 0.16796875 0.7743055555555556 0.16796875 0.8055555555555556 0.1640625 0.8125 0.154296875 0.8125 0.138671875 0.7951388888888888 0.138671875 0.7638888888888888 0.142578125 0.7569444444444444 0.15625 0.7534722222222222
0 0.0546875 0.7430555555555556 0.05859375 0.75 0.05859375 0.7604166666666666 0.060546875 0.7638888888888888 0.060546875 0.7951388888888888 0.05859375 0.7986111111111112 0.046875 0.7986111111111112 0.03125 0.7881944444444444 0.029296875 0.78125 0.029296875 0.7708333333333334 0.03515625 0.7465277777777778 0.044921875 0.7395833333333334 0.05078125 0.7395833333333334 0.052734375 0.7430555555555556
0 0.126953125 0.18055555555555555 0.134765625 0.19444444444444445 0.134765625 0.2013888888888889 0.13671875 0.2048611111111111 0.134765625 0.20833333333333334 0.134765625 0.21875 0.1328125 0.22569444444444445 0.126953125 0.2326388888888889 0.119140625 0.2326388888888889 0.111328125 0.2152777777777778 0.111328125 0.19791666666666666 0.115234375 0.1840277777777778 0.119140625 0.18055555555555555 0.125 0.18055555555555555
0 0.040364583333333336 0.6333333333333333 0.033854166666666664 0.06296296296296296
0 0.6015625 0.40046296296296297 0.02395833333333333 0.04351851851851852
0 0.337890625 0.7361111111111112 0.341796875 0.7465277777777778 0.341796875 0.7534722222222222 0.345703125 0.7673611111111112 0.33984375 0.7847222222222222 0.3203125 0.7847222222222222 0.31640625 0.7743055555555556 0.31640625 0.75 0.318359375 0.7430555555555556 0.32421875 0.7326388888888888 0.333984375 0.7326388888888888 0.3359375 0.7361111111111112
0 0.501953125 0.1597222222222222 0.505859375 0.1701388888888889 0.5078125 0.1909722222222222 0.49609375 0.1909722222222222 0.490234375 0.19791666666666666 0.482421875 0.19791666666666666 0.48046875 0.19444444444444445 0.48046875 0.17708333333333334 0.48828125 0.1597222222222222 0.4921875 0.15625 0.498046875 0.15625 0.5 0.1597222222222222
1 0.0078125 0.2465277777777778 0.025390625 0.2465277777777778 0.029296875 0.2569444444444444 0.029296875 0.2673611111111111 0.021484375 0.28125 0.021484375 0.3055555555555556 0.0234375 0.3090277777777778 0.0234375 0.3333333333333333 0.021484375 0.3368055555555556 0.021484375 0.34375 0.01953125 0.3506944444444444 0.0078125 0.3506944444444444 0.005859375 0.3472222222222222 0 0.3472222222222222 0 0.2638888888888889 0.0078125 0.25
1 0 0.6284722222222222 0.015625 0.6319444444444444 0.01953125 0.6423611111111112 0.01953125 0.65625 0.013671875 0.6631944444444444 0.013671875 0.6701388888888888 0.009765625 0.6840277777777778 0.009765625 0.7361111111111112 0.0078125 0.7430555555555556 0 0.7465277777777778 0 0.6319444444444444
1 0.78125 0.4791666666666667 0.783203125 0.4826388888888889 0.791015625 0.4826388888888889 0.79296875 0.4791666666666667 0.81640625 0.4791666666666667 0.822265625 0.4861111111111111 0.822265625 0.4930555555555556 0.82421875 0.4965277777777778 0.82421875 0.5034722222222222 0.8203125 0.5034722222222222 0.81640625 0.5104166666666666 0.81640625 0.5208333333333334 0.8125 0.53125 0.814453125 0.5868055555555556 0.80859375 0.5868055555555556 0.806640625 0.5833333333333334 0.8046875 0.5868055555555556 0.7890625 0.5902777777777778 0.783203125 0.5972222222222222 0.779296875 0.5972222222222222 0.775390625 0.5868055555555556 0.775390625 0.5763888888888888 0.7734375 0.5729166666666666 0.7734375 0.5451388888888888 0.771484375 0.5381944444444444 0.763671875 0.5277777777777778 0.759765625 0.5104166666666666 0.759765625 0.5 0.763671875 0.4861111111111111 0.7734375 0.4791666666666667 0.779296875 0.4791666666666667
1 0.138671875 0.7986111111111112 0.146484375 0.8090277777777778 0.15625 0.8159722222222222 0.162109375 0.8159722222222222 0.16796875 0.8090277777777778 0.171875 0.8125 0.171875 0.8298611111111112 0.169921875 0.8333333333333334 0.169921875 0.8402777777777778 0.166015625 0.8472222222222222 0.166015625 0.8541666666666666 0.162109375 0.8611111111111112 0.162109375 0.8680555555555556 0.15234375 0.8854166666666666 0.126953125 0.8854166666666666 0.123046875 0.8784722222222222 0.123046875 0.8715277777777778 0.125 0.875 0.130859375 0.875 0.134765625 0.8680555555555556 0.134765625 0.8541666666666666 0.1328125 0.8506944444444444 0.1328125 0.8402777777777778 0.126953125 0.8333333333333334 0.123046875 0.8333333333333334 0.12109375 0.8194444444444444 0.12890625 0.8020833333333334 0.13671875 0.7986111111111112
1 0.033203125 0.7916666666666666 0.03515625 0.7951388888888888 0.056640625 0.8055555555555556 0.056640625 0.8125 0.044921875 0.8159722222222222 0.0390625 0.8263888888888888 0.0390625 0.8333333333333334 0.048828125 0.8472222222222222 0.048828125 0.8576388888888888 0.05078125 0.8611111111111112 0.05078125 0.8784722222222222 0.048828125 0.8854166666666666 0.044921875 0.8888888888888888 0.02734375 0.8888888888888888 0.025390625 0.8854166666666666 0.01953125 0.8854166666666666 0.01953125 0.8611111111111112 0.021484375 0.8576388888888888 0.0234375 0.8125 0.02734375 0.7951388888888888 0.03125 0.7951388888888888
1 0.056640625 0.65625 0.064453125 0.6631944444444444 0.06640625 0.6875 0.068359375 0.6909722222222222 0.068359375 0.7048611111111112 0.072265625 0.7152777777777778 0.072265625 0.7604166666666666 0.068359375 0.7638888888888888 0.0625 0.7638888888888888 0.060546875 0.7604166666666666 0.060546875 0.75 0.052734375 0.7361111111111112 0.044921875 0.7361111111111112 0.03515625 0.7430555555555556 0.03515625 0.7361111111111112 0.033203125 0.7326388888888888 0.03515625 0.7291666666666666 0.033203125 0.7256944444444444 0.033203125 0.6805555555555556 0.048828125 0.6597222222222222 0.0546875 0.65625
1 0.1953125 0.1527777777777778 0.203125 0.18055555555555555 0.203125 0.21180555555555555 0.201171875 0.2152777777777778 0.201171875 0.2361111111111111 0.19921875 0.24305555555555555 0.19140625 0.25 0.17578125 0.25 0.171875 0.2465277777777778 0.171875 0.23958333333333334 0.17578125 0.2361111111111111 0.181640625 0.24305555555555555 0.189453125 0.24305555555555555 0.193359375 0.2361111111111111 0.193359375 0.22916666666666666 0.1953125 0.22569444444444445 0.1953125 0.1875 0.193359375 0.1840277777777778 0.18359375 0.1840277777777778 0.181640625 0.1875 0.1796875 0.19444444444444445 0.181640625 0.19791666666666666 0.181640625 0.2222222222222222 0.17578125 0.22569444444444445 0.171875 0.21875 0.173828125 0.2152777777777778 0.173828125 0.1840277777777778 0.171875 0.17708333333333334 0.17578125 0.16666666666666666 0.17578125 0.1597222222222222 0.1796875 0.1597222222222222 0.189453125 0.14930555555555555 0.193359375 0.1527777777777778
1 0.119140625 0.23958333333333334 0.12109375 0.24305555555555555 0.125 0.24305555555555555 0.130859375 0.2361111111111111 0.130859375 0.2534722222222222 0.12890625 0.2569444444444444 0.12890625 0.2673611111111111 0.125 0.2847222222222222 0.125 0.3020833333333333 0.123046875 0.3055555555555556 0.123046875 0.3194444444444444 0.12109375 0.3263888888888889 0.11328125 0.3263888888888889 0.11328125 0.3020833333333333 0.111328125 0.2986111111111111 0.111328125 0.2881944444444444 0.11328125 0.2847222222222222 0.11328125 0.2534722222222222 0.115234375 0.25 0.11328125 0.24305555555555555 0.1171875 0.23958333333333334
1 0.591796875 0.4236111111111111 0.59765625 0.4305555555555556 0.60546875 0.4305555555555556 0.619140625 0.4444444444444444 0.619140625 0.46875 0.62109375 0.4722222222222222 0.62109375 0.4861111111111111 0.623046875 0.4895833333333333 0.623046875 0.5069444444444444 0.619140625 0.5173611111111112 0.615234375 0.5208333333333334 0.60546875 0.5208333333333334 0.6015625 0.5173611111111112 0.59765625 0.5069444444444444 0.59765625 0.5 0.591796875 0.4861111111111111 0.591796875 0.4513888888888889 0.58984375 0.4479166666666667 0.58984375 0.4305555555555556 0.591796875 0.4270833333333333
1 0.353515625 0.7916666666666666 0.357421875 0.7986111111111112 0.357421875 0.8159722222222222 0.34765625 0.8229166666666666 0.34765625 0.84375 0.349609375 0.8472222222222222 0.349609375 0.8854166666666666 0.314453125 0.8854166666666666 0.310546875 0.8680555555555556 0.310546875 0.8506944444444444 0.30859375 0.8472222222222222 0.30859375 0.8402777777777778 0.30078125 0.8229166666666666 0.30078125 0.7986111111111112 0.3046875 0.7916666666666666 0.310546875 0.7916666666666666 0.3125 0.7881944444444444 0.345703125 0.7881944444444444 0.34765625 0.7916666666666666 0.3515625 0.7916666666666666
1 0.48828125 0.2152777777777778 0.48828125 0.21875 0.494140625 0.22916666666666666 0.50390625 0.21875 0.505859375 0.2222222222222222 0.50390625 0.3229166666666667 0.498046875 0.3298611111111111 0.48046875 0.3298611111111111 0.474609375 0.3159722222222222 0.474609375 0.2638888888888889 0.4765625 0.2604166666666667 0.4765625 0.24305555555555555 0.48046875 0.2326388888888889 0.482421875 0.21875 0.486328125 0.2152777777777778
1 0.65234375 0.2673611111111111 0.654296875 0.2743055555555556 0.654296875 0.2847222222222222 0.6484375 0.3020833333333333 0.6484375 0.3194444444444444 0.65234375 0.3333333333333333 0.65234375 0.3506944444444444 0.654296875 0.3541666666666667 0.654296875 0.3611111111111111 0.6484375 0.3680555555555556 0.642578125 0.3680555555555556 0.640625 0.3715277777777778 0.6171875 0.3715277777777778 0.615234375 0.3680555555555556 0.61328125 0.34375 0.6015625 0.3159722222222222 0.6015625 0.3090277777777778 0.59765625 0.2986111111111111 0.59765625 0.2881944444444444 0.609375 0.2777777777777778 0.623046875 0.2777777777777778 0.642578125 0.2638888888888889 0.6484375 0.2638888888888889 0.650390625 0.2673611111111111
2 0 0.2013888888888889 0.005859375 0.2048611111111111 0.009765625 0.21180555555555555 0.009765625 0.21875 0.01171875 0.2222222222222222 0.009765625 0.22916666666666666 0.009765625 0.23958333333333334 0.015625 0.2465277777777778 0.017578125 0.24305555555555555 0.021484375 0.24305555555555555 0.025390625 0.2465277777777778 0.029296875 0.2569444444444444 0.029296875 0.2847222222222222 0.033203125 0.2951388888888889 0.03515625 0.3090277777777778 0.0390625 0.3159722222222222 0.0390625 0.3333333333333333 0.037109375 0.3402777777777778 0.0390625 0.34375 0.0390625 0.3645833333333333 0.041015625 0.3680555555555556 0.041015625 0.3888888888888889 0.0390625 0.3923611111111111 0.03515625 0.3923611111111111 0.033203125 0.3888888888888889 0.033203125 0.3611111111111111 0.03125 0.3576388888888889 0.03125 0.3506944444444444 0.02734375 0.34375 0.021484375 0.3506944444444444 0.021484375 0.3715277777777778 0.0234375 0.375 0.0234375 0.4826388888888889 0.021484375 0.4861111111111111 0.021484375 0.4965277777777778 0.0234375 0.5 0.0234375 0.5104166666666666 0.02734375 0.5208333333333334 0.02734375 0.53125 0.01953125 0.53125 0.015625 0.5243055555555556 0.015625 0.5138888888888888 0.01171875 0.5069444444444444 0.01171875 0.4965277777777778 0.013671875 0.4930555555555556 0.013671875 0.4791666666666667 0.01171875 0.4756944444444444 0.01171875 0.4409722222222222 0.005859375 0.4270833333333333 0 0.4340277777777778 0 0.2048611111111111
2 0.7890625 0.4236111111111111 0.802734375 0.4513888888888889 0.798828125 0.4618055555555556 0.798828125 0.4722222222222222 0.80078125 0.4756944444444444 0.806640625 0.4756944444444444 0.80859375 0.4791666666666667 0.81640625 0.4791666666666667 0.8203125 0.4826388888888889 0.82421875 0.4965277777777778 0.82421875 0.5069444444444444 0.83984375 0.5381944444444444 0.83984375 0.5659722222222222 0.837890625 0.5694444444444444 0.83203125 0.5694444444444444 0.828125 0.5659722222222222 0.830078125 0.5590277777777778 0.830078125 0.5451388888888888 0.818359375 0.5277777777777778 0.814453125 0.5277777777777778 0.8125 0.53125 0.8125 0.5590277777777778 0.814453125 0.5625 0.814453125 0.5833333333333334 0.826171875 0.6041666666666666 0.833984375 0.6319444444444444 0.833984375 0.65625 0.837890625 0.6666666666666666 0.837890625 0.6770833333333334 0.83984375 0.6805555555555556 0.83984375 0.7534722222222222 0.84765625 0.7638888888888888 0.84765625 0.7673611111111112 0.84375 0.7673611111111112 0.841796875 0.7708333333333334 0.83203125 0.7708333333333334 0.828125 0.7673611111111112 0.830078125 0.7256944444444444 0.826171875 0.7118055555555556 0.826171875 0.6840277777777778 0.818359375 0.6666666666666666 0.814453125 0.6701388888888888 0.814453125 0.6840277777777778 0.802734375 0.7048611111111112 0.802734375 0.7118055555555556 0.8046875 0.7152777777777778 0.8046875 0.7291666666666666 0.802734375 0.7361111111111112 0.796875 0.7361111111111112 0.79296875 0.7326388888888888 0.7890625 0.71875 0.7890625 0.6840277777777778 0.794921875 0.6770833333333334 0.79296875 0.6631944444444444 0.78125 0.625 0.77734375 0.59375 0.7734375 0.5902777777777778 0.76953125 0.5833333333333334 0.76953125 0.5763888888888888 0.759765625 0.5625 0.759765625 0.53125 0.76171875 0.5277777777777778 0.759765625 0.5 0.763671875 0.4861111111111111 0.77734375 0.4756944444444444 0.77734375 0.4652777777777778 0.775390625 0.4618055555555556 0.77734375 0.4548611111111111 0.77734375 0.4340277777777778 0.78125 0.4270833333333333 0.787109375 0.4236111111111111
2 0 0.6284722222222222 0.009765625 0.6284722222222222 0.01171875 0.6319444444444444 0.015625 0.6319444444444444 0.01953125 0.6388888888888888 0.01953125 0.6736111111111112 0.025390625 0.7013888888888888 0.025390625 0.7152777777777778 0.021484375 0.7291666666666666 0.01171875 0.7465277777777778 0.01171875 0.7534722222222222 0.009765625 0.7569444444444444 0.009765625 0.78125 0.001953125 0.8159722222222222 0.001953125 0.8333333333333334 0 0.8368055555555556 0.001953125 0.8402777777777778 0.001953125 0.8506944444444444 0 0.8541666666666666 0 0.6319444444444444
2 0.158203125 0.7534722222222222 0.1640625 0.7604166666666666 0.16796875 0.7743055555555556 0.16796875 0.8020833333333334 0.171875 0.8125 0.171875 0.8298611111111112 0.169921875 0.8333333333333334 0.171875 0.8854166666666666 0.1640625 0.8854166666666666 0.16015625 0.875 0.15234375 0.8854166666666666 0.125 0.8854166666666666 0.119140625 0.8680555555555556 0.119140625 0.8368055555555556 0.12109375 0.8333333333333334 0.12109375 0.8194444444444444 0.12890625 0.8020833333333334 0.13671875 0.7951388888888888 0.138671875 0.7881944444444444 0.138671875 0.7638888888888888 0.142578125 0.7569444444444444 0.15625 0.7534722222222222
2 0.0546875 0.7430555555555556 0.05859375 0.75 0.05859375 0.7638888888888888 0.060546875 0.7673611111111112 0.060546875 0.7986111111111112 0.0625 0.8020833333333334 0.0625 0.8090277777777778 0.06640625 0.8159722222222222 0.072265625 0.8194444444444444 0.078125 0.8298611111111112 0.08203125 0.8263888888888888 0.08984375 0.8263888888888888 0.10546875 0.8020833333333334 0.115234375 0.8020833333333334 0.1171875 0.8055555555555556 0.109375 0.8263888888888888 0.09765625 0.8368055555555556 0.091796875 0.8368055555555556 0.08203125 0.8506944444444444 0.083984375 0.8541666666666666 0.09765625 0.8576388888888888 0.107421875 0.8680555555555556 0.11328125 0.8680555555555556 0.119140625 0.8784722222222222 0.119140625 0.8854166666666666 0.107421875 0.8854166666666666 0.091796875 0.875 0.078125 0.875 0.068359375 0.8680555555555556 0.05859375 0.8680555555555556 0.0546875 0.8715277777777778 0.048828125 0.8854166666666666 0.044921875 0.8854166666666666 0.04296875 0.8888888888888888 0.041015625 0.8854166666666666 0.037109375 0.8888888888888888 0.021484375 0.8854166666666666 0.021484375 0.8576388888888888 0.0234375 0.8541666666666666 0.025390625 0.8090277777777778 0.029296875 0.7916666666666666 0.029296875 0.7638888888888888 0.033203125 0.7569444444444444 0.03515625 0.7465277777777778 0.0390625 0.7430555555555556 0.052734375 0.7430555555555556
2 0.046875 0.6041666666666666 0.0546875 0.6145833333333334 0.0546875 0.6319444444444444 0.056640625 0.6354166666666666 0.052734375 0.6493055555555556 0.064453125 0.6631944444444444 0.06640625 0.6701388888888888 0.06640625 0.6840277777777778 0.068359375 0.6875 0.068359375 0.7013888888888888 0.072265625 0.7152777777777778 0.07421875 0.8125 0.0703125 0.8159722222222222 0.0625 0.8055555555555556 0.0625 0.7638888888888888 0.060546875 0.7604166666666666 0.060546875 0.75 0.0546875 0.7395833333333334 0.05078125 0.7395833333333334 0.048828125 0.7361111111111112 0.03515625 0.7430555555555556 0.03515625 0.7326388888888888 0.033203125 0.7291666666666666 0.033203125 0.6944444444444444 0.03125 0.6909722222222222 0.03125 0.6736111111111112 0.025390625 0.6527777777777778 0.0234375 0.6319444444444444 0.02734375 0.6145833333333334 0.03125 0.6076388888888888 0.03515625 0.6041666666666666 0.044921875 0.6041666666666666
2 0.189453125 0.1076388888888889 0.1953125 0.12152777777777778 0.19140625 0.14583333333333334 0.201171875 0.16666666666666666 0.201171875 0.18055555555555555 0.203125 0.1840277777777778 0.203125 0.21180555555555555 0.201171875 0.2152777777777778 0.201171875 0.25 0.203125 0.2534722222222222 0.203125 0.2604166666666667 0.201171875 0.2638888888888889 0.201171875 0.2777777777777778 0.197265625 0.2881944444444444 0.197265625 0.3263888888888889 0.193359375 0.3368055555555556 0.193359375 0.3958333333333333 0.18359375 0.4409722222222222 0.177734375 0.4409722222222222 0.17578125 0.4375 0.1796875 0.4236111111111111 0.181640625 0.4027777777777778 0.18359375 0.3993055555555556 0.185546875 0.3541666666666667 0.177734375 0.3194444444444444 0.17578125 0.28125 0.169921875 0.2708333333333333 0.171875 0.2361111111111111 0.158203125 0.22569444444444445 0.15234375 0.22569444444444445 0.150390625 0.2222222222222222 0.150390625 0.2152777777777778 0.15234375 0.21180555555555555 0.16015625 0.21180555555555555 0.169921875 0.21875 0.173828125 0.21180555555555555 0.173828125 0.1875 0.171875 0.1840277777777778 0.173828125 0.1597222222222222 0.16796875 0.1423611111111111 0.16796875 0.12152777777777778 0.171875 0.1111111111111111 0.1796875 0.10416666666666667 0.185546875 0.10416666666666667 0.1875 0.1076388888888889
2 0.62890625 0.22916666666666666 0.6328125 0.23958333333333334 0.634765625 0.2604166666666667 0.638671875 0.2673611111111111 0.642578125 0.2638888888888889 0.6484375 0.2638888888888889 0.65234375 0.2673611111111111 0.654296875 0.2743055555555556 0.65234375 0.2916666666666667 0.654296875 0.2986111111111111 0.658203125 0.3020833333333333 0.658203125 0.3090277777777778 0.666015625 0.3298611111111111 0.66796875 0.3541666666666667 0.6640625 0.3541666666666667 0.662109375 0.3472222222222222 0.654296875 0.3368055555555556 0.65234375 0.3402777777777778 0.654296875 0.3472222222222222 0.654296875 0.3611111111111111 0.65625 0.3680555555555556 0.6640625 0.3819444444444444 0.666015625 0.3819444444444444 0.66796875 0.3923611111111111 0.673828125 0.4027777777777778 0.673828125 0.4166666666666667 0.67578125 0.4201388888888889 0.67578125 0.4305555555555556 0.6796875 0.4479166666666667 0.6796875 0.4791666666666667 0.681640625 0.4826388888888889 0.6796875 0.4861111111111111 0.6796875 0.5069444444444444 0.68359375 0.5243055555555556 0.689453125 0.5347222222222222 0.689453125 0.5381944444444444 0.68359375 0.5416666666666666 0.67578125 0.53125 0.671875 0.53125 0.669921875 0.5277777777777778 0.66796875 0.5208333333333334 0.66796875 0.4826388888888889 0.666015625 0.4791666666666667 0.666015625 0.4548611111111111 0.6640625 0.4513888888888889 0.6640625 0.4444444444444444 0.650390625 0.4236111111111111 0.646484375 0.4236111111111111 0.64453125 0.4201388888888889 0.638671875 0.4270833333333333 0.63671875 0.4826388888888889 0.634765625 0.4861111111111111 0.634765625 0.4930555555555556 0.630859375 0.5 0.634765625 0.5069444444444444 0.63671875 0.5277777777777778 0.6328125 0.5451388888888888 0.62890625 0.5486111111111112 0.62109375 0.5451388888888888 0.623046875 0.5104166666666666 0.626953125 0.5 0.623046875 0.4930555555555556 0.62109375 0.4444444444444444 0.615234375 0.4340277777777778 0.607421875 0.4270833333333333 0.60546875 0.4201388888888889 0.60546875 0.3958333333333333 0.59765625 0.3680555555555556 0.599609375 0.3263888888888889 0.603515625 0.3194444444444444 0.59765625 0.2986111111111111 0.59765625 0.2881944444444444 0.61328125 0.2743055555555556 0.61328125 0.2604166666666667 0.609375 0.25 0.611328125 0.2361111111111111 0.619140625 0.22569444444444445 0.625 0.22569444444444445 0.626953125 0.22916666666666666
2 0.599609375 0.3819444444444444 0.603515625 0.3923611111111111 0.603515625 0.4201388888888889 0.60546875 0.4270833333333333 0.609375 0.4340277777777778 0.615234375 0.4375 0.62109375 0.4479166666666667 0.619140625 0.4652777777777778 0.62109375 0.46875 0.62109375 0.4826388888888889 0.623046875 0.4861111111111111 0.623046875 0.5208333333333334 0.619140625 0.53125 0.599609375 0.5277777777777778 0.599609375 0.5208333333333334 0.6015625 0.5173611111111112 0.591796875 0.4861111111111111 0.58984375 0.4201388888888889 0.591796875 0.4166666666666667 0.591796875 0.3923611111111111 0.59375 0.3854166666666667 0.59765625 0.3819444444444444
2 0.3203125 0.7361111111111112 0.32421875 0.7326388888888888 0.333984375 0.7326388888888888 0.337890625 0.7361111111111112 0.341796875 0.7465277777777778 0.341796875 0.7534722222222222 0.345703125 0.7673611111111112 0.341796875 0.7777777777777778 0.341796875 0.7847222222222222 0.34375 0.7881944444444444 0.353515625 0.7916666666666666 0.357421875 0.7986111111111112 0.357421875 0.8229166666666666 0.359375 0.8263888888888888 0.375 0.84375 0.388671875 0.84375 0.392578125 0.8368055555555556 0.396484375 0.8368055555555556 0.40234375 0.84375 0.3984375 0.8576388888888888 0.390625 0.8541666666666666 0.3828125 0.8611111111111112 0.369140625 0.8611111111111112 0.35546875 0.8472222222222222 0.3515625 0.8472222222222222 0.349609375 0.8506944444444444 0.349609375 0.8854166666666666 0.294921875 0.8854166666666666 0.296875 0.8576388888888888 0.30078125 0.8402777777777778 0.30078125 0.7986111111111112 0.3046875 0.7916666666666666 0.30859375 0.7916666666666666 0.31640625 0.7847222222222222 0.31640625 0.75 0.3203125 0.7395833333333334