0 0.0703125 0.034722222222222224 0.08203125 0.03125 0.08984375 0.03819444444444445 0.091796875 0.04513888888888889 0.091796875 0.06944444444444445 0.08984375 0.0763888888888889 0.083984375 0.08333333333333333 0.078125 0.08333333333333333 0.0703125 0.0763888888888889 0.068359375 0.06944444444444445 0.068359375 0.041666666666666664 0.0703125 0.03819444444444445
0 0.833984375 0.7708333333333334 0.83984375 0.7777777777777778 0.841796875 0.8194444444444444 0.833984375 0.8263888888888888 0.818359375 0.8263888888888888 0.814453125 0.8368055555555556 0.80859375 0.8368055555555556 0.8046875 0.8263888888888888 0.806640625 0.7986111111111112 0.814453125 0.7777777777777778 0.822265625 0.7708333333333334 0.83203125 0.7708333333333334
0 0.83984375 0.5173611111111112 0.845703125 0.5243055555555556 0.84765625 0.5486111111111112 0.845703125 0.5520833333333334 0.845703125 0.5625 0.83984375 0.5625 0.837890625 0.5659722222222222 0.82421875 0.5659722222222222 0.8203125 0.5555555555555556 0.8203125 0.5381944444444444 0.82421875 0.5243055555555556 0.83203125 0.5173611111111112 0.837890625 0.5173611111111112
0 0.03515625 0.03819444444444445 0.0390625 0.04513888888888889 0.04296875 0.0625 0.041015625 0.06944444444444445 0.041015625 0.08680555555555555 0.03515625 0.09722222222222222 0.029296875 0.09722222222222222 0.025390625 0.09027777777777778 0.025390625 0.08333333333333333 0.017578125 0.05555555555555555 0.017578125 0.052083333333333336 0.0234375 0.041666666666666664 0.02734375 0.03819444444444445 0.033203125 0.03819444444444445
0 0.029296875 0.013888888888888888 0.033203125 0.017361111111111112 0.037109375 0.034722222222222224 0.03515625 0.03819444444444445 0.025390625 0.03819444444444445 0.01953125 0.04861111111111111 0.013671875 0.04861111111111111 0.015625 0.024305555555555556 0.02734375 0.013888888888888888
0 0.345703125 0.6041666666666666 0.353515625 0.6111111111111112 0.357421875 0.6215277777777778 0.35546875 0.6527777777777778 0.3515625 0.6597222222222222 0.337890625 0.6597222222222222 0.3359375 0.65625 0.33203125 0.65625 0.328125 0.6493055555555556 0.328125 0.6319444444444444 0.333984375 0.6111111111111112 0.34375 0.6041666666666666
0 0.1328125 0.4236111111111111 0.138671875 0.4166666666666667 0.15234375 0.4166666666666667 0.158203125 0.4305555555555556 0.158203125 0.4618055555555556 0.154296875 0.46875 0.15234375 0.4652777777777778 0.1328125 0.4652777777777778 0.130859375 0.4618055555555556 0.12890625 0.4444444444444444 0.1328125 0.4270833333333333
0 0.3223958333333333 0.04027777777777777 0.025 0.04722222222222222
0 0.134765625 0.006944444444444444 0.158203125 0.006944444444444444 0.158203125 0.017361111111111112 0.15234375 0.03125 0.142578125 0.03125 0.13671875 0.020833333333333332 0.134765625 0.010416666666666666
0 0.60546875 0.006944444444444444 0.609375 0.017361111111111112 0.609375 0.03819444444444445 0.60546875 0.04513888888888889 0.591796875 0.04513888888888889 0.5859375 0.034722222222222224 0.5859375 0.017361111111111112 0.58984375 0.006944444444444444 0.603515625 0.006944444444444444
0 0.689453125 0.3055555555555556 0.697265625 0.3194444444444444 0.703125 0.3402777777777778 0.703125 0.3472222222222222 0.701171875 0.3506944444444444 0.6953125 0.3506944444444444 0.693359375 0.3541666666666667 0.677734375 0.3541666666666667 0.673828125 0.3506944444444444 0.673828125 0.34375 0.671875 0.3402777777777778 0.673828125 0.3194444444444444 0.681640625 0.3090277777777778 0.6875 0.3055555555555556
0 0.5078125 0.4166666666666667 0.51171875 0.4131944444444444 0.525390625 0.4131944444444444 0.529296875 0.4166666666666667 0.53515625 0.4340277777777778 0.53515625 0.4444444444444444 0.5234375 0.4652777777777778 0.51953125 0.4652777777777778 0.515625 0.4548611111111111 0.50390625 0.4409722222222222 0.50390625 0.4270833333333333 0.5078125 0.4201388888888889
0 0.44140625 0.3090277777777778 0.447265625 0.3194444444444444 0.447265625 0.3333333333333333 0.439453125 0.3472222222222222 0.439453125 0.3541666666666667 0.421875 0.3506944444444444 0.41796875 0.34375 0.419921875 0.3159722222222222 0.423828125 0.3090277777777778 0.427734375 0.3055555555555556 0.4375 0.3055555555555556 0.439453125 0.3090277777777778
0 0.4609375 0.5104166666666666 0.470703125 0.5277777777777778 0.470703125 0.5381944444444444 0.4609375 0.5555555555555556 0.4609375 0.5590277777777778 0.45703125 0.5625 0.451171875 0.5625 0.44921875 0.5590277777777778 0.44921875 0.5520833333333334 0.439453125 0.53125 0.439453125 0.5208333333333334 0.4453125 0.5104166666666666 0.458984375 0.5104166666666666
0 0.703125 0.7986111111111112 0.708984375 0.8055555555555556 0.712890625 0.8194444444444444 0.712890625 0.8368055555555556 0.708984375 0.8541666666666666 0.693359375 0.8541666666666666 0.69140625 0.8506944444444444 0.685546875 0.8506944444444444 0.681640625 0.84375 0.68359375 0.8194444444444444 0.6875 0.8055555555555556 0.69140625 0.7986111111111112 0.701171875 0.7986111111111112
0 0.49114583333333334 0.06851851851851852 0.02395833333333333 0.06481481481481483
0 0.6640625 0.3159722222222222 0.6640625 0.2951388888888889 0.671875 0.28125 0.685546875 0.28125 0.69140625 0.2951388888888889 0.69140625 0.3055555555555556 0.681640625 0.3055555555555556 0.67578125 0.3159722222222222 0.671875 0.3159722222222222 0.669921875 0.3194444444444444 0.666015625 0.3159722222222222
0 0.22265625 0.006944444444444444 0.2265625 0.006944444444444444 0.228515625 0.003472222222222222 0.2421875 0.003472222222222222 0.24609375 0.006944444444444444 0.24609375 0.017361111111111112 0.244140625 0.024305555555555556 0.2265625 0.024305555555555556 0.22265625 0.017361111111111112 0.22265625 0.010416666666666666
1 0.666015625 0.3229166666666667 0.671875 0.3298611111111111 0.671875 0.3506944444444444 0.669921875 0.3541666666666667 0.66015625 0.3541666666666667 0.654296875 0.3645833333333333 0.65234375 0.3784722222222222 0.646484375 0.3715277777777778 0.646484375 0.3645833333333333 0.64453125 0.3611111111111111 0.64453125 0.34375 0.646484375 0.3402777777777778 0.646484375 0.3333333333333333 0.6484375 0.3263888888888889 0.65234375 0.3263888888888889 0.654296875 0.3229166666666667 0.6640625 0.3229166666666667
1 0.068359375 0.08333333333333333 0.076171875 0.09375 0.083984375 0.08680555555555555 0.087890625 0.08680555555555555 0.0859375 0.09375 0.0859375 0.10416666666666667 0.080078125 0.12152777777777778 0.080078125 0.1388888888888889 0.078125 0.1423611111111111 0.080078125 0.1701388888888889 0.078125 0.1736111111111111 0.078125 0.1840277777777778 0.072265625 0.1909722222222222 0.06640625 0.17708333333333334 0.06640625 0.1527777777777778 0.064453125 0.14930555555555555 0.064453125 0.13194444444444445 0.0625 0.1284722222222222 0.0625 0.09722222222222222 0.06640625 0.08680555555555555
1 0.501953125 0.4409722222222222 0.51171875 0.4513888888888889 0.51953125 0.46875 0.515625 0.4965277777777778 0.51171875 0.4965277777777778 0.5078125 0.4895833333333333 0.5 0.4895833333333333 0.49609375 0.4965277777777778 0.49609375 0.5034722222222222 0.478515625 0.53125 0.474609375 0.53125 0.466796875 0.5173611111111112 0.466796875 0.5138888888888888 0.4609375 0.5069444444444444 0.4609375 0.4930555555555556 0.46875 0.4791666666666667 0.4765625 0.4722222222222222 0.484375 0.4583333333333333 0.49609375 0.4444444444444444 0.5 0.4444444444444444
1 0.85546875 0.8368055555555556 0.865234375 0.84375 0.8671875 0.8506944444444444 0.8671875 0.8715277777777778 0.869140625 0.875 0.869140625 0.8854166666666666 0.859375 0.8854166666666666 0.857421875 0.8888888888888888 0.791015625 0.8854166666666666 0.79296875 0.8611111111111112 0.794921875 0.8541666666666666 0.802734375 0.84375 0.810546875 0.84375 0.8125 0.8402777777777778 0.830078125 0.8402777777777778 0.83203125 0.8368055555555556 0.853515625 0.8368055555555556
1 0.859375 0.5625 0.861328125 0.5659722222222222 0.8671875 0.5659722222222222 0.87109375 0.5763888888888888 0.87109375 0.5902777777777778 0.86328125 0.6041666666666666 0.86328125 0.6180555555555556 0.861328125 0.6215277777777778 0.861328125 0.6770833333333334 0.859375 0.6805555555555556 0.841796875 0.6805555555555556 0.83984375 0.6770833333333334 0.828125 0.6770833333333334 0.826171875 0.6736111111111112 0.81640625 0.6736111111111112 0.8125 0.6701388888888888 0.810546875 0.6666666666666666 0.8125 0.6388888888888888 0.80859375 0.625 0.802734375 0.6145833333333334 0.802734375 0.6076388888888888 0.80078125 0.6041666666666666 0.80078125 0.5833333333333334 0.802734375 0.5798611111111112 0.806640625 0.5798611111111112 0.814453125 0.5729166666666666 0.828125 0.5729166666666666 0.830078125 0.5694444444444444 0.83984375 0.5694444444444444 0.841796875 0.5659722222222222 0.857421875 0.5659722222222222
1 0.1328125 0.020833333333333332 0.14453125 0.034722222222222224 0.150390625 0.034722222222222224 0.158203125 0.020833333333333332 0.16015625 0.024305555555555556 0.1640625 0.024305555555555556 0.173828125 0.034722222222222224 0.173828125 0.04861111111111111 0.171875 0.05555555555555555 0.1640625 0.0625 0.154296875 0.04861111111111111 0.142578125 0.04861111111111111 0.138671875 0.05555555555555555 0.138671875 0.0625 0.13671875 0.06597222222222222 0.13671875 0.08680555555555555 0.12890625 0.09722222222222222 0.123046875 0.09722222222222222 0.125 0.09027777777777778 0.125 0.06944444444444445 0.1171875 0.04513888888888889 0.1171875 0.03819444444444445 0.12109375 0.024305555555555556 0.130859375 0.024305555555555556
1 0.3359375 0.07291666666666667 0.341796875 0.09722222222222222 0.3359375 0.125 0.337890625 0.1597222222222222 0.33203125 0.16666666666666666 0.326171875 0.16666666666666666 0.32421875 0.14583333333333334 0.3203125 0.13541666666666666 0.318359375 0.10069444444444445 0.310546875 0.0798611111111111 0.310546875 0.07291666666666667 0.3125 0.06944444444444445 0.322265625 0.06944444444444445 0.32421875 0.07291666666666667 0.33203125 0.06944444444444445 0.333984375 0.07291666666666667
1 0.24609375 0.04513888888888889 0.25390625 0.06597222222222222 0.25390625 0.08333333333333333 0.251953125 0.08680555555555555 0.25390625 0.09375 0.248046875 0.1076388888888889 0.248046875 0.11805555555555555 0.23828125 0.14930555555555555 0.23828125 0.15625 0.234375 0.15625 0.232421875 0.14930555555555555 0.23046875 0.12152777777777778 0.2265625 0.1111111111111111 0.224609375 0.052083333333333336 0.2265625 0.04861111111111111 0.240234375 0.04861111111111111 0.244140625 0.04513888888888889
1 0.318359375 0.6493055555555556 0.326171875 0.6597222222222222 0.33203125 0.6597222222222222 0.337890625 0.6666666666666666 0.3515625 0.6701388888888888 0.359375 0.6770833333333334 0.3671875 0.6944444444444444 0.365234375 0.7152777777777778 0.36328125 0.71875 0.357421875 0.71875 0.34765625 0.7361111111111112 0.34765625 0.7430555555555556 0.333984375 0.7916666666666666 0.333984375 0.7986111111111112 0.32421875 0.7951388888888888 0.322265625 0.7881944444444444 0.318359375 0.7881944444444444 0.31640625 0.7847222222222222 0.30859375 0.7847222222222222 0.306640625 0.78125 0.30078125 0.78125 0.296875 0.7777777777777778 0.296875 0.7604166666666666 0.30078125 0.75 0.30078125 0.7361111111111112 0.302734375 0.7326388888888888 0.302734375 0.6944444444444444 0.30078125 0.6909722222222222 0.302734375 0.6875 0.302734375 0.6736111111111112 0.30078125 0.6666666666666666 0.306640625 0.6527777777777778 0.310546875 0.6493055555555556 0.31640625 0.6493055555555556
1 0.166015625 0.4826388888888889 0.169921875 0.4965277777777778 0.169921875 0.5104166666666666 0.166015625 0.5138888888888888 0.158203125 0.53125 0.158203125 0.5625 0.15625 0.5659722222222222 0.154296875 0.5902777777777778 0.15234375 0.5868055555555556 0.142578125 0.5868055555555556 0.140625 0.5833333333333334 0.130859375 0.5833333333333334 0.12890625 0.5798611111111112 0.115234375 0.5798611111111112 0.115234375 0.5381944444444444 0.103515625 0.5034722222222222 0.103515625 0.4895833333333333 0.10546875 0.4861111111111111 0.10546875 0.4791666666666667 0.11328125 0.46875 0.126953125 0.46875 0.130859375 0.4791666666666667 0.134765625 0.4791666666666667 0.13671875 0.4826388888888889 0.146484375 0.4826388888888889 0.1484375 0.4791666666666667 0.162109375 0.4791666666666667 0.1640625 0.4826388888888889
1 0.619140625 0.052083333333333336 0.623046875 0.0625 0.62109375 0.09722222222222222 0.6171875 0.10416666666666667 0.6171875 0.11805555555555555 0.62109375 0.1284722222222222 0.62109375 0.14583333333333334 0.6171875 0.15625 0.6015625 0.16666666666666666 0.5859375 0.16319444444444445 0.578125 0.1527777777777778 0.578125 0.1284722222222222 0.580078125 0.125 0.578125 0.0798611111111111 0.58203125 0.07291666666666667 0.583984375 0.0625 0.58984375 0.05555555555555555 0.599609375 0.05555555555555555 0.609375 0.04861111111111111 0.615234375 0.04861111111111111 0.6171875 0.052083333333333336
1 0.712890625 0.3576388888888889 0.71484375 0.3611111111111111 0.71484375 0.375 0.712890625 0.3784722222222222 0.703125 0.3784722222222222 0.697265625 0.3888888888888889 0.697265625 0.4583333333333333 0.693359375 0.46875 0.67578125 0.4652777777777778 0.6640625 0.4548611111111111 0.65234375 0.4513888888888889 0.65234375 0.4375 0.654296875 0.4340277777777778 0.654296875 0.3680555555555556 0.65625 0.3611111111111111 0.6640625 0.3541666666666667 0.673828125 0.3541666666666667 0.67578125 0.3576388888888889 0.7109375 0.3576388888888889
1 0.419921875 0.3506944444444444 0.421875 0.3541666666666667 0.435546875 0.3541666666666667 0.439453125 0.3576388888888889 0.443359375 0.3680555555555556 0.443359375 0.3923611111111111 0.439453125 0.3958333333333333 0.4296875 0.3854166666666667 0.416015625 0.4131944444444444 0.416015625 0.4618055555555556 0.3984375 0.4479166666666667 0.39453125 0.4375 0.390625 0.4375 0.390625 0.4027777777777778 0.392578125 0.3993055555555556 0.392578125 0.3819444444444444 0.39453125 0.3784722222222222 0.396484375 0.3611111111111111 0.400390625 0.3506944444444444 0.40234375 0.3472222222222222 0.416015625 0.3472222222222222 0.41796875 0.3506944444444444
1 0.44921875 0.5972222222222222 0.443359375 0.5868055555555556 0.435546875 0.5833333333333334 0.4296875 0.5902777777777778 0.423828125 0.6041666666666666 0.41015625 0.6145833333333334 0.40234375 0.625 0.3984375 0.625 0.390625 0.6180555555555556 0.373046875 0.5868055555555556 0.373046875 0.5798611111111112 0.380859375 0.5729166666666666 0.390625 0.5555555555555556 0.400390625 0.5486111111111112 0.41796875 0.5243055555555556 0.421875 0.5208333333333334 0.427734375 0.5208333333333334 0.4296875 0.5243055555555556 0.43359375 0.5243055555555556 0.447265625 0.5520833333333334 0.453125 0.5729166666666666 0.453125 0.5833333333333334 0.44921875 0.59375
1 0.677734375 0.84375 0.685546875 0.8541666666666666 0.689453125 0.8541666666666666 0.69140625 0.8576388888888888 0.708984375 0.8576388888888888 0.72265625 0.8680555555555556 0.724609375 0.875 0.724609375 0.8854166666666666 0.708984375 0.8854166666666666 0.70703125 0.8888888888888888 0.705078125 0.8854166666666666 0.69921875 0.8854166666666666 0.697265625 0.8888888888888888 0.689453125 0.8888888888888888 0.6875 0.8854166666666666 0.662109375 0.8854166666666666 0.66015625 0.8819444444444444 0.66015625 0.8680555555555556 0.658203125 0.8645833333333334 0.658203125 0.8541666666666666 0.66015625 0.8472222222222222 0.662109375 0.84375 0.67578125 0.84375
1 0.6484375 0.3263888888888889 0.65234375 0.3263888888888889 0.654296875 0.3229166666666667 0.66796875 0.3229166666666667 0.671875 0.3333333333333333 0.671875 0.3506944444444444 0.66796875 0.3541666666666667 0.66015625 0.3541666666666667 0.654296875 0.3645833333333333 0.65234375 0.3819444444444444 0.646484375 0.3923611111111111 0.642578125 0.3958333333333333 0.6328125 0.3958333333333333 0.630859375 0.3923611111111111 0.6328125 0.3854166666666667 0.6328125 0.375 0.634765625 0.375 0.64453125 0.3541666666666667 0.64453125 0.3402777777777778 0.6484375 0.3298611111111111
2 0.833984375 0.7708333333333334 0.837890625 0.7743055555555556 0.845703125 0.7916666666666666 0.84375 0.8125 0.837890625 0.8298611111111112 0.841796875 0.8368055555555556 0.85546875 0.8368055555555556 0.857421875 0.8402777777777778 0.86328125 0.8402777777777778 0.8671875 0.8472222222222222 0.869140625 0.8854166666666666 0.853515625 0.8854166666666666 0.8515625 0.8888888888888888 0.845703125 0.8888888888888888 0.84375 0.8854166666666666 0.791015625 0.8854166666666666 0.791015625 0.8715277777777778 0.796875 0.8472222222222222 0.80078125 0.8472222222222222 0.806640625 0.8402777777777778 0.8046875 0.8159722222222222 0.806640625 0.8125 0.806640625 0.7951388888888888 0.80859375 0.7881944444444444 0.81640625 0.7743055555555556 0.8203125 0.7743055555555556 0.822265625 0.7708333333333334 0.83203125 0.7708333333333334
2 0.462890625 0.5138888888888888 0.46875 0.5277777777777778 0.46875 0.5381944444444444 0.462890625 0.5555555555555556 0.453125 0.5694444444444444 0.453125 0.5868055555555556 0.44921875 0.59375 0.44921875 0.6006944444444444 0.43359375 0.625 0.43359375 0.6319444444444444 0.42578125 0.6458333333333334 0.42578125 0.6527777777777778 0.423828125 0.65625 0.42578125 0.7013888888888888 0.431640625 0.7291666666666666 0.439453125 0.7395833333333334 0.44921875 0.7395833333333334 0.453125 0.7430555555555556 0.453125 0.7534722222222222 0.44921875 0.7569444444444444 0.4375 0.7569444444444444 0.435546875 0.7604166666666666 0.421875 0.7604166666666666 0.419921875 0.7569444444444444 0.419921875 0.7326388888888888 0.41796875 0.7291666666666666 0.41796875 0.71875 0.4140625 0.7118055555555556 0.4140625 0.7048611111111112 0.408203125 0.6875 0.404296875 0.6944444444444444 0.400390625 0.7118055555555556 0.396484375 0.71875 0.392578125 0.7152777777777778 0.3984375 0.6909722222222222 0.404296875 0.6840277777777778 0.404296875 0.6631944444444444 0.400390625 0.65625 0.392578125 0.6527777777777778 0.3828125 0.6701388888888888 0.37109375 0.6840277777777778 0.3671875 0.6840277777777778 0.357421875 0.6701388888888888 0.357421875 0.6527777777777778 0.3671875 0.6284722222222222 0.3671875 0.6006944444444444 0.365234375 0.5972222222222222 0.359375 0.6076388888888888 0.35546875 0.6076388888888888 0.353515625 0.6041666666666666 0.349609375 0.6041666666666666 0.34765625 0.5972222222222222 0.349609375 0.59375 0.361328125 0.59375 0.365234375 0.5902777777777778 0.3828125 0.5694444444444444 0.390625 0.5520833333333334 0.396484375 0.5520833333333334 0.400390625 0.5486111111111112 0.4140625 0.5277777777777778 0.421875 0.5208333333333334 0.427734375 0.5208333333333334 0.4375 0.5277777777777778 0.4453125 0.5104166666666666 0.458984375 0.5104166666666666 0.4609375 0.5138888888888888
2 0.033203125 0.017361111111111112 0.03515625 0.020833333333333332 0.037109375 0.041666666666666664 0.033203125 0.03819444444444445 0.025390625 0.041666666666666664 0.01953125 0.052083333333333336 0.01953125 0.059027777777777776 0.021484375 0.0625 0.015625 0.07291666666666667 0.009765625 0.0763888888888889 0.001953125 0.09027777777777778 0 0.09027777777777778 0 0.0763888888888889 0.001953125 0.0763888888888889 0.00390625 0.06944444444444445 0.005859375 0.06944444444444445 0.01171875 0.059027777777777776 0.01171875 0.04513888888888889 0.015625 0.027777777777777776 0.021484375 0.017361111111111112 0.025390625 0.017361111111111112 0.02734375 0.013888888888888888 0.03125 0.017361111111111112
2 0.83984375 0.5173611111111112 0.845703125 0.5243055555555556 0.845703125 0.5347222222222222 0.84765625 0.5381944444444444 0.84765625 0.5590277777777778 0.849609375 0.5625 0.8671875 0.5659722222222222 0.87109375 0.5729166666666666 0.87109375 0.59375 0.873046875 0.5972222222222222 0.873046875 0.6076388888888888 0.87890625 0.6215277777777778 0.87890625 0.6284722222222222 0.880859375 0.6319444444444444 0.880859375 0.65625 0.8828125 0.6597222222222222 0.884765625 0.6875 0.88671875 0.6909722222222222 0.88671875 0.7083333333333334 0.884765625 0.7118055555555556 0.87890625 0.7152777777777778 0.87109375 0.7048611111111112 0.87109375 0.6944444444444444 0.875 0.6875 0.875 0.6736111111111112 0.87109375 0.6597222222222222 0.87109375 0.6458333333333334 0.869140625 0.6388888888888888 0.86328125 0.6319444444444444 0.861328125 0.6354166666666666 0.859375 0.7152777777777778 0.861328125 0.71875 0.861328125 0.7361111111111112 0.86328125 0.7395833333333334 0.861328125 0.7430555555555556 0.86328125 0.7638888888888888 0.861328125 0.7673611111111112 0.861328125 0.78125 0.853515625 0.7986111111111112 0.84765625 0.7986111111111112 0.84765625 0.7916666666666666 0.841796875 0.78125 0.841796875 0.7743055555555556 0.8359375 0.7638888888888888 0.830078125 0.7638888888888888 0.828125 0.7673611111111112 0.81640625 0.7708333333333334 0.80859375 0.7847222222222222 0.8046875 0.7847222222222222 0.8046875 0.7604166666666666 0.806640625 0.7569444444444444 0.80859375 0.7048611111111112 0.80078125 0.6770833333333334 0.80078125 0.6631944444444444 0.802734375 0.6597222222222222 0.802734375 0.6111111111111112 0.80078125 0.6076388888888888 0.80078125 0.5833333333333334 0.818359375 0.5694444444444444 0.8203125 0.5659722222222222 0.8203125 0.5381944444444444 0.822265625 0.53125 0.828125 0.5208333333333334 0.83203125 0.5173611111111112 0.837890625 0.5173611111111112
2 0.349609375 0.6076388888888888 0.353515625 0.6111111111111112 0.357421875 0.6215277777777778 0.357421875 0.6388888888888888 0.353515625 0.6527777777777778 0.353515625 0.6701388888888888 0.365234375 0.6875 0.3671875 0.6944444444444444 0.3671875 0.7048611111111112 0.361328125 0.7256944444444444 0.361328125 0.7534722222222222 0.359375 0.7569444444444444 0.359375 0.7638888888888888 0.357421875 0.7673611111111112 0.34765625 0.7673611111111112 0.345703125 0.7638888888888888 0.33984375 0.7743055555555556 0.33984375 0.78125 0.333984375 0.7986111111111112 0.333984375 0.8090277777777778 0.33203125 0.8125 0.333984375 0.8194444444444444 0.33203125 0.8229166666666666 0.33203125 0.8368055555555556 0.330078125 0.8402777777777778 0.328125 0.8611111111111112 0.318359375 0.8854166666666666 0.287109375 0.8854166666666666 0.2890625 0.8715277777777778 0.29296875 0.8680555555555556 0.298828125 0.8472222222222222 0.298828125 0.8368055555555556 0.2890625 0.8090277777777778 0.294921875 0.78125 0.294921875 0.7708333333333334 0.287109375 0.7638888888888888 0.28515625 0.7569444444444444 0.28515625 0.7465277777777778 0.28125 0.7395833333333334 0.28125 0.7291666666666666 0.275390625 0.7152777777777778 0.275390625 0.7083333333333334 0.2734375 0.7048611111111112 0.275390625 0.7013888888888888 0.275390625 0.6944444444444444 0.279296875 0.6875 0.2890625 0.6805555555555556 0.29296875 0.6736111111111112 0.296875 0.6736111111111112 0.3046875 0.6527777777777778 0.30859375 0.6493055555555556 0.322265625 0.6493055555555556 0.32421875 0.6527777777777778 0.328125 0.6423611111111112 0.328125 0.6319444444444444 0.33203125 0.6180555555555556 0.337890625 0.6076388888888888 0.34765625 0.6076388888888888
2 0.5078125 0.4166666666666667 0.51171875 0.4131944444444444 0.525390625 0.4131944444444444 0.529296875 0.4166666666666667 0.53515625 0.4340277777777778 0.53515625 0.4479166666666667 0.525390625 0.4722222222222222 0.525390625 0.4791666666666667 0.5390625 0.4930555555555556 0.54296875 0.4930555555555556 0.55078125 0.5 0.560546875 0.5 0.5625 0.5034722222222222 0.560546875 0.5104166666666666 0.546875 0.5104166666666666 0.541015625 0.5034722222222222 0.53515625 0.5034722222222222 0.525390625 0.4965277777777778 0.517578125 0.4965277777777778 0.50390625 0.5243055555555556 0.50390625 0.53125 0.498046875 0.5520833333333334 0.498046875 0.5659722222222222 0.4921875 0.5868055555555556 0.490234375 0.6076388888888888 0.484375 0.6215277777777778 0.4765625 0.6215277777777778 0.474609375 0.6145833333333334 0.470703125 0.6111111111111112 0.462890625 0.6180555555555556 0.458984375 0.6284722222222222 0.455078125 0.6319444444444444 0.443359375 0.6319444444444444 0.439453125 0.6284722222222222 0.443359375 0.6145833333333334 0.44921875 0.6076388888888888 0.455078125 0.5868055555555556 0.45703125 0.5659722222222222 0.46484375 0.5590277777777778 0.466796875 0.5486111111111112 0.47265625 0.5347222222222222 0.470703125 0.5243055555555556 0.4609375 0.5069444444444444 0.458984375 0.5069444444444444 0.45703125 0.5 0.46875 0.4791666666666667 0.470703125 0.4791666666666667 0.4921875 0.4479166666666667 0.498046875 0.4444444444444444 0.50390625 0.4340277777777778 0.50390625 0.4270833333333333 0.5078125 0.4201388888888889
2 0.150390625 0.4166666666666667 0.158203125 0.4340277777777778 0.158203125 0.4652777777777778 0.15625 0.4722222222222222 0.16015625 0.4791666666666667 0.166015625 0.4826388888888889 0.169921875 0.4965277777777778 0.169921875 0.5104166666666666 0.16796875 0.5173611111111112 0.169921875 0.5208333333333334 0.169921875 0.53125 0.171875 0.5347222222222222 0.173828125 0.5590277777777778 0.17578125 0.5625 0.17578125 0.6006944444444444 0.171875 0.6041666666666666 0.16796875 0.5868055555555556 0.16796875 0.5763888888888888 0.162109375 0.5659722222222222 0.158203125 0.5694444444444444 0.158203125 0.5798611111111112 0.15625 0.5833333333333334 0.15625 0.6076388888888888 0.158203125 0.6111111111111112 0.158203125 0.6284722222222222 0.16015625 0.6319444444444444 0.158203125 0.6701388888888888 0.15625 0.6736111111111112 0.15625 0.6840277777777778 0.154296875 0.6875 0.154296875 0.6979166666666666 0.15234375 0.7048611111111112 0.146484375 0.7152777777777778 0.13671875 0.7152777777777778 0.134765625 0.71875 0.1328125 0.7395833333333334 0.134765625 0.7430555555555556 0.134765625 0.7604166666666666 0.138671875 0.7708333333333334 0.134765625 0.78125 0.126953125 0.78125 0.126953125 0.7604166666666666 0.125 0.7569444444444444 0.125 0.7430555555555556 0.123046875 0.7395833333333334 0.123046875 0.71875 0.1171875 0.7083333333333334 0.115234375 0.7083333333333334 0.109375 0.7222222222222222 0.10546875 0.71875 0.10546875 0.6944444444444444 0.107421875 0.6909722222222222 0.107421875 0.6770833333333334 0.109375 0.6701388888888888 0.119140625 0.6701388888888888 0.12109375 0.6666666666666666 0.12109375 0.6597222222222222 0.1171875 0.6458333333333334 0.1171875 0.6354166666666666 0.115234375 0.6319444444444444 0.115234375 0.5416666666666666 0.109375 0.5277777777777778 0.095703125 0.5381944444444444 0.091796875 0.5451388888888888 0.0859375 0.5381944444444444 0.083984375 0.5277777777777778 0.099609375 0.5034722222222222 0.10546875 0.4861111111111111 0.10546875 0.4791666666666667 0.109375 0.4722222222222222 0.11328125 0.46875 0.126953125 0.46875 0.12890625 0.4652777777777778 0.12890625 0.4444444444444444 0.130859375 0.4409722222222222 0.130859375 0.4305555555555556 0.138671875 0.4166666666666667 0.1484375 0.4166666666666667
2 0.70703125 0.3541666666666667 0.71484375 0.3611111111111111 0.71484375 0.3784722222222222 0.712890625 0.3819444444444444 0.7109375 0.4201388888888889 0.708984375 0.4236111111111111 0.708984375 0.4479166666666667 0.712890625 0.4548611111111111 0.7109375 0.46875 0.71484375 0.4791666666666667 0.71484375 0.4861111111111111 0.712890625 0.4895833333333333 0.712890625 0.4965277777777778 0.708984375 0.5 0.70703125 0.4895833333333333 0.703125 0.4826388888888889 0.701171875 0.46875 0.69921875 0.4652777777777778 0.697265625 0.46875 0.697265625 0.4791666666666667 0.6953125 0.4826388888888889 0.6953125 0.4930555555555556 0.697265625 0.4965277777777778 0.697265625 0.5243055555555556 0.6953125 0.5277777777777778 0.6953125 0.5625 0.689453125 0.5902777777777778 0.689453125 0.625 0.68359375 0.6354166666666666 0.673828125 0.6354166666666666 0.673828125 0.6180555555555556 0.677734375 0.6041666666666666 0.677734375 0.5833333333333334 0.6796875 0.5798611111111112 0.6796875 0.5659722222222222 0.681640625 0.5625 0.681640625 0.5381944444444444 0.673828125 0.5277777777777778 0.666015625 0.53125 0.65234375 0.5590277777777778 0.64453125 0.5833333333333334 0.638671875 0.59375 0.630859375 0.6215277777777778 0.630859375 0.6284722222222222 0.626953125 0.6423611111111112 0.626953125 0.6527777777777778 0.625 0.65625 0.625 0.6875 0.623046875 0.6909722222222222 0.6171875 0.6909722222222222 0.615234375 0.6875 0.61328125 0.6493055555555556 0.619140625 0.6284722222222222 0.6171875 0.6145833333333334 0.623046875 0.6076388888888888 0.626953125 0.5902777777777778 0.626953125 0.5763888888888888 0.6328125 0.5555555555555556 0.63671875 0.5486111111111112 0.638671875 0.5069444444444444 0.640625 0.5034722222222222 0.640625 0.4826388888888889 0.646484375 0.4652777777777778 0.646484375 0.4583333333333333 0.650390625 0.4513888888888889 0.65234375 0.4305555555555556 0.654296875 0.4270833333333333 0.654296875 0.3680555555555556 0.65625 0.3611111111111111 0.669921875 0.3541666666666667 0.673828125 0.3472222222222222 0.673828125 0.3263888888888889 0.681640625 0.3090277777777778 0.69140625 0.3090277777777778 0.693359375 0.3125 0.693359375 0.3159722222222222 0.69921875 0.3263888888888889 0.705078125 0.3541666666666667
2 0.44140625 0.3090277777777778 0.447265625 0.3229166666666667 0.447265625 0.3333333333333333 0.439453125 0.3506944444444444 0.439453125 0.3576388888888889 0.443359375 0.3645833333333333 0.443359375 0.3923611111111111 0.43359375 0.4097222222222222 0.427734375 0.4305555555555556 0.427734375 0.4722222222222222 0.42578125 0.4756944444444444 0.42578125 0.5 0.423828125 0.5034722222222222 0.423828125 0.5138888888888888 0.39453125 0.5486111111111112 0.390625 0.5486111111111112 0.390625 0.53125 0.38671875 0.5208333333333334 0.373046875 0.5381944444444444 0.3671875 0.5381944444444444 0.365234375 0.5347222222222222 0.365234375 0.5277777777777778 0.373046875 0.5104166666666666 0.373046875 0.5034722222222222 0.37890625 0.4930555555555556 0.3828125 0.4965277777777778 0.38671875 0.4930555555555556 0.38671875 0.4826388888888889 0.3828125 0.4756944444444444 0.376953125 0.4826388888888889 0.373046875 0.4826388888888889 0.37109375 0.4756944444444444 0.37109375 0.4652777777777778 0.380859375 0.4652777777777778 0.38671875 0.4513888888888889 0.3828125 0.4409722222222222 0.3828125 0.4305555555555556 0.380859375 0.4270833333333333 0.380859375 0.40625 0.39453125 0.375 0.39453125 0.3680555555555556 0.40234375 0.3472222222222222 0.416015625 0.3472222222222222 0.41796875 0.34375 0.419921875 0.3159722222222222 0.421875 0.3125 0.427734375 0.3055555555555556 0.4375 0.3055555555555556 0.439453125 0.3090277777777778
2 0.134765625 0.006944444444444444 0.158203125 0.006944444444444444 0.158203125 0.013888888888888888 0.1640625 0.024305555555555556 0.173828125 0.034722222222222224 0.173828125 0.06597222222222222 0.17578125 0.06944444444444445 0.17578125 0.09027777777777778 0.171875 0.09027777777777778 0.166015625 0.06944444444444445 0.154296875 0.04861111111111111 0.142578125 0.04861111111111111 0.138671875 0.05555555555555555 0.138671875 0.0625 0.13671875 0.06597222222222222 0.13671875 0.08680555555555555 0.119140625 0.10416666666666667 0.1171875 0.10069444444444445 0.1171875 0.05555555555555555 0.119140625 0.052083333333333336 0.1171875 0.04861111111111111 0.1171875 0.03819444444444445 0.12109375 0.024305555555555556 0.12890625 0.024305555555555556 0.134765625 0.013888888888888888 0.134765625 0.010416666666666666
2 0.703125 0.7986111111111112 0.70703125 0.8020833333333334 0.712890625 0.8229166666666666 0.7109375 0.8541666666666666 0.72265625 0.8680555555555556 0.724609375 0.875 0.724609375 0.8854166666666666 0.69921875 0.8854166666666666 0.697265625 0.8888888888888888 0.689453125 0.8888888888888888 0.6875 0.8854166666666666 0.673828125 0.8854166666666666 0.671875 0.8888888888888888 0.669921875 0.8854166666666666 0.66015625 0.8854166666666666 0.658203125 0.8784722222222222 0.66015625 0.875 0.658203125 0.8541666666666666 0.662109375 0.84375 0.677734375 0.84375 0.68359375 0.8298611111111112 0.68359375 0.8194444444444444 0.6875 0.8055555555555556 0.69140625 0.7986111111111112 0.701171875 0.7986111111111112
2 0.646484375 0.4513888888888889 0.638671875 0.4861111111111111 0.634765625 0.5486111111111112 0.623046875 0.5798611111111112 0.623046875 0.6041666666666666 0.6171875 0.6145833333333334 0.611328125 0.6145833333333334 0.607421875 0.6041666666666666 0.615234375 0.5833333333333334 0.6171875 0.5625 0.62109375 0.5520833333333334 0.62109375 0.5416666666666666 0.626953125 0.5243055555555556 0.6328125 0.5138888888888888 0.6328125 0.4930555555555556 0.64453125 0.4548611111111111