0 0.7421875 0.6493055555555556 0.744140625 0.65625 0.744140625 0.6840277777777778 0.74609375 0.6875 0.744140625 0.6944444444444444 0.740234375 0.6979166666666666 0.716796875 0.6944444444444444 0.71484375 0.6909722222222222 0.716796875 0.6597222222222222 0.71875 0.6527777777777778 0.724609375 0.6458333333333334 0.73828125 0.6458333333333334 0.740234375 0.6493055555555556
0 0.724609375 0.4756944444444444 0.732421875 0.4861111111111111 0.732421875 0.5 0.728515625 0.5034722222222222 0.71875 0.5034722222222222 0.716796875 0.5069444444444444 0.7109375 0.5069444444444444 0.7109375 0.4861111111111111 0.716796875 0.4756944444444444 0.72265625 0.4756944444444444
0 0.58203125 0.6527777777777778 0.583984375 0.65625 0.587890625 0.65625 0.591796875 0.6631944444444444 0.59765625 0.6631944444444444 0.60546875 0.6840277777777778 0.60546875 0.7152777777777778 0.599609375 0.71875 0.595703125 0.7256944444444444 0.5703125 0.7256944444444444 0.560546875 0.71875 0.564453125 0.7048611111111112 0.564453125 0.6805555555555556 0.568359375 0.6701388888888888 0.578125 0.6527777777777778 0.580078125 0.6527777777777778
0 0.70703125 0.5069444444444444 0.70703125 0.5138888888888888 0.69921875 0.5243055555555556 0.69140625 0.5243055555555556 0.693359375 0.5104166666666666 0.6953125 0.5069444444444444 0.705078125 0.5069444444444444
1 0.759765625 0.7013888888888888 0.763671875 0.7083333333333334 0.763671875 0.7152777777777778 0.765625 0.71875 0.765625 0.7361111111111112 0.759765625 0.7465277777777778 0.759765625 0.7569444444444444 0.76171875 0.7638888888888888 0.7578125 0.7743055555555556 0.755859375 0.8229166666666666 0.748046875 0.8229166666666666 0.74609375 0.8194444444444444 0.740234375 0.8194444444444444 0.732421875 0.8125 0.72265625 0.8125 0.720703125 0.8090277777777778 0.712890625 0.8125 0.708984375 0.8055555555555556 0.708984375 0.7986111111111112 0.703125 0.7847222222222222 0.703125 0.7708333333333334 0.69921875 0.7569444444444444 0.69921875 0.7430555555555556 0.693359375 0.7361111111111112 0.693359375 0.7222222222222222 0.697265625 0.7083333333333334 0.705078125 0.7013888888888888 0.748046875 0.7013888888888888 0.75 0.6979166666666666 0.7578125 0.7013888888888888
1 0 0.7673611111111112 0.009765625 0.7673611111111112 0.01171875 0.7638888888888888 0.033203125 0.7638888888888888 0.0390625 0.7708333333333334 0.048828125 0.7708333333333334 0.056640625 0.7777777777777778 0.056640625 0.7881944444444444 0.0546875 0.7916666666666666 0.05078125 0.7951388888888888 0.0390625 0.7951388888888888 0.033203125 0.8159722222222222 0.0234375 0.8298611111111112 0.0234375 0.8402777777777778 0.025390625 0.8472222222222222 0.021484375 0.8541666666666666 0.021484375 0.875 0.02734375 0.8923611111111112 0.033203125 0.8993055555555556 0.01953125 0.9097222222222222 0 0.9097222222222222 0 0.7708333333333334
1 0.037109375 0.7604166666666666 0.037109375 0.7534722222222222 0.04296875 0.7395833333333334 0.04296875 0.7222222222222222 0.05078125 0.7083333333333334 0.052734375 0.6909722222222222 0.060546875 0.6770833333333334 0.0703125 0.6701388888888888 0.076171875 0.6701388888888888 0.078125 0.6666666666666666 0.103515625 0.6666666666666666 0.10546875 0.6736111111111112 0.10546875 0.6944444444444444 0.103515625 0.6979166666666666 0.10546875 0.7048611111111112 0.103515625 0.7083333333333334 0.103515625 0.7256944444444444 0.083984375 0.7777777777777778 0.07421875 0.7881944444444444 0.064453125 0.7881944444444444 0.056640625 0.7708333333333334 0.052734375 0.7673611111111112 0.046875 0.7673611111111112 0.0390625 0.7604166666666666
1 0.716796875 0.6076388888888888 0.712890625 0.5833333333333334 0.70703125 0.5729166666666666 0.70703125 0.5625 0.703125 0.5520833333333334 0.703125 0.5416666666666666 0.701171875 0.5381944444444444 0.701171875 0.5243055555555556 0.712890625 0.5104166666666666 0.716796875 0.5104166666666666 0.71875 0.5069444444444444 0.728515625 0.5069444444444444 0.73046875 0.5034722222222222 0.740234375 0.5034722222222222 0.7421875 0.5069444444444444 0.74609375 0.5069444444444444 0.75 0.5173611111111112 0.75 0.53125 0.74609375 0.5416666666666666 0.74609375 0.5625 0.748046875 0.5659722222222222 0.74609375 0.5694444444444444 0.74609375 0.6006944444444444 0.744140625 0.6076388888888888 0.73828125 0.6076388888888888 0.736328125 0.6111111111111112 0.720703125 0.6111111111111112 0.71875 0.6076388888888888
1 0.189453125 0.3506944444444444 0.19140625 0.3541666666666667 0.203125 0.3541666666666667 0.205078125 0.3576388888888889 0.2109375 0.3576388888888889 0.21484375 0.3645833333333333 0.21484375 0.40625 0.212890625 0.4097222222222222 0.181640625 0.40625 0.1796875 0.4027777777777778 0.1796875 0.3715277777777778 0.181640625 0.3680555555555556 0.181640625 0.3541666666666667 0.1875 0.3506944444444444
1 0.68359375 0.5555555555555556 0.68359375 0.5868055555555556 0.6796875 0.59375 0.669921875 0.59375 0.66796875 0.5902777777777778 0.66796875 0.5659722222222222 0.67578125 0.5555555555555556 0.681640625 0.5555555555555556
1 0.572265625 0.7291666666666666 0.57421875 0.7326388888888888 0.62109375 0.7326388888888888 0.62890625 0.7430555555555556 0.62890625 0.7743055555555556 0.626953125 0.7777777777777778 0.626953125 0.7881944444444444 0.623046875 0.7951388888888888 0.623046875 0.8020833333333334 0.615234375 0.8368055555555556 0.615234375 0.8819444444444444 0.61328125 0.8854166666666666 0.591796875 0.8854166666666666 0.58984375 0.8819444444444444 0.560546875 0.8819444444444444 0.55859375 0.8854166666666666 0.55078125 0.8854166666666666 0.548828125 0.8819444444444444 0.548828125 0.8506944444444444 0.55078125 0.8472222222222222 0.55078125 0.7881944444444444 0.548828125 0.7847222222222222 0.546875 0.7604166666666666 0.544921875 0.7569444444444444 0.5390625 0.7569444444444444 0.53515625 0.7534722222222222 0.53515625 0.7395833333333334 0.537109375 0.7326388888888888 0.54296875 0.7326388888888888 0.544921875 0.7291666666666666 0.5703125 0.7291666666666666
1 0.6953125 0.5277777777777778 0.69921875 0.5347222222222222 0.69921875 0.5451388888888888 0.703125 0.5555555555555556 0.703125 0.5798611111111112 0.705078125 0.5868055555555556 0.69140625 0.5833333333333334 0.6796875 0.59375 0.673828125 0.59375 0.669921875 0.5902777777777778 0.669921875 0.5659722222222222 0.677734375 0.5590277777777778 0.68359375 0.5486111111111112 0.681640625 0.5416666666666666 0.6875 0.5277777777777778 0.693359375 0.5277777777777778
2 0.0625 0.2708333333333333 0.064453125 0.2743055555555556 0.06640625 0.2708333333333333 0.0703125 0.2708333333333333 0.078125 0.2777777777777778 0.08203125 0.2916666666666667 0.083984375 0.3125 0.0859375 0.3159722222222222 0.0859375 0.3541666666666667 0.08203125 0.3715277777777778 0.08203125 0.3854166666666667 0.078125 0.3993055555555556 0.080078125 0.4027777777777778 0.078125 0.4097222222222222 0.078125 0.4236111111111111 0.0703125 0.4236111111111111 0.068359375 0.4201388888888889 0.068359375 0.4131944444444444 0.0625 0.4027777777777778 0.046875 0.3923611111111111 0.044921875 0.3854166666666667 0.05078125 0.3645833333333333 0.052734375 0.3402777777777778 0.056640625 0.3229166666666667 0.0546875 0.2743055555555556 0.060546875 0.2708333333333333
2 0.740234375 0.6493055555555556 0.744140625 0.6631944444444444 0.744140625 0.6805555555555556 0.74609375 0.6875 0.763671875 0.7083333333333334 0.767578125 0.7361111111111112 0.775390625 0.7534722222222222 0.78125 0.7743055555555556 0.78125 0.78125 0.783203125 0.7847222222222222 0.783203125 0.8159722222222222 0.779296875 0.8298611111111112 0.77734375 0.8611111111111112 0.771484375 0.8715277777777778 0.765625 0.8680555555555556 0.765625 0.8611111111111112 0.76953125 0.8541666666666666 0.76953125 0.8333333333333334 0.7734375 0.8263888888888888 0.7734375 0.7951388888888888 0.763671875 0.7743055555555556 0.759765625 0.7777777777777778 0.7578125 0.7847222222222222 0.755859375 0.8333333333333334 0.75 0.8611111111111112 0.75 0.9097222222222222 0.748046875 0.9131944444444444 0.748046875 0.9236111111111112 0.740234375 0.9479166666666666 0.73828125 0.9618055555555556 0.724609375 0.9826388888888888 0.724609375 0.9965277777777778 0.7109375 0.9965277777777778 0.712890625 0.9722222222222222 0.716796875 0.9583333333333334 0.72265625 0.9513888888888888 0.7265625 0.9340277777777778 0.724609375 0.9027777777777778 0.72265625 0.8993055555555556 0.712890625 0.8993055555555556 0.697265625 0.9305555555555556 0.6796875 0.9930555555555556 0.677734375 0.9965277777777778 0.671875 0.9965277777777778 0.669921875 0.9930555555555556 0.671875 0.9895833333333334 0.671875 0.9722222222222222 0.673828125 0.96875 0.673828125 0.9583333333333334 0.67578125 0.9548611111111112 0.677734375 0.9375 0.69140625 0.9166666666666666 0.693359375 0.9097222222222222 0.693359375 0.8854166666666666 0.705078125 0.8402777777777778 0.703125 0.8263888888888888 0.697265625 0.8159722222222222 0.685546875 0.8055555555555556 0.685546875 0.7743055555555556 0.693359375 0.7430555555555556 0.693359375 0.7222222222222222 0.701171875 0.7013888888888888 0.70703125 0.7013888888888888 0.71484375 0.6909722222222222 0.716796875 0.6597222222222222 0.72265625 0.6493055555555556 0.7265625 0.6458333333333334 0.73828125 0.6493055555555556
2 0.03515625 0.7638888888888888 0.04296875 0.7708333333333334 0.05078125 0.7708333333333334 0.0546875 0.7743055555555556 0.05859375 0.7847222222222222 0.05859375 0.7951388888888888 0.056640625 0.7986111111111112 0.05859375 0.8298611111111112 0.0546875 0.8298611111111112 0.05078125 0.8368055555555556 0.046875 0.8368055555555556 0.044921875 0.8402777777777778 0.046875 0.8472222222222222 0.05078125 0.8472222222222222 0.048828125 0.8541666666666666 0.048828125 0.8680555555555556 0.05078125 0.8715277777777778 0.048828125 0.875 0.048828125 0.8854166666666666 0.04296875 0.8993055555555556 0.04296875 0.90625 0.041015625 0.9097222222222222 0.044921875 0.9270833333333334 0.06640625 0.9618055555555556 0.078125 0.9583333333333334 0.080078125 0.9548611111111112 0.091796875 0.9548611111111112 0.09375 0.9583333333333334 0.099609375 0.9583333333333334 0.107421875 0.96875 0.107421875 0.9756944444444444 0.103515625 0.9826388888888888 0.099609375 0.9826388888888888 0.09375 0.9930555555555556 0.0859375 0.9930555555555556 0.083984375 0.9965277777777778 0.00390625 0.9965277777777778 0 0.9930555555555556 0 0.7673611111111112 0.005859375 0.7673611111111112 0.0078125 0.7638888888888888 0.033203125 0.7638888888888888
2 0.0625 0.8229166666666666 0.05859375 0.8055555555555556 0.05859375 0.78125 0.052734375 0.7708333333333334 0.041015625 0.7673611111111112 0.033203125 0.7604166666666666 0.03125 0.7534722222222222 0.037109375 0.7430555555555556 0.0390625 0.7361111111111112 0.0390625 0.7256944444444444 0.05078125 0.7048611111111112 0.052734375 0.6909722222222222 0.0625 0.6736111111111112 0.06640625 0.6736111111111112 0.07421875 0.6631944444444444 0.08203125 0.6597222222222222 0.087890625 0.6527777777777778 0.091796875 0.6458333333333334 0.091796875 0.6388888888888888 0.1015625 0.625 0.123046875 0.625 0.125 0.6284722222222222 0.123046875 0.65625 0.115234375 0.6875 0.115234375 0.7152777777777778 0.107421875 0.7361111111111112 0.091796875 0.7569444444444444 0.087890625 0.7743055555555556 0.083984375 0.78125 0.083984375 0.7951388888888888 0.0859375 0.8020833333333334 0.103515625 0.8368055555555556 0.107421875 0.8541666666666666 0.095703125 0.8958333333333334 0.095703125 0.9027777777777778 0.091796875 0.9097222222222222 0.080078125 0.9097222222222222 0.076171875 0.90625 0.076171875 0.8784722222222222 0.078125 0.875 0.07421875 0.8611111111111112 0.07421875 0.8472222222222222 0.076171875 0.8402777777777778 0.072265625 0.8298611111111112 0.064453125 0.8229166666666666
2 0.72265625 0.4756944444444444 0.724609375 0.4791666666666667 0.728515625 0.4791666666666667 0.732421875 0.4930555555555556 0.73828125 0.5034722222222222 0.74609375 0.5069444444444444 0.751953125 0.5208333333333334 0.7578125 0.5416666666666666 0.7578125 0.5590277777777778 0.748046875 0.5659722222222222 0.748046875 0.6041666666666666 0.751953125 0.6076388888888888 0.751953125 0.6111111111111112 0.7578125 0.6215277777777778 0.771484375 0.6284722222222222 0.7734375 0.6319444444444444 0.7734375 0.6423611111111112 0.771484375 0.6458333333333334 0.763671875 0.6458333333333334 0.759765625 0.6423611111111112 0.751953125 0.6284722222222222 0.75 0.6284722222222222 0.748046875 0.6215277777777778 0.744140625 0.6319444444444444 0.744140625 0.6423611111111112 0.7265625 0.6423611111111112 0.724609375 0.6388888888888888 0.724609375 0.6319444444444444 0.716796875 0.6145833333333334 0.712890625 0.6006944444444444 0.712890625 0.5868055555555556 0.705078125 0.5694444444444444 0.705078125 0.5555555555555556 0.69921875 0.5277777777777778 0.708984375 0.5138888888888888 0.7109375 0.5069444444444444 0.7109375 0.4861111111111111 0.71484375 0.4791666666666667 0.720703125 0.4756944444444444
2 0.033203125 0.7569444444444444 0.0390625 0.7430555555555556 0.0390625 0.7291666666666666 0.041015625 0.7222222222222222 0.05078125 0.7048611111111112 0.05078125 0.6944444444444444 0.056640625 0.6840277777777778 0.056640625 0.6805555555555556 0.08984375 0.6493055555555556 0.091796875 0.6458333333333334 0.08984375 0.6388888888888888 0.1015625 0.625 0.123046875 0.625 0.125 0.6284722222222222 0.125 0.6388888888888888 0.123046875 0.6423611111111112 0.123046875 0.65625 0.1171875 0.6736111111111112 0.1171875 0.6840277777777778 0.11328125 0.7013888888888888 0.11328125 0.7152777777777778 0.107421875 0.7256944444444444 0.10546875 0.7361111111111112 0.08984375 0.7604166666666666 0.080078125 0.7916666666666666 0.080078125 0.7951388888888888 0.0859375 0.8055555555555556 0.0859375 0.8194444444444444 0.072265625 0.8194444444444444 0.068359375 0.8159722222222222 0.064453125 0.8055555555555556 0.060546875 0.78125 0.0546875 0.7708333333333334 0.041015625 0.7638888888888888 0.03515625 0.7569444444444444
2 0.685546875 0.5277777777777778 0.6875 0.5277777777777778 0.693359375 0.5173611111111112 0.693359375 0.5104166666666666 0.6953125 0.5069444444444444 0.705078125 0.5069444444444444 0.70703125 0.5104166666666666 0.70703125 0.5138888888888888 0.69921875 0.5243055555555556 0.69921875 0.5381944444444444 0.703125 0.5555555555555556 0.703125 0.5729166666666666 0.7109375 0.5868055555555556 0.7109375 0.6006944444444444 0.71484375 0.6111111111111112 0.712890625 0.625 0.708984375 0.625 0.705078125 0.6180555555555556 0.697265625 0.6180555555555556 0.693359375 0.6215277777777778 0.689453125 0.6354166666666666 0.6875 0.6354166666666666 0.681640625 0.6493055555555556 0.6640625 0.6701388888888888 0.6640625 0.6875 0.662109375 0.6909722222222222 0.662109375 0.6979166666666666 0.65234375 0.6979166666666666 0.650390625 0.6944444444444444 0.640625 0.6909722222222222 0.640625 0.6840277777777778 0.638671875 0.6805555555555556 0.640625 0.6770833333333334 0.640625 0.6666666666666666 0.658203125 0.6597222222222222 0.662109375 0.6493055555555556 0.6640625 0.6354166666666666 0.65234375 0.6180555555555556 0.6484375 0.6180555555555556 0.646484375 0.6145833333333334 0.6328125 0.6145833333333334 0.630859375 0.6111111111111112 0.6328125 0.6041666666666666 0.64453125 0.59375 0.65234375 0.6076388888888888 0.662109375 0.6111111111111112 0.66796875 0.59375 0.66796875 0.5659722222222222 0.671875 0.5590277777777778 0.681640625 0.5520833333333334 0.681640625 0.5416666666666666 0.685546875 0.53125
2 0.58984375 0.6597222222222222 0.599609375 0.6666666666666666 0.60546875 0.6875 0.60546875 0.7152777777777778 0.603515625 0.7152777777777778 0.599609375 0.7256944444444444 0.6015625 0.7291666666666666 0.62109375 0.7326388888888888 0.62890625 0.7430555555555556 0.62890625 0.78125 0.634765625 0.7916666666666666 0.64453125 0.8229166666666666 0.64453125 0.8368055555555556 0.642578125 0.8402777777777778 0.638671875 0.8402777777777778 0.63671875 0.84375 0.6171875 0.84375 0.615234375 0.8472222222222222 0.615234375 0.8923611111111112 0.6171875 0.8958333333333334 0.619140625 0.9548611111111112 0.6171875 0.9583333333333334 0.6171875 0.9756944444444444 0.615234375 0.9791666666666666 0.615234375 0.9930555555555556 0.61328125 0.9965277777777778 0.54296875 0.9965277777777778 0.544921875 0.9340277777777778 0.546875 0.9305555555555556 0.546875 0.9166666666666666 0.55078125 0.9027777777777778 0.55078125 0.8819444444444444 0.548828125 0.8784722222222222 0.548828125 0.8506944444444444 0.55078125 0.8472222222222222 0.55078125 0.8333333333333334 0.546875 0.8229166666666666 0.541015625 0.8333333333333334 0.541015625 0.8368055555555556 0.537109375 0.8368055555555556 0.529296875 0.8472222222222222 0.525390625 0.8611111111111112 0.525390625 0.8680555555555556 0.51171875 0.8958333333333334 0.50390625 0.8958333333333334 0.501953125 0.8923611111111112 0.501953125 0.8854166666666666 0.509765625 0.8715277777777778 0.5234375 0.8159722222222222 0.5390625 0.7916666666666666 0.5390625 0.7847222222222222 0.541015625 0.78125 0.541015625 0.7638888888888888 0.53515625 0.7534722222222222 0.53515625 0.7395833333333334 0.537109375 0.7326388888888888 0.54296875 0.7326388888888888 0.544921875 0.7291666666666666 0.55859375 0.7291666666666666 0.560546875 0.7256944444444444 0.560546875 0.7152777777777778 0.564453125 0.7083333333333334 0.564453125 0.6944444444444444 0.56640625 0.6909722222222222 0.564453125 0.6840277777777778 0.568359375 0.6701388888888888 0.576171875 0.65625 0.5859375 0.65625 0.587890625 0.6597222222222222
2 0.171875 0.4131944444444444 0.177734375 0.40625 0.177734375 0.3993055555555556 0.1796875 0.3958333333333333 0.1796875 0.3576388888888889 0.185546875 0.3472222222222222 0.193359375 0.3402777777777778 0.20703125 0.3402777777777778 0.212890625 0.3506944444444444 0.212890625 0.3576388888888889 0.21484375 0.3611111111111111 0.212890625 0.4513888888888889 0.203125 0.4722222222222222 0.201171875 0.4791666666666667 0.201171875 0.4930555555555556 0.19921875 0.4965277777777778 0.17578125 0.4965277777777778 0.173828125 0.4930555555555556 0.17578125 0.4895833333333333 0.17578125 0.4826388888888889 0.18359375 0.4652777777777778 0.18359375 0.4548611111111111 0.1796875 0.4444444444444444 0.1796875 0.4270833333333333 0.171875 0.4166666666666667