0 0 0.3888888888888889 0.005859375 0.3923611111111111 0.009765625 0.3993055555555556 0.009765625 0.40625 0.013671875 0.4166666666666667 0.013671875 0.4236111111111111 0 0.4236111111111111 0 0.3923611111111111
0 0.96484375 0.4756944444444444 0.970703125 0.4861111111111111 0.970703125 0.5069444444444444 0.966796875 0.5208333333333334 0.955078125 0.5208333333333334 0.94921875 0.5069444444444444 0.94921875 0.4826388888888889 0.953125 0.4756944444444444 0.962890625 0.4756944444444444
0 0.96484375 0.4756944444444444 0.970703125 0.4861111111111111 0.970703125 0.5 0.958984375 0.5 0.95703125 0.4965277777777778 0.955078125 0.5 0.951171875 0.5 0.94921875 0.4965277777777778 0.94921875 0.4826388888888889 0.953125 0.4756944444444444 0.962890625 0.4756944444444444
0 0.28515625 0.59375 0.294921875 0.6145833333333334 0.296875 0.6527777777777778 0.294921875 0.65625 0.294921875 0.6701388888888888 0.29296875 0.6770833333333334 0.28515625 0.6909722222222222 0.283203125 0.6909722222222222 0.279296875 0.7013888888888888 0.26171875 0.7013888888888888 0.25390625 0.6944444444444444 0.248046875 0.6840277777777778 0.248046875 0.6736111111111112 0.24609375 0.6701388888888888 0.24609375 0.6493055555555556 0.248046875 0.6458333333333334 0.25 0.6284722222222222 0.2578125 0.6076388888888888 0.2734375 0.59375 0.283203125 0.59375
0 0.888671875 0.4409722222222222 0.892578125 0.4479166666666667 0.892578125 0.4791666666666667 0.888671875 0.4895833333333333 0.884765625 0.4895833333333333 0.8828125 0.4930555555555556 0.876953125 0.4930555555555556 0.873046875 0.4895833333333333 0.869140625 0.4618055555555556 0.87109375 0.4583333333333333 0.87109375 0.4479166666666667 0.875 0.4409722222222222 0.87890625 0.4375 0.884765625 0.4375 0.88671875 0.4409722222222222
0 0.26953125 0.2326388888888889 0.271484375 0.2361111111111111 0.275390625 0.2361111111111111 0.283203125 0.25 0.2890625 0.2708333333333333 0.2890625 0.2847222222222222 0.28125 0.3125 0.263671875 0.2951388888888889 0.2578125 0.2951388888888889 0.2421875 0.2847222222222222 0.23828125 0.2881944444444444 0.232421875 0.2881944444444444 0.23046875 0.28125 0.23046875 0.2708333333333333 0.232421875 0.2673611111111111 0.234375 0.25 0.244140625 0.2326388888888889 0.248046875 0.22916666666666666 0.26171875 0.22916666666666666 0.263671875 0.2326388888888889 0.267578125 0.2326388888888889
0 0 0.3888888888888889 0.005859375 0.3923611111111111 0.009765625 0.3993055555555556 0.015625 0.4201388888888889 0.015625 0.4270833333333333 0.009765625 0.4409722222222222 0.01171875 0.4479166666666667 0.005859375 0.4548611111111111 0 0.4548611111111111 0 0.3923611111111111
1 0.869140625 0.4895833333333333 0.875 0.4965277777777778 0.884765625 0.5 0.892578125 0.4861111111111111 0.8984375 0.4861111111111111 0.904296875 0.4965277777777778 0.904296875 0.5208333333333334 0.90234375 0.5243055555555556 0.90234375 0.5451388888888888 0.900390625 0.5486111111111112 0.90234375 0.5555555555555556 0.90234375 0.5694444444444444 0.904296875 0.5729166666666666 0.904296875 0.5868055555555556 0.90234375 0.5902777777777778 0.888671875 0.59375 0.88671875 0.5972222222222222 0.873046875 0.5972222222222222 0.87109375 0.59375 0.869140625 0.5659722222222222 0.876953125 0.5520833333333334 0.876953125 0.5486111111111112 0.875 0.5451388888888888 0.865234375 0.5451388888888888 0.865234375 0.5277777777777778 0.859375 0.5208333333333334 0.8515625 0.5208333333333334 0.853515625 0.5 0.859375 0.4930555555555556 0.8671875 0.4895833333333333
1 0.294921875 0.6041666666666666 0.318359375 0.6215277777777778 0.322265625 0.6284722222222222 0.326171875 0.6458333333333334 0.330078125 0.6493055555555556 0.3359375 0.6631944444444444 0.34375 0.6631944444444444 0.3515625 0.6770833333333334 0.345703125 0.6979166666666666 0.328125 0.7291666666666666 0.32421875 0.7256944444444444 0.314453125 0.7256944444444444 0.3125 0.7222222222222222 0.30859375 0.7222222222222222 0.306640625 0.7256944444444444 0.302734375 0.7256944444444444 0.294921875 0.7395833333333334 0.291015625 0.7395833333333334 0.28515625 0.7326388888888888 0.28515625 0.7291666666666666 0.28125 0.7256944444444444 0.28125 0.71875 0.283203125 0.7118055555555556 0.29296875 0.6979166666666666 0.294921875 0.6736111111111112 0.296875 0.6701388888888888 0.296875 0.6493055555555556 0.298828125 0.6458333333333334 0.298828125 0.6354166666666666 0.294921875 0.6215277777777778 0.294921875 0.6076388888888888
1 0.955078125 0.5208333333333334 0.95703125 0.5243055555555556 0.974609375 0.5208333333333334 0.978515625 0.53125 0.978515625 0.5520833333333334 0.974609375 0.5625 0.974609375 0.5833333333333334 0.97265625 0.5868055555555556 0.97265625 0.6111111111111112 0.974609375 0.6145833333333334 0.970703125 0.625 0.962890625 0.625 0.9453125 0.6076388888888888 0.943359375 0.6006944444444444 0.9453125 0.5729166666666666 0.943359375 0.5694444444444444 0.939453125 0.5694444444444444 0.931640625 0.5486111111111112 0.93359375 0.5451388888888888 0.93359375 0.5381944444444444 0.9375 0.53125 0.943359375 0.5277777777777778 0.947265625 0.5208333333333334 0.953125 0.5208333333333334
1 0.248046875 0.2916666666666667 0.25 0.2951388888888889 0.255859375 0.2951388888888889 0.2578125 0.2986111111111111 0.26953125 0.3020833333333333 0.279296875 0.3159722222222222 0.28125 0.3229166666666667 0.28125 0.34375 0.279296875 0.3472222222222222 0.279296875 0.3541666666666667 0.2734375 0.3715277777777778 0.2734375 0.3784722222222222 0.267578125 0.3784722222222222 0.265625 0.375 0.25390625 0.375 0.25 0.3819444444444444 0.25 0.3888888888888889 0.248046875 0.3923611111111111 0.248046875 0.4201388888888889 0.2265625 0.4548611111111111 0.22265625 0.4583333333333333 0.216796875 0.4583333333333333 0.2109375 0.46875 0.2109375 0.4861111111111111 0.208984375 0.4895833333333333 0.203125 0.4895833333333333 0.1953125 0.4756944444444444 0.193359375 0.4583333333333333 0.189453125 0.4513888888888889 0.18359375 0.4513888888888889 0.181640625 0.4548611111111111 0.169921875 0.4548611111111111 0.16796875 0.4513888888888889 0.162109375 0.4513888888888889 0.150390625 0.4409722222222222 0.146484375 0.4409722222222222 0.146484375 0.4305555555555556 0.158203125 0.4166666666666667 0.16796875 0.3993055555555556 0.171875 0.3819444444444444 0.173828125 0.3819444444444444 0.2109375 0.3125 0.21875 0.3055555555555556 0.228515625 0.3020833333333333 0.234375 0.2951388888888889 0.2421875 0.2951388888888889 0.24609375 0.2916666666666667
1 0.00390625 0.4583333333333333 0.015625 0.4583333333333333 0.02734375 0.4756944444444444 0.03125 0.4930555555555556 0.029296875 0.4965277777777778 0.029296875 0.5069444444444444 0.033203125 0.5208333333333334 0.033203125 0.5451388888888888 0.029296875 0.5451388888888888 0.021484375 0.5590277777777778 0.015625 0.5451388888888888 0.01171875 0.5520833333333334 0.01171875 0.5729166666666666 0.005859375 0.59375 0.005859375 0.6041666666666666 0.00390625 0.6076388888888888 0 0.6076388888888888 0 0.4652777777777778 0.00390625 0.4618055555555556
2 0.85546875 0.4965277777777778 0.86328125 0.4895833333333333 0.8671875 0.4895833333333333 0.87109375 0.4826388888888889 0.869140625 0.46875 0.87109375 0.4652777777777778 0.87109375 0.4479166666666667 0.875 0.4409722222222222 0.8828125 0.4375 0.890625 0.4444444444444444 0.892578125 0.4513888888888889 0.892578125 0.4826388888888889 0.89453125 0.4861111111111111 0.8984375 0.4861111111111111 0.904296875 0.4965277777777778 0.904296875 0.5243055555555556 0.90234375 0.5277777777777778 0.90234375 0.5416666666666666 0.908203125 0.5520833333333334 0.908203125 0.5590277777777778 0.90234375 0.5694444444444444 0.90234375 0.5729166666666666 0.90625 0.5902777777777778 0.91015625 0.5972222222222222 0.912109375 0.6145833333333334 0.916015625 0.625 0.916015625 0.6388888888888888 0.919921875 0.6527777777777778 0.919921875 0.6701388888888888 0.931640625 0.7222222222222222 0.93359375 0.7604166666666666 0.935546875 0.7638888888888888 0.935546875 0.7708333333333334 0.94140625 0.7847222222222222 0.939453125 0.7916666666666666 0.931640625 0.7916666666666666 0.927734375 0.7847222222222222 0.927734375 0.7708333333333334 0.919921875 0.7430555555555556 0.919921875 0.7361111111111112 0.912109375 0.7118055555555556 0.912109375 0.7048611111111112 0.90625 0.6909722222222222 0.904296875 0.6770833333333334 0.8984375 0.6666666666666666 0.896484375 0.6701388888888888 0.896484375 0.6840277777777778 0.89453125 0.6875 0.89453125 0.7881944444444444 0.892578125 0.7916666666666666 0.88671875 0.7881944444444444 0.88671875 0.75 0.884765625 0.7465277777777778 0.884765625 0.7222222222222222 0.8828125 0.71875 0.8828125 0.6805555555555556 0.875 0.6527777777777778 0.873046875 0.6180555555555556 0.87109375 0.6145833333333334 0.87109375 0.5902777777777778 0.869140625 0.5868055555555556 0.869140625 0.5798611111111112 0.86328125 0.5694444444444444 0.859375 0.5694444444444444 0.853515625 0.5763888888888888 0.84765625 0.5763888888888888 0.849609375 0.5729166666666666 0.8515625 0.5104166666666666 0.85546875 0.5
2 0.283203125 0.5902777777777778 0.291015625 0.6041666666666666 0.30078125 0.6076388888888888 0.3203125 0.625 0.32421875 0.6388888888888888 0.3359375 0.6597222222222222 0.341796875 0.6527777777777778 0.34375 0.6597222222222222 0.3515625 0.6666666666666666 0.359375 0.6666666666666666 0.353515625 0.6736111111111112 0.3671875 0.6979166666666666 0.3671875 0.7013888888888888 0.37109375 0.7048611111111112 0.37109375 0.7118055555555556 0.373046875 0.7152777777777778 0.376953125 0.71875 0.384765625 0.71875 0.38671875 0.7152777777777778 0.38671875 0.7048611111111112 0.388671875 0.7048611111111112 0.39453125 0.7152777777777778 0.3984375 0.7291666666666666 0.3984375 0.7395833333333334 0.400390625 0.7465277777777778 0.404296875 0.75 0.412109375 0.7708333333333334 0.416015625 0.7743055555555556 0.42578125 0.7743055555555556 0.435546875 0.78125 0.443359375 0.7777777777777778 0.4609375 0.8055555555555556 0.46484375 0.8055555555555556 0.46875 0.8125 0.478515625 0.8125 0.486328125 0.8194444444444444 0.4921875 0.8298611111111112 0.494140625 0.8298611111111112 0.5 0.84375 0.5 0.8541666666666666 0.498046875 0.8576388888888888 0.486328125 0.8576388888888888 0.484375 0.8541666666666666 0.474609375 0.8506944444444444 0.451171875 0.8298611111111112 0.443359375 0.8298611111111112 0.44140625 0.8263888888888888 0.423828125 0.8263888888888888 0.421875 0.8229166666666666 0.419921875 0.8263888888888888 0.388671875 0.8229166666666666 0.376953125 0.8333333333333334 0.376953125 0.8368055555555556 0.3828125 0.84375 0.3828125 0.8506944444444444 0.375 0.8576388888888888 0.36328125 0.8576388888888888 0.359375 0.8472222222222222 0.35546875 0.8472222222222222 0.353515625 0.84375 0.328125 0.84375 0.326171875 0.8402777777777778 0.30859375 0.8402777777777778 0.3046875 0.8368055555555556 0.296875 0.84375 0.294921875 0.8506944444444444 0.28515625 0.8645833333333334 0.2734375 0.8645833333333334 0.271484375 0.8611111111111112 0.2734375 0.8506944444444444 0.27734375 0.84375 0.279296875 0.8298611111111112 0.267578125 0.8090277777777778 0.267578125 0.7881944444444444 0.26953125 0.7847222222222222 0.26953125 0.7777777777777778 0.27734375 0.7638888888888888 0.287109375 0.7534722222222222 0.2890625 0.7395833333333334 0.275390625 0.7152777777777778 0.271484375 0.7152777777777778 0.25390625 0.6979166666666666 0.25 0.6909722222222222 0.248046875 0.6770833333333334 0.240234375 0.6631944444444444 0.228515625 0.6631944444444444 0.22265625 0.6701388888888888 0.21875 0.6701388888888888 0.2109375 0.6770833333333334 0.205078125 0.6875 0.1953125 0.6875 0.19921875 0.6736111111111112 0.19921875 0.6631944444444444 0.201171875 0.65625 0.212890625 0.6388888888888888 0.22265625 0.6354166666666666 0.228515625 0.625 0.228515625 0.6111111111111112 0.234375 0.6006944444444444 0.234375 0.5972222222222222 0.23828125 0.59375 0.27734375 0.59375 0.28125 0.5902777777777778
2 0.966796875 0.4791666666666667 0.970703125 0.4861111111111111 0.970703125 0.5104166666666666 0.978515625 0.53125 0.978515625 0.5520833333333334 0.974609375 0.5659722222222222 0.974609375 0.5763888888888888 0.982421875 0.6041666666666666 0.994140625 0.6284722222222222 0.994140625 0.6388888888888888 0.9921875 0.6423611111111112 0.986328125 0.625 0.98046875 0.6145833333333334 0.9765625 0.6145833333333334 0.974609375 0.6180555555555556 0.974609375 0.6354166666666666 0.98046875 0.6493055555555556 0.98828125 0.6805555555555556 0.990234375 0.7118055555555556 0.98828125 0.7152777777777778 0.974609375 0.7152777777777778 0.96875 0.7326388888888888 0.966796875 0.7708333333333334 0.96875 0.7743055555555556 0.970703125 0.7916666666666666 0.9609375 0.7916666666666666 0.958984375 0.7881944444444444 0.958984375 0.7291666666666666 0.95703125 0.7256944444444444 0.95703125 0.71875 0.958984375 0.7152777777777778 0.9453125 0.6666666666666666 0.9453125 0.65625 0.943359375 0.6527777777777778 0.943359375 0.6319444444444444 0.93359375 0.6111111111111112 0.93359375 0.5833333333333334 0.9296875 0.5729166666666666 0.9296875 0.5659722222222222 0.93359375 0.5555555555555556 0.931640625 0.5520833333333334 0.93359375 0.5381944444444444 0.94921875 0.5138888888888888 0.94921875 0.4826388888888889 0.953125 0.4756944444444444 0.962890625 0.4756944444444444 0.96484375 0.4791666666666667
2 0 0.3923611111111111 0.005859375 0.3958333333333333 0.009765625 0.4027777777777778 0.009765625 0.4097222222222222 0.013671875 0.4236111111111111 0.0078125 0.4513888888888889 0.01171875 0.4583333333333333 0.017578125 0.4583333333333333 0.0234375 0.4652777777777778 0.02734375 0.4756944444444444 0.02734375 0.4826388888888889 0.029296875 0.4861111111111111 0.029296875 0.5034722222222222 0.033203125 0.5208333333333334 0.03515625 0.5555555555555556 0.037109375 0.5590277777777778 0.03515625 0.5625 0.03515625 0.5729166666666666 0.033203125 0.5798611111111112 0.021484375 0.6006944444444444 0.021484375 0.6319444444444444 0.025390625 0.6388888888888888 0.025390625 0.6458333333333334 0.033203125 0.6666666666666666 0.033203125 0.6770833333333334 0.037109375 0.6909722222222222 0.037109375 0.7152777777777778 0.033203125 0.7222222222222222 0.025390625 0.7222222222222222 0.009765625 0.7326388888888888 0.0078125 0.7361111111111112 0.0078125 0.7534722222222222 0.00390625 0.7638888888888888 0.00390625 0.7743055555555556 0.001953125 0.7777777777777778 0.001953125 0.8125 0.00390625 0.8159722222222222 0.00390625 0.8229166666666666 0.009765625 0.8333333333333334 0.013671875 0.8333333333333334 0.01953125 0.8402777777777778 0.025390625 0.8576388888888888 0.0234375 0.8611111111111112 0 0.8611111111111112 0 0.7152777777777778 0.00390625 0.7118055555555556 0.0078125 0.7013888888888888 0.0078125 0.6909722222222222 0 0.6840277777777778 0 0.3958333333333333
2 0.26953125 0.2326388888888889 0.271484375 0.2361111111111111 0.275390625 0.2361111111111111 0.283203125 0.25 0.2890625 0.2743055555555556 0.28515625 0.3020833333333333 0.28125 0.3125 0.28125 0.3402777777777778 0.275390625 0.3645833333333333 0.275390625 0.3715277777777778 0.279296875 0.3854166666666667 0.283203125 0.3888888888888889 0.287109375 0.4027777777777778 0.287109375 0.4340277777777778 0.28515625 0.4409722222222222 0.283203125 0.4409722222222222 0.26953125 0.4618055555555556 0.265625 0.4618055555555556 0.263671875 0.4548611111111111 0.255859375 0.4513888888888889 0.25390625 0.4444444444444444 0.25390625 0.4340277777777778 0.248046875 0.4236111111111111 0.24609375 0.4270833333333333 0.2421875 0.4270833333333333 0.228515625 0.4513888888888889 0.22265625 0.4756944444444444 0.216796875 0.4756944444444444 0.212890625 0.4826388888888889 0.212890625 0.5034722222222222 0.21484375 0.5069444444444444 0.212890625 0.5104166666666666 0.216796875 0.5277777777777778 0.216796875 0.5451388888888888 0.220703125 0.5555555555555556 0.220703125 0.5763888888888888 0.21484375 0.5798611111111112 0.203125 0.5972222222222222 0.203125 0.6111111111111112 0.19921875 0.625 0.19921875 0.6493055555555556 0.189453125 0.6840277777777778 0.189453125 0.7013888888888888 0.185546875 0.7083333333333334 0.185546875 0.7222222222222222 0.18359375 0.7256944444444444 0.181640625 0.7430555555555556 0.177734375 0.75 0.17578125 0.7604166666666666 0.169921875 0.7708333333333334 0.169921875 0.78125 0.166015625 0.7986111111111112 0.166015625 0.8125 0.1640625 0.8125 0.162109375 0.8194444444444444 0.171875 0.8333333333333334 0.171875 0.8402777777777778 0.169921875 0.8402777777777778 0.16796875 0.8333333333333334 0.158203125 0.8298611111111112 0.158203125 0.8229166666666666 0.162109375 0.8159722222222222 0.150390625 0.8020833333333334 0.150390625 0.7881944444444444 0.146484375 0.7743055555555556 0.142578125 0.7708333333333334 0.13671875 0.7708333333333334 0.134765625 0.7673611111111112 0.126953125 0.7673611111111112 0.119140625 0.7604166666666666 0.1171875 0.7534722222222222 0.1171875 0.75 0.123046875 0.7395833333333334 0.126953125 0.7222222222222222 0.126953125 0.7152777777777778 0.125 0.7118055555555556 0.125 0.6909722222222222 0.130859375 0.6631944444444444 0.130859375 0.6319444444444444 0.1328125 0.6284722222222222 0.1328125 0.6145833333333334 0.146484375 0.5659722222222222 0.146484375 0.5451388888888888 0.14453125 0.5416666666666666 0.14453125 0.4861111111111111 0.142578125 0.4826388888888889 0.142578125 0.4444444444444444 0.146484375 0.4305555555555556 0.158203125 0.4166666666666667 0.16796875 0.3993055555555556 0.171875 0.3819444444444444 0.177734375 0.375 0.2109375 0.3125 0.21875 0.3055555555555556 0.22265625 0.3055555555555556 0.232421875 0.2951388888888889 0.23046875 0.2743055555555556 0.236328125 0.2465277777777778 0.2421875 0.2361111111111111 0.248046875 0.22916666666666666 0.26171875 0.22916666666666666 0.263671875 0.2326388888888889 0.267578125 0.2326388888888889