0 0.08203125 0.0763888888888889 0.0859375 0.0798611111111111 0.091796875 0.09375 0.091796875 0.11458333333333333 0.08984375 0.11805555555555555 0.08984375 0.125 0.083984375 0.13194444444444445 0.076171875 0.1284722222222222 0.068359375 0.11458333333333333 0.06640625 0.11458333333333333 0.064453125 0.1076388888888889 0.064453125 0.09027777777777778 0.06640625 0.08333333333333333 0.0703125 0.0763888888888889 0.080078125 0.0763888888888889
0 0.265625 0.21180555555555555 0.2734375 0.21875 0.279296875 0.2326388888888889 0.275390625 0.25 0.275390625 0.2604166666666667 0.2734375 0.2604166666666667 0.271484375 0.2673611111111111 0.265625 0.2673611111111111 0.265625 0.2638888888888889 0.2578125 0.2569444444444444 0.251953125 0.24305555555555555 0.251953125 0.22569444444444445 0.25390625 0.21875 0.2578125 0.21180555555555555 0.263671875 0.21180555555555555
0 0.25234375 0.6509259259259259 0.024479166666666666 0.05555555555555555
0 0.248046875 0.2534722222222222 0.255859375 0.2638888888888889 0.259765625 0.2777777777777778 0.259765625 0.2916666666666667 0.251953125 0.3125 0.2421875 0.3125 0.228515625 0.2951388888888889 0.228515625 0.2847222222222222 0.23046875 0.28125 0.23046875 0.2708333333333333 0.232421875 0.2638888888888889 0.240234375 0.2534722222222222 0.24609375 0.2534722222222222
0 0.279296875 0.1840277777777778 0.279296875 0.18055555555555555 0.2734375 0.1701388888888889 0.2734375 0.16319444444444445 0.271484375 0.1597222222222222 0.271484375 0.1423611111111111 0.2734375 0.1388888888888889 0.2734375 0.13194444444444445 0.27734375 0.125 0.287109375 0.125 0.294921875 0.1423611111111111 0.294921875 0.16319444444444445 0.29296875 0.16666666666666666 0.29296875 0.1736111111111111 0.287109375 0.1840277777777778 0.28125 0.1840277777777778
0 0.494140625 0.5069444444444444 0.494140625 0.5138888888888888 0.49609375 0.5173611111111112 0.49609375 0.53125 0.494140625 0.5381944444444444 0.48828125 0.5486111111111112 0.482421875 0.5486111111111112 0.48046875 0.5520833333333334 0.4765625 0.5520833333333334 0.474609375 0.5486111111111112 0.474609375 0.5208333333333334 0.47265625 0.5173611111111112 0.47265625 0.5034722222222222 0.474609375 0.5 0.48828125 0.5 0.4921875 0.5069444444444444
0 0.42578125 0.6145833333333334 0.43359375 0.6388888888888888 0.43359375 0.6527777777777778 0.42578125 0.6631944444444444 0.4140625 0.6631944444444444 0.408203125 0.6458333333333334 0.408203125 0.625 0.41015625 0.6180555555555556 0.416015625 0.6111111111111112 0.421875 0.6111111111111112 0.423828125 0.6145833333333334
0 0.43359375 0.21875 0.4375 0.2326388888888889 0.4375 0.25 0.435546875 0.2569444444444444 0.42578125 0.2708333333333333 0.41796875 0.2673611111111111 0.41796875 0.2604166666666667 0.4140625 0.2534722222222222 0.4140625 0.23958333333333334 0.419921875 0.21875 0.423828125 0.2152777777777778 0.4296875 0.2152777777777778 0.431640625 0.21875
1 0.064453125 0.11805555555555555 0.07421875 0.13194444444444445 0.078125 0.13194444444444445 0.080078125 0.13541666666666666 0.08984375 0.13194444444444445 0.091796875 0.13541666666666666 0.091796875 0.14930555555555555 0.095703125 0.1597222222222222 0.095703125 0.1840277777777778 0.09765625 0.1875 0.09765625 0.2013888888888889 0.099609375 0.2048611111111111 0.099609375 0.2152777777777778 0.09765625 0.2222222222222222 0.091796875 0.22916666666666666 0.076171875 0.2326388888888889 0.07421875 0.21875 0.0703125 0.20833333333333334 0.0703125 0.16666666666666666 0.068359375 0.16319444444444445 0.056640625 0.16319444444444445 0.0546875 0.1597222222222222 0.05078125 0.1597222222222222 0.05078125 0.1388888888888889 0.060546875 0.12152777777777778 0.0625 0.12152777777777778
1 0.2578125 0.2638888888888889 0.265625 0.2708333333333333 0.271484375 0.2708333333333333 0.2734375 0.2673611111111111 0.27734375 0.2708333333333333 0.27734375 0.2916666666666667 0.2734375 0.3090277777777778 0.271484375 0.3506944444444444 0.259765625 0.3611111111111111 0.25390625 0.3611111111111111 0.255859375 0.3368055555555556 0.2578125 0.3333333333333333 0.2578125 0.3263888888888889 0.25390625 0.3159722222222222 0.2578125 0.3090277777777778 0.2578125 0.3020833333333333 0.259765625 0.2986111111111111 0.259765625 0.2777777777777778 0.2578125 0.2743055555555556 0.2578125 0.2673611111111111
1 0.46484375 0.5659722222222222 0.466796875 0.5694444444444444 0.470703125 0.5694444444444444 0.4765625 0.5868055555555556 0.474609375 0.5902777777777778 0.47265625 0.6111111111111112 0.46875 0.6180555555555556 0.46875 0.6319444444444444 0.466796875 0.6319444444444444 0.46484375 0.6388888888888888 0.458984375 0.6458333333333334 0.451171875 0.6458333333333334 0.443359375 0.6527777777777778 0.4375 0.6527777777777778 0.435546875 0.6493055555555556 0.435546875 0.6388888888888888 0.423828125 0.6076388888888888 0.43359375 0.5902777777777778 0.44140625 0.5694444444444444 0.4453125 0.5659722222222222 0.462890625 0.5659722222222222
1 0.240234375 0.3125 0.24609375 0.3194444444444444 0.25390625 0.3194444444444444 0.255859375 0.3229166666666667 0.25390625 0.3576388888888889 0.251953125 0.3611111111111111 0.251953125 0.3680555555555556 0.248046875 0.3819444444444444 0.248046875 0.3923611111111111 0.24609375 0.3958333333333333 0.24609375 0.40625 0.244140625 0.4097222222222222 0.2265625 0.4097222222222222 0.22265625 0.4027777777777778 0.22265625 0.3923611111111111 0.220703125 0.3854166666666667 0.2265625 0.3611111111111111 0.23046875 0.3541666666666667 0.23046875 0.34375 0.232421875 0.3402777777777778 0.228515625 0.3333333333333333 0.224609375 0.3333333333333333 0.216796875 0.3263888888888889 0.216796875 0.3055555555555556 0.21875 0.3020833333333333 0.232421875 0.3020833333333333 0.23828125 0.3125
1 0.568359375 0 0.59765625 0 0.599609375 0.003472222222222222 0.599609375 0.013888888888888888 0.59765625 0.017361111111111112 0.59765625 0.05555555555555555 0.591796875 0.0625 0.57421875 0.0625 0.5703125 0.059027777777777776 0.56640625 0.04513888888888889 0.56640625 0.03819444444444445 0.568359375 0.034722222222222224 0.568359375 0.003472222222222222
1 0.271484375 0.16319444444444445 0.2734375 0.1736111111111111 0.28125 0.1840277777777778 0.287109375 0.1840277777777778 0.296875 0.16319444444444445 0.30078125 0.16319444444444445 0.314453125 0.1736111111111111 0.314453125 0.18055555555555555 0.31640625 0.1840277777777778 0.31640625 0.1909722222222222 0.3046875 0.20833333333333334 0.3125 0.2361111111111111 0.3125 0.2569444444444444 0.30859375 0.2673611111111111 0.3046875 0.2708333333333333 0.30078125 0.2708333333333333 0.298828125 0.2743055555555556 0.28515625 0.2743055555555556 0.283203125 0.2777777777777778 0.279296875 0.2743055555555556 0.279296875 0.22569444444444445 0.2734375 0.2152777777777778 0.267578125 0.21180555555555555 0.2578125 0.1909722222222222 0.2578125 0.1736111111111111 0.263671875 0.16319444444444445 0.26953125 0.16319444444444445
1 0.46875 0.5069444444444444 0.474609375 0.5277777777777778 0.474609375 0.5486111111111112 0.46875 0.5555555555555556 0.462890625 0.5555555555555556 0.458984375 0.5451388888888888 0.455078125 0.5451388888888888 0.443359375 0.5625 0.4375 0.5625 0.4296875 0.5555555555555556 0.412109375 0.5555555555555556 0.41015625 0.5520833333333334 0.41015625 0.5381944444444444 0.408203125 0.5347222222222222 0.408203125 0.5277777777777778 0.412109375 0.5138888888888888 0.421875 0.5 0.435546875 0.5 0.4375 0.5034722222222222 0.46484375 0.5034722222222222 0.466796875 0.5069444444444444
1 0.439453125 0.2534722222222222 0.44140625 0.2569444444444444 0.453125 0.2604166666666667 0.458984375 0.2743055555555556 0.458984375 0.2881944444444444 0.44921875 0.3055555555555556 0.458984375 0.3402777777777778 0.458984375 0.3506944444444444 0.45703125 0.3576388888888889 0.447265625 0.3645833333333333 0.4375 0.3645833333333333 0.42578125 0.3541666666666667 0.423828125 0.3506944444444444 0.423828125 0.3333333333333333 0.421875 0.3298611111111111 0.421875 0.3229166666666667 0.41015625 0.2986111111111111 0.41015625 0.2916666666666667 0.408203125 0.2881944444444444 0.408203125 0.2673611111111111 0.41015625 0.2604166666666667 0.4140625 0.2569444444444444 0.41796875 0.2708333333333333 0.421875 0.2743055555555556 0.427734375 0.2743055555555556 0.4375 0.2569444444444444
1 0.263671875 0.6354166666666666 0.279296875 0.6354166666666666 0.298828125 0.6493055555555556 0.3046875 0.6597222222222222 0.3046875 0.6701388888888888 0.30078125 0.6840277777777778 0.294921875 0.6840277777777778 0.2890625 0.6770833333333334 0.283203125 0.6909722222222222 0.26953125 0.6944444444444444 0.26171875 0.6875 0.263671875 0.6527777777777778 0.265625 0.6493055555555556 0.265625 0.6423611111111112 0.263671875 0.6388888888888888
2 0.0859375 0.0798611111111111 0.091796875 0.09722222222222222 0.091796875 0.12152777777777778 0.08984375 0.1284722222222222 0.091796875 0.13194444444444445 0.091796875 0.14583333333333334 0.095703125 0.15625 0.095703125 0.1840277777777778 0.099609375 0.2013888888888889 0.107421875 0.2222222222222222 0.107421875 0.2361111111111111 0.10546875 0.23958333333333334 0.099609375 0.2326388888888889 0.09765625 0.2361111111111111 0.09765625 0.2465277777777778 0.099609375 0.25 0.09765625 0.2534722222222222 0.09765625 0.2743055555555556 0.095703125 0.2777777777777778 0.095703125 0.3159722222222222 0.08984375 0.3298611111111111 0.08984375 0.3506944444444444 0.09375 0.3645833333333333 0.099609375 0.375 0.107421875 0.3819444444444444 0.109375 0.3888888888888889 0.107421875 0.3923611111111111 0.0859375 0.3923611111111111 0.08203125 0.3888888888888889 0.080078125 0.3854166666666667 0.080078125 0.3715277777777778 0.08203125 0.3645833333333333 0.080078125 0.3611111111111111 0.080078125 0.3472222222222222 0.078125 0.34375 0.06640625 0.3576388888888889 0.06640625 0.3645833333333333 0.064453125 0.3680555555555556 0.064453125 0.3923611111111111 0.0625 0.3958333333333333 0.056640625 0.3923611111111111 0.052734375 0.3854166666666667 0.052734375 0.3784722222222222 0.05078125 0.375 0.05078125 0.3541666666666667 0.056640625 0.3506944444444444 0.06640625 0.3333333333333333 0.0703125 0.3194444444444444 0.076171875 0.3090277777777778 0.076171875 0.3020833333333333 0.0703125 0.2881944444444444 0.068359375 0.2777777777777778 0.0625 0.2673611111111111 0.056640625 0.2465277777777778 0.056640625 0.2152777777777778 0.05859375 0.20833333333333334 0.052734375 0.1840277777777778 0.05078125 0.1388888888888889 0.06640625 0.11458333333333333 0.064453125 0.1076388888888889 0.06640625 0.08333333333333333 0.072265625 0.0763888888888889 0.08203125 0.0763888888888889 0.083984375 0.0798611111111111
2 0.263671875 0.21180555555555555 0.265625 0.2152777777777778 0.26953125 0.2152777777777778 0.27734375 0.22569444444444445 0.27734375 0.24305555555555555 0.275390625 0.2465277777777778 0.275390625 0.2569444444444444 0.27734375 0.2604166666666667 0.27734375 0.2986111111111111 0.28515625 0.3194444444444444 0.283203125 0.3229166666666667 0.279296875 0.3229166666666667 0.27734375 0.3194444444444444 0.2734375 0.3263888888888889 0.271484375 0.3541666666666667 0.275390625 0.3611111111111111 0.28125 0.3888888888888889 0.28125 0.4131944444444444 0.283203125 0.4166666666666667 0.283203125 0.4340277777777778 0.28125 0.4409722222222222 0.283203125 0.4444444444444444 0.283203125 0.4548611111111111 0.279296875 0.4722222222222222 0.279296875 0.5 0.283203125 0.5173611111111112 0.287109375 0.5243055555555556 0.287109375 0.53125 0.28125 0.53125 0.267578125 0.5173611111111112 0.26953125 0.4756944444444444 0.265625 0.4583333333333333 0.265625 0.4270833333333333 0.263671875 0.4236111111111111 0.267578125 0.3993055555555556 0.263671875 0.3958333333333333 0.263671875 0.3923611111111111 0.25390625 0.375 0.25390625 0.3576388888888889 0.255859375 0.3541666666666667 0.255859375 0.3402777777777778 0.2578125 0.3368055555555556 0.2578125 0.3194444444444444 0.255859375 0.3125 0.26171875 0.2847222222222222 0.259765625 0.28125 0.259765625 0.2708333333333333 0.2578125 0.2638888888888889 0.251953125 0.2534722222222222 0.25 0.2534722222222222 0.25 0.25 0.251953125 0.2465277777777778 0.251953125 0.22916666666666666 0.25390625 0.22569444444444445 0.25390625 0.21875 0.26171875 0.21180555555555555
2 0.4609375 0.4305555555555556 0.466796875 0.4409722222222222 0.482421875 0.4513888888888889 0.482421875 0.4618055555555556 0.478515625 0.4722222222222222 0.478515625 0.4791666666666667 0.47265625 0.4930555555555556 0.46484375 0.4930555555555556 0.466796875 0.46875 0.462890625 0.4618055555555556 0.45703125 0.4548611111111111 0.443359375 0.4513888888888889 0.439453125 0.4444444444444444 0.439453125 0.4131944444444444 0.435546875 0.40625 0.423828125 0.4305555555555556 0.423828125 0.4548611111111111 0.419921875 0.4652777777777778 0.416015625 0.4930555555555556 0.408203125 0.4930555555555556 0.40625 0.4895833333333333 0.40625 0.4652777777777778 0.408203125 0.4618055555555556 0.41015625 0.4166666666666667 0.412109375 0.4131944444444444 0.412109375 0.3958333333333333 0.41015625 0.3923611111111111 0.41015625 0.375 0.408203125 0.3715277777777778 0.41015625 0.3645833333333333 0.41015625 0.2916666666666667 0.408203125 0.2881944444444444 0.408203125 0.2673611111111111 0.4140625 0.2534722222222222 0.4140625 0.23958333333333334 0.41796875 0.2222222222222222 0.42578125 0.2152777777777778 0.43359375 0.21875 0.4375 0.2361111111111111 0.4375 0.2465277777777778 0.443359375 0.2569444444444444 0.453125 0.2604166666666667 0.45703125 0.2673611111111111 0.4609375 0.2916666666666667 0.466796875 0.3125 0.470703125 0.3194444444444444 0.470703125 0.3402777777777778 0.46484375 0.3680555555555556 0.46484375 0.3854166666666667 0.45703125 0.4201388888888889 0.45703125 0.4270833333333333 0.458984375 0.4305555555555556
2 0.24609375 0.2534722222222222 0.248046875 0.2569444444444444 0.251953125 0.2569444444444444 0.255859375 0.2638888888888889 0.2578125 0.2708333333333333 0.2578125 0.28125 0.259765625 0.2847222222222222 0.25390625 0.3125 0.255859375 0.3194444444444444 0.255859375 0.3368055555555556 0.25390625 0.3402777777777778 0.251953125 0.3715277777777778 0.267578125 0.4027777777777778 0.265625 0.4097222222222222 0.263671875 0.40625 0.259765625 0.40625 0.2578125 0.4097222222222222 0.259765625 0.4131944444444444 0.2578125 0.4201388888888889 0.263671875 0.4479166666666667 0.263671875 0.4618055555555556 0.265625 0.46875 0.251953125 0.5 0.25 0.5069444444444444 0.25 0.5173611111111112 0.248046875 0.5208333333333334 0.248046875 0.5277777777777778 0.25 0.53125 0.25 0.5486111111111112 0.251953125 0.5520833333333334 0.251953125 0.5763888888888888 0.2578125 0.5833333333333334 0.265625 0.5833333333333334 0.26953125 0.5868055555555556 0.26953125 0.59375 0.263671875 0.59375 0.26171875 0.5972222222222222 0.24609375 0.5972222222222222 0.236328125 0.5902777777777778 0.23828125 0.5486111111111112 0.236328125 0.5451388888888888 0.236328125 0.5381944444444444 0.232421875 0.53125 0.23046875 0.53125 0.224609375 0.5416666666666666 0.224609375 0.5555555555555556 0.2265625 0.5590277777777778 0.2265625 0.5659722222222222 0.224609375 0.5694444444444444 0.21875 0.5659722222222222 0.21484375 0.5590277777777778 0.20703125 0.53125 0.20703125 0.5243055555555556 0.208984375 0.5208333333333334 0.212890625 0.5208333333333334 0.216796875 0.5138888888888888 0.220703125 0.5138888888888888 0.228515625 0.5034722222222222 0.228515625 0.4895833333333333 0.22265625 0.4791666666666667 0.216796875 0.4791666666666667 0.216796875 0.4444444444444444 0.21484375 0.4409722222222222 0.21484375 0.4340277777777778 0.208984375 0.4201388888888889 0.20703125 0.3611111111111111 0.216796875 0.3298611111111111 0.216796875 0.3055555555555556 0.228515625 0.2951388888888889 0.23046875 0.2708333333333333 0.234375 0.2604166666666667 0.244140625 0.2534722222222222
2 0.568359375 0 0.59765625 0 0.599609375 0.003472222222222222 0.599609375 0.017361111111111112 0.59765625 0.020833333333333332 0.59765625 0.05555555555555555 0.599609375 0.059027777777777776 0.599609375 0.11805555555555555 0.611328125 0.15625 0.611328125 0.16666666666666666 0.62109375 0.20833333333333334 0.62109375 0.2222222222222222 0.6171875 0.22569444444444445 0.611328125 0.22569444444444445 0.609375 0.22916666666666666 0.599609375 0.22916666666666666 0.59765625 0.22569444444444445 0.59765625 0.2222222222222222 0.599609375 0.2222222222222222 0.607421875 0.2048611111111111 0.607421875 0.1875 0.6015625 0.17708333333333334 0.59375 0.14930555555555555 0.583984375 0.13194444444444445 0.583984375 0.125 0.58203125 0.12152777777777778 0.578125 0.12152777777777778 0.57421875 0.13194444444444445 0.57421875 0.14930555555555555 0.572265625 0.1527777777777778 0.572265625 0.1597222222222222 0.568359375 0.16666666666666666 0.568359375 0.1736111111111111 0.560546875 0.19444444444444445 0.560546875 0.21180555555555555 0.548828125 0.21180555555555555 0.546875 0.20833333333333334 0.5390625 0.20833333333333334 0.537109375 0.2048611111111111 0.5390625 0.19791666666666666 0.54296875 0.19791666666666666 0.556640625 0.1736111111111111 0.556640625 0.16666666666666666 0.55859375 0.16319444444444445 0.55859375 0.1527777777777778 0.560546875 0.14930555555555555 0.560546875 0.11458333333333333 0.564453125 0.10069444444444445 0.56640625 0.0798611111111111 0.5703125 0.06944444444444445 0.5703125 0.059027777777777776 0.56640625 0.052083333333333336 0.556640625 0.052083333333333336 0.5546875 0.04861111111111111 0.5546875 0.041666666666666664 0.560546875 0.041666666666666664 0.568359375 0.03125 0.568359375 0.003472222222222222
2 0.287109375 0.125 0.294921875 0.1423611111111111 0.294921875 0.15625 0.298828125 0.16319444444444445 0.30859375 0.16666666666666666 0.314453125 0.1736111111111111 0.31640625 0.1875 0.32421875 0.2013888888888889 0.33203125 0.22916666666666666 0.34375 0.25 0.345703125 0.25 0.353515625 0.2777777777777778 0.3515625 0.2881944444444444 0.349609375 0.2881944444444444 0.330078125 0.2465277777777778 0.31640625 0.22916666666666666 0.3125 0.2326388888888889 0.3125 0.2743055555555556 0.314453125 0.2777777777777778 0.3125 0.28125 0.310546875 0.3055555555555556 0.302734375 0.3333333333333333 0.302734375 0.375 0.306640625 0.3854166666666667 0.306640625 0.40625 0.2890625 0.4340277777777778 0.2890625 0.4444444444444444 0.28515625 0.4409722222222222 0.28515625 0.4305555555555556 0.287109375 0.4270833333333333 0.28515625 0.4236111111111111 0.28515625 0.3819444444444444 0.283203125 0.3784722222222222 0.28515625 0.375 0.28515625 0.3298611111111111 0.287109375 0.3263888888888889 0.287109375 0.3125 0.279296875 0.2916666666666667 0.279296875 0.22569444444444445 0.2734375 0.2152777777777778 0.263671875 0.20833333333333334 0.259765625 0.2013888888888889 0.259765625 0.19444444444444445 0.2578125 0.1909722222222222 0.2578125 0.1736111111111111 0.263671875 0.16319444444444445 0.267578125 0.16319444444444445 0.271484375 0.15625 0.2734375 0.13194444444444445 0.279296875 0.125 0.28515625 0.125
2 0.326171875 0.4861111111111111 0.33203125 0.4930555555555556 0.34765625 0.4965277777777778 0.349609375 0.5 0.357421875 0.5 0.369140625 0.5104166666666666 0.380859375 0.5104166666666666 0.3828125 0.5069444444444444 0.388671875 0.5069444444444444 0.39453125 0.5 0.400390625 0.5 0.408203125 0.4930555555555556 0.41796875 0.5 0.435546875 0.5 0.4375 0.5034722222222222 0.470703125 0.5034722222222222 0.47265625 0.5 0.48828125 0.5 0.49609375 0.5173611111111112 0.49609375 0.53125 0.48828125 0.5486111111111112 0.47265625 0.5520833333333334 0.470703125 0.5555555555555556 0.458984375 0.5555555555555556 0.45703125 0.5520833333333334 0.453125 0.5520833333333334 0.443359375 0.5625 0.4375 0.5625 0.4296875 0.5555555555555556 0.412109375 0.5555555555555556 0.408203125 0.5486111111111112 0.37890625 0.5486111111111112 0.376953125 0.5451388888888888 0.369140625 0.5451388888888888 0.36328125 0.5381944444444444 0.349609375 0.53125 0.345703125 0.5243055555555556 0.3359375 0.5208333333333334 0.330078125 0.5138888888888888 0.32421875 0.5208333333333334 0.322265625 0.53125 0.318359375 0.5347222222222222 0.3125 0.5347222222222222 0.310546875 0.53125 0.310546875 0.4965277777777778 0.314453125 0.4861111111111111 0.32421875 0.4861111111111111
2 0.466796875 0.5659722222222222 0.48046875 0.5868055555555556 0.482421875 0.59375 0.482421875 0.6041666666666666 0.484375 0.6076388888888888 0.48828125 0.6076388888888888 0.494140625 0.5972222222222222 0.494140625 0.5902777777777778 0.498046875 0.5902777777777778 0.50390625 0.6041666666666666 0.50390625 0.6284722222222222 0.501953125 0.6319444444444444 0.498046875 0.6319444444444444 0.494140625 0.6388888888888888 0.48828125 0.6597222222222222 0.478515625 0.6701388888888888 0.4765625 0.6840277777777778 0.470703125 0.7013888888888888 0.470703125 0.7118055555555556 0.46484375 0.7222222222222222 0.455078125 0.7222222222222222 0.453125 0.71875 0.453125 0.7118055555555556 0.46484375 0.6979166666666666 0.46484375 0.6631944444444444 0.458984375 0.6493055555555556 0.453125 0.6458333333333334 0.451171875 0.6493055555555556 0.4453125 0.6493055555555556 0.439453125 0.65625 0.435546875 0.65625 0.427734375 0.6736111111111112 0.427734375 0.6979166666666666 0.421875 0.7013888888888888 0.41796875 0.7083333333333334 0.4140625 0.7083333333333334 0.41796875 0.6979166666666666 0.41796875 0.6840277777777778 0.4140625 0.6736111111111112 0.4140625 0.6631944444444444 0.408203125 0.6423611111111112 0.41015625 0.6180555555555556 0.416015625 0.6111111111111112 0.423828125 0.6076388888888888 0.43359375 0.5902777777777778 0.44140625 0.5694444444444444 0.4453125 0.5659722222222222 0.451171875 0.5659722222222222 0.453125 0.5625 0.45703125 0.5659722222222222 0.46484375 0.5659722222222222
2 0.28515625 0.6388888888888888 0.291015625 0.6458333333333334 0.294921875 0.6458333333333334 0.302734375 0.6527777777777778 0.30859375 0.6597222222222222 0.3125 0.6701388888888888 0.3125 0.6875 0.314453125 0.6909722222222222 0.314453125 0.7291666666666666 0.31640625 0.7326388888888888 0.328125 0.7326388888888888 0.330078125 0.7291666666666666 0.3359375 0.7291666666666666 0.341796875 0.7222222222222222 0.357421875 0.71875 0.365234375 0.7395833333333334 0.365234375 0.7534722222222222 0.361328125 0.7534722222222222 0.357421875 0.7465277777777778 0.337890625 0.7465277777777778 0.33203125 0.7534722222222222 0.328125 0.7534722222222222 0.322265625 0.7604166666666666 0.318359375 0.7604166666666666 0.310546875 0.7673611111111112 0.302734375 0.7604166666666666 0.298828125 0.7604166666666666 0.29296875 0.7708333333333334 0.287109375 0.7708333333333334 0.28515625 0.7743055555555556 0.279296875 0.7743055555555556 0.279296875 0.7638888888888888 0.287109375 0.7569444444444444 0.283203125 0.75 0.279296875 0.75 0.27734375 0.7534722222222222 0.267578125 0.7534722222222222 0.255859375 0.7361111111111112 0.26171875 0.71875 0.26171875 0.6979166666666666 0.255859375 0.6840277777777778 0.244140625 0.6736111111111112 0.240234375 0.6597222222222222 0.2421875 0.6388888888888888 0.25 0.625 0.259765625 0.625 0.263671875 0.6319444444444444 0.283203125 0.6388888888888888