0 0.82421875 0.25 0.833984375 0.25 0.8359375 0.2569444444444444 0.8359375 0.2708333333333333 0.826171875 0.2743055555555556 0.822265625 0.2708333333333333 0.822265625 0.2569444444444444 0.82421875 0.2534722222222222
0 0.033203125 0.3854166666666667 0.03515625 0.3888888888888889 0.03515625 0.40625 0.033203125 0.4097222222222222 0.017578125 0.4097222222222222 0.015625 0.40625 0.015625 0.3923611111111111 0.017578125 0.3888888888888889 0.021484375 0.3854166666666667 0.03125 0.3854166666666667
0 0.697265625 0.7847222222222222 0.69921875 0.7881944444444444 0.69921875 0.8055555555555556 0.697265625 0.8090277777777778 0.69140625 0.8090277777777778 0.68359375 0.8020833333333334 0.68359375 0.7916666666666666 0.6875 0.7847222222222222 0.69140625 0.78125 0.6953125 0.7847222222222222
0 0.20703125 0.4409722222222222 0.208984375 0.4444444444444444 0.208984375 0.4548611111111111 0.20703125 0.4583333333333333 0.197265625 0.4583333333333333 0.193359375 0.4548611111111111 0.19921875 0.4409722222222222 0.205078125 0.4409722222222222
0 0.150390625 0.4583333333333333 0.15234375 0.4618055555555556 0.15234375 0.46875 0.146484375 0.4826388888888889 0.1328125 0.4826388888888889 0.1328125 0.4652777777777778 0.13671875 0.4583333333333333 0.142578125 0.4583333333333333 0.14453125 0.4548611111111111 0.1484375 0.4583333333333333
0 0.265625 0.4340277777777778 0.26953125 0.4375 0.271484375 0.4444444444444444 0.271484375 0.4618055555555556 0.267578125 0.4652777777777778 0.2578125 0.4652777777777778 0.255859375 0.4618055555555556 0.255859375 0.4444444444444444 0.26171875 0.4340277777777778 0.263671875 0.4340277777777778
0 0.17578125 0.4756944444444444 0.17578125 0.46875 0.185546875 0.4548611111111111 0.19140625 0.4548611111111111 0.19140625 0.46875 0.189453125 0.4756944444444444 0.177734375 0.4756944444444444
0 0.052734375 0.3819444444444444 0.0546875 0.3854166666666667 0.0546875 0.3958333333333333 0.046875 0.3958333333333333 0.044921875 0.3993055555555556 0.041015625 0.3888888888888889 0.044921875 0.3819444444444444 0.05078125 0.3819444444444444
0 0.27734375 0.4722222222222222 0.28125 0.46875 0.287109375 0.4722222222222222 0.287109375 0.4826388888888889 0.27734375 0.4826388888888889 0.27734375 0.4756944444444444
0 0.173828125 0.5520833333333334 0.177734375 0.5555555555555556 0.1796875 0.5694444444444444 0.171875 0.5798611111111112 0.1640625 0.5798611111111112 0.16015625 0.5729166666666666 0.162109375 0.5625 0.166015625 0.5555555555555556 0.171875 0.5520833333333334
0 0.033203125 0.3854166666666667 0.03515625 0.3888888888888889 0.03515625 0.4201388888888889 0.02734375 0.4270833333333333 0.021484375 0.4270833333333333 0.01953125 0.4236111111111111 0.015625 0.40625 0.015625 0.3923611111111111 0.021484375 0.3854166666666667 0.03125 0.3854166666666667
0 0.1796875 0.4340277777777778 0.18359375 0.4305555555555556 0.193359375 0.4305555555555556 0.197265625 0.4409722222222222 0.193359375 0.4513888888888889 0.18359375 0.4548611111111111 0.177734375 0.4479166666666667 0.177734375 0.4409722222222222 0.1796875 0.4375
0 0.275390625 0.3541666666666667 0.279296875 0.3576388888888889 0.279296875 0.3715277777777778 0.275390625 0.3784722222222222 0.267578125 0.3784722222222222 0.26171875 0.3715277777777778 0.26171875 0.3645833333333333 0.267578125 0.3541666666666667 0.2734375 0.3541666666666667
0 0.998046875 0.2743055555555556 0.998046875 0.3125 0.98828125 0.3125 0.986328125 0.3090277777777778 0.986328125 0.2847222222222222 0.990234375 0.2743055555555556 0.99609375 0.2743055555555556
0 0.23046875 0.6388888888888888 0.234375 0.6388888888888888 0.240234375 0.6527777777777778 0.23828125 0.6597222222222222 0.232421875 0.6597222222222222 0.23046875 0.6527777777777778 0.23046875 0.6423611111111112
0 0.33984375 0.3645833333333333 0.34765625 0.3541666666666667 0.353515625 0.3541666666666667 0.35546875 0.3576388888888889 0.35546875 0.3680555555555556 0.3515625 0.3715277777777778 0.349609375 0.3680555555555556 0.341796875 0.3680555555555556
0 0.267578125 0.40625 0.26953125 0.4131944444444444 0.267578125 0.4166666666666667 0.267578125 0.4236111111111111 0.25390625 0.4236111111111111 0.248046875 0.4166666666666667 0.248046875 0.3958333333333333 0.25 0.3923611111111111 0.259765625 0.3923611111111111 0.265625 0.40625
1 0.833984375 0.2708333333333333 0.83984375 0.2777777777777778 0.841796875 0.2847222222222222 0.841796875 0.2986111111111111 0.828125 0.3090277777777778 0.8203125 0.2986111111111111 0.8203125 0.2777777777777778 0.822265625 0.2743055555555556 0.83203125 0.2743055555555556
1 0.030989583333333334 0.44953703703703707 0.024479166666666666 0.054629629629629625
1 0.20494791666666667 0.49074074074074076 0.0328125 0.07037037037037036
1 0.123046875 0.5243055555555556 0.123046875 0.5069444444444444 0.130859375 0.4861111111111111 0.1484375 0.4861111111111111 0.1484375 0.5069444444444444 0.150390625 0.5104166666666666 0.150390625 0.5173611111111112 0.1484375 0.5208333333333334 0.12890625 0.5243055555555556 0.126953125 0.5277777777777778 0.125 0.5243055555555556
1 0.689453125 0.8055555555555556 0.6953125 0.8125 0.693359375 0.8368055555555556 0.689453125 0.84375 0.6875 0.8402777777777778 0.681640625 0.8402777777777778 0.677734375 0.8506944444444444 0.671875 0.8506944444444444 0.669921875 0.8472222222222222 0.671875 0.8298611111111112 0.67578125 0.8229166666666666 0.67578125 0.8159722222222222 0.681640625 0.8055555555555556 0.6875 0.8055555555555556
1 0.05859375 0.3993055555555556 0.06640625 0.40625 0.06640625 0.4583333333333333 0.0625 0.46875 0.04296875 0.46875 0.04296875 0.4375 0.041015625 0.4340277777777778 0.04296875 0.4097222222222222 0.05078125 0.3993055555555556 0.056640625 0.3993055555555556
1 0.224609375 0.6319444444444444 0.23046875 0.6423611111111112 0.23046875 0.6527777777777778 0.236328125 0.6666666666666666 0.236328125 0.6770833333333334 0.232421875 0.6840277777777778 0.21875 0.6840277777777778 0.2109375 0.6909722222222222 0.203125 0.6909722222222222 0.19921875 0.6875 0.1953125 0.6805555555555556 0.1953125 0.6666666666666666 0.201171875 0.6631944444444444 0.216796875 0.6319444444444444 0.22265625 0.6319444444444444
1 0.162109375 0.5763888888888888 0.17578125 0.5868055555555556 0.17578125 0.6111111111111112 0.173828125 0.6145833333333334 0.1640625 0.6145833333333334 0.162109375 0.6180555555555556 0.150390625 0.6180555555555556 0.146484375 0.6145833333333334 0.1484375 0.59375 0.154296875 0.5798611111111112 0.16015625 0.5763888888888888
1 0.197265625 0.4861111111111111 0.197265625 0.5104166666666666 0.203125 0.5243055555555556 0.203125 0.5381944444444444 0.201171875 0.5416666666666666 0.193359375 0.5416666666666666 0.19140625 0.5451388888888888 0.1796875 0.5451388888888888 0.177734375 0.5416666666666666 0.17578125 0.5 0.169921875 0.4895833333333333 0.169921875 0.4861111111111111 0.17578125 0.4791666666666667 0.181640625 0.4791666666666667 0.18359375 0.4756944444444444 0.189453125 0.4756944444444444 0.1953125 0.4861111111111111
1 0.30078125 0.4826388888888889 0.306640625 0.4930555555555556 0.306640625 0.5381944444444444 0.294921875 0.5381944444444444 0.287109375 0.5451388888888888 0.27734375 0.5451388888888888 0.275390625 0.53125 0.271484375 0.5208333333333334 0.267578125 0.4930555555555556 0.271484375 0.4861111111111111 0.298828125 0.4826388888888889
1 0.359375 0.375 0.36328125 0.3819444444444444 0.36328125 0.3888888888888889 0.359375 0.3993055555555556 0.357421875 0.4201388888888889 0.353515625 0.4270833333333333 0.349609375 0.4270833333333333 0.34765625 0.4236111111111111 0.333984375 0.4236111111111111 0.33203125 0.4270833333333333 0.326171875 0.4270833333333333 0.322265625 0.4201388888888889 0.322265625 0.4131944444444444 0.32421875 0.4097222222222222 0.322265625 0.3854166666666667 0.32421875 0.3784722222222222 0.3359375 0.3680555555555556 0.345703125 0.3680555555555556 0.34765625 0.3715277777777778 0.35546875 0.3715277777777778 0.357421875 0.375
1 0.25 0.4652777777777778 0.25390625 0.46875 0.255859375 0.4756944444444444 0.26171875 0.46875 0.271484375 0.46875 0.2734375 0.4756944444444444 0.271484375 0.4895833333333333 0.267578125 0.4930555555555556 0.263671875 0.5173611111111112 0.259765625 0.5208333333333334 0.251953125 0.5208333333333334 0.248046875 0.5104166666666666 0.248046875 0.4965277777777778 0.2421875 0.4826388888888889 0.2421875 0.4722222222222222 0.248046875 0.4652777777777778
1 0.248046875 0.4201388888888889 0.25 0.4236111111111111 0.255859375 0.4236111111111111 0.259765625 0.4270833333333333 0.26171875 0.4340277777777778 0.2578125 0.4479166666666667 0.2578125 0.4618055555555556 0.248046875 0.46875 0.244140625 0.46875 0.23828125 0.4618055555555556 0.23828125 0.4548611111111111 0.234375 0.4409722222222222 0.234375 0.4270833333333333 0.2421875 0.4166666666666667 0.24609375 0.4201388888888889
1 0.271484375 0.3819444444444444 0.275390625 0.3923611111111111 0.2734375 0.3993055555555556 0.26953125 0.4027777777777778 0.265625 0.4027777777777778 0.25390625 0.3888888888888889 0.25390625 0.3784722222222222 0.255859375 0.375 0.265625 0.375 0.26953125 0.3819444444444444
2 0.82421875 0.25 0.83203125 0.25 0.8359375 0.2569444444444444 0.8359375 0.2673611111111111 0.845703125 0.2986111111111111 0.845703125 0.3194444444444444 0.83984375 0.3402777777777778 0.83984375 0.3888888888888889 0.837890625 0.3923611111111111 0.8359375 0.3888888888888889 0.833984375 0.3819444444444444 0.833984375 0.3680555555555556 0.830078125 0.3541666666666667 0.826171875 0.3541666666666667 0.8203125 0.3645833333333333 0.818359375 0.3784722222222222 0.814453125 0.3784722222222222 0.8125 0.375 0.8125 0.3611111111111111 0.82421875 0.3368055555555556 0.826171875 0.3159722222222222 0.81640625 0.2951388888888889 0.81640625 0.2881944444444444 0.814453125 0.2847222222222222 0.806640625 0.2847222222222222 0.806640625 0.28125 0.818359375 0.2708333333333333 0.8203125 0.2673611111111111 0.8203125 0.2604166666666667 0.82421875 0.2534722222222222
2 0.63671875 0.8888888888888888 0.640625 0.8888888888888888 0.6484375 0.8958333333333334 0.6640625 0.8958333333333334 0.66796875 0.8854166666666666 0.66796875 0.8541666666666666 0.669921875 0.8506944444444444 0.669921875 0.8402777777777778 0.671875 0.8368055555555556 0.671875 0.8298611111111112 0.67578125 0.8229166666666666 0.677734375 0.8090277777777778 0.6875 0.7847222222222222 0.697265625 0.7847222222222222 0.69921875 0.7916666666666666 0.69921875 0.8090277777777778 0.6953125 0.8194444444444444 0.6953125 0.8263888888888888 0.69140625 0.8402777777777778 0.69140625 0.8506944444444444 0.69921875 0.8819444444444444 0.693359375 0.9236111111111112 0.69921875 0.9305555555555556 0.701171875 0.9375 0.701171875 0.9409722222222222 0.6875 0.9409722222222222 0.685546875 0.9375 0.685546875 0.9305555555555556 0.689453125 0.9201388888888888 0.689453125 0.8888888888888888 0.68359375 0.8784722222222222 0.677734375 0.8888888888888888 0.677734375 0.8958333333333334 0.671875 0.9097222222222222 0.66796875 0.9097222222222222 0.666015625 0.90625 0.654296875 0.90625 0.65234375 0.9027777777777778 0.640625 0.9027777777777778 0.63671875 0.9097222222222222 0.6328125 0.9097222222222222 0.6328125 0.9027777777777778 0.63671875 0.8923611111111112
2 0.306640625 0.4895833333333333 0.30859375 0.46875 0.31640625 0.4444444444444444 0.314453125 0.4236111111111111 0.3203125 0.40625 0.322265625 0.3819444444444444 0.326171875 0.375 0.330078125 0.375 0.333984375 0.3680555555555556 0.349609375 0.3541666666666667 0.35546875 0.3611111111111111 0.35546875 0.3680555555555556 0.36328125 0.3819444444444444 0.36328125 0.3888888888888889 0.361328125 0.3923611111111111 0.361328125 0.40625 0.353515625 0.4305555555555556 0.353515625 0.4409722222222222 0.349609375 0.4513888888888889 0.349609375 0.4583333333333333 0.345703125 0.46875 0.345703125 0.4756944444444444 0.341796875 0.4826388888888889 0.341796875 0.4895833333333333 0.337890625 0.5034722222222222 0.33203125 0.5138888888888888 0.328125 0.5138888888888888 0.326171875 0.5104166666666666 0.326171875 0.5 0.328125 0.4965277777777778 0.328125 0.4618055555555556 0.32421875 0.4548611111111111 0.322265625 0.4548611111111111 0.314453125 0.4722222222222222 0.314453125 0.4791666666666667 0.310546875 0.4861111111111111 0.310546875 0.4930555555555556 0.30859375 0.4895833333333333
2 0.033203125 0.3854166666666667 0.037109375 0.3993055555555556 0.03515625 0.4131944444444444 0.041015625 0.4409722222222222 0.041015625 0.4583333333333333 0.037109375 0.4722222222222222 0.0390625 0.4756944444444444 0.0390625 0.4965277777777778 0.041015625 0.5034722222222222 0.0390625 0.5069444444444444 0.0390625 0.5208333333333334 0.033203125 0.5486111111111112 0.033203125 0.5659722222222222 0.03515625 0.5694444444444444 0.033203125 0.5763888888888888 0.02734375 0.5833333333333334 0.01953125 0.5659722222222222 0.01953125 0.5520833333333334 0.017578125 0.5486111111111112 0.01953125 0.5347222222222222 0.013671875 0.5243055555555556 0.0078125 0.5347222222222222 0.00390625 0.5347222222222222 0.00390625 0.5243055555555556 0.01171875 0.5243055555555556 0.0234375 0.5069444444444444 0.0234375 0.4965277777777778 0.021484375 0.4930555555555556 0.0234375 0.4548611111111111 0.021484375 0.4513888888888889 0.021484375 0.4409722222222222 0.01953125 0.4375 0.01953125 0.4270833333333333 0.015625 0.4097222222222222 0.015625 0.3923611111111111 0.021484375 0.3854166666666667 0.03125 0.3854166666666667
2 0.20703125 0.4444444444444444 0.20703125 0.4479166666666667 0.212890625 0.4583333333333333 0.21484375 0.4583333333333333 0.220703125 0.4756944444444444 0.224609375 0.4791666666666667 0.236328125 0.4791666666666667 0.23828125 0.4826388888888889 0.234375 0.4826388888888889 0.232421875 0.4861111111111111 0.22265625 0.4861111111111111 0.220703125 0.4895833333333333 0.220703125 0.5138888888888888 0.23046875 0.5347222222222222 0.23046875 0.5381944444444444 0.224609375 0.5381944444444444 0.22265625 0.5416666666666666 0.22265625 0.5555555555555556 0.2265625 0.5625 0.224609375 0.5659722222222222 0.2265625 0.5729166666666666 0.2265625 0.5902777777777778 0.22265625 0.5868055555555556 0.212890625 0.5625 0.203125 0.5625 0.203125 0.5451388888888888 0.205078125 0.5416666666666666 0.203125 0.5347222222222222 0.203125 0.5243055555555556 0.197265625 0.5104166666666666 0.197265625 0.4895833333333333 0.1953125 0.4826388888888889 0.189453125 0.4756944444444444 0.189453125 0.4618055555555556 0.19921875 0.4444444444444444 0.205078125 0.4444444444444444
2 0.14453125 0.4548611111111111 0.15234375 0.4618055555555556 0.150390625 0.4895833333333333 0.15234375 0.4930555555555556 0.154296875 0.5138888888888888 0.150390625 0.5208333333333334 0.150390625 0.5347222222222222 0.15625 0.5486111111111112 0.15625 0.5590277777777778 0.138671875 0.5763888888888888 0.13671875 0.5694444444444444 0.140625 0.5625 0.140625 0.5555555555555556 0.13671875 0.5486111111111112 0.130859375 0.5486111111111112 0.123046875 0.5659722222222222 0.12109375 0.5763888888888888 0.107421875 0.5972222222222222 0.103515625 0.6111111111111112 0.103515625 0.6180555555555556 0.095703125 0.6215277777777778 0.091796875 0.6145833333333334 0.099609375 0.59375 0.109375 0.5763888888888888 0.11328125 0.5381944444444444 0.125 0.5069444444444444 0.125 0.5 0.130859375 0.4826388888888889 0.130859375 0.4722222222222222 0.1328125 0.4652777777777778 0.13671875 0.4583333333333333 0.142578125 0.4583333333333333
2 0.193359375 0.4305555555555556 0.197265625 0.4375 0.197265625 0.4444444444444444 0.1875 0.4618055555555556 0.1796875 0.4652777777777778 0.173828125 0.4791666666666667 0.169921875 0.4791666666666667 0.169921875 0.46875 0.171875 0.4618055555555556 0.17578125 0.4583333333333333 0.1796875 0.4340277777777778 0.181640625 0.4305555555555556 0.19140625 0.4305555555555556
2 0.05078125 0.3819444444444444 0.06640625 0.40625 0.06640625 0.4618055555555556 0.064453125 0.4652777777777778 0.064453125 0.4791666666666667 0.060546875 0.4861111111111111 0.060546875 0.5138888888888888 0.08203125 0.5486111111111112 0.083984375 0.5798611111111112 0.080078125 0.5868055555555556 0.076171875 0.5868055555555556 0.078125 0.5798611111111112 0.078125 0.5659722222222222 0.07421875 0.5555555555555556 0.0546875 0.5277777777777778 0.05078125 0.5138888888888888 0.041015625 0.4930555555555556 0.041015625 0.4583333333333333 0.04296875 0.4548611111111111 0.04296875 0.4444444444444444 0.041015625 0.4409722222222222 0.041015625 0.4166666666666667 0.04296875 0.4131944444444444 0.04296875 0.3854166666666667 0.048828125 0.3819444444444444
2 0.201171875 0.625 0.205078125 0.625 0.212890625 0.6354166666666666 0.216796875 0.6319444444444444 0.224609375 0.6319444444444444 0.232421875 0.6388888888888888 0.23828125 0.6493055555555556 0.236328125 0.6770833333333334 0.232421875 0.6875 0.236328125 0.7048611111111112 0.236328125 0.7152777777777778 0.23828125 0.71875 0.23828125 0.7430555555555556 0.234375 0.7395833333333334 0.232421875 0.71875 0.23046875 0.7152777777777778 0.23046875 0.7048611111111112 0.228515625 0.7013888888888888 0.228515625 0.6875 0.2265625 0.6840277777777778 0.212890625 0.6909722222222222 0.208984375 0.7013888888888888 0.208984375 0.7083333333333334 0.203125 0.71875 0.19921875 0.71875 0.19140625 0.7256944444444444 0.18359375 0.7395833333333334 0.171875 0.7291666666666666 0.1796875 0.7256944444444444 0.189453125 0.7152777777777778 0.193359375 0.7083333333333334 0.19140625 0.7013888888888888 0.189453125 0.7048611111111112 0.18359375 0.7048611111111112 0.181640625 0.7083333333333334 0.171875 0.7118055555555556 0.166015625 0.71875 0.16015625 0.71875 0.1640625 0.7083333333333334 0.1875 0.6875 0.19140625 0.6805555555555556 0.193359375 0.6701388888888888 0.197265625 0.6631944444444444 0.203125 0.6597222222222222 0.208984375 0.6493055555555556 0.201171875 0.6284722222222222
2 0.177734375 0.5555555555555556 0.1796875 0.5625 0.1796875 0.5798611111111112 0.177734375 0.5833333333333334 0.17578125 0.6215277777777778 0.173828125 0.625 0.173828125 0.6319444444444444 0.169921875 0.6388888888888888 0.171875 0.6423611111111112 0.171875 0.6631944444444444 0.162109375 0.6875 0.158203125 0.6875 0.158203125 0.6805555555555556 0.1640625 0.6701388888888888 0.1640625 0.6597222222222222 0.15625 0.6458333333333334 0.1484375 0.6458333333333334 0.138671875 0.6631944444444444 0.123046875 0.6736111111111112 0.111328125 0.6909722222222222 0.109375 0.6909722222222222 0.111328125 0.6805555555555556 0.12109375 0.6631944444444444 0.126953125 0.6597222222222222 0.1328125 0.6493055555555556 0.13671875 0.625 0.146484375 0.6041666666666666 0.1484375 0.59375 0.16015625 0.5694444444444444 0.16015625 0.5659722222222222 0.166015625 0.5555555555555556 0.169921875 0.5555555555555556 0.171875 0.5520833333333334 0.17578125 0.5555555555555556
2 0.255859375 0.4166666666666667 0.259765625 0.4270833333333333 0.259765625 0.4375 0.255859375 0.4444444444444444 0.25390625 0.4583333333333333 0.24609375 0.46875 0.23828125 0.46875 0.236328125 0.4618055555555556 0.236328125 0.4444444444444444 0.2421875 0.4236111111111111 0.248046875 0.4166666666666667 0.25390625 0.4166666666666667
2 0.189453125 0.4618055555555556 0.189453125 0.4722222222222222 0.19921875 0.4930555555555556 0.19921875 0.5138888888888888 0.203125 0.5243055555555556 0.203125 0.5625 0.201171875 0.5659722222222222 0.201171875 0.5798611111111112 0.193359375 0.5902777777777778 0.193359375 0.6006944444444444 0.1875 0.6076388888888888 0.1875 0.6145833333333334 0.185546875 0.6180555555555556 0.185546875 0.6458333333333334 0.1796875 0.6458333333333334 0.177734375 0.6423611111111112 0.177734375 0.625 0.1796875 0.6215277777777778 0.177734375 0.6111111111111112 0.1796875 0.6076388888888888 0.1796875 0.5833333333333334 0.181640625 0.5798611111111112 0.181640625 0.5694444444444444 0.1796875 0.5659722222222222 0.177734375 0.5381944444444444 0.17578125 0.5347222222222222 0.17578125 0.5173611111111112 0.171875 0.5069444444444444 0.169921875 0.4861111111111111 0.17578125 0.4791666666666667 0.181640625 0.4652777777777778 0.1875 0.4618055555555556
2 0.033203125 0.3854166666666667 0.037109375 0.3923611111111111 0.037109375 0.4131944444444444 0.0390625 0.4166666666666667 0.04296875 0.4131944444444444 0.04296875 0.40625 0.044921875 0.4027777777777778 0.04296875 0.3993055555555556 0.04296875 0.3923611111111111 0.044921875 0.3854166666666667 0.052734375 0.3854166666666667 0.052734375 0.3923611111111111 0.060546875 0.4027777777777778 0.064453125 0.4027777777777778 0.06640625 0.4097222222222222 0.06640625 0.4305555555555556 0.064453125 0.4340277777777778 0.064453125 0.4722222222222222 0.060546875 0.4791666666666667 0.05859375 0.5069444444444444 0.060546875 0.5138888888888888 0.08203125 0.5486111111111112 0.08203125 0.5659722222222222 0.083984375 0.5694444444444444 0.083984375 0.5763888888888888 0.08203125 0.5833333333333334 0.078125 0.5868055555555556 0.076171875 0.5833333333333334 0.078125 0.5798611111111112 0.078125 0.5625 0.05859375 0.53125 0.056640625 0.53125 0.056640625 0.5277777777777778 0.044921875 0.5034722222222222 0.041015625 0.5069444444444444 0.0390625 0.5243055555555556 0.03515625 0.5347222222222222 0.03515625 0.5486111111111112 0.033203125 0.5520833333333334 0.03515625 0.5555555555555556 0.033203125 0.5625 0.03515625 0.5694444444444444 0.033203125 0.5763888888888888 0.025390625 0.5798611111111112 0.01953125 0.5625 0.01953125 0.53125 0.013671875 0.5243055555555556 0.013671875 0.5208333333333334 0.025390625 0.5034722222222222 0.025390625 0.4965277777777778 0.0234375 0.4930555555555556 0.0234375 0.4479166666666667 0.01953125 0.4340277777777778 0.01953125 0.4236111111111111 0.015625 0.40625 0.015625 0.3923611111111111 0.021484375 0.3854166666666667 0.03125 0.3854166666666667
2 0.279296875 0.3576388888888889 0.27734375 0.3993055555555556 0.26953125 0.4166666666666667 0.26953125 0.4305555555555556 0.26171875 0.4305555555555556 0.255859375 0.4166666666666667 0.25 0.4166666666666667 0.24609375 0.4201388888888889 0.24609375 0.4027777777777778 0.248046875 0.3993055555555556 0.248046875 0.3923611111111111 0.265625 0.3576388888888889 0.26953125 0.3541666666666667 0.275390625 0.3541666666666667 0.27734375 0.3576388888888889
2 0.998046875 0.2743055555555556 0.998046875 0.3298611111111111 0.99609375 0.3333333333333333 0.984375 0.3298611111111111 0.984375 0.3194444444444444 0.986328125 0.3159722222222222 0.986328125 0.2847222222222222 0.990234375 0.2743055555555556 0.99609375 0.2743055555555556
2 0.26953125 0.4375 0.2734375 0.4548611111111111 0.275390625 0.4756944444444444 0.267578125 0.4895833333333333 0.265625 0.5 0.275390625 0.5416666666666666 0.2734375 0.5625 0.26953125 0.5763888888888888 0.265625 0.5763888888888888 0.263671875 0.5694444444444444 0.263671875 0.5520833333333334 0.26171875 0.5451388888888888 0.2578125 0.5416666666666666 0.25390625 0.5486111111111112 0.25390625 0.5625 0.248046875 0.5868055555555556 0.2421875 0.5798611111111112 0.2421875 0.5173611111111112 0.244140625 0.5138888888888888 0.244140625 0.5069444444444444 0.240234375 0.5 0.2421875 0.4965277777777778 0.240234375 0.4895833333333333 0.240234375 0.4791666666666667 0.2421875 0.4722222222222222 0.25 0.46875 0.255859375 0.4583333333333333 0.2578125 0.4409722222222222 0.259765625 0.4375 0.263671875 0.4340277777777778 0.267578125 0.4375
2 0.330078125 0.6076388888888888 0.333984375 0.6145833333333334 0.333984375 0.6215277777777778 0.328125 0.6284722222222222 0.3203125 0.6180555555555556 0.3203125 0.6111111111111112 0.3125 0.59375 0.310546875 0.59375 0.302734375 0.5798611111111112 0.298828125 0.5763888888888888 0.29296875 0.5763888888888888 0.283203125 0.5902777777777778 0.275390625 0.6180555555555556 0.2734375 0.6388888888888888 0.271484375 0.6423611111111112 0.263671875 0.6423611111111112 0.26171875 0.6354166666666666 0.265625 0.6215277777777778 0.26953125 0.6180555555555556 0.26953125 0.6111111111111112 0.271484375 0.6076388888888888 0.271484375 0.5902777777777778 0.279296875 0.5590277777777778 0.279296875 0.5486111111111112 0.267578125 0.4965277777777778 0.26953125 0.4895833333333333 0.28125 0.4722222222222222 0.29296875 0.4826388888888889 0.30078125 0.4826388888888889 0.306640625 0.4930555555555556 0.30859375 0.5590277777777778 0.314453125 0.5798611111111112 0.328125 0.6076388888888888