0 0.45703125 0.5416666666666666 0.4609375 0.5486111111111112 0.4609375 0.5625 0.45703125 0.5729166666666666 0.44921875 0.5729166666666666 0.447265625 0.5659722222222222 0.447265625 0.5520833333333334 0.453125 0.5416666666666666 0.455078125 0.5416666666666666
0 0.841796875 0.6493055555555556 0.849609375 0.6527777777777778 0.853515625 0.6631944444444444 0.853515625 0.6701388888888888 0.83984375 0.6736111111111112 0.83984375 0.65625 0.841796875 0.6527777777777778
0 0.027604166666666666 0.6634259259259259 0.019791666666666666 0.03240740740740741
0 0.05859375 0.3888888888888889 0.0265625 0.03888888888888889
0 0.484375 0.46875 0.490234375 0.4756944444444444 0.4921875 0.4895833333333333 0.490234375 0.4930555555555556 0.478515625 0.4930555555555556 0.4765625 0.4895833333333333 0.4765625 0.4756944444444444 0.478515625 0.4722222222222222 0.482421875 0.4722222222222222
0 0.642578125 0.9375 0.646484375 0.9444444444444444 0.646484375 0.9618055555555556 0.63671875 0.9756944444444444 0.630859375 0.96875 0.62890625 0.9583333333333334 0.630859375 0.9548611111111112 0.630859375 0.9444444444444444 0.634765625 0.9375 0.640625 0.9375
1 0.857421875 0.6736111111111112 0.865234375 0.6805555555555556 0.865234375 0.7256944444444444 0.869140625 0.7326388888888888 0.869140625 0.7395833333333334 0.865234375 0.7430555555555556 0.853515625 0.7430555555555556 0.84765625 0.75 0.84375 0.7465277777777778 0.84375 0.7291666666666666 0.841796875 0.7256944444444444 0.841796875 0.71875 0.833984375 0.7013888888888888 0.83203125 0.6875 0.837890625 0.6805555555555556 0.841796875 0.6805555555555556 0.849609375 0.6736111111111112 0.85546875 0.6736111111111112
1 0.021484375 0.6701388888888888 0.03125 0.6840277777777778 0.029296875 0.7118055555555556 0.0234375 0.7291666666666666 0.021484375 0.7291666666666666 0.017578125 0.7118055555555556 0.02734375 0.6979166666666666 0.025390625 0.6944444444444444 0.015625 0.6979166666666666 0.009765625 0.7048611111111112 0.0078125 0.7083333333333334 0.0078125 0.7152777777777778 0.013671875 0.7291666666666666 0.005859375 0.7291666666666666 0.005859375 0.7118055555555556 0.0078125 0.7083333333333334 0.01171875 0.6805555555555556 0.017578125 0.6701388888888888 0.01953125 0.6701388888888888
1 0.048828125 0.3888888888888889 0.064453125 0.4131944444444444 0.064453125 0.4340277777777778 0.0625 0.4375 0.0625 0.4583333333333333 0.060546875 0.4652777777777778 0.0546875 0.4583333333333333 0.046875 0.4618055555555556 0.0390625 0.4548611111111111 0.03515625 0.4444444444444444 0.0390625 0.4270833333333333 0.041015625 0.3958333333333333 0.046875 0.3888888888888889
1 0.65234375 0.9618055555555556 0.654296875 0.9652777777777778 0.654296875 0.9826388888888888 0.650390625 0.9965277777777778 0.619140625 0.9965277777777778 0.6171875 0.9930555555555556 0.625 0.9652777777777778 0.62890625 0.9652777777777778 0.6328125 0.9756944444444444 0.638671875 0.9756944444444444 0.650390625 0.9618055555555556
1 0.5078125 0.4583333333333333 0.513671875 0.4722222222222222 0.515625 0.4826388888888889 0.50390625 0.4930555555555556 0.498046875 0.4930555555555556 0.486328125 0.46875 0.4921875 0.4583333333333333 0.505859375 0.4583333333333333
1 0.498046875 0.5416666666666666 0.501953125 0.5486111111111112 0.501953125 0.5555555555555556 0.50390625 0.5590277777777778 0.50390625 0.5659722222222222 0.498046875 0.5763888888888888 0.494140625 0.5798611111111112 0.484375 0.5798611111111112 0.482421875 0.5833333333333334 0.46875 0.5833333333333334 0.466796875 0.5868055555555556 0.462890625 0.5868055555555556 0.458984375 0.5798611111111112 0.458984375 0.5729166666666666 0.46484375 0.5590277777777778 0.46484375 0.5520833333333334 0.466796875 0.5486111111111112 0.484375 0.5486111111111112 0.486328125 0.5451388888888888 0.4921875 0.5451388888888888 0.49609375 0.5416666666666666
2 0.849609375 0.6527777777777778 0.853515625 0.6631944444444444 0.853515625 0.6701388888888888 0.859375 0.6770833333333334 0.86328125 0.6770833333333334 0.873046875 0.6979166666666666 0.876953125 0.7118055555555556 0.876953125 0.7222222222222222 0.880859375 0.7395833333333334 0.880859375 0.75 0.876953125 0.7534722222222222 0.875 0.7291666666666666 0.87109375 0.7152777777777778 0.869140625 0.7118055555555556 0.8671875 0.7152777777777778 0.869140625 0.7569444444444444 0.87109375 0.7604166666666666 0.87109375 0.7881944444444444 0.869140625 0.7881944444444444 0.86328125 0.7743055555555556 0.861328125 0.7777777777777778 0.861328125 0.7951388888888888 0.87109375 0.8402777777777778 0.8671875 0.8402777777777778 0.85546875 0.8055555555555556 0.85546875 0.7986111111111112 0.84765625 0.7708333333333334 0.84765625 0.7604166666666666 0.84375 0.7465277777777778 0.841796875 0.7222222222222222 0.837890625 0.7152777777777778 0.837890625 0.7083333333333334 0.83203125 0.6944444444444444 0.83203125 0.6875 0.83984375 0.6770833333333334 0.83984375 0.65625 0.84375 0.6493055555555556 0.84765625 0.6527777777777778
2 0.5 0.5347222222222222 0.5 0.5277777777777778 0.501953125 0.5243055555555556 0.5 0.5208333333333334 0.5 0.5138888888888888 0.494140625 0.5034722222222222 0.48828125 0.5034722222222222 0.48046875 0.4965277777777778 0.4765625 0.4895833333333333 0.4765625 0.4756944444444444 0.4921875 0.4583333333333333 0.505859375 0.4583333333333333 0.5078125 0.4548611111111111 0.513671875 0.4548611111111111 0.515625 0.4583333333333333 0.513671875 0.46875 0.517578125 0.4756944444444444 0.53125 0.4722222222222222 0.53125 0.4791666666666667 0.51953125 0.4930555555555556 0.51953125 0.5034722222222222 0.521484375 0.5069444444444444 0.521484375 0.5173611111111112 0.5234375 0.5243055555555556 0.53125 0.5381944444444444 0.533203125 0.5381944444444444 0.541015625 0.5520833333333334 0.541015625 0.5555555555555556 0.537109375 0.5590277777777778 0.53125 0.5486111111111112 0.515625 0.5347222222222222 0.501953125 0.5347222222222222
2 0.021484375 0.6527777777777778 0.025390625 0.6493055555555556 0.03125 0.6493055555555556 0.03515625 0.6527777777777778 0.037109375 0.6597222222222222 0.037109375 0.6666666666666666 0.033203125 0.6770833333333334 0.033203125 0.6875 0.03125 0.6909722222222222 0.03125 0.7048611111111112 0.029296875 0.7083333333333334 0.03125 0.7222222222222222 0.025390625 0.7326388888888888 0.025390625 0.7361111111111112 0.03515625 0.7569444444444444 0.0390625 0.7708333333333334 0.04296875 0.8194444444444444 0.046875 0.8263888888888888 0.052734375 0.8263888888888888 0.0546875 0.8298611111111112 0.044921875 0.8368055555555556 0.0390625 0.8368055555555556 0.037109375 0.8298611111111112 0.037109375 0.8125 0.03515625 0.8090277777777778 0.033203125 0.7847222222222222 0.03125 0.7777777777777778 0.01953125 0.7604166666666666 0.015625 0.7604166666666666 0.01171875 0.7673611111111112 0.01171875 0.7743055555555556 0.005859375 0.7916666666666666 0 0.7951388888888888 0 0.7638888888888888 0.00390625 0.7604166666666666 0.00390625 0.7256944444444444 0.0078125 0.7118055555555556 0.0078125 0.7013888888888888 0.01171875 0.6875 0.01171875 0.6805555555555556 0.021484375 0.65625
2 0.474609375 0.5381944444444444 0.474609375 0.5416666666666666 0.482421875 0.5555555555555556 0.48828125 0.5520833333333334 0.4921875 0.5416666666666666 0.49609375 0.5381944444444444 0.501953125 0.5381944444444444 0.501953125 0.5451388888888888 0.50390625 0.5486111111111112 0.50390625 0.5659722222222222 0.498046875 0.5798611111111112 0.494140625 0.5798611111111112 0.48828125 0.5868055555555556 0.46875 0.5868055555555556 0.466796875 0.5902777777777778 0.458984375 0.5868055555555556 0.451171875 0.5729166666666666 0.44921875 0.5729166666666666 0.447265625 0.5659722222222222 0.447265625 0.5520833333333334 0.453125 0.5416666666666666 0.46875 0.5416666666666666 0.47265625 0.5381944444444444
2 0.642578125 0.9375 0.646484375 0.9444444444444444 0.646484375 0.9513888888888888 0.650390625 0.9548611111111112 0.66015625 0.9756944444444444 0.671875 0.9861111111111112 0.673828125 0.9965277777777778 0.669921875 0.9965277777777778 0.662109375 0.9826388888888888 0.654296875 0.9826388888888888 0.650390625 0.9965277777777778 0.615234375 0.9965277777777778 0.623046875 0.96875 0.62890625 0.9618055555555556 0.630859375 0.9444444444444444 0.634765625 0.9375 0.640625 0.9375
2 0.0625 0.375 0.06640625 0.3784722222222222 0.0703125 0.3888888888888889 0.0703125 0.3958333333333333 0.064453125 0.4131944444444444 0.064453125 0.46875 0.0625 0.4722222222222222 0.064453125 0.4791666666666667 0.064453125 0.5 0.06640625 0.5034722222222222 0.06640625 0.5138888888888888 0.072265625 0.5208333333333334 0.0703125 0.5520833333333334 0.068359375 0.5555555555555556 0.0625 0.5555555555555556 0.060546875 0.5520833333333334 0.05859375 0.5138888888888888 0.05078125 0.4965277777777778 0.048828125 0.4965277777777778 0.03515625 0.5173611111111112 0.03125 0.5173611111111112 0.0234375 0.5243055555555556 0.013671875 0.5451388888888888 0.009765625 0.5416666666666666 0.009765625 0.5277777777777778 0.0078125 0.5243055555555556 0.0078125 0.5138888888888888 0.017578125 0.4965277777777778 0.02734375 0.4861111111111111 0.033203125 0.4722222222222222 0.033203125 0.4652777777777778 0.03515625 0.4618055555555556 0.03515625 0.4409722222222222 0.0390625 0.4236111111111111 0.0390625 0.40625 0.04296875 0.3888888888888889 0.046875 0.3784722222222222 0.052734375 0.3715277777777778 0.05859375 0.3715277777777778 0.060546875 0.375