0 0.06640625 0.3368055555555556 0.0703125 0.3472222222222222 0.0703125 0.3680555555555556 0.064453125 0.3784722222222222 0.0546875 0.3680555555555556 0.0546875 0.34375 0.05859375 0.3368055555555556 0.064453125 0.3368055555555556
0 0.689453125 0.3298611111111111 0.69140625 0.3333333333333333 0.69140625 0.3472222222222222 0.685546875 0.3541666666666667 0.677734375 0.3541666666666667 0.673828125 0.34375 0.677734375 0.3298611111111111 0.6875 0.3298611111111111
0 0.3515625 0.5104166666666666 0.353515625 0.5138888888888888 0.353515625 0.5243055555555556 0.33984375 0.5208333333333334 0.33984375 0.5104166666666666 0.341796875 0.5069444444444444 0.34765625 0.5069444444444444 0.349609375 0.5104166666666666
0 0.3221354166666667 0.5421296296296296 0.015104166666666667 0.03796296296296296
0 0.123046875 0.3715277777777778 0.126953125 0.375 0.12890625 0.3819444444444444 0.12890625 0.3993055555555556 0.125 0.4131944444444444 0.1171875 0.4131944444444444 0.109375 0.3958333333333333 0.111328125 0.3819444444444444 0.12109375 0.375
0 0.059895833333333336 0.6101851851851852 0.021875 0.04074074074074074
1 0.076171875 0.3645833333333333 0.080078125 0.3680555555555556 0.08203125 0.3819444444444444 0.080078125 0.3854166666666667 0.080078125 0.3923611111111111 0.076171875 0.40625 0.076171875 0.4166666666666667 0.07421875 0.4201388888888889 0.076171875 0.4236111111111111 0.076171875 0.4409722222222222 0.072265625 0.4479166666666667 0.056640625 0.4479166666666667 0.05078125 0.4409722222222222 0.05078125 0.4166666666666667 0.052734375 0.4131944444444444 0.052734375 0.4027777777777778 0.046875 0.3923611111111111 0.044921875 0.3923611111111111 0.044921875 0.375 0.052734375 0.3680555555555556 0.060546875 0.3819444444444444 0.064453125 0.3819444444444444 0.068359375 0.3715277777777778 0.07421875 0.3645833333333333
1 0.36328125 0.5659722222222222 0.373046875 0.5729166666666666 0.37890625 0.5833333333333334 0.37890625 0.6076388888888888 0.376953125 0.6111111111111112 0.376953125 0.6180555555555556 0.3671875 0.6354166666666666 0.36328125 0.6284722222222222 0.359375 0.6111111111111112 0.361328125 0.6041666666666666 0.361328125 0.5694444444444444
1 0.05859375 0.6284722222222222 0.06640625 0.6354166666666666 0.06640625 0.6527777777777778 0.064453125 0.65625 0.060546875 0.65625 0.056640625 0.6631944444444444 0.056640625 0.6875 0.041015625 0.6875 0.0390625 0.6840277777777778 0.0390625 0.6388888888888888 0.044921875 0.625 0.0546875 0.625 0.056640625 0.6284722222222222
1 0.130859375 0.40625 0.1328125 0.4097222222222222 0.1328125 0.4201388888888889 0.130859375 0.4236111111111111 0.1328125 0.4652777777777778 0.12890625 0.4791666666666667 0.119140625 0.4791666666666667 0.115234375 0.4722222222222222 0.115234375 0.4340277777777778 0.109375 0.4270833333333333 0.107421875 0.4305555555555556 0.103515625 0.4270833333333333 0.103515625 0.4131944444444444 0.109375 0.4027777777777778 0.115234375 0.4027777777777778 0.12109375 0.4131944444444444 0.126953125 0.4131944444444444 0.12890625 0.4097222222222222
1 0.703125 0.3402777777777778 0.705078125 0.34375 0.70703125 0.375 0.7109375 0.3854166666666667 0.7109375 0.3958333333333333 0.712890625 0.3993055555555556 0.712890625 0.4166666666666667 0.708984375 0.4236111111111111 0.705078125 0.4236111111111111 0.703125 0.4270833333333333 0.6953125 0.4270833333333333 0.6875 0.4201388888888889 0.6875 0.4131944444444444 0.69140625 0.3993055555555556 0.69140625 0.3854166666666667 0.689453125 0.3819444444444444 0.681640625 0.3819444444444444 0.6796875 0.3784722222222222 0.6796875 0.3645833333333333 0.69140625 0.3472222222222222 0.69140625 0.3402777777777778 0.693359375 0.3368055555555556 0.69921875 0.3368055555555556 0.701171875 0.3402777777777778
1 0.33203125 0.5972222222222222 0.333984375 0.5902777777777778 0.333984375 0.5659722222222222 0.328125 0.5486111111111112 0.328125 0.5347222222222222 0.333984375 0.5277777777777778 0.34765625 0.5277777777777778 0.349609375 0.53125 0.353515625 0.53125 0.359375 0.5451388888888888 0.359375 0.5972222222222222 0.357421875 0.6041666666666666 0.3515625 0.6041666666666666 0.349609375 0.6006944444444444 0.3359375 0.6006944444444444 0.333984375 0.5972222222222222
2 0.064453125 0.3402777777777778 0.068359375 0.34375 0.0703125 0.3541666666666667 0.08203125 0.3715277777777778 0.08203125 0.3923611111111111 0.0859375 0.3993055555555556 0.08984375 0.4131944444444444 0.091796875 0.4340277777777778 0.095703125 0.4409722222222222 0.09375 0.4479166666666667 0.08984375 0.4479166666666667 0.08984375 0.4375 0.083984375 0.4201388888888889 0.078125 0.4097222222222222 0.076171875 0.4131944444444444 0.076171875 0.4305555555555556 0.078125 0.4340277777777778 0.076171875 0.4409722222222222 0.078125 0.5381944444444444 0.076171875 0.5416666666666666 0.072265625 0.5416666666666666 0.068359375 0.5243055555555556 0.06640625 0.5277777777777778 0.06640625 0.5381944444444444 0.064453125 0.5451388888888888 0.05859375 0.5381944444444444 0.05859375 0.4826388888888889 0.0546875 0.46875 0.046875 0.4583333333333333 0.044921875 0.4513888888888889 0.044921875 0.4375 0.04296875 0.4340277777777778 0.04296875 0.3888888888888889 0.044921875 0.3854166666666667 0.044921875 0.375 0.052734375 0.3645833333333333 0.0546875 0.3472222222222222 0.0625 0.3402777777777778
2 0.361328125 0.5659722222222222 0.373046875 0.5694444444444444 0.373046875 0.5729166666666666 0.37890625 0.5833333333333334 0.37890625 0.5902777777777778 0.380859375 0.59375 0.376953125 0.6111111111111112 0.376953125 0.625 0.37890625 0.6284722222222222 0.390625 0.6284722222222222 0.39453125 0.6215277777777778 0.3984375 0.6215277777777778 0.404296875 0.6319444444444444 0.408203125 0.6458333333333334 0.408203125 0.6493055555555556 0.40234375 0.6493055555555556 0.400390625 0.6458333333333334 0.39453125 0.6597222222222222 0.390625 0.6423611111111112 0.380859375 0.6527777777777778 0.369140625 0.65625 0.3671875 0.6527777777777778 0.3671875 0.6423611111111112 0.36328125 0.6319444444444444 0.36328125 0.625 0.359375 0.6180555555555556 0.359375 0.6041666666666666 0.361328125 0.6006944444444444 0.361328125 0.5694444444444444
2 0.060546875 0.5902777777777778 0.064453125 0.59375 0.0703125 0.6076388888888888 0.0703125 0.6180555555555556 0.06640625 0.6319444444444444 0.068359375 0.6388888888888888 0.068359375 0.6493055555555556 0.06640625 0.6527777777777778 0.06640625 0.6770833333333334 0.0703125 0.6875 0.068359375 0.7118055555555556 0.076171875 0.7326388888888888 0.076171875 0.7465277777777778 0.078125 0.75 0.076171875 0.7673611111111112 0.06640625 0.7986111111111112 0.06640625 0.8125 0.068359375 0.8159722222222222 0.072265625 0.8159722222222222 0.072265625 0.8194444444444444 0.06640625 0.8194444444444444 0.05859375 0.8090277777777778 0.05859375 0.8020833333333334 0.0625 0.7881944444444444 0.0625 0.7743055555555556 0.068359375 0.7604166666666666 0.068359375 0.7534722222222222 0.056640625 0.7361111111111112 0.052734375 0.7430555555555556 0.052734375 0.7569444444444444 0.046875 0.7708333333333334 0.037109375 0.8090277777777778 0.037109375 0.8229166666666666 0.041015625 0.8333333333333334 0.03125 0.8333333333333334 0.03125 0.8263888888888888 0.029296875 0.8229166666666666 0.029296875 0.8125 0.03125 0.8090277777777778 0.03125 0.8020833333333334 0.03515625 0.7881944444444444 0.03515625 0.7777777777777778 0.0390625 0.7638888888888888 0.0390625 0.7569444444444444 0.037109375 0.7534722222222222 0.0390625 0.7361111111111112 0.03515625 0.7222222222222222 0.03515625 0.7048611111111112 0.0390625 0.6875 0.0390625 0.6388888888888888 0.048828125 0.6180555555555556 0.05078125 0.6111111111111112 0.05078125 0.6006944444444444 0.0546875 0.59375 0.05859375 0.59375
2 0.115234375 0.375 0.119140625 0.3715277777777778 0.125 0.3715277777777778 0.12890625 0.375 0.1328125 0.3854166666666667 0.1328125 0.4236111111111111 0.130859375 0.4270833333333333 0.130859375 0.4340277777777778 0.134765625 0.4409722222222222 0.134765625 0.4479166666666667 0.138671875 0.4583333333333333 0.140625 0.4930555555555556 0.142578125 0.4965277777777778 0.142578125 0.5104166666666666 0.14453125 0.5138888888888888 0.14453125 0.5381944444444444 0.13671875 0.5659722222222222 0.13671875 0.5833333333333334 0.138671875 0.5902777777777778 0.134765625 0.59375 0.130859375 0.5902777777777778 0.12890625 0.5833333333333334 0.130859375 0.5451388888888888 0.134765625 0.5277777777777778 0.1328125 0.5208333333333334 0.126953125 0.5138888888888888 0.123046875 0.5173611111111112 0.123046875 0.5277777777777778 0.119140625 0.5451388888888888 0.119140625 0.5590277777777778 0.1171875 0.5625 0.1171875 0.5798611111111112 0.125 0.5972222222222222 0.123046875 0.6006944444444444 0.119140625 0.6006944444444444 0.109375 0.5868055555555556 0.109375 0.5520833333333334 0.111328125 0.5486111111111112 0.111328125 0.5243055555555556 0.11328125 0.5208333333333334 0.107421875 0.4930555555555556 0.107421875 0.46875 0.10546875 0.4652777777777778 0.10546875 0.4444444444444444 0.103515625 0.4409722222222222 0.10546875 0.4375 0.103515625 0.4340277777777778 0.103515625 0.4131944444444444 0.111328125 0.3993055555555556 0.11328125 0.3923611111111111 0.11328125 0.3819444444444444 0.115234375 0.3784722222222222
2 0.673828125 0.4270833333333333 0.673828125 0.4236111111111111 0.681640625 0.4097222222222222 0.6796875 0.3576388888888889 0.673828125 0.34375 0.677734375 0.3263888888888889 0.6875 0.3263888888888889 0.69140625 0.3333333333333333 0.701171875 0.3368055555555556 0.705078125 0.34375 0.70703125 0.375 0.712890625 0.3958333333333333 0.712890625 0.4166666666666667 0.708984375 0.4270833333333333 0.73046875 0.46875 0.73046875 0.4756944444444444 0.728515625 0.4756944444444444 0.72265625 0.4652777777777778 0.716796875 0.4618055555555556 0.716796875 0.4583333333333333 0.701171875 0.4340277777777778 0.697265625 0.4340277777777778 0.6953125 0.4375 0.6953125 0.4479166666666667 0.697265625 0.4513888888888889 0.697265625 0.4618055555555556 0.701171875 0.4722222222222222 0.703125 0.4861111111111111 0.6953125 0.4861111111111111 0.693359375 0.4826388888888889 0.693359375 0.4722222222222222 0.6875 0.4548611111111111 0.6875 0.4270833333333333 0.685546875 0.4236111111111111 0.67578125 0.4270833333333333
2 0.341796875 0.5069444444444444 0.34765625 0.5034722222222222 0.35546875 0.5138888888888888 0.35546875 0.5347222222222222 0.359375 0.5451388888888888 0.359375 0.6076388888888888 0.357421875 0.6145833333333334 0.365234375 0.6423611111111112 0.365234375 0.6631944444444444 0.3671875 0.6666666666666666 0.373046875 0.7048611111111112 0.376953125 0.7118055555555556 0.37890625 0.7083333333333334 0.384765625 0.7083333333333334 0.384765625 0.7152777777777778 0.380859375 0.7222222222222222 0.373046875 0.7256944444444444 0.369140625 0.7326388888888888 0.36328125 0.7291666666666666 0.36328125 0.7256944444444444 0.369140625 0.71875 0.369140625 0.7118055555555556 0.359375 0.6805555555555556 0.357421875 0.6597222222222222 0.345703125 0.6354166666666666 0.330078125 0.6666666666666666 0.31640625 0.7013888888888888 0.3125 0.7152777777777778 0.314453125 0.7222222222222222 0.314453125 0.7326388888888888 0.3125 0.7361111111111112 0.30859375 0.7361111111111112 0.3046875 0.7291666666666666 0.3046875 0.7152777777777778 0.310546875 0.7048611111111112 0.310546875 0.6979166666666666 0.31640625 0.6840277777777778 0.31640625 0.6770833333333334 0.322265625 0.6597222222222222 0.3203125 0.6527777777777778 0.328125 0.6284722222222222 0.330078125 0.59375 0.333984375 0.5868055555555556 0.33203125 0.5798611111111112 0.33203125 0.5625 0.328125 0.5486111111111112 0.328125 0.5347222222222222 0.33203125 0.53125 0.341796875 0.5104166666666666