0 0.205078125 0.6006944444444444 0.208984375 0.6076388888888888 0.208984375 0.6180555555555556 0.205078125 0.625 0.1953125 0.625 0.1953125 0.6111111111111112 0.201171875 0.6006944444444444 0.203125 0.6006944444444444
0 0.07708333333333334 0.437037037037037 0.013541666666666667 0.02962962962962963
0 0.08984375 0.2152777777777778 0.09765625 0.2152777777777778 0.09765625 0.22569444444444445 0.095703125 0.22916666666666666 0.091796875 0.22916666666666666 0.08984375 0.22569444444444445 0.08984375 0.21875
0 0.09765625 0.12037037037037036 0.015104166666666667 0.02037037037037037
0 0.6223958333333334 0.4555555555555555 0.015625 0.02037037037037037
0 0.658203125 0.2951388888888889 0.66015625 0.2986111111111111 0.66015625 0.3055555555555556 0.654296875 0.3125 0.650390625 0.3125 0.6484375 0.3090277777777778 0.6484375 0.3020833333333333 0.65625 0.2951388888888889
0 0.615234375 0.3854166666666667 0.623046875 0.3923611111111111 0.62109375 0.3958333333333333 0.615234375 0.3958333333333333 0.61328125 0.3923611111111111 0.615234375 0.3888888888888889
0 0.4765625 0.3333333333333333 0.48046875 0.3402777777777778 0.478515625 0.3472222222222222 0.470703125 0.34375 0.470703125 0.3368055555555556 0.474609375 0.3333333333333333
0 0.30859375 0.34375 0.310546875 0.3472222222222222 0.314453125 0.3472222222222222 0.314453125 0.3541666666666667 0.30859375 0.3611111111111111 0.302734375 0.3611111111111111 0.302734375 0.3472222222222222 0.306640625 0.34375
0 0.283203125 0.3125 0.287109375 0.3125 0.287109375 0.3194444444444444 0.291015625 0.3263888888888889 0.2890625 0.3333333333333333 0.283203125 0.3298611111111111 0.283203125 0.3159722222222222
0 0.28151041666666665 0.22685185185185183 0.013020833333333334 0.016666666666666666
0 0.30078125 0.1736111111111111 0.302734375 0.18055555555555555 0.30078125 0.1875 0.298828125 0.1840277777777778 0.294921875 0.1840277777777778 0.291015625 0.17708333333333334 0.29296875 0.1736111111111111 0.298828125 0.1736111111111111
0 0.298828125 0.09722222222222222 0.30078125 0.10069444444444445 0.30078125 0.1076388888888889 0.296875 0.11805555555555555 0.294921875 0.11805555555555555 0.2890625 0.1076388888888889 0.2890625 0.10069444444444445 0.291015625 0.09722222222222222 0.296875 0.09722222222222222
0 0.4044270833333333 0.22361111111111112 0.008854166666666666 0.01574074074074074
0 0.3893229166666667 0.23796296296296296 0.009895833333333333 0.014814814814814815
0 0.3848958333333333 0.2185185185185185 0.009375 0.014814814814814815
0 0.39921875 0.21018518518518517 0.005729166666666666 0.009259259259259259
1 0.51953125 0.3055555555555556 0.52734375 0.3159722222222222 0.52734375 0.3229166666666667 0.521484375 0.3368055555555556 0.521484375 0.3472222222222222 0.51953125 0.3541666666666667 0.515625 0.3541666666666667 0.513671875 0.3506944444444444 0.50390625 0.3506944444444444 0.50390625 0.3368055555555556 0.509765625 0.3263888888888889 0.513671875 0.3125 0.517578125 0.3090277777777778
1 0.654296875 0.3506944444444444 0.654296875 0.34375 0.65234375 0.3402777777777778 0.65234375 0.3194444444444444 0.66015625 0.3055555555555556 0.666015625 0.3055555555555556 0.669921875 0.3125 0.669921875 0.3368055555555556 0.66796875 0.3402777777777778 0.66796875 0.3506944444444444 0.65625 0.3506944444444444
1 0.3125 0.11805555555555555 0.31640625 0.13541666666666666 0.314453125 0.14930555555555555 0.302734375 0.14583333333333334 0.30078125 0.1284722222222222 0.296875 0.12152777777777778 0.296875 0.11458333333333333 0.302734375 0.1076388888888889 0.3046875 0.1076388888888889 0.310546875 0.11805555555555555
1 0.0546875 0.4756944444444444 0.056640625 0.4618055555555556 0.068359375 0.4409722222222222 0.07421875 0.4409722222222222 0.076171875 0.4444444444444444 0.076171875 0.46875 0.068359375 0.4791666666666667 0.056640625 0.4756944444444444
1 0.6171875 0.4652777777777778 0.625 0.4583333333333333 0.630859375 0.4583333333333333 0.63671875 0.46875 0.63671875 0.4756944444444444 0.640625 0.4791666666666667 0.640625 0.4895833333333333 0.63671875 0.5069444444444444 0.62109375 0.5069444444444444 0.619140625 0.5034722222222222 0.619140625 0.4826388888888889 0.6171875 0.4791666666666667 0.6171875 0.46875
1 0.2890625 0.1875 0.298828125 0.1875 0.30859375 0.19791666666666666 0.30859375 0.2048611111111111 0.302734375 0.22569444444444445 0.298828125 0.22569444444444445 0.296875 0.22916666666666666 0.287109375 0.21180555555555555 0.287109375 0.19444444444444445 0.2890625 0.1909722222222222
1 0.966796875 0.4305555555555556 0.9765625 0.4375 0.986328125 0.4548611111111111 0.986328125 0.4618055555555556 0.978515625 0.46875 0.974609375 0.4652777777777778 0.966796875 0.4652777777777778 0.962890625 0.4479166666666667 0.962890625 0.4375 0.96484375 0.4340277777777778
1 0.302734375 0.3541666666666667 0.306640625 0.3576388888888889 0.306640625 0.375 0.302734375 0.3819444444444444 0.30078125 0.3993055555555556 0.296875 0.40625 0.287109375 0.40625 0.287109375 0.3854166666666667 0.2890625 0.3819444444444444 0.2890625 0.3611111111111111 0.294921875 0.3541666666666667 0.30078125 0.3541666666666667
1 0.306640625 0.3541666666666667 0.30859375 0.3576388888888889 0.30859375 0.3645833333333333 0.302734375 0.3854166666666667 0.291015625 0.375 0.291015625 0.3611111111111111 0.296875 0.3506944444444444 0.302734375 0.3506944444444444 0.3046875 0.3541666666666667
1 0.2890625 0.3263888888888889 0.296875 0.3263888888888889 0.30078125 0.3333333333333333 0.30078125 0.3402777777777778 0.2890625 0.3576388888888889 0.287109375 0.3541666666666667 0.279296875 0.3541666666666667 0.2734375 0.3402777777777778 0.27734375 0.3298611111111111 0.283203125 0.3298611111111111 0.28515625 0.3333333333333333 0.2890625 0.3298611111111111
1 0.59765625 0.3645833333333333 0.6015625 0.3715277777777778 0.609375 0.3715277777777778 0.615234375 0.3784722222222222 0.615234375 0.3923611111111111 0.61328125 0.3993055555555556 0.609375 0.4027777777777778 0.6015625 0.4027777777777778 0.5859375 0.3888888888888889 0.583984375 0.3819444444444444 0.5859375 0.3715277777777778 0.58984375 0.3645833333333333 0.595703125 0.3645833333333333
1 0.091796875 0.22569444444444445 0.09765625 0.2326388888888889 0.09765625 0.23958333333333334 0.095703125 0.24305555555555555 0.099609375 0.2534722222222222 0.091796875 0.25 0.0859375 0.2604166666666667 0.0859375 0.2638888888888889 0.080078125 0.2708333333333333 0.07421875 0.2638888888888889 0.076171875 0.2604166666666667 0.076171875 0.25 0.078125 0.24305555555555555 0.080078125 0.24305555555555555 0.08203125 0.2361111111111111 0.087890625 0.22569444444444445 0.08984375 0.22569444444444445
1 0.40234375 0.2326388888888889 0.404296875 0.2361111111111111 0.41015625 0.2361111111111111 0.41015625 0.2604166666666667 0.408203125 0.2638888888888889 0.41015625 0.2708333333333333 0.41015625 0.28125 0.408203125 0.2847222222222222 0.39453125 0.2847222222222222 0.390625 0.2777777777777778 0.390625 0.2465277777777778 0.39453125 0.2361111111111111 0.400390625 0.2326388888888889
1 0.47265625 0.3472222222222222 0.4765625 0.3541666666666667 0.47265625 0.3680555555555556 0.47265625 0.3819444444444444 0.46484375 0.3923611111111111 0.458984375 0.3958333333333333 0.455078125 0.40625 0.451171875 0.40625 0.453125 0.3819444444444444 0.462890625 0.3506944444444444 0.466796875 0.34375 0.470703125 0.3472222222222222
1 0.103515625 0.12152777777777778 0.103515625 0.13194444444444445 0.095703125 0.14930555555555555 0.083984375 0.14930555555555555 0.08203125 0.14583333333333334 0.08203125 0.1388888888888889 0.091796875 0.125 0.095703125 0.12152777777777778 0.1015625 0.12152777777777778
1 0.40625 0.2326388888888889 0.41796875 0.2326388888888889 0.419921875 0.23958333333333334 0.419921875 0.2743055555555556 0.412109375 0.28125 0.408203125 0.2673611111111111 0.41015625 0.2465277777777778 0.40625 0.2361111111111111
1 0.2817708333333333 0.25277777777777777 0.026041666666666668 0.04259259259259259
1 0.212890625 0.625 0.216796875 0.6319444444444444 0.216796875 0.6423611111111112 0.21875 0.6458333333333334 0.21875 0.6597222222222222 0.216796875 0.6631944444444444 0.205078125 0.6631944444444444 0.203125 0.6597222222222222 0.203125 0.6527777777777778 0.19921875 0.6458333333333334 0.19921875 0.6284722222222222 0.203125 0.6215277777777778 0.208984375 0.6215277777777778 0.2109375 0.625
0 0.64453125 0.3645833333333333 0.646484375 0.3680555555555556 0.64453125 0.3784722222222222 0.642578125 0.3819444444444444 0.642578125 0.3680555555555556
1 0.625 0.3576388888888889 0.626953125 0.3611111111111111 0.63671875 0.3611111111111111 0.638671875 0.3645833333333333 0.640625 0.3784722222222222 0.634765625 0.3854166666666667 0.623046875 0.3854166666666667 0.61328125 0.3784722222222222 0.61328125 0.3680555555555556 0.6171875 0.3611111111111111 0.623046875 0.3576388888888889
2 0.66015625 0.2986111111111111 0.6640625 0.3055555555555556 0.66796875 0.3055555555555556 0.671875 0.3194444444444444 0.669921875 0.34375 0.66796875 0.3472222222222222 0.66796875 0.3611111111111111 0.662109375 0.375 0.662109375 0.3923611111111111 0.66796875 0.4027777777777778 0.666015625 0.4097222222222222 0.662109375 0.40625 0.654296875 0.4097222222222222 0.65234375 0.40625 0.65234375 0.3923611111111111 0.64453125 0.3784722222222222 0.64453125 0.3680555555555556 0.65234375 0.3472222222222222 0.65234375 0.3090277777777778 0.650390625 0.3020833333333333 0.654296875 0.2951388888888889 0.658203125 0.2986111111111111
2 0.52734375 0.3506944444444444 0.533203125 0.3611111111111111 0.533203125 0.375 0.53125 0.3819444444444444 0.537109375 0.3923611111111111 0.525390625 0.3923611111111111 0.525390625 0.3680555555555556 0.517578125 0.3611111111111111 0.505859375 0.3715277777777778 0.501953125 0.3784722222222222 0.498046875 0.3784722222222222 0.494140625 0.3854166666666667 0.484375 0.3854166666666667 0.48828125 0.3784722222222222 0.494140625 0.375 0.50390625 0.3576388888888889 0.50390625 0.3368055555555556 0.509765625 0.3263888888888889 0.51171875 0.3159722222222222 0.5234375 0.2986111111111111 0.529296875 0.2986111111111111 0.53125 0.3020833333333333 0.53125 0.3090277777777778 0.5234375 0.3368055555555556 0.5234375 0.3472222222222222 0.525390625 0.3506944444444444
2 0.10546875 0.2569444444444444 0.107421875 0.2604166666666667 0.103515625 0.2604166666666667 0.09765625 0.2534722222222222 0.08984375 0.2534722222222222 0.087890625 0.2569444444444444 0.087890625 0.2638888888888889 0.095703125 0.28125 0.095703125 0.3159722222222222 0.091796875 0.3090277777777778 0.091796875 0.2986111111111111 0.087890625 0.2916666666666667 0.07421875 0.2951388888888889 0.07421875 0.2604166666666667 0.078125 0.24305555555555555 0.091796875 0.2152777777777778 0.09765625 0.2152777777777778 0.099609375 0.2222222222222222 0.09765625 0.2465277777777778 0.103515625 0.2569444444444444
2 0.583984375 0.3541666666666667 0.59765625 0.3541666666666667 0.599609375 0.3576388888888889 0.599609375 0.3645833333333333 0.603515625 0.3715277777777778 0.609375 0.3715277777777778 0.615234375 0.3784722222222222 0.615234375 0.3958333333333333 0.611328125 0.4027777777777778 0.599609375 0.4027777777777778 0.59765625 0.3993055555555556 0.58984375 0.3993055555555556 0.58203125 0.3854166666666667 0.576171875 0.3819444444444444 0.57421875 0.375 0.580078125 0.375 0.58203125 0.3784722222222222 0.583984375 0.375 0.5859375 0.3680555555555556 0.5859375 0.3576388888888889
2 0.306640625 0.34375 0.310546875 0.3472222222222222 0.310546875 0.3541666666666667 0.30859375 0.3576388888888889 0.306640625 0.375 0.302734375 0.3854166666666667 0.302734375 0.4131944444444444 0.30078125 0.4166666666666667 0.298828125 0.4375 0.29296875 0.4513888888888889 0.29296875 0.4652777777777778 0.2890625 0.4652777777777778 0.287109375 0.4618055555555556 0.287109375 0.4479166666666667 0.28125 0.4409722222222222 0.283203125 0.4305555555555556 0.287109375 0.4236111111111111 0.28515625 0.3923611111111111 0.2890625 0.3784722222222222 0.2890625 0.3680555555555556 0.29296875 0.3576388888888889 0.3046875 0.34375
2 0.080078125 0.4270833333333333 0.08203125 0.4305555555555556 0.08203125 0.4375 0.078125 0.4513888888888889 0.078125 0.4652777777777778 0.083984375 0.4756944444444444 0.08203125 0.4756944444444444 0.078125 0.4861111111111111 0.08203125 0.4965277777777778 0.08203125 0.53125 0.078125 0.53125 0.076171875 0.5069444444444444 0.072265625 0.4965277777777778 0.064453125 0.4965277777777778 0.060546875 0.5034722222222222 0.0546875 0.5069444444444444 0.046875 0.5243055555555556 0.04296875 0.5243055555555556 0.052734375 0.4930555555555556 0.05078125 0.4895833333333333 0.05078125 0.4756944444444444 0.052734375 0.46875 0.0703125 0.4375 0.0703125 0.4305555555555556 0.072265625 0.4270833333333333 0.078125 0.4270833333333333
2 0.623046875 0.4444444444444444 0.62890625 0.4513888888888889 0.62890625 0.4548611111111111 0.642578125 0.4826388888888889 0.638671875 0.4930555555555556 0.63671875 0.5173611111111112 0.638671875 0.5208333333333334 0.638671875 0.5277777777777778 0.650390625 0.5451388888888888 0.650390625 0.5520833333333334 0.646484375 0.5555555555555556 0.640625 0.5451388888888888 0.63671875 0.5451388888888888 0.6328125 0.5520833333333334 0.630859375 0.5694444444444444 0.62890625 0.5729166666666666 0.623046875 0.5729166666666666 0.626953125 0.5590277777777778 0.62109375 0.5347222222222222 0.62109375 0.5138888888888888 0.6171875 0.5 0.619140625 0.4930555555555556 0.619140625 0.4861111111111111 0.6171875 0.4826388888888889 0.6171875 0.4548611111111111 0.619140625 0.4479166666666667 0.62109375 0.4479166666666667
2 0.29296875 0.17708333333333334 0.30078125 0.17708333333333334 0.306640625 0.1840277777777778 0.30859375 0.2048611111111111 0.3046875 0.21875 0.3046875 0.22916666666666666 0.306640625 0.2326388888888889 0.306640625 0.24305555555555555 0.310546875 0.2534722222222222 0.310546875 0.2673611111111111 0.314453125 0.28125 0.314453125 0.2881944444444444 0.310546875 0.2881944444444444 0.30859375 0.2847222222222222 0.30859375 0.2777777777777778 0.302734375 0.2569444444444444 0.298828125 0.25 0.296875 0.2361111111111111 0.28515625 0.21180555555555555 0.287109375 0.19444444444444445 0.29296875 0.18055555555555555
2 0.953125 0.4270833333333333 0.95703125 0.4236111111111111 0.962890625 0.4236111111111111 0.966796875 0.4305555555555556 0.970703125 0.4305555555555556 0.9765625 0.4375 0.984375 0.4513888888888889 0.986328125 0.4513888888888889 0.98828125 0.4583333333333333 0.98828125 0.4722222222222222 0.98046875 0.4895833333333333 0.978515625 0.5277777777777778 0.9765625 0.53125 0.97265625 0.53125 0.97265625 0.5138888888888888 0.966796875 0.5069444444444444 0.970703125 0.4965277777777778 0.96875 0.4722222222222222 0.96484375 0.4618055555555556 0.962890625 0.4479166666666667 0.953125 0.4305555555555556
2 0.380859375 0.21875 0.390625 0.21875 0.392578125 0.22569444444444445 0.392578125 0.23958333333333334 0.388671875 0.2569444444444444 0.388671875 0.2743055555555556 0.390625 0.2777777777777778 0.388671875 0.2986111111111111 0.384765625 0.3125 0.380859375 0.3159722222222222 0.37890625 0.3125 0.37890625 0.3055555555555556 0.380859375 0.3020833333333333 0.37890625 0.2951388888888889 0.373046875 0.2951388888888889 0.369140625 0.2986111111111111 0.365234375 0.3090277777777778 0.359375 0.3090277777777778 0.357421875 0.3055555555555556 0.373046875 0.28125 0.37890625 0.2534722222222222 0.37890625 0.2326388888888889 0.380859375 0.22916666666666666 0.380859375 0.2222222222222222
2 0.291015625 0.3194444444444444 0.29296875 0.3263888888888889 0.296875 0.3263888888888889 0.30078125 0.3333333333333333 0.30078125 0.34375 0.291015625 0.3611111111111111 0.287109375 0.3784722222222222 0.28515625 0.3784722222222222 0.279296875 0.3888888888888889 0.279296875 0.3993055555555556 0.2734375 0.40625 0.267578125 0.40625 0.267578125 0.4027777777777778 0.2734375 0.3923611111111111 0.2734375 0.375 0.27734375 0.3680555555555556 0.27734375 0.3506944444444444 0.2734375 0.3368055555555556 0.28515625 0.3159722222222222 0.2890625 0.3194444444444444
2 0.626953125 0.3472222222222222 0.640625 0.3680555555555556 0.640625 0.3819444444444444 0.638671875 0.3854166666666667 0.640625 0.3993055555555556 0.63671875 0.4027777777777778 0.599609375 0.4027777777777778 0.59765625 0.3993055555555556 0.58984375 0.3993055555555556 0.58203125 0.3854166666666667 0.57421875 0.3784722222222222 0.57421875 0.375 0.58203125 0.375 0.5859375 0.3680555555555556 0.5859375 0.3576388888888889 0.583984375 0.3541666666666667 0.59765625 0.3541666666666667 0.599609375 0.3576388888888889 0.599609375 0.3645833333333333 0.603515625 0.3715277777777778 0.607421875 0.3715277777777778 0.615234375 0.3611111111111111 0.623046875 0.3576388888888889 0.626953125 0.3506944444444444
2 0.3046875 0.10416666666666667 0.31640625 0.1284722222222222 0.31640625 0.14583333333333334 0.310546875 0.16319444444444445 0.310546875 0.1736111111111111 0.318359375 0.1875 0.318359375 0.19444444444444445 0.31640625 0.19791666666666666 0.3125 0.19791666666666666 0.310546875 0.19444444444444445 0.310546875 0.1875 0.298828125 0.1736111111111111 0.296875 0.1527777777777778 0.30078125 0.14583333333333334 0.30078125 0.13541666666666666 0.296875 0.125 0.296875 0.11805555555555555 0.29296875 0.10416666666666667 0.294921875 0.10069444444444445 0.30078125 0.10069444444444445 0.302734375 0.10416666666666667
2 0.44921875 0.40625 0.453125 0.3819444444444444 0.458984375 0.3611111111111111 0.47265625 0.3298611111111111 0.474609375 0.3298611111111111 0.478515625 0.3402777777777778 0.478515625 0.3472222222222222 0.474609375 0.3611111111111111 0.474609375 0.3715277777777778 0.47265625 0.375 0.47265625 0.3819444444444444 0.478515625 0.3958333333333333 0.474609375 0.3958333333333333 0.470703125 0.4027777777777778 0.470703125 0.4201388888888889 0.466796875 0.4270833333333333 0.466796875 0.4340277777777778 0.46484375 0.4375 0.466796875 0.4479166666666667 0.470703125 0.4513888888888889 0.458984375 0.4513888888888889 0.455078125 0.4652777777777778 0.451171875 0.4652777777777778 0.44921875 0.4618055555555556 0.453125 0.4375 0.45703125 0.4305555555555556 0.45703125 0.4131944444444444 0.451171875 0.40625
2 0.1015625 0.11458333333333333 0.10546875 0.125 0.09765625 0.1527777777777778 0.103515625 0.16666666666666666 0.09765625 0.1840277777777778 0.09765625 0.1909722222222222 0.095703125 0.19444444444444445 0.091796875 0.19444444444444445 0.091796875 0.1840277777777778 0.09375 0.17708333333333334 0.08984375 0.1736111111111111 0.0859375 0.17708333333333334 0.080078125 0.1909722222222222 0.078125 0.19791666666666666 0.078125 0.20833333333333334 0.07421875 0.20833333333333334 0.07421875 0.19444444444444445 0.080078125 0.17708333333333334 0.078125 0.14583333333333334 0.09765625 0.11458333333333333 0.099609375 0.11458333333333333
2 0.40234375 0.20833333333333334 0.412109375 0.22916666666666666 0.419921875 0.2361111111111111 0.421875 0.2777777777777778 0.42578125 0.2881944444444444 0.42578125 0.2986111111111111 0.427734375 0.3020833333333333 0.4296875 0.3194444444444444 0.43359375 0.3298611111111111 0.43359375 0.3368055555555556 0.42578125 0.3368055555555556 0.42578125 0.3229166666666667 0.423828125 0.3159722222222222 0.41796875 0.3055555555555556 0.41796875 0.3020833333333333 0.412109375 0.2951388888888889 0.408203125 0.3020833333333333 0.408203125 0.3125 0.416015625 0.3229166666666667 0.41796875 0.34375 0.4140625 0.34375 0.412109375 0.3402777777777778 0.41015625 0.3194444444444444 0.408203125 0.3125 0.40234375 0.3055555555555556 0.396484375 0.3125 0.3984375 0.3263888888888889 0.39453125 0.3368055555555556 0.390625 0.3368055555555556 0.390625 0.3229166666666667 0.388671875 0.3194444444444444 0.388671875 0.3020833333333333 0.392578125 0.2847222222222222 0.390625 0.2777777777777778 0.390625 0.2569444444444444 0.392578125 0.2534722222222222 0.392578125 0.23958333333333334 0.39453125 0.2361111111111111 0.39453125 0.21875 0.396484375 0.21180555555555555 0.400390625 0.20833333333333334
2 0.283203125 0.2152777777777778 0.291015625 0.2222222222222222 0.294921875 0.2326388888888889 0.29296875 0.2604166666666667 0.291015625 0.2638888888888889 0.291015625 0.3125 0.2890625 0.3159722222222222 0.28515625 0.3125 0.279296875 0.2986111111111111 0.265625 0.3194444444444444 0.263671875 0.3194444444444444 0.265625 0.2916666666666667 0.26953125 0.28125 0.26953125 0.23958333333333334 0.2734375 0.2361111111111111 0.28125 0.21875
2 0.1953125 0.6076388888888888 0.203125 0.6076388888888888 0.20703125 0.6180555555555556 0.216796875 0.6319444444444444 0.216796875 0.6388888888888888 0.21875 0.6423611111111112 0.216796875 0.6944444444444444 0.224609375 0.7013888888888888 0.23046875 0.7118055555555556 0.232421875 0.7083333333333334 0.236328125 0.7118055555555556 0.236328125 0.7152777777777778 0.232421875 0.7152777777777778 0.23046875 0.7118055555555556 0.220703125 0.7118055555555556 0.212890625 0.7048611111111112 0.203125 0.7048611111111112 0.201171875 0.7013888888888888 0.203125 0.6979166666666666 0.203125 0.6909722222222222 0.201171875 0.6875 0.201171875 0.6701388888888888 0.203125 0.6631944444444444 0.201171875 0.6597222222222222 0.19921875 0.6354166666666666 0.193359375 0.6215277777777778 0.1953125 0.6111111111111112
2 0.625 0.3472222222222222 0.62890625 0.3472222222222222 0.630859375 0.3541666666666667 0.634765625 0.3611111111111111 0.640625 0.3645833333333333 0.642578125 0.3715277777777778 0.642578125 0.3784722222222222 0.640625 0.3819444444444444 0.640625 0.3923611111111111 0.642578125 0.3993055555555556 0.638671875 0.4027777777777778 0.62109375 0.4027777777777778 0.6171875 0.3993055555555556 0.6171875 0.375 0.61328125 0.3715277777777778 0.61328125 0.3645833333333333 0.619140625 0.3576388888888889 0.623046875 0.3576388888888889 0.625 0.3506944444444444