0 0.763671875 0.34375 0.765625 0.3472222222222222 0.76953125 0.3472222222222222 0.775390625 0.3576388888888889 0.775390625 0.3784722222222222 0.76171875 0.3958333333333333 0.75390625 0.3958333333333333 0.748046875 0.3888888888888889 0.748046875 0.3611111111111111 0.755859375 0.3472222222222222 0.76171875 0.34375
0 0.455078125 0.3819444444444444 0.458984375 0.3854166666666667 0.46484375 0.3993055555555556 0.462890625 0.4236111111111111 0.45703125 0.4340277777777778 0.45703125 0.4375 0.447265625 0.4375 0.44140625 0.4097222222222222 0.44140625 0.3993055555555556 0.443359375 0.3923611111111111 0.447265625 0.3854166666666667 0.453125 0.3819444444444444
0 0.421875 0.18055555555555555 0.42578125 0.1840277777777778 0.427734375 0.1909722222222222 0.427734375 0.2048611111111111 0.42578125 0.21180555555555555 0.40625 0.22916666666666666 0.40234375 0.2222222222222222 0.40234375 0.19444444444444445 0.404296875 0.1875 0.412109375 0.17708333333333334 0.41796875 0.17708333333333334 0.419921875 0.18055555555555555
0 0.599609375 0.6736111111111112 0.603515625 0.6840277777777778 0.603515625 0.7083333333333334 0.599609375 0.7152777777777778 0.58203125 0.7152777777777778 0.578125 0.7048611111111112 0.578125 0.6875 0.587890625 0.6666666666666666 0.59375 0.6666666666666666 0.59765625 0.6736111111111112
0 0.529296875 0.1736111111111111 0.537109375 0.1840277777777778 0.537109375 0.2013888888888889 0.53125 0.2152777777777778 0.525390625 0.21875 0.521484375 0.22569444444444445 0.517578125 0.22569444444444445 0.513671875 0.21875 0.513671875 0.19444444444444445 0.515625 0.1909722222222222 0.515625 0.1840277777777778 0.521484375 0.1736111111111111 0.52734375 0.1736111111111111
0 0.888671875 0.10069444444444445 0.896484375 0.1076388888888889 0.896484375 0.1388888888888889 0.892578125 0.14583333333333334 0.880859375 0.14583333333333334 0.876953125 0.1423611111111111 0.875 0.13541666666666666 0.875 0.11805555555555555 0.8828125 0.10416666666666667 0.88671875 0.10416666666666667
1 0.896484375 0.1423611111111111 0.91015625 0.1527777777777778 0.91015625 0.16666666666666666 0.904296875 0.1701388888888889 0.900390625 0.17708333333333334 0.90234375 0.2326388888888889 0.892578125 0.23958333333333334 0.875 0.2361111111111111 0.876953125 0.2048611111111111 0.875 0.2013888888888889 0.875 0.1875 0.87109375 0.1701388888888889 0.873046875 0.14583333333333334 0.880859375 0.14583333333333334 0.88671875 0.1527777777777778 0.89453125 0.14583333333333334
1 0.751953125 0.4201388888888889 0.7578125 0.3993055555555556 0.76171875 0.3993055555555556 0.76953125 0.3888888888888889 0.775390625 0.3854166666666667 0.779296875 0.3923611111111111 0.783203125 0.4097222222222222 0.783203125 0.4409722222222222 0.779296875 0.4409722222222222 0.779296875 0.4340277777777778 0.77734375 0.4305555555555556 0.767578125 0.4270833333333333 0.765625 0.4305555555555556 0.765625 0.4375 0.771484375 0.4583333333333333 0.755859375 0.4548611111111111 0.751953125 0.4444444444444444 0.75390625 0.4375 0.751953125 0.4305555555555556 0.75390625 0.4236111111111111
1 0.44140625 0.4270833333333333 0.44921875 0.4479166666666667 0.453125 0.4479166666666667 0.462890625 0.4270833333333333 0.4765625 0.4270833333333333 0.48046875 0.4305555555555556 0.482421875 0.4375 0.482421875 0.4548611111111111 0.47265625 0.4652777777777778 0.47265625 0.4791666666666667 0.474609375 0.4826388888888889 0.474609375 0.4930555555555556 0.4765625 0.4965277777777778 0.4765625 0.5104166666666666 0.478515625 0.5173611111111112 0.47265625 0.5243055555555556 0.470703125 0.5208333333333334 0.4453125 0.5208333333333334 0.4453125 0.4965277777777778 0.443359375 0.4930555555555556 0.443359375 0.4826388888888889 0.431640625 0.4513888888888889 0.431640625 0.4375 0.43359375 0.4305555555555556 0.439453125 0.4270833333333333
1 0.435546875 0.21180555555555555 0.439453125 0.2152777777777778 0.44140625 0.2222222222222222 0.443359375 0.28125 0.4375 0.2916666666666667 0.4375 0.2951388888888889 0.431640625 0.2951388888888889 0.419921875 0.3055555555555556 0.412109375 0.3020833333333333 0.412109375 0.2847222222222222 0.41796875 0.2604166666666667 0.412109375 0.25 0.408203125 0.25 0.40625 0.2465277777777778 0.40625 0.2326388888888889 0.427734375 0.21180555555555555 0.43359375 0.21180555555555555
1 0.60546875 0.7256944444444444 0.61328125 0.7361111111111112 0.61328125 0.7430555555555556 0.615234375 0.7465277777777778 0.61328125 0.75 0.615234375 0.7743055555555556 0.611328125 0.7708333333333334 0.609375 0.7743055555555556 0.611328125 0.7847222222222222 0.607421875 0.7881944444444444 0.576171875 0.7881944444444444 0.564453125 0.75 0.564453125 0.7326388888888888 0.5703125 0.71875 0.6015625 0.7222222222222222 0.603515625 0.7256944444444444
1 0.541015625 0.2152777777777778 0.544921875 0.2222222222222222 0.544921875 0.22916666666666666 0.546875 0.2326388888888889 0.546875 0.25 0.5390625 0.23958333333333334 0.533203125 0.23958333333333334 0.529296875 0.2465277777777778 0.54296875 0.2881944444444444 0.541015625 0.3020833333333333 0.533203125 0.3090277777777778 0.521484375 0.3090277777777778 0.521484375 0.2916666666666667 0.51953125 0.2881944444444444 0.51953125 0.2326388888888889 0.525390625 0.2222222222222222 0.533203125 0.2152777777777778 0.5390625 0.2152777777777778
2 0.908203125 0.14930555555555555 0.91015625 0.1527777777777778 0.91015625 0.24305555555555555 0.908203125 0.2465277777777778 0.91015625 0.2534722222222222 0.90625 0.2708333333333333 0.90625 0.2881944444444444 0.91015625 0.3020833333333333 0.91015625 0.3611111111111111 0.90234375 0.3680555555555556 0.8984375 0.3645833333333333 0.8984375 0.3576388888888889 0.904296875 0.34375 0.90234375 0.3090277777777778 0.892578125 0.2743055555555556 0.88671875 0.2673611111111111 0.87890625 0.2916666666666667 0.876953125 0.3125 0.869140625 0.3472222222222222 0.869140625 0.3715277777777778 0.86328125 0.3715277777777778 0.8515625 0.3576388888888889 0.86328125 0.34375 0.865234375 0.3125 0.869140625 0.2951388888888889 0.869140625 0.2604166666666667 0.8671875 0.2569444444444444 0.8671875 0.25 0.87109375 0.23958333333333334 0.87109375 0.19444444444444445 0.873046875 0.1909722222222222 0.87109375 0.1527777777777778 0.875 0.1423611111111111 0.873046875 0.125 0.876953125 0.1111111111111111 0.8828125 0.10069444444444445 0.89453125 0.10416666666666667 0.8984375 0.11805555555555555 0.896484375 0.125 0.896484375 0.1388888888888889 0.900390625 0.14583333333333334 0.904296875 0.14583333333333334 0.90625 0.14930555555555555
2 0.76171875 0.34375 0.763671875 0.3472222222222222 0.76953125 0.3472222222222222 0.7734375 0.3541666666666667 0.775390625 0.3611111111111111 0.775390625 0.3854166666666667 0.779296875 0.3923611111111111 0.783203125 0.4097222222222222 0.78125 0.4756944444444444 0.779296875 0.4791666666666667 0.779296875 0.5 0.77734375 0.5034722222222222 0.779296875 0.5104166666666666 0.779296875 0.5208333333333334 0.775390625 0.5277777777777778 0.771484375 0.5520833333333334 0.7734375 0.5590277777777778 0.78125 0.5729166666666666 0.783203125 0.5729166666666666 0.79296875 0.6041666666666666 0.806640625 0.6284722222222222 0.8046875 0.6354166666666666 0.794921875 0.6493055555555556 0.787109375 0.6527777777777778 0.78515625 0.6493055555555556 0.791015625 0.6388888888888888 0.791015625 0.625 0.7890625 0.6180555555555556 0.767578125 0.5763888888888888 0.7578125 0.5659722222222222 0.755859375 0.5694444444444444 0.755859375 0.5972222222222222 0.75390625 0.6006944444444444 0.75390625 0.6111111111111112 0.748046875 0.6319444444444444 0.748046875 0.6493055555555556 0.74609375 0.6527777777777778 0.748046875 0.6631944444444444 0.73828125 0.6701388888888888 0.7265625 0.6701388888888888 0.724609375 0.6666666666666666 0.724609375 0.6597222222222222 0.732421875 0.6527777777777778 0.73828125 0.6423611111111112 0.7421875 0.625 0.7421875 0.6006944444444444 0.744140625 0.5972222222222222 0.744140625 0.5416666666666666 0.748046875 0.5277777777777778 0.748046875 0.5104166666666666 0.751953125 0.4965277777777778 0.751953125 0.4756944444444444 0.748046875 0.46875 0.744140625 0.46875 0.7421875 0.4722222222222222 0.73828125 0.4722222222222222 0.734375 0.4826388888888889 0.728515625 0.4861111111111111 0.724609375 0.4930555555555556 0.720703125 0.4930555555555556 0.71875 0.4861111111111111 0.724609375 0.4722222222222222 0.728515625 0.4722222222222222 0.73828125 0.4618055555555556 0.73828125 0.4375 0.74609375 0.4375 0.748046875 0.4409722222222222 0.751953125 0.4340277777777778 0.75390625 0.3993055555555556 0.748046875 0.3888888888888889 0.748046875 0.3645833333333333 0.755859375 0.3472222222222222 0.759765625 0.3472222222222222
2 0.453125 0.3819444444444444 0.455078125 0.3854166666666667 0.458984375 0.3854166666666667 0.46484375 0.3993055555555556 0.46484375 0.4201388888888889 0.48046875 0.4305555555555556 0.482421875 0.4375 0.482421875 0.4618055555555556 0.486328125 0.4756944444444444 0.486328125 0.5069444444444444 0.48828125 0.5104166666666666 0.486328125 0.5138888888888888 0.486328125 0.5694444444444444 0.484375 0.5729166666666666 0.48046875 0.5729166666666666 0.4765625 0.5798611111111112 0.4765625 0.6145833333333334 0.478515625 0.6180555555555556 0.4765625 0.6979166666666666 0.470703125 0.7048611111111112 0.46484375 0.7048611111111112 0.462890625 0.7013888888888888 0.466796875 0.6875 0.462890625 0.6736111111111112 0.46875 0.6631944444444444 0.46875 0.6493055555555556 0.466796875 0.6458333333333334 0.458984375 0.6493055555555556 0.45703125 0.6388888888888888 0.44140625 0.6145833333333334 0.44140625 0.6076388888888888 0.439453125 0.6041666666666666 0.439453125 0.5659722222222222 0.43359375 0.5486111111111112 0.435546875 0.5416666666666666 0.435546875 0.4652777777777778 0.431640625 0.4548611111111111 0.431640625 0.4375 0.43359375 0.4305555555555556 0.439453125 0.4270833333333333 0.443359375 0.4201388888888889 0.44140625 0.4027777777777778 0.4453125 0.3888888888888889 0.447265625 0.3854166666666667 0.451171875 0.3854166666666667
2 0.421875 0.18055555555555555 0.427734375 0.1909722222222222 0.427734375 0.2048611111111111 0.431640625 0.21180555555555555 0.439453125 0.2152777777777778 0.44140625 0.2222222222222222 0.44140625 0.2465277777777778 0.4453125 0.2638888888888889 0.4453125 0.2777777777777778 0.4375 0.2986111111111111 0.439453125 0.3125 0.431640625 0.3402777777777778 0.431640625 0.3472222222222222 0.42578125 0.3576388888888889 0.42578125 0.3680555555555556 0.427734375 0.3715277777777778 0.42578125 0.4375 0.419921875 0.4479166666666667 0.419921875 0.4583333333333333 0.40234375 0.4548611111111111 0.40234375 0.4479166666666667 0.40625 0.4479166666666667 0.412109375 0.4409722222222222 0.412109375 0.3854166666666667 0.41015625 0.3819444444444444 0.41015625 0.3576388888888889 0.408203125 0.3541666666666667 0.408203125 0.3229166666666667 0.400390625 0.3125 0.400390625 0.2916666666666667 0.40625 0.2673611111111111 0.40625 0.2326388888888889 0.40234375 0.21875 0.40234375 0.19791666666666666 0.404296875 0.19444444444444445 0.404296875 0.1875 0.408203125 0.18055555555555555 0.412109375 0.17708333333333334 0.41796875 0.17708333333333334 0.419921875 0.18055555555555555
2 0.591796875 0.6666666666666666 0.599609375 0.6736111111111112 0.603515625 0.6840277777777778 0.603515625 0.7083333333333334 0.599609375 0.71875 0.61328125 0.7361111111111112 0.61328125 0.7430555555555556 0.615234375 0.7465277777777778 0.61328125 0.75 0.615234375 0.7569444444444444 0.615234375 0.7673611111111112 0.619140625 0.7743055555555556 0.623046875 0.7743055555555556 0.62890625 0.7638888888888888 0.630859375 0.7638888888888888 0.634765625 0.7569444444444444 0.63671875 0.7430555555555556 0.640625 0.7361111111111112 0.64453125 0.7395833333333334 0.64453125 0.7569444444444444 0.6328125 0.7743055555555556 0.630859375 0.7847222222222222 0.619140625 0.7847222222222222 0.6171875 0.7881944444444444 0.576171875 0.7881944444444444 0.56640625 0.78125 0.564453125 0.7326388888888888 0.5703125 0.71875 0.57421875 0.71875 0.580078125 0.7118055555555556 0.578125 0.7048611111111112 0.578125 0.6875 0.580078125 0.6805555555555556 0.587890625 0.6666666666666666 0.58984375 0.6666666666666666
2 0.529296875 0.1736111111111111 0.537109375 0.1840277777777778 0.537109375 0.21180555555555555 0.544921875 0.2222222222222222 0.544921875 0.22916666666666666 0.546875 0.2326388888888889 0.546875 0.2638888888888889 0.548828125 0.2673611111111111 0.548828125 0.28125 0.55078125 0.2847222222222222 0.55078125 0.2986111111111111 0.548828125 0.3020833333333333 0.548828125 0.3541666666666667 0.541015625 0.3645833333333333 0.541015625 0.3715277777777778 0.5390625 0.375 0.5390625 0.3923611111111111 0.546875 0.4166666666666667 0.5625 0.4409722222222222 0.556640625 0.4652777777777778 0.55078125 0.4756944444444444 0.533203125 0.4722222222222222 0.53125 0.46875 0.51953125 0.46875 0.51953125 0.4618055555555556 0.52734375 0.4583333333333333 0.53125 0.4479166666666667 0.53125 0.4236111111111111 0.529296875 0.4201388888888889 0.529296875 0.4097222222222222 0.51953125 0.3888888888888889 0.521484375 0.2951388888888889 0.51953125 0.2916666666666667 0.51953125 0.2326388888888889 0.513671875 0.21875 0.513671875 0.19444444444444445 0.515625 0.1909722222222222 0.515625 0.1840277777777778 0.521484375 0.1736111111111111 0.52734375 0.1736111111111111