0 0.44921875 0.4861111111111111 0.447265625 0.4791666666666667 0.44921875 0.4722222222222222 0.458984375 0.4722222222222222 0.4609375 0.4756944444444444 0.4609375 0.4826388888888889 0.453125 0.4895833333333333 0.451171875 0.4861111111111111
0 0.35078125 0.35324074074074074 0.013020833333333334 0.02314814814814815
0 0.6015625 0.3993055555555556 0.603515625 0.4027777777777778 0.603515625 0.4097222222222222 0.595703125 0.4201388888888889 0.591796875 0.4166666666666667 0.591796875 0.4027777777777778 0.59375 0.3993055555555556 0.599609375 0.3993055555555556
0 0.380859375 0.3125 0.380859375 0.3020833333333333 0.384765625 0.2951388888888889 0.38671875 0.2951388888888889 0.390625 0.3055555555555556 0.38671875 0.3125 0.3828125 0.3125
0 0.564453125 0.5347222222222222 0.564453125 0.5243055555555556 0.56640625 0.5208333333333334 0.572265625 0.5208333333333334 0.576171875 0.5277777777777778 0.57421875 0.5347222222222222 0.5703125 0.5381944444444444 0.56640625 0.5347222222222222
0 0.359375 0.3819444444444444 0.369140625 0.3819444444444444 0.37109375 0.3854166666666667 0.369140625 0.3993055555555556 0.365234375 0.3993055555555556 0.359375 0.3923611111111111 0.359375 0.3854166666666667
0 0.482421875 0.6944444444444444 0.482421875 0.6909722222222222 0.4765625 0.6805555555555556 0.4765625 0.6736111111111112 0.48046875 0.6666666666666666 0.486328125 0.6666666666666666 0.490234375 0.6736111111111112 0.490234375 0.6909722222222222 0.48828125 0.6944444444444444 0.484375 0.6944444444444444
0 0.8203125 0.6631944444444444 0.83203125 0.6597222222222222 0.841796875 0.6805555555555556 0.83984375 0.6875 0.82421875 0.6875 0.818359375 0.6736111111111112 0.8203125 0.6666666666666666
0 0.8671875 0.40625 0.875 0.4166666666666667 0.875 0.4340277777777778 0.873046875 0.4375 0.865234375 0.4375 0.861328125 0.4340277777777778 0.859375 0.4270833333333333 0.859375 0.4097222222222222 0.865234375 0.40625
0 0.576171875 0.22569444444444445 0.580078125 0.2326388888888889 0.580078125 0.2465277777777778 0.576171875 0.2534722222222222 0.56640625 0.2534722222222222 0.5625 0.2465277777777778 0.5625 0.22916666666666666 0.564453125 0.22569444444444445 0.57421875 0.22569444444444445
0 0.416015625 0.0763888888888889 0.41796875 0.0798611111111111 0.41796875 0.09027777777777778 0.4140625 0.09375 0.41015625 0.08680555555555555 0.41015625 0.0798611111111111 0.4140625 0.0763888888888889
0 0.27734375 0.08333333333333333 0.28125 0.08333333333333333 0.287109375 0.09375 0.28515625 0.10069444444444445 0.27734375 0.10069444444444445 0.275390625 0.09375 0.27734375 0.08680555555555555
0 0.2265625 0.3125 0.228515625 0.3159722222222222 0.228515625 0.3229166666666667 0.224609375 0.3298611111111111 0.220703125 0.3298611111111111 0.21875 0.3263888888888889 0.21875 0.3194444444444444 0.224609375 0.3125
0 0.21276041666666667 0.3976851851851852 0.0109375 0.026851851851851852
0 0.2203125 0.474537037037037 0.017708333333333333 0.030555555555555558
0 0.3828125 0.5138888888888888 0.38671875 0.5138888888888888 0.392578125 0.5208333333333334 0.39453125 0.5277777777777778 0.39453125 0.5347222222222222 0.392578125 0.5381944444444444 0.38671875 0.5381944444444444 0.380859375 0.5208333333333334 0.3828125 0.5173611111111112
0 0.380859375 0.4965277777777778 0.380859375 0.4861111111111111 0.376953125 0.4756944444444444 0.37890625 0.46875 0.384765625 0.4756944444444444 0.384765625 0.4965277777777778 0.3828125 0.4965277777777778
0 0.3984375 0.4351851851851852 0.013541666666666667 0.027777777777777776
0 0.37890625 0.4340277777777778 0.38671875 0.4479166666666667 0.38671875 0.4548611111111111 0.380859375 0.4618055555555556 0.376953125 0.4513888888888889 0.376953125 0.4444444444444444 0.37890625 0.4409722222222222 0.376953125 0.4375
0 0.404296875 0.3680555555555556 0.408203125 0.3715277777777778 0.408203125 0.3888888888888889 0.40625 0.3923611111111111 0.3984375 0.3923611111111111 0.396484375 0.3888888888888889 0.396484375 0.375 0.40234375 0.3680555555555556
0 0.42578125 0.43425925925925923 0.011979166666666666 0.025925925925925925
0 0.4453125 0.4791666666666667 0.44921875 0.4930555555555556 0.44921875 0.5 0.447265625 0.5034722222222222 0.443359375 0.5034722222222222 0.4375 0.4965277777777778 0.4375 0.4861111111111111 0.443359375 0.4791666666666667
1 0.39453125 0.3055555555555556 0.404296875 0.3125 0.408203125 0.3194444444444444 0.41015625 0.3263888888888889 0.40625 0.34375 0.40234375 0.34375 0.400390625 0.3368055555555556 0.388671875 0.3368055555555556 0.38671875 0.3402777777777778 0.38671875 0.3333333333333333 0.3828125 0.3263888888888889 0.380859375 0.3159722222222222 0.384765625 0.3159722222222222 0.390625 0.3055555555555556 0.392578125 0.3055555555555556
1 0.42578125 0.3784722222222222 0.435546875 0.3854166666666667 0.4375 0.3923611111111111 0.431640625 0.3993055555555556 0.427734375 0.3993055555555556 0.423828125 0.4131944444444444 0.419921875 0.4166666666666667 0.412109375 0.4131944444444444 0.408203125 0.4236111111111111 0.404296875 0.4270833333333333 0.404296875 0.3888888888888889 0.412109375 0.375 0.421875 0.375 0.423828125 0.3784722222222222
1 0.84375 0.6840277777777778 0.85546875 0.7013888888888888 0.85546875 0.7048611111111112 0.861328125 0.7152777777777778 0.861328125 0.7222222222222222 0.859375 0.7256944444444444 0.8515625 0.7256944444444444 0.841796875 0.7395833333333334 0.83984375 0.7361111111111112 0.841796875 0.7326388888888888 0.841796875 0.7222222222222222 0.83984375 0.7152777777777778 0.8359375 0.7118055555555556 0.828125 0.6875 0.833984375 0.6805555555555556 0.83984375 0.6805555555555556 0.841796875 0.6840277777777778
1 0.31640625 0.3784722222222222 0.318359375 0.3715277777777778 0.3359375 0.3541666666666667 0.345703125 0.3541666666666667 0.349609375 0.3645833333333333 0.34765625 0.375 0.337890625 0.3784722222222222 0.33203125 0.3888888888888889 0.328125 0.3888888888888889 0.318359375 0.3784722222222222
1 0.28125 0.09722222222222222 0.283203125 0.10069444444444445 0.283203125 0.11458333333333333 0.275390625 0.13194444444444445 0.267578125 0.13194444444444445 0.263671875 0.1423611111111111 0.26171875 0.1423611111111111 0.26171875 0.13541666666666666 0.26953125 0.11458333333333333 0.2734375 0.09722222222222222 0.275390625 0.09375 0.279296875 0.09722222222222222
1 0.38255208333333335 0.4453703703703703 0.0328125 0.03518518518518518
1 0.443359375 0.4305555555555556 0.45703125 0.4409722222222222 0.453125 0.4479166666666667 0.43359375 0.4618055555555556 0.427734375 0.4618055555555556 0.42578125 0.4548611111111111 0.42578125 0.4444444444444444 0.431640625 0.4305555555555556 0.44140625 0.4305555555555556
1 0.232421875 0.3159722222222222 0.23828125 0.3298611111111111 0.23828125 0.3368055555555556 0.234375 0.34375 0.228515625 0.34375 0.220703125 0.3506944444444444 0.216796875 0.3472222222222222 0.2109375 0.3333333333333333 0.2109375 0.3194444444444444 0.21484375 0.3125 0.228515625 0.3125 0.23046875 0.3159722222222222
1 0.380859375 0.5347222222222222 0.3828125 0.5486111111111112 0.37890625 0.5590277777777778 0.373046875 0.5625 0.369140625 0.5694444444444444 0.369140625 0.5763888888888888 0.36328125 0.5763888888888888 0.357421875 0.5659722222222222 0.353515625 0.5659722222222222 0.3515625 0.5625 0.3671875 0.5347222222222222 0.37109375 0.53125 0.376953125 0.53125 0.37890625 0.5347222222222222
1 0.466796875 0.4861111111111111 0.47265625 0.4965277777777778 0.474609375 0.4965277777777778 0.48046875 0.5104166666666666 0.482421875 0.5173611111111112 0.482421875 0.5347222222222222 0.4609375 0.5347222222222222 0.458984375 0.5208333333333334 0.44921875 0.5069444444444444 0.44921875 0.4965277777777778 0.453125 0.4895833333333333 0.4609375 0.4826388888888889 0.46484375 0.4861111111111111
1 0.47734375 0.7152777777777778 0.025520833333333333 0.062037037037037036
1 0.21484375 0.4791666666666667 0.21875 0.4895833333333333 0.21875 0.4965277777777778 0.203125 0.5208333333333334 0.197265625 0.5208333333333334 0.193359375 0.5173611111111112 0.189453125 0.5069444444444444 0.1953125 0.4930555555555556 0.20703125 0.4791666666666667 0.212890625 0.4791666666666667
1 0.376953125 0.4791666666666667 0.37890625 0.4861111111111111 0.376953125 0.4965277777777778 0.373046875 0.4965277777777778 0.365234375 0.5104166666666666 0.365234375 0.5138888888888888 0.361328125 0.5173611111111112 0.357421875 0.5173611111111112 0.3515625 0.5104166666666666 0.34375 0.5104166666666666 0.33984375 0.5069444444444444 0.341796875 0.4930555555555556 0.349609375 0.4861111111111111 0.35546875 0.4861111111111111 0.37109375 0.4756944444444444 0.375 0.4791666666666667
1 0.4140625 0.09375 0.41796875 0.09027777777777778 0.423828125 0.09027777777777778 0.43359375 0.12152777777777778 0.431640625 0.1284722222222222 0.41796875 0.1284722222222222 0.416015625 0.125 0.4140625 0.09722222222222222
1 0.37890625 0.4444444444444444 0.380859375 0.4652777777777778 0.375 0.4756944444444444 0.3671875 0.4756944444444444 0.365234375 0.4791666666666667 0.357421875 0.4791666666666667 0.35546875 0.4826388888888889 0.34765625 0.4791666666666667 0.345703125 0.4756944444444444 0.345703125 0.46875 0.3515625 0.4583333333333333 0.361328125 0.4513888888888889 0.369140625 0.4409722222222222 0.375 0.4409722222222222 0.376953125 0.4444444444444444
1 0.603515625 0.4166666666666667 0.611328125 0.4236111111111111 0.619140625 0.4409722222222222 0.62109375 0.4548611111111111 0.6171875 0.4652777777777778 0.611328125 0.4583333333333333 0.603515625 0.4583333333333333 0.603515625 0.4444444444444444 0.59765625 0.4305555555555556 0.59765625 0.4201388888888889 0.6015625 0.4166666666666667
1 0.1953125 0.4131944444444444 0.197265625 0.4131944444444444 0.201171875 0.4027777777777778 0.20703125 0.4027777777777778 0.2109375 0.4097222222222222 0.2109375 0.4270833333333333 0.205078125 0.4340277777777778 0.19921875 0.4513888888888889 0.193359375 0.4548611111111111 0.189453125 0.4618055555555556 0.185546875 0.4618055555555556 0.18359375 0.4548611111111111 0.18359375 0.4409722222222222 0.1953125 0.4166666666666667
1 0.873046875 0.4270833333333333 0.876953125 0.4305555555555556 0.87890625 0.4375 0.87890625 0.4479166666666667 0.88671875 0.4722222222222222 0.884765625 0.4722222222222222 0.87890625 0.4826388888888889 0.87109375 0.4826388888888889 0.8671875 0.4756944444444444 0.865234375 0.4340277777777778 0.8671875 0.4305555555555556 0.87109375 0.4305555555555556
1 0.568359375 0.5416666666666666 0.572265625 0.5381944444444444 0.576171875 0.5416666666666666 0.583984375 0.5416666666666666 0.587890625 0.5520833333333334 0.587890625 0.5590277777777778 0.591796875 0.5729166666666666 0.591796875 0.5902777777777778 0.580078125 0.5902777777777778 0.578125 0.5868055555555556 0.578125 0.5729166666666666 0.572265625 0.5625 0.568359375 0.5625 0.568359375 0.5451388888888888
1 0.578125 0.2465277777777778 0.58984375 0.2847222222222222 0.587890625 0.2881944444444444 0.578125 0.2881944444444444 0.576171875 0.2916666666666667 0.568359375 0.2847222222222222 0.564453125 0.2847222222222222 0.564453125 0.2743055555555556 0.56640625 0.2708333333333333 0.564453125 0.25 0.576171875 0.2465277777777778
1 0.36328125 0.3958333333333333 0.365234375 0.4027777777777778 0.365234375 0.4131944444444444 0.359375 0.4166666666666667 0.35546875 0.4236111111111111 0.349609375 0.4236111111111111 0.341796875 0.4305555555555556 0.333984375 0.4270833333333333 0.33203125 0.4236111111111111 0.33203125 0.4131944444444444 0.337890625 0.4027777777777778 0.345703125 0.3993055555555556 0.3515625 0.3888888888888889 0.357421875 0.3888888888888889 0.361328125 0.3958333333333333
2 0.38671875 0.2951388888888889 0.392578125 0.3055555555555556 0.396484375 0.3055555555555556 0.404296875 0.3125 0.41015625 0.3229166666666667 0.41015625 0.3645833333333333 0.408203125 0.3680555555555556 0.40625 0.3645833333333333 0.3984375 0.3645833333333333 0.396484375 0.3680555555555556 0.396484375 0.3819444444444444 0.400390625 0.3854166666666667 0.400390625 0.3923611111111111 0.39453125 0.3958333333333333 0.390625 0.3888888888888889 0.390625 0.3715277777777778 0.38671875 0.3576388888888889 0.38671875 0.3368055555555556 0.380859375 0.3229166666666667 0.380859375 0.3020833333333333 0.384765625 0.2986111111111111
2 0.423828125 0.375 0.427734375 0.3819444444444444 0.43359375 0.3819444444444444 0.439453125 0.3888888888888889 0.439453125 0.3958333333333333 0.431640625 0.4166666666666667 0.431640625 0.4236111111111111 0.427734375 0.4236111111111111 0.42578125 0.4201388888888889 0.423828125 0.4236111111111111 0.412109375 0.4236111111111111 0.40625 0.4305555555555556 0.404296875 0.4375 0.404296875 0.4305555555555556 0.40234375 0.4270833333333333 0.404296875 0.4201388888888889 0.404296875 0.3993055555555556 0.3984375 0.3854166666666667 0.3984375 0.375 0.404296875 0.3680555555555556 0.4140625 0.375 0.421875 0.375
2 0.82421875 0.6597222222222222 0.83203125 0.6597222222222222 0.8359375 0.6736111111111112 0.8515625 0.6979166666666666 0.853515625 0.6979166666666666 0.861328125 0.7152777777777778 0.861328125 0.7430555555555556 0.85546875 0.7395833333333334 0.84765625 0.7534722222222222 0.849609375 0.7951388888888888 0.84375 0.8090277777777778 0.833984375 0.8090277777777778 0.83203125 0.8055555555555556 0.83984375 0.7847222222222222 0.8359375 0.7569444444444444 0.837890625 0.7534722222222222 0.837890625 0.7430555555555556 0.83984375 0.7395833333333334 0.83984375 0.7291666666666666 0.841796875 0.7222222222222222 0.83203125 0.6979166666666666 0.82421875 0.6875 0.82421875 0.6805555555555556 0.822265625 0.6770833333333334 0.822265625 0.6666666666666666 0.82421875 0.6631944444444444
2 0.314453125 0.4444444444444444 0.314453125 0.4375 0.32421875 0.4166666666666667 0.32421875 0.4097222222222222 0.3125 0.3923611111111111 0.314453125 0.3784722222222222 0.328125 0.3611111111111111 0.3359375 0.3541666666666667 0.33984375 0.3541666666666667 0.34765625 0.34375 0.353515625 0.34375 0.35546875 0.3472222222222222 0.35546875 0.3680555555555556 0.353515625 0.3680555555555556 0.349609375 0.375 0.349609375 0.3819444444444444 0.330078125 0.4131944444444444 0.330078125 0.4201388888888889 0.328125 0.4270833333333333 0.32421875 0.4305555555555556 0.322265625 0.4409722222222222 0.3203125 0.4444444444444444 0.31640625 0.4444444444444444
2 0.37890625 0.4375 0.380859375 0.4305555555555556 0.38671875 0.4305555555555556 0.388671875 0.4270833333333333 0.40234375 0.4270833333333333 0.40234375 0.4444444444444444 0.3984375 0.4513888888888889 0.3984375 0.46875 0.400390625 0.4756944444444444 0.412109375 0.4930555555555556 0.412109375 0.5 0.41015625 0.5034722222222222 0.40625 0.5034722222222222 0.40625 0.4965277777777778 0.40234375 0.4895833333333333 0.384765625 0.46875 0.38671875 0.4479166666666667 0.380859375 0.4375
2 0.3984375 0.4270833333333333 0.400390625 0.4305555555555556 0.400390625 0.4375 0.396484375 0.4548611111111111 0.396484375 0.4652777777777778 0.400390625 0.4756944444444444 0.412109375 0.4930555555555556 0.412109375 0.5 0.41015625 0.5034722222222222 0.40625 0.5034722222222222 0.40625 0.4965277777777778 0.392578125 0.4756944444444444 0.3828125 0.4756944444444444 0.37890625 0.46875 0.376953125 0.4722222222222222 0.36328125 0.4756944444444444 0.35546875 0.4826388888888889 0.349609375 0.4826388888888889 0.34375 0.4722222222222222 0.34765625 0.4618055555555556 0.361328125 0.4513888888888889 0.369140625 0.4409722222222222 0.376953125 0.4375 0.380859375 0.4305555555555556 0.396484375 0.4270833333333333
2 0.388671875 0.5173611111111112 0.390625 0.5208333333333334 0.390625 0.5347222222222222 0.380859375 0.5520833333333334 0.380859375 0.5555555555555556 0.37109375 0.5694444444444444 0.37109375 0.5798611111111112 0.375 0.59375 0.373046875 0.6006944444444444 0.373046875 0.6319444444444444 0.37109375 0.6354166666666666 0.37109375 0.6458333333333334 0.376953125 0.6527777777777778 0.376953125 0.65625 0.36328125 0.65625 0.36328125 0.6458333333333334 0.365234375 0.6388888888888888 0.36328125 0.6354166666666666 0.35546875 0.6354166666666666 0.35546875 0.625 0.359375 0.6145833333333334 0.359375 0.6076388888888888 0.353515625 0.59375 0.349609375 0.5972222222222222 0.349609375 0.5763888888888888 0.34765625 0.5694444444444444 0.349609375 0.5625 0.3515625 0.5625 0.3671875 0.5347222222222222 0.375 0.5277777777777778 0.380859375 0.5173611111111112 0.38671875 0.5173611111111112
2 0.48828125 0.6701388888888888 0.490234375 0.6840277777777778 0.48828125 0.6875 0.48828125 0.7118055555555556 0.486328125 0.7152777777777778 0.486328125 0.7361111111111112 0.484375 0.7430555555555556 0.48828125 0.7604166666666666 0.48828125 0.7847222222222222 0.486328125 0.7881944444444444 0.48828125 0.7916666666666666 0.48828125 0.7986111111111112 0.494140625 0.8090277777777778 0.494140625 0.8159722222222222 0.482421875 0.8125 0.48046875 0.8090277777777778 0.48046875 0.7986111111111112 0.482421875 0.7951388888888888 0.48046875 0.7881944444444444 0.48046875 0.7743055555555556 0.474609375 0.7638888888888888 0.46484375 0.78125 0.46484375 0.7847222222222222 0.447265625 0.8055555555555556 0.447265625 0.8159722222222222 0.44921875 0.8229166666666666 0.4453125 0.8229166666666666 0.439453125 0.8159722222222222 0.4375 0.8090277777777778 0.458984375 0.7743055555555556 0.4609375 0.7534722222222222 0.46484375 0.7395833333333334 0.46484375 0.7222222222222222 0.470703125 0.7048611111111112 0.470703125 0.6944444444444444 0.4765625 0.6840277777777778 0.4765625 0.6770833333333334 0.482421875 0.6666666666666666 0.486328125 0.6701388888888888
2 0.1953125 0.5833333333333334 0.1953125 0.5486111111111112 0.185546875 0.5277777777777778 0.185546875 0.5138888888888888 0.1953125 0.4930555555555556 0.197265625 0.4930555555555556 0.203125 0.4826388888888889 0.208984375 0.4791666666666667 0.21484375 0.4652777777777778 0.220703125 0.4652777777777778 0.224609375 0.4722222222222222 0.224609375 0.4791666666666667 0.220703125 0.4861111111111111 0.220703125 0.4930555555555556 0.212890625 0.5069444444444444 0.212890625 0.5138888888888888 0.20703125 0.5347222222222222 0.20703125 0.5659722222222222 0.205078125 0.5694444444444444 0.205078125 0.5833333333333334 0.2109375 0.5972222222222222 0.208984375 0.6006944444444444 0.201171875 0.6006944444444444 0.197265625 0.5833333333333334
2 0.341796875 0.4930555555555556 0.34765625 0.4861111111111111 0.35546875 0.4861111111111111 0.357421875 0.4826388888888889 0.3671875 0.4791666666666667 0.373046875 0.46875 0.380859375 0.4722222222222222 0.384765625 0.4826388888888889 0.384765625 0.4895833333333333 0.380859375 0.5 0.380859375 0.5069444444444444 0.376953125 0.5208333333333334 0.37109375 0.5243055555555556 0.357421875 0.5451388888888888 0.35546875 0.5451388888888888 0.3515625 0.5347222222222222 0.34375 0.5208333333333334 0.341796875 0.5208333333333334 0.33984375 0.5138888888888888 0.33984375 0.5 0.341796875 0.4965277777777778
2 0.412109375 0.0763888888888889 0.416015625 0.0763888888888889 0.41796875 0.08333333333333333 0.427734375 0.09722222222222222 0.427734375 0.10416666666666667 0.43359375 0.12152777777777778 0.43359375 0.1284722222222222 0.4296875 0.1388888888888889 0.4296875 0.1527777777777778 0.435546875 0.1701388888888889 0.435546875 0.18055555555555555 0.431640625 0.18055555555555555 0.4296875 0.16666666666666666 0.421875 0.1527777777777778 0.416015625 0.16319444444444445 0.4140625 0.17708333333333334 0.412109375 0.18055555555555555 0.408203125 0.17708333333333334 0.4140625 0.15625 0.4140625 0.125 0.416015625 0.12152777777777778 0.416015625 0.1111111111111111 0.412109375 0.09722222222222222 0.412109375 0.0798611111111111
2 0.3828125 0.4409722222222222 0.38671875 0.4513888888888889 0.384765625 0.4548611111111111 0.384765625 0.4618055555555556 0.380859375 0.46875 0.376953125 0.46875 0.37109375 0.4756944444444444 0.365234375 0.4756944444444444 0.357421875 0.4826388888888889 0.34765625 0.4826388888888889 0.34375 0.46875 0.34765625 0.4618055555555556 0.361328125 0.4513888888888889 0.369140625 0.4409722222222222 0.375 0.4409722222222222 0.376953125 0.4375 0.380859375 0.4409722222222222
2 0.591796875 0.4027777777777778 0.595703125 0.3993055555555556 0.6015625 0.3993055555555556 0.603515625 0.4027777777777778 0.603515625 0.4131944444444444 0.615234375 0.4305555555555556 0.623046875 0.4513888888888889 0.623046875 0.46875 0.615234375 0.4895833333333333 0.623046875 0.5277777777777778 0.6171875 0.5277777777777778 0.6171875 0.5208333333333334 0.61328125 0.5104166666666666 0.60546875 0.5104166666666666 0.60546875 0.4965277777777778 0.599609375 0.4791666666666667 0.6015625 0.4409722222222222 0.59765625 0.4270833333333333 0.591796875 0.4166666666666667 0.591796875 0.40625
2 0.283203125 0.08333333333333333 0.28515625 0.08680555555555555 0.28515625 0.10416666666666667 0.28125 0.11805555555555555 0.28125 0.13194444444444445 0.279296875 0.1388888888888889 0.28125 0.1423611111111111 0.28125 0.15625 0.283203125 0.1597222222222222 0.283203125 0.1701388888888889 0.28515625 0.1736111111111111 0.28515625 0.1875 0.287109375 0.19444444444444445 0.283203125 0.19444444444444445 0.28125 0.1909722222222222 0.28125 0.18055555555555555 0.27734375 0.16319444444444445 0.26953125 0.1527777777777778 0.25390625 0.18055555555555555 0.251953125 0.1875 0.25390625 0.19791666666666666 0.248046875 0.19791666666666666 0.24609375 0.1909722222222222 0.26171875 0.14930555555555555 0.26171875 0.13194444444444445 0.263671875 0.125 0.26953125 0.11458333333333333 0.27734375 0.08680555555555555 0.28125 0.08333333333333333
2 0.228515625 0.3125 0.23828125 0.3263888888888889 0.23828125 0.3402777777777778 0.236328125 0.34375 0.23828125 0.3715277777777778 0.23046875 0.3680555555555556 0.2265625 0.375 0.224609375 0.3819444444444444 0.224609375 0.4027777777777778 0.22265625 0.4097222222222222 0.21875 0.4097222222222222 0.21875 0.3645833333333333 0.21484375 0.3576388888888889 0.2109375 0.3576388888888889 0.212890625 0.34375 0.208984375 0.3333333333333333 0.2109375 0.3298611111111111 0.2109375 0.3159722222222222 0.212890625 0.3125 0.2265625 0.3125
2 0.19921875 0.4861111111111111 0.197265625 0.4826388888888889 0.193359375 0.4895833333333333 0.189453125 0.5034722222222222 0.18359375 0.5138888888888888 0.181640625 0.5277777777777778 0.1796875 0.53125 0.17578125 0.53125 0.17578125 0.5208333333333334 0.1796875 0.5104166666666666 0.1796875 0.5034722222222222 0.185546875 0.4895833333333333 0.18359375 0.4409722222222222 0.1953125 0.4166666666666667 0.1953125 0.4131944444444444 0.203125 0.3993055555555556 0.205078125 0.3993055555555556 0.2109375 0.3854166666666667 0.212890625 0.3854166666666667 0.216796875 0.3923611111111111 0.216796875 0.3993055555555556 0.212890625 0.4131944444444444 0.212890625 0.4270833333333333 0.216796875 0.4340277777777778 0.224609375 0.4340277777777778 0.224609375 0.4409722222222222 0.220703125 0.4409722222222222 0.21484375 0.4479166666666667 0.208984375 0.4479166666666667 0.20703125 0.4444444444444444 0.203125 0.4444444444444444 0.201171875 0.4479166666666667 0.201171875 0.4618055555555556 0.205078125 0.4722222222222222 0.205078125 0.4791666666666667 0.201171875 0.4826388888888889
2 0.458984375 0.4722222222222222 0.46484375 0.4826388888888889 0.48046875 0.4861111111111111 0.484375 0.4930555555555556 0.486328125 0.5069444444444444 0.484375 0.5138888888888888 0.482421875 0.5069444444444444 0.48046875 0.5069444444444444 0.46484375 0.4826388888888889 0.45703125 0.4826388888888889 0.447265625 0.5034722222222222 0.44921875 0.5104166666666666 0.44921875 0.5243055555555556 0.447265625 0.5277777777777778 0.447265625 0.5347222222222222 0.44140625 0.5451388888888888 0.44140625 0.5555555555555556 0.439453125 0.5590277777777778 0.435546875 0.5590277777777778 0.435546875 0.5520833333333334 0.443359375 0.5347222222222222 0.44921875 0.5138888888888888 0.4375 0.5034722222222222 0.4375 0.4861111111111111 0.44140625 0.4791666666666667 0.447265625 0.4791666666666667 0.451171875 0.4722222222222222 0.45703125 0.4722222222222222
2 0.86328125 0.4131944444444444 0.8671875 0.4097222222222222 0.873046875 0.4131944444444444 0.87890625 0.4340277777777778 0.87890625 0.4479166666666667 0.88671875 0.4652777777777778 0.88671875 0.4756944444444444 0.884765625 0.4791666666666667 0.884765625 0.5104166666666666 0.90234375 0.5381944444444444 0.900390625 0.5451388888888888 0.896484375 0.5486111111111112 0.892578125 0.5347222222222222 0.890625 0.5347222222222222 0.884765625 0.5243055555555556 0.880859375 0.5243055555555556 0.87890625 0.5277777777777778 0.880859375 0.5451388888888888 0.873046875 0.5555555555555556 0.875 0.5347222222222222 0.8671875 0.5069444444444444 0.869140625 0.4791666666666667 0.8671875 0.4756944444444444 0.8671875 0.4548611111111111 0.86328125 0.4444444444444444 0.86328125 0.4236111111111111 0.861328125 0.4201388888888889 0.86328125 0.4166666666666667
2 0.44921875 0.4791666666666667 0.4609375 0.4791666666666667 0.484375 0.5104166666666666 0.48828125 0.5277777777777778 0.4921875 0.5347222222222222 0.490234375 0.5416666666666666 0.4921875 0.5486111111111112 0.4921875 0.5625 0.498046875 0.5798611111111112 0.498046875 0.5868055555555556 0.50390625 0.6006944444444444 0.501953125 0.6076388888888888 0.49609375 0.6041666666666666 0.49609375 0.59375 0.490234375 0.5763888888888888 0.48046875 0.5590277777777778 0.4765625 0.5590277777777778 0.47265625 0.5520833333333334 0.46875 0.5520833333333334 0.462890625 0.5625 0.46484375 0.6076388888888888 0.45703125 0.6076388888888888 0.455078125 0.6041666666666666 0.458984375 0.5972222222222222 0.45703125 0.5694444444444444 0.453125 0.5520833333333334 0.455078125 0.5486111111111112 0.455078125 0.5416666666666666 0.453125 0.5381944444444444 0.453125 0.5243055555555556 0.44921875 0.5208333333333334 0.4453125 0.5069444444444444 0.44921875 0.4826388888888889
2 0.42578125 0.4236111111111111 0.431640625 0.4305555555555556 0.443359375 0.4305555555555556 0.451171875 0.4375 0.45703125 0.4375 0.4609375 0.4444444444444444 0.4609375 0.4548611111111111 0.45703125 0.46875 0.451171875 0.46875 0.447265625 0.4756944444444444 0.44140625 0.4756944444444444 0.4375 0.4791666666666667 0.42578125 0.5 0.41796875 0.5 0.421875 0.4861111111111111 0.42578125 0.4826388888888889 0.42578125 0.4756944444444444 0.427734375 0.4722222222222222 0.427734375 0.4583333333333333 0.41796875 0.4375 0.41796875 0.4305555555555556 0.423828125 0.4236111111111111
2 0.5703125 0.6631944444444444 0.576171875 0.65625 0.572265625 0.6388888888888888 0.572265625 0.625 0.5703125 0.6215277777777778 0.5703125 0.5972222222222222 0.576171875 0.5868055555555556 0.576171875 0.5763888888888888 0.57421875 0.5694444444444444 0.568359375 0.5625 0.568359375 0.5451388888888888 0.564453125 0.5347222222222222 0.564453125 0.5243055555555556 0.56640625 0.5208333333333334 0.572265625 0.5208333333333334 0.576171875 0.5277777777777778 0.576171875 0.5347222222222222 0.583984375 0.5416666666666666 0.587890625 0.5520833333333334 0.587890625 0.5590277777777778 0.591796875 0.5729166666666666 0.591796875 0.59375 0.58203125 0.6284722222222222 0.58203125 0.6354166666666666 0.583984375 0.6388888888888888 0.58203125 0.65625 0.583984375 0.6631944444444444 0.58203125 0.6666666666666666 0.5703125 0.6666666666666666
2 0.5625 0.2916666666666667 0.5625 0.2847222222222222 0.56640625 0.2708333333333333 0.564453125 0.25 0.5625 0.2465277777777778 0.5625 0.2326388888888889 0.564453125 0.22916666666666666 0.5703125 0.22916666666666666 0.572265625 0.2326388888888889 0.572265625 0.2361111111111111 0.580078125 0.25 0.583984375 0.2673611111111111 0.59375 0.2881944444444444 0.59375 0.2916666666666667 0.587890625 0.2916666666666667 0.58203125 0.3020833333333333 0.58203125 0.3125 0.587890625 0.3263888888888889 0.587890625 0.3333333333333333 0.58984375 0.3368055555555556 0.58984375 0.3506944444444444 0.587890625 0.3541666666666667 0.5859375 0.3541666666666667 0.58203125 0.34375 0.576171875 0.34375 0.576171875 0.3333333333333333 0.5703125 0.3229166666666667 0.5703125 0.2916666666666667 0.568359375 0.2881944444444444 0.564453125 0.2916666666666667
2 0.3671875 0.3819444444444444 0.37109375 0.3888888888888889 0.361328125 0.4236111111111111 0.361328125 0.4444444444444444 0.35546875 0.4513888888888889 0.34765625 0.4513888888888889 0.33984375 0.46875 0.33203125 0.4756944444444444 0.33203125 0.4583333333333333 0.3359375 0.4444444444444444 0.333984375 0.4340277777777778 0.330078125 0.4270833333333333 0.330078125 0.4166666666666667 0.33203125 0.4097222222222222 0.34375 0.3993055555555556 0.34765625 0.3923611111111111 0.35546875 0.3888888888888889 0.359375 0.3819444444444444 0.365234375 0.3819444444444444