0 0.779296875 0.12152777777777778 0.783203125 0.11805555555555555 0.787109375 0.12152777777777778 0.787109375 0.13541666666666666 0.779296875 0.13541666666666666 0.77734375 0.13194444444444445 0.779296875 0.125
0 0.525390625 0.4722222222222222 0.53125 0.4791666666666667 0.533203125 0.4861111111111111 0.533203125 0.4965277777777778 0.51953125 0.4895833333333333 0.51953125 0.4826388888888889 0.5234375 0.4756944444444444
0 0.61328125 0.3819444444444444 0.615234375 0.3854166666666667 0.615234375 0.3958333333333333 0.61328125 0.3993055555555556 0.603515625 0.3993055555555556 0.603515625 0.3854166666666667 0.60546875 0.3819444444444444 0.611328125 0.3819444444444444
0 0.5489583333333333 0.34953703703703703 0.016666666666666666 0.025
0 0.42578125 0.3541666666666667 0.42578125 0.3472222222222222 0.427734375 0.34375 0.4375 0.34375 0.439453125 0.3472222222222222 0.439453125 0.3576388888888889 0.4296875 0.3576388888888889 0.427734375 0.3541666666666667
0 0.9453125 0.6736111111111112 0.953125 0.6840277777777778 0.953125 0.6909722222222222 0.955078125 0.6944444444444444 0.953125 0.7048611111111112 0.9453125 0.7083333333333334 0.9375 0.6979166666666666 0.9375 0.6840277777777778 0.943359375 0.6770833333333334
0 0.533203125 0.5104166666666666 0.537109375 0.5 0.54296875 0.4965277777777778 0.544921875 0.5 0.544921875 0.5243055555555556 0.537109375 0.5208333333333334 0.53515625 0.5138888888888888
0 0.28046875 0.7953703703703704 0.01614583333333333 0.027777777777777776
0 0.373046875 0.5347222222222222 0.376953125 0.53125 0.3828125 0.53125 0.3828125 0.5416666666666666 0.37890625 0.5520833333333334 0.37109375 0.5451388888888888 0.373046875 0.5381944444444444
0 0.681640625 0.4201388888888889 0.685546875 0.4270833333333333 0.6875 0.4409722222222222 0.68359375 0.4409722222222222 0.67578125 0.4479166666666667 0.673828125 0.4444444444444444 0.673828125 0.4270833333333333 0.6796875 0.4201388888888889
0 0.435546875 0.5243055555555556 0.4375 0.53125 0.43359375 0.53125 0.427734375 0.5381944444444444 0.427734375 0.5277777777777778 0.43359375 0.5243055555555556
0 0.1875 0.6076388888888888 0.1875 0.6006944444444444 0.19140625 0.5868055555555556 0.197265625 0.5868055555555556 0.19921875 0.5902777777777778 0.19921875 0.6076388888888888 0.189453125 0.6076388888888888
0 0.591796875 0.4965277777777778 0.595703125 0.5 0.595703125 0.5138888888888888 0.591796875 0.5208333333333334 0.58984375 0.5173611111111112 0.583984375 0.5173611111111112 0.580078125 0.5104166666666666 0.583984375 0.4965277777777778 0.58984375 0.4965277777777778
0 0.6171875 0.5416666666666666 0.6171875 0.5277777777777778 0.62109375 0.5173611111111112 0.626953125 0.5173611111111112 0.62890625 0.5243055555555556 0.62890625 0.5416666666666666 0.625 0.5416666666666666 0.623046875 0.5451388888888888 0.619140625 0.5416666666666666
0 0.65234375 0.4340277777777778 0.65625 0.4409722222222222 0.65625 0.4513888888888889 0.64453125 0.4513888888888889 0.64453125 0.4409722222222222 0.650390625 0.4340277777777778
0 0.39453125 0.4618055555555556 0.3984375 0.46875 0.3984375 0.4861111111111111 0.396484375 0.4895833333333333 0.388671875 0.4895833333333333 0.38671875 0.4861111111111111 0.38671875 0.4756944444444444 0.388671875 0.46875 0.392578125 0.4652777777777778
0 0.7421875 0.0798611111111111 0.744140625 0.08333333333333333 0.744140625 0.09027777777777778 0.740234375 0.09375 0.736328125 0.08680555555555555 0.736328125 0.08333333333333333 0.740234375 0.0798611111111111
0 0.537109375 0.3576388888888889 0.54296875 0.3576388888888889 0.546875 0.3715277777777778 0.546875 0.3784722222222222 0.54296875 0.3784722222222222 0.537109375 0.3680555555555556 0.537109375 0.3611111111111111
1 0.79296875 0.17708333333333334 0.7890625 0.16666666666666666 0.78515625 0.16666666666666666 0.783203125 0.1701388888888889 0.783203125 0.18055555555555555 0.78125 0.1840277777777778 0.767578125 0.18055555555555555 0.765625 0.17708333333333334 0.765625 0.16666666666666666 0.771484375 0.14930555555555555 0.771484375 0.1388888888888889 0.7734375 0.13541666666666666 0.7890625 0.1388888888888889 0.791015625 0.1423611111111111 0.791015625 0.14930555555555555 0.79296875 0.1527777777777778 0.79296875 0.1736111111111111
1 0.74609375 0.09375 0.748046875 0.09722222222222222 0.748046875 0.1076388888888889 0.73828125 0.1284722222222222 0.73828125 0.1388888888888889 0.740234375 0.1423611111111111 0.732421875 0.13541666666666666 0.728515625 0.13541666666666666 0.724609375 0.1423611111111111 0.720703125 0.1423611111111111 0.720703125 0.13541666666666666 0.724609375 0.1284722222222222 0.7265625 0.1076388888888889 0.728515625 0.1076388888888889 0.734375 0.09375 0.744140625 0.09375
1 0.6114583333333333 0.4263888888888889 0.03229166666666666 0.05648148148148148
1 0.43359375 0.3576388888888889 0.435546875 0.3611111111111111 0.44140625 0.3611111111111111 0.443359375 0.3715277777777778 0.439453125 0.3784722222222222 0.439453125 0.40625 0.4296875 0.40625 0.427734375 0.4097222222222222 0.421875 0.4097222222222222 0.419921875 0.4027777777777778 0.41796875 0.3645833333333333 0.421875 0.3576388888888889 0.431640625 0.3576388888888889
1 0.927734375 0.7013888888888888 0.939453125 0.7013888888888888 0.943359375 0.7083333333333334 0.947265625 0.7083333333333334 0.955078125 0.7152777777777778 0.943359375 0.75 0.939453125 0.7569444444444444 0.931640625 0.7569444444444444 0.9296875 0.7534722222222222 0.92578125 0.7534722222222222 0.919921875 0.7430555555555556 0.921875 0.7361111111111112 0.927734375 0.7291666666666666 0.92578125 0.7256944444444444 0.92578125 0.7083333333333334 0.927734375 0.7048611111111112
1 0.5546875 0.5416666666666666 0.5625 0.5486111111111112 0.556640625 0.5555555555555556 0.55078125 0.5555555555555556 0.546875 0.5520833333333334 0.541015625 0.5625 0.541015625 0.5694444444444444 0.53515625 0.5798611111111112 0.52734375 0.5798611111111112 0.521484375 0.5729166666666666 0.517578125 0.5729166666666666 0.517578125 0.5625 0.521484375 0.5486111111111112 0.525390625 0.5486111111111112 0.529296875 0.5416666666666666 0.53125 0.5277777777777778 0.53515625 0.5208333333333334 0.54296875 0.5243055555555556 0.552734375 0.5416666666666666
1 0.58203125 0.5173611111111112 0.58984375 0.5243055555555556 0.59765625 0.5243055555555556 0.595703125 0.5381944444444444 0.58984375 0.5381944444444444 0.5859375 0.5347222222222222 0.580078125 0.5416666666666666 0.587890625 0.5555555555555556 0.58984375 0.5555555555555556 0.58984375 0.5625 0.591796875 0.5659722222222222 0.58984375 0.5763888888888888 0.583984375 0.5868055555555556 0.580078125 0.5833333333333334 0.572265625 0.5833333333333334 0.56640625 0.5763888888888888 0.568359375 0.5590277777777778 0.57421875 0.5486111111111112 0.576171875 0.5277777777777778 0.580078125 0.5208333333333334
1 0.439453125 0.53125 0.44140625 0.5347222222222222 0.453125 0.5347222222222222 0.453125 0.5381944444444444 0.44921875 0.5486111111111112 0.447265625 0.5694444444444444 0.435546875 0.5798611111111112 0.431640625 0.5798611111111112 0.4296875 0.5763888888888888 0.4296875 0.5659722222222222 0.427734375 0.5625 0.427734375 0.5381944444444444 0.4375 0.53125
1 0.37890625 0.4930555555555556 0.3828125 0.4895833333333333 0.388671875 0.4895833333333333 0.390625 0.4930555555555556 0.396484375 0.4895833333333333 0.40625 0.4965277777777778 0.404296875 0.5555555555555556 0.40234375 0.5590277777777778 0.388671875 0.5590277777777778 0.3828125 0.5520833333333334 0.3828125 0.5277777777777778 0.37890625 0.5208333333333334 0.37890625 0.4965277777777778
1 0.685546875 0.4409722222222222 0.6875 0.4444444444444444 0.69140625 0.4444444444444444 0.693359375 0.4583333333333333 0.69921875 0.4722222222222222 0.6953125 0.4826388888888889 0.6953125 0.4965277777777778 0.69140625 0.5 0.689453125 0.4965277777777778 0.677734375 0.4965277777777778 0.67578125 0.4930555555555556 0.67578125 0.4826388888888889 0.673828125 0.4791666666666667 0.67578125 0.4756944444444444 0.67578125 0.4652777777777778 0.673828125 0.4618055555555556 0.669921875 0.4618055555555556 0.669921875 0.4548611111111111 0.677734375 0.4444444444444444 0.68359375 0.4444444444444444
1 0.349609375 0.5694444444444444 0.3515625 0.5659722222222222 0.3515625 0.5590277777777778 0.361328125 0.5451388888888888 0.37109375 0.5451388888888888 0.373046875 0.5486111111111112 0.376953125 0.5486111111111112 0.37890625 0.5520833333333334 0.37890625 0.5625 0.373046875 0.5763888888888888 0.37109375 0.5868055555555556 0.3671875 0.5902777777777778 0.359375 0.5902777777777778 0.35546875 0.5763888888888888 0.3515625 0.5729166666666666
1 0.201171875 0.6111111111111112 0.208984375 0.6215277777777778 0.208984375 0.6319444444444444 0.205078125 0.6388888888888888 0.205078125 0.6527777777777778 0.203125 0.65625 0.203125 0.6840277777777778 0.201171875 0.6875 0.1796875 0.6875 0.177734375 0.6840277777777778 0.177734375 0.6770833333333334 0.1796875 0.6736111111111112 0.1796875 0.6423611111111112 0.17578125 0.6354166666666666 0.17578125 0.625 0.177734375 0.6180555555555556 0.185546875 0.6111111111111112 0.19921875 0.6111111111111112
1 0.53125 0.5 0.53125 0.5104166666666666 0.52734375 0.5104166666666666 0.521484375 0.5208333333333334 0.51953125 0.5347222222222222 0.509765625 0.5486111111111112 0.494140625 0.5347222222222222 0.49609375 0.5277777777777778 0.50390625 0.5138888888888888 0.505859375 0.5034722222222222 0.509765625 0.4965277777777778 0.513671875 0.4965277777777778 0.515625 0.4930555555555556 0.525390625 0.4930555555555556 0.529296875 0.5
1 0.630859375 0.5451388888888888 0.634765625 0.5520833333333334 0.6328125 0.59375 0.611328125 0.59375 0.609375 0.5902777777777778 0.611328125 0.5694444444444444 0.60546875 0.5555555555555556 0.609375 0.5486111111111112 0.61328125 0.5486111111111112 0.615234375 0.5451388888888888 0.62890625 0.5451388888888888
1 0.537109375 0.3680555555555556 0.541015625 0.375 0.54296875 0.3888888888888889 0.541015625 0.3923611111111111 0.537109375 0.3888888888888889 0.533203125 0.3958333333333333 0.533203125 0.4166666666666667 0.52734375 0.4236111111111111 0.509765625 0.4236111111111111 0.509765625 0.4097222222222222 0.5234375 0.3680555555555556 0.52734375 0.3645833333333333 0.533203125 0.3645833333333333 0.53515625 0.3680555555555556
1 0.55078125 0.4097222222222222 0.55078125 0.4027777777777778 0.544921875 0.3819444444444444 0.552734375 0.3645833333333333 0.55859375 0.3645833333333333 0.560546875 0.3680555555555556 0.560546875 0.375 0.56640625 0.3888888888888889 0.56640625 0.40625 0.564453125 0.4097222222222222 0.552734375 0.4097222222222222
1 0.62890625 0.5069444444444444 0.62890625 0.4965277777777778 0.634765625 0.4756944444444444 0.634765625 0.4583333333333333 0.642578125 0.4513888888888889 0.646484375 0.4548611111111111 0.658203125 0.4548611111111111 0.66015625 0.4618055555555556 0.654296875 0.46875 0.654296875 0.4895833333333333 0.65234375 0.4930555555555556 0.65234375 0.5034722222222222 0.64453125 0.5104166666666666 0.6328125 0.5104166666666666 0.630859375 0.5069444444444444
1 0.283203125 0.8090277777777778 0.2890625 0.8194444444444444 0.2890625 0.8333333333333334 0.291015625 0.8368055555555556 0.2890625 0.8402777777777778 0.2890625 0.8506944444444444 0.26953125 0.8506944444444444 0.26953125 0.8333333333333334 0.267578125 0.8298611111111112 0.26953125 0.8159722222222222 0.275390625 0.8090277777777778 0.28125 0.8090277777777778
2 0.783203125 0.11805555555555555 0.787109375 0.12152777777777778 0.787109375 0.13194444444444445 0.79296875 0.14930555555555555 0.79296875 0.16666666666666666 0.796875 0.1840277777777778 0.796875 0.1875 0.79296875 0.1909722222222222 0.7890625 0.1701388888888889 0.787109375 0.16666666666666666 0.783203125 0.1736111111111111 0.78515625 0.17708333333333334 0.787109375 0.19444444444444445 0.791015625 0.2048611111111111 0.791015625 0.2326388888888889 0.794921875 0.24305555555555555 0.79296875 0.2465277777777778 0.7890625 0.2465277777777778 0.787109375 0.2222222222222222 0.78125 0.20833333333333334 0.775390625 0.20833333333333334 0.771484375 0.2152777777777778 0.765625 0.21875 0.755859375 0.2361111111111111 0.75390625 0.2326388888888889 0.755859375 0.22916666666666666 0.755859375 0.2222222222222222 0.763671875 0.20833333333333334 0.763671875 0.19791666666666666 0.765625 0.19444444444444445 0.763671875 0.1701388888888889 0.771484375 0.14930555555555555 0.771484375 0.1388888888888889 0.775390625 0.13541666666666666 0.78125 0.12152777777777778
2 0.744140625 0.08333333333333333 0.748046875 0.09375 0.748046875 0.10416666666666667 0.75 0.1076388888888889 0.740234375 0.12152777777777778 0.73828125 0.13541666666666666 0.740234375 0.1423611111111111 0.74609375 0.14930555555555555 0.748046875 0.15625 0.748046875 0.16666666666666666 0.7421875 0.18055555555555555 0.73828125 0.19791666666666666 0.734375 0.19791666666666666 0.734375 0.1875 0.740234375 0.16666666666666666 0.736328125 0.1597222222222222 0.73046875 0.1597222222222222 0.724609375 0.1701388888888889 0.724609375 0.1736111111111111 0.71484375 0.1875 0.70703125 0.2152777777777778 0.705078125 0.2152777777777778 0.705078125 0.2013888888888889 0.7109375 0.18055555555555555 0.71875 0.16319444444444445 0.71875 0.15625 0.720703125 0.1527777777777778 0.720703125 0.13541666666666666 0.724609375 0.1284722222222222 0.7265625 0.1076388888888889 0.736328125 0.09027777777777778 0.7421875 0.08680555555555555
2 0.61328125 0.3819444444444444 0.615234375 0.3854166666666667 0.615234375 0.3923611111111111 0.626953125 0.40625 0.626953125 0.4201388888888889 0.630859375 0.4340277777777778 0.62890625 0.4409722222222222 0.626953125 0.4375 0.625 0.4409722222222222 0.625 0.4479166666666667 0.62109375 0.4548611111111111 0.62109375 0.4618055555555556 0.619140625 0.4652777777777778 0.619140625 0.4826388888888889 0.61328125 0.5034722222222222 0.603515625 0.5208333333333334 0.599609375 0.5208333333333334 0.599609375 0.5034722222222222 0.591796875 0.4930555555555556 0.591796875 0.4861111111111111 0.595703125 0.4756944444444444 0.595703125 0.4652777777777778 0.599609375 0.4513888888888889 0.599609375 0.4375 0.59765625 0.4340277777777778 0.5859375 0.4375 0.58203125 0.4270833333333333 0.583984375 0.4236111111111111 0.591796875 0.4236111111111111 0.6015625 0.4027777777777778 0.603515625 0.3854166666666667 0.60546875 0.3819444444444444 0.611328125 0.3819444444444444
2 0.42578125 0.3472222222222222 0.4296875 0.34375 0.435546875 0.34375 0.439453125 0.3472222222222222 0.439453125 0.3576388888888889 0.447265625 0.3854166666666667 0.447265625 0.4131944444444444 0.443359375 0.4131944444444444 0.44140625 0.4166666666666667 0.443359375 0.4513888888888889 0.439453125 0.4513888888888889 0.4375 0.4479166666666667 0.43359375 0.4513888888888889 0.43359375 0.4652777777777778 0.4375 0.4791666666666667 0.4375 0.4930555555555556 0.435546875 0.4965277777777778 0.427734375 0.4756944444444444 0.42578125 0.4444444444444444 0.421875 0.4305555555555556 0.419921875 0.3854166666666667 0.41796875 0.3819444444444444 0.41796875 0.3645833333333333 0.42578125 0.3506944444444444
2 0.947265625 0.6770833333333334 0.951171875 0.6805555555555556 0.955078125 0.6944444444444444 0.955078125 0.71875 0.951171875 0.7291666666666666 0.953125 0.7326388888888888 0.953125 0.7395833333333334 0.95703125 0.7465277777777778 0.96484375 0.75 0.970703125 0.7569444444444444 0.970703125 0.7638888888888888 0.966796875 0.7638888888888888 0.958984375 0.7569444444444444 0.953125 0.7465277777777778 0.947265625 0.7465277777777778 0.943359375 0.7534722222222222 0.94921875 0.7638888888888888 0.951171875 0.7638888888888888 0.953125 0.7708333333333334 0.955078125 0.7708333333333334 0.9609375 0.7881944444444444 0.958984375 0.8333333333333334 0.96484375 0.8402777777777778 0.96875 0.8506944444444444 0.958984375 0.8506944444444444 0.951171875 0.84375 0.951171875 0.8298611111111112 0.953125 0.8263888888888888 0.951171875 0.7986111111111112 0.9453125 0.7881944444444444 0.9375 0.78125 0.931640625 0.78125 0.927734375 0.7881944444444444 0.921875 0.8090277777777778 0.900390625 0.8368055555555556 0.896484375 0.8472222222222222 0.896484375 0.8576388888888888 0.89453125 0.8611111111111112 0.888671875 0.8541666666666666 0.88671875 0.84375 0.9140625 0.7986111111111112 0.9140625 0.7847222222222222 0.912109375 0.78125 0.9140625 0.7361111111111112 0.92578125 0.7152777777777778 0.92578125 0.7048611111111112 0.927734375 0.7013888888888888 0.931640625 0.7013888888888888 0.9375 0.6909722222222222 0.9375 0.6840277777777778 0.9453125 0.6770833333333334
2 0.54296875 0.5 0.544921875 0.5069444444444444 0.544921875 0.5243055555555556 0.552734375 0.5416666666666666 0.55859375 0.5416666666666666 0.560546875 0.5451388888888888 0.56640625 0.5347222222222222 0.5703125 0.5347222222222222 0.5703125 0.5381944444444444 0.5625 0.5520833333333334 0.55859375 0.5555555555555556 0.546875 0.5555555555555556 0.541015625 0.5659722222222222 0.5390625 0.5729166666666666 0.5390625 0.5798611111111112 0.541015625 0.5833333333333334 0.541015625 0.6180555555555556 0.533203125 0.6423611111111112 0.53125 0.6423611111111112 0.525390625 0.65625 0.525390625 0.6701388888888888 0.51953125 0.6701388888888888 0.515625 0.6666666666666666 0.515625 0.6597222222222222 0.521484375 0.6493055555555556 0.5234375 0.6423611111111112 0.5234375 0.6319444444444444 0.52734375 0.625 0.52734375 0.6145833333333334 0.5234375 0.6041666666666666 0.5234375 0.5972222222222222 0.517578125 0.5833333333333334 0.517578125 0.5729166666666666 0.515625 0.5694444444444444 0.521484375 0.5486111111111112 0.5234375 0.5486111111111112 0.529296875 0.5381944444444444 0.53515625 0.5034722222222222 0.541015625 0.5
2 0.58203125 0.5 0.5859375 0.4965277777777778 0.591796875 0.4965277777777778 0.595703125 0.5 0.595703125 0.5173611111111112 0.59765625 0.5208333333333334 0.595703125 0.5381944444444444 0.58984375 0.5381944444444444 0.5859375 0.5347222222222222 0.58203125 0.5451388888888888 0.587890625 0.5555555555555556 0.58984375 0.5555555555555556 0.591796875 0.5659722222222222 0.599609375 0.5763888888888888 0.603515625 0.5868055555555556 0.603515625 0.6006944444444444 0.599609375 0.6076388888888888 0.595703125 0.625 0.595703125 0.6041666666666666 0.58984375 0.59375 0.583984375 0.59375 0.580078125 0.6006944444444444 0.572265625 0.6284722222222222 0.56640625 0.6388888888888888 0.560546875 0.6631944444444444 0.556640625 0.6597222222222222 0.556640625 0.6493055555555556 0.560546875 0.6388888888888888 0.560546875 0.6319444444444444 0.568359375 0.6145833333333334 0.568359375 0.5798611111111112 0.56640625 0.5763888888888888 0.56640625 0.5694444444444444 0.5703125 0.5520833333333334 0.57421875 0.5486111111111112 0.57421875 0.5381944444444444 0.58203125 0.5034722222222222
2 0.20703125 0.6145833333333334 0.208984375 0.6215277777777778 0.208984375 0.6319444444444444 0.205078125 0.6423611111111112 0.205078125 0.6840277777777778 0.20703125 0.6875 0.20703125 0.6944444444444444 0.19921875 0.7013888888888888 0.19921875 0.7083333333333334 0.197265625 0.7118055555555556 0.197265625 0.7569444444444444 0.193359375 0.7708333333333334 0.193359375 0.78125 0.189453125 0.7881944444444444 0.1875 0.7847222222222222 0.1875 0.7708333333333334 0.189453125 0.7673611111111112 0.189453125 0.7465277777777778 0.19140625 0.7430555555555556 0.19140625 0.7361111111111112 0.189453125 0.7326388888888888 0.189453125 0.7222222222222222 0.185546875 0.7152777777777778 0.181640625 0.7222222222222222 0.16796875 0.7708333333333334 0.16796875 0.75 0.169921875 0.7465277777777778 0.169921875 0.7361111111111112 0.177734375 0.7048611111111112 0.1796875 0.6458333333333334 0.17578125 0.6354166666666666 0.17578125 0.6215277777777778 0.1875 0.6041666666666666 0.189453125 0.59375 0.193359375 0.5868055555555556 0.19921875 0.59375 0.201171875 0.6076388888888888 0.205078125 0.6145833333333334
2 0.43359375 0.5243055555555556 0.443359375 0.5347222222222222 0.458984375 0.5347222222222222 0.4609375 0.5381944444444444 0.466796875 0.5381944444444444 0.470703125 0.5416666666666666 0.474609375 0.5520833333333334 0.474609375 0.5590277777777778 0.478515625 0.5659722222222222 0.478515625 0.5729166666666666 0.484375 0.5833333333333334 0.486328125 0.5833333333333334 0.490234375 0.59375 0.48828125 0.5972222222222222 0.474609375 0.5972222222222222 0.46875 0.5868055555555556 0.466796875 0.5868055555555556 0.4609375 0.59375 0.458984375 0.6041666666666666 0.451171875 0.6041666666666666 0.447265625 0.5868055555555556 0.443359375 0.5868055555555556 0.44140625 0.5833333333333334 0.431640625 0.5833333333333334 0.427734375 0.5694444444444444 0.427734375 0.53125 0.431640625 0.5277777777777778
2 0.404296875 0.4930555555555556 0.40625 0.4965277777777778 0.40625 0.5173611111111112 0.408203125 0.5208333333333334 0.408203125 0.5590277777777778 0.404296875 0.5659722222222222 0.404296875 0.6006944444444444 0.396484375 0.6215277777777778 0.396484375 0.6388888888888888 0.39453125 0.6423611111111112 0.390625 0.6354166666666666 0.390625 0.6284722222222222 0.388671875 0.625 0.390625 0.6041666666666666 0.38671875 0.5868055555555556 0.38671875 0.5694444444444444 0.3828125 0.5590277777777778 0.3828125 0.53125 0.376953125 0.5208333333333334 0.375 0.5208333333333334 0.365234375 0.53125 0.361328125 0.53125 0.353515625 0.5381944444444444 0.34765625 0.5381944444444444 0.345703125 0.5347222222222222 0.353515625 0.53125 0.373046875 0.5104166666666666 0.376953125 0.5034722222222222 0.37890625 0.4930555555555556 0.38671875 0.4861111111111111 0.38671875 0.4791666666666667 0.390625 0.4652777777777778 0.396484375 0.4652777777777778 0.3984375 0.46875 0.3984375 0.4791666666666667 0.40234375 0.4930555555555556
2 0.681640625 0.4201388888888889 0.685546875 0.4270833333333333 0.685546875 0.4340277777777778 0.693359375 0.4479166666666667 0.6953125 0.4618055555555556 0.69921875 0.4652777777777778 0.701171875 0.4722222222222222 0.703125 0.4722222222222222 0.705078125 0.4861111111111111 0.701171875 0.4861111111111111 0.69921875 0.4826388888888889 0.6953125 0.4895833333333333 0.6953125 0.5104166666666666 0.693359375 0.5173611111111112 0.6875 0.5243055555555556 0.6875 0.5555555555555556 0.685546875 0.5590277777777778 0.681640625 0.5590277777777778 0.681640625 0.5347222222222222 0.6796875 0.53125 0.67578125 0.5347222222222222 0.673828125 0.5416666666666666 0.673828125 0.5555555555555556 0.671875 0.5590277777777778 0.671875 0.5729166666666666 0.669921875 0.5763888888888888 0.666015625 0.5729166666666666 0.666015625 0.5659722222222222 0.66796875 0.5625 0.66796875 0.5277777777777778 0.673828125 0.5 0.673828125 0.4861111111111111 0.671875 0.4826388888888889 0.673828125 0.46875 0.669921875 0.4652777777777778 0.66796875 0.4583333333333333 0.671875 0.4479166666666667 0.67578125 0.4236111111111111 0.6796875 0.4201388888888889
2 0.3828125 0.53125 0.3828125 0.5381944444444444 0.380859375 0.5416666666666666 0.3828125 0.5833333333333334 0.380859375 0.5868055555555556 0.376953125 0.5868055555555556 0.369140625 0.59375 0.36328125 0.59375 0.361328125 0.5972222222222222 0.35546875 0.5972222222222222 0.349609375 0.5833333333333334 0.345703125 0.5833333333333334 0.34375 0.5798611111111112 0.318359375 0.5833333333333334 0.31640625 0.5763888888888888 0.318359375 0.5729166666666666 0.330078125 0.5729166666666666 0.33203125 0.5694444444444444 0.337890625 0.5694444444444444 0.341796875 0.5659722222222222 0.34375 0.5625 0.34375 0.5520833333333334 0.349609375 0.5416666666666666 0.361328125 0.5451388888888888 0.36328125 0.5416666666666666 0.369140625 0.5416666666666666 0.375 0.53125 0.380859375 0.53125
2 0.484375 0.6458333333333334 0.482421875 0.6284722222222222 0.490234375 0.6145833333333334 0.498046875 0.5833333333333334 0.4921875 0.5625 0.490234375 0.5416666666666666 0.49609375 0.53125 0.505859375 0.5034722222222222 0.509765625 0.4965277777777778 0.517578125 0.4930555555555556 0.521484375 0.4861111111111111 0.521484375 0.4791666666666667 0.5234375 0.4756944444444444 0.529296875 0.4756944444444444 0.533203125 0.4895833333333333 0.533203125 0.5104166666666666 0.53125 0.5138888888888888 0.52734375 0.5416666666666666 0.525390625 0.5451388888888888 0.515625 0.5416666666666666 0.51171875 0.5486111111111112 0.51171875 0.5625 0.513671875 0.5659722222222222 0.513671875 0.6006944444444444 0.509765625 0.6076388888888888 0.509765625 0.6145833333333334 0.50390625 0.6354166666666666 0.50390625 0.65625 0.49609375 0.65625 0.4921875 0.6493055555555556 0.48828125 0.6493055555555556 0.486328125 0.6458333333333334
2 0.62109375 0.5173611111111112 0.626953125 0.5173611111111112 0.62890625 0.5347222222222222 0.634765625 0.5520833333333334 0.6328125 0.6041666666666666 0.646484375 0.65625 0.646484375 0.6701388888888888 0.65234375 0.6805555555555556 0.65234375 0.6875 0.650390625 0.6909722222222222 0.646484375 0.6875 0.64453125 0.6770833333333334 0.640625 0.6701388888888888 0.63671875 0.65625 0.63671875 0.6493055555555556 0.62890625 0.6354166666666666 0.625 0.6354166666666666 0.623046875 0.6319444444444444 0.611328125 0.6319444444444444 0.607421875 0.6354166666666666 0.60546875 0.6388888888888888 0.60546875 0.6493055555555556 0.59765625 0.6736111111111112 0.59765625 0.6840277777777778 0.595703125 0.6909722222222222 0.58984375 0.6909722222222222 0.5859375 0.6875 0.59375 0.6736111111111112 0.59375 0.6319444444444444 0.609375 0.59375 0.611328125 0.5694444444444444 0.603515625 0.5590277777777778 0.595703125 0.5590277777777778 0.591796875 0.5555555555555556 0.58203125 0.5416666666666666 0.583984375 0.5381944444444444 0.587890625 0.5381944444444444 0.58984375 0.5416666666666666 0.59765625 0.5416666666666666 0.603515625 0.5486111111111112 0.61328125 0.5486111111111112 0.62109375 0.5208333333333334
2 0.54296875 0.3611111111111111 0.544921875 0.3645833333333333 0.54296875 0.3715277777777778 0.54296875 0.3958333333333333 0.548828125 0.4097222222222222 0.546875 0.4131944444444444 0.537109375 0.4166666666666667 0.53515625 0.4201388888888889 0.53515625 0.4270833333333333 0.546875 0.4618055555555556 0.548828125 0.4895833333333333 0.546875 0.4930555555555556 0.544921875 0.4895833333333333 0.544921875 0.4826388888888889 0.5390625 0.4618055555555556 0.53125 0.4479166666666667 0.5234375 0.4444444444444444 0.51953125 0.4513888888888889 0.517578125 0.4652777777777778 0.5078125 0.4861111111111111 0.50390625 0.5034722222222222 0.501953125 0.5034722222222222 0.5 0.4965277777777778 0.509765625 0.4583333333333333 0.509765625 0.4513888888888889 0.5078125 0.4479166666666667 0.509765625 0.40625 0.525390625 0.3645833333333333 0.529296875 0.3611111111111111 0.53515625 0.3611111111111111 0.537109375 0.3576388888888889 0.541015625 0.3611111111111111
2 0.654296875 0.4375 0.65625 0.4409722222222222 0.65625 0.4513888888888889 0.6640625 0.4652777777777778 0.669921875 0.4652777777777778 0.673828125 0.46875 0.673828125 0.4756944444444444 0.66796875 0.4826388888888889 0.662109375 0.4826388888888889 0.66015625 0.4861111111111111 0.658203125 0.4826388888888889 0.65625 0.4861111111111111 0.65625 0.4930555555555556 0.654296875 0.4965277777777778 0.65625 0.5 0.65625 0.5104166666666666 0.65234375 0.5208333333333334 0.654296875 0.5451388888888888 0.65234375 0.5486111111111112 0.65234375 0.5763888888888888 0.650390625 0.5798611111111112 0.646484375 0.5763888888888888 0.646484375 0.5381944444444444 0.642578125 0.5347222222222222 0.63671875 0.5451388888888888 0.63671875 0.5486111111111112 0.63671875 0.5451388888888888 0.630859375 0.5347222222222222 0.630859375 0.5243055555555556 0.62890625 0.5208333333333334 0.62890625 0.5104166666666666 0.626953125 0.5034722222222222 0.6328125 0.4861111111111111 0.6328125 0.4652777777777778 0.634765625 0.4583333333333333 0.638671875 0.4548611111111111 0.646484375 0.4375 0.65234375 0.4375
2 0.55078125 0.4618055555555556 0.546875 0.4479166666666667 0.546875 0.4270833333333333 0.55078125 0.4201388888888889 0.55078125 0.40625 0.546875 0.3958333333333333 0.546875 0.3854166666666667 0.544921875 0.3819444444444444 0.544921875 0.3715277777777778 0.546875 0.3680555555555556 0.54296875 0.3576388888888889 0.54296875 0.34375 0.544921875 0.3402777777777778 0.5546875 0.3402777777777778 0.556640625 0.3472222222222222 0.556640625 0.3576388888888889 0.56640625 0.3888888888888889 0.56640625 0.4097222222222222 0.568359375 0.4131944444444444 0.568359375 0.4201388888888889 0.56640625 0.4236111111111111 0.56640625 0.4722222222222222 0.568359375 0.4756944444444444 0.568359375 0.4895833333333333 0.5703125 0.4965277777777778 0.56640625 0.4965277777777778 0.564453125 0.4930555555555556 0.564453125 0.4791666666666667 0.5625 0.4722222222222222 0.556640625 0.4618055555555556 0.552734375 0.4618055555555556
2 0.283203125 0.7847222222222222 0.287109375 0.7916666666666666 0.287109375 0.8159722222222222 0.291015625 0.8298611111111112 0.291015625 0.8472222222222222 0.2890625 0.8506944444444444 0.26953125 0.8506944444444444 0.26953125 0.8333333333333334 0.267578125 0.8263888888888888 0.26953125 0.8229166666666666 0.26953125 0.8159722222222222 0.2734375 0.8090277777777778 0.2734375 0.7986111111111112 0.275390625 0.7916666666666666 0.28125 0.7847222222222222