0 0.5299479166666666 0.31990740740740736 0.028645833333333332 0.04722222222222222
0 0.279296875 0.4444444444444444 0.283203125 0.4548611111111111 0.283203125 0.4756944444444444 0.27734375 0.4895833333333333 0.2734375 0.4895833333333333 0.26171875 0.4791666666666667 0.259765625 0.4722222222222222 0.259765625 0.4652777777777778 0.267578125 0.4444444444444444 0.27734375 0.4444444444444444
0 0.341796875 0.4513888888888889 0.341796875 0.4409722222222222 0.34765625 0.4270833333333333 0.353515625 0.4270833333333333 0.357421875 0.4340277777777778 0.359375 0.4479166666666667 0.35546875 0.4513888888888889 0.34375 0.4513888888888889
0 0.68359375 0.3506944444444444 0.689453125 0.3715277777777778 0.689453125 0.3819444444444444 0.6875 0.3854166666666667 0.671875 0.3854166666666667 0.669921875 0.3819444444444444 0.671875 0.3576388888888889 0.67578125 0.3506944444444444 0.681640625 0.3506944444444444
0 0.556640625 0.3333333333333333 0.560546875 0.3298611111111111 0.5703125 0.3298611111111111 0.572265625 0.3333333333333333 0.572265625 0.3472222222222222 0.576171875 0.3611111111111111 0.57421875 0.3680555555555556 0.55859375 0.3680555555555556 0.5546875 0.3541666666666667 0.5546875 0.3402777777777778 0.556640625 0.3368055555555556
0 0.63046875 0.6069444444444445 0.024479166666666666 0.049074074074074076
1 0.365234375 0.4548611111111111 0.373046875 0.4618055555555556 0.376953125 0.46875 0.376953125 0.4756944444444444 0.373046875 0.4895833333333333 0.361328125 0.5138888888888888 0.359375 0.5138888888888888 0.359375 0.4965277777777778 0.353515625 0.4826388888888889 0.34375 0.4756944444444444 0.333984375 0.4756944444444444 0.33203125 0.4791666666666667 0.328125 0.4791666666666667 0.328125 0.46875 0.337890625 0.4548611111111111 0.349609375 0.4548611111111111 0.3515625 0.4513888888888889 0.361328125 0.4513888888888889 0.36328125 0.4548611111111111
1 0.248046875 0.46875 0.25 0.4722222222222222 0.2578125 0.4722222222222222 0.265625 0.4861111111111111 0.26953125 0.4861111111111111 0.28125 0.4965277777777778 0.28125 0.5208333333333334 0.279296875 0.5277777777777778 0.275390625 0.5208333333333334 0.26953125 0.5208333333333334 0.259765625 0.5416666666666666 0.259765625 0.5694444444444444 0.26171875 0.5729166666666666 0.26171875 0.5833333333333334 0.263671875 0.5868055555555556 0.265625 0.6041666666666666 0.248046875 0.6076388888888888 0.24609375 0.6041666666666666 0.23046875 0.6006944444444444 0.224609375 0.59375 0.224609375 0.5798611111111112 0.228515625 0.5694444444444444 0.23046875 0.5451388888888888 0.234375 0.5347222222222222 0.234375 0.4895833333333333 0.240234375 0.4722222222222222 0.24609375 0.4722222222222222
1 0.67578125 0.3888888888888889 0.677734375 0.3923611111111111 0.681640625 0.3888888888888889 0.69140625 0.3888888888888889 0.701171875 0.3993055555555556 0.701171875 0.4097222222222222 0.6953125 0.4166666666666667 0.6953125 0.4236111111111111 0.693359375 0.4270833333333333 0.697265625 0.4375 0.697265625 0.4444444444444444 0.6953125 0.4479166666666667 0.6953125 0.4548611111111111 0.697265625 0.4583333333333333 0.6953125 0.4618055555555556 0.6953125 0.4791666666666667 0.697265625 0.4861111111111111 0.693359375 0.4965277777777778 0.662109375 0.4965277777777778 0.6640625 0.4618055555555556 0.662109375 0.4583333333333333 0.66015625 0.4305555555555556 0.65625 0.4201388888888889 0.65625 0.4027777777777778 0.662109375 0.3958333333333333 0.666015625 0.3958333333333333 0.673828125 0.3888888888888889
1 0.580078125 0.3715277777777778 0.583984375 0.375 0.587890625 0.3854166666666667 0.5859375 0.3888888888888889 0.5859375 0.40625 0.583984375 0.4097222222222222 0.583984375 0.4375 0.5859375 0.4409722222222222 0.5859375 0.4548611111111111 0.583984375 0.4618055555555556 0.5625 0.4618055555555556 0.560546875 0.4583333333333333 0.552734375 0.4583333333333333 0.546875 0.4479166666666667 0.546875 0.4305555555555556 0.54296875 0.4201388888888889 0.54296875 0.4097222222222222 0.537109375 0.4027777777777778 0.5390625 0.3993055555555556 0.5390625 0.3854166666666667 0.544921875 0.3715277777777778 0.578125 0.3715277777777778
1 0.515625 0.3298611111111111 0.51953125 0.3333333333333333 0.52734375 0.3576388888888889 0.52734375 0.3819444444444444 0.525390625 0.3854166666666667 0.525390625 0.3958333333333333 0.521484375 0.4131944444444444 0.521484375 0.4236111111111111 0.5234375 0.4270833333333333 0.521484375 0.4305555555555556 0.51171875 0.4305555555555556 0.498046875 0.4097222222222222 0.498046875 0.3923611111111111 0.501953125 0.3819444444444444 0.501953125 0.3715277777777778 0.50390625 0.3680555555555556 0.50390625 0.3472222222222222 0.5078125 0.3333333333333333 0.513671875 0.3298611111111111
1 0.619140625 0.625 0.623046875 0.6319444444444444 0.626953125 0.6319444444444444 0.62890625 0.6354166666666666 0.6328125 0.6319444444444444 0.654296875 0.6319444444444444 0.658203125 0.6354166666666666 0.658203125 0.6597222222222222 0.65625 0.6597222222222222 0.646484375 0.6770833333333334 0.646484375 0.7013888888888888 0.6484375 0.7048611111111112 0.6484375 0.7361111111111112 0.646484375 0.7395833333333334 0.640625 0.7395833333333334 0.634765625 0.7326388888888888 0.62890625 0.7326388888888888 0.626953125 0.7291666666666666 0.607421875 0.7256944444444444 0.607421875 0.7048611111111112 0.609375 0.7013888888888888 0.609375 0.6631944444444444 0.6015625 0.6527777777777778 0.6015625 0.6319444444444444 0.60546875 0.625 0.611328125 0.625 0.61328125 0.6215277777777778 0.6171875 0.625
1 0.5546875 0.3263888888888889 0.556640625 0.3333333333333333 0.552734375 0.34375 0.552734375 0.3541666666666667 0.556640625 0.3645833333333333 0.5546875 0.3680555555555556 0.544921875 0.3680555555555556 0.5390625 0.3784722222222222 0.537109375 0.3958333333333333 0.53515625 0.3958333333333333 0.529296875 0.3784722222222222 0.529296875 0.3506944444444444 0.537109375 0.34375 0.54296875 0.3333333333333333 0.54296875 0.3298611111111111 0.546875 0.3263888888888889 0.552734375 0.3263888888888889
2 0.560546875 0.3159722222222222 0.560546875 0.3263888888888889 0.552734375 0.3472222222222222 0.5546875 0.3645833333333333 0.552734375 0.3680555555555556 0.544921875 0.3680555555555556 0.537109375 0.3819444444444444 0.537109375 0.3958333333333333 0.53515625 0.3993055555555556 0.529296875 0.3854166666666667 0.529296875 0.3472222222222222 0.537109375 0.3402777777777778 0.54296875 0.3298611111111111 0.54296875 0.3263888888888889 0.548828125 0.3263888888888889 0.55078125 0.3229166666666667 0.5546875 0.3229166666666667 0.556640625 0.3263888888888889 0.560546875 0.3194444444444444
2 0.68359375 0.3506944444444444 0.689453125 0.3680555555555556 0.69140625 0.3854166666666667 0.701171875 0.3993055555555556 0.701171875 0.4131944444444444 0.70703125 0.4340277777777778 0.712890625 0.4444444444444444 0.712890625 0.4513888888888889 0.71484375 0.4548611111111111 0.71484375 0.46875 0.7109375 0.46875 0.70703125 0.4548611111111111 0.701171875 0.4479166666666667 0.697265625 0.4548611111111111 0.697265625 0.5034722222222222 0.6953125 0.5069444444444444 0.6953125 0.5277777777777778 0.693359375 0.53125 0.69921875 0.5520833333333334 0.69921875 0.5590277777777778 0.697265625 0.5625 0.69921875 0.6076388888888888 0.697265625 0.6145833333333334 0.693359375 0.6180555555555556 0.689453125 0.6180555555555556 0.685546875 0.6111111111111112 0.6875 0.6041666666666666 0.6875 0.5451388888888888 0.681640625 0.53125 0.67578125 0.53125 0.669921875 0.5520833333333334 0.6640625 0.5625 0.662109375 0.5729166666666666 0.658203125 0.5798611111111112 0.658203125 0.59375 0.654296875 0.6041666666666666 0.654296875 0.6145833333333334 0.650390625 0.625 0.646484375 0.625 0.64453125 0.6215277777777778 0.64453125 0.59375 0.65234375 0.5729166666666666 0.65234375 0.5625 0.654296875 0.5590277777777778 0.654296875 0.5381944444444444 0.66015625 0.5173611111111112 0.66015625 0.4965277777777778 0.662109375 0.4930555555555556 0.6640625 0.4652777777777778 0.662109375 0.4618055555555556 0.662109375 0.4479166666666667 0.658203125 0.4409722222222222 0.64453125 0.4444444444444444 0.64453125 0.4375 0.654296875 0.4236111111111111 0.654296875 0.4097222222222222 0.65625 0.4027777777777778 0.66015625 0.3958333333333333 0.6640625 0.3958333333333333 0.669921875 0.3854166666666667 0.671875 0.3576388888888889 0.67578125 0.3506944444444444 0.681640625 0.3506944444444444
2 0.634765625 0.5833333333333334 0.640625 0.59375 0.640625 0.6006944444444444 0.642578125 0.6041666666666666 0.642578125 0.6145833333333334 0.640625 0.6215277777777778 0.64453125 0.6284722222222222 0.6484375 0.6319444444444444 0.654296875 0.6319444444444444 0.658203125 0.6388888888888888 0.658203125 0.6666666666666666 0.666015625 0.6909722222222222 0.666015625 0.7083333333333334 0.662109375 0.7118055555555556 0.65625 0.7118055555555556 0.65234375 0.7083333333333334 0.6484375 0.7152777777777778 0.650390625 0.7847222222222222 0.64453125 0.7951388888888888 0.640625 0.8125 0.63671875 0.8194444444444444 0.63671875 0.8263888888888888 0.6328125 0.8402777777777778 0.6328125 0.8506944444444444 0.630859375 0.8541666666666666 0.623046875 0.8541666666666666 0.619140625 0.8472222222222222 0.615234375 0.8472222222222222 0.61328125 0.8506944444444444 0.599609375 0.8506944444444444 0.59765625 0.8472222222222222 0.59765625 0.8368055555555556 0.599609375 0.8333333333333334 0.603515625 0.8298611111111112 0.611328125 0.8298611111111112 0.615234375 0.8229166666666666 0.6171875 0.8159722222222222 0.6171875 0.8020833333333334 0.615234375 0.7986111111111112 0.61328125 0.7777777777777778 0.609375 0.7673611111111112 0.609375 0.75 0.607421875 0.7465277777777778 0.607421875 0.7083333333333334 0.60546875 0.7048611111111112 0.59375 0.7048611111111112 0.587890625 0.6944444444444444 0.587890625 0.6805555555555556 0.59375 0.6631944444444444 0.599609375 0.6527777777777778 0.6015625 0.6458333333333334 0.6015625 0.6319444444444444 0.60546875 0.625 0.611328125 0.625 0.615234375 0.6215277777777778 0.62109375 0.6111111111111112 0.623046875 0.5972222222222222 0.630859375 0.5833333333333334 0.6328125 0.5833333333333334
2 0.353515625 0.4270833333333333 0.361328125 0.4479166666666667 0.3671875 0.4583333333333333 0.37109375 0.4583333333333333 0.376953125 0.46875 0.376953125 0.4756944444444444 0.375 0.4791666666666667 0.38671875 0.5104166666666666 0.38671875 0.5243055555555556 0.384765625 0.5277777777777778 0.380859375 0.5277777777777778 0.375 0.5069444444444444 0.369140625 0.5 0.357421875 0.5208333333333334 0.337890625 0.5381944444444444 0.33203125 0.5486111111111112 0.33203125 0.5520833333333334 0.3125 0.5520833333333334 0.310546875 0.5486111111111112 0.30078125 0.5486111111111112 0.296875 0.5416666666666666 0.296875 0.5347222222222222 0.30078125 0.53125 0.322265625 0.53125 0.326171875 0.5208333333333334 0.326171875 0.5173611111111112 0.3203125 0.5104166666666666 0.30078125 0.5104166666666666 0.296875 0.5034722222222222 0.296875 0.4722222222222222 0.298828125 0.46875 0.296875 0.4618055555555556 0.296875 0.4444444444444444 0.3046875 0.4409722222222222 0.306640625 0.4444444444444444 0.306640625 0.46875 0.30859375 0.4722222222222222 0.30859375 0.4791666666666667 0.3125 0.4861111111111111 0.322265625 0.4861111111111111 0.326171875 0.4791666666666667 0.328125 0.4652777777777778 0.341796875 0.4479166666666667 0.341796875 0.4409722222222222 0.345703125 0.4305555555555556 0.3515625 0.4270833333333333
2 0.265625 0.4479166666666667 0.26953125 0.4444444444444444 0.279296875 0.4444444444444444 0.283203125 0.4548611111111111 0.283203125 0.4756944444444444 0.279296875 0.4861111111111111 0.279296875 0.4930555555555556 0.28125 0.4965277777777778 0.28125 0.5208333333333334 0.279296875 0.5243055555555556 0.279296875 0.5347222222222222 0.275390625 0.5520833333333334 0.275390625 0.5833333333333334 0.279296875 0.5972222222222222 0.279296875 0.6076388888888888 0.26953125 0.6145833333333334 0.26953125 0.6354166666666666 0.26171875 0.6527777777777778 0.26171875 0.6701388888888888 0.25390625 0.6944444444444444 0.25390625 0.7013888888888888 0.25 0.7083333333333334 0.251953125 0.7256944444444444 0.248046875 0.7256944444444444 0.24609375 0.7291666666666666 0.236328125 0.7291666666666666 0.232421875 0.7256944444444444 0.2421875 0.7013888888888888 0.2421875 0.6909722222222222 0.251953125 0.6493055555555556 0.25 0.6388888888888888 0.24609375 0.6319444444444444 0.2421875 0.6319444444444444 0.23828125 0.6388888888888888 0.234375 0.65625 0.228515625 0.6666666666666666 0.224609375 0.6701388888888888 0.203125 0.6701388888888888 0.189453125 0.6909722222222222 0.185546875 0.6944444444444444 0.181640625 0.6909722222222222 0.181640625 0.6805555555555556 0.185546875 0.6736111111111112 0.19140625 0.6701388888888888 0.1953125 0.6597222222222222 0.203125 0.6527777777777778 0.212890625 0.6493055555555556 0.21875 0.6423611111111112 0.22265625 0.6284722222222222 0.22265625 0.6041666666666666 0.224609375 0.6006944444444444 0.22265625 0.5868055555555556 0.23046875 0.5590277777777778 0.23046875 0.5416666666666666 0.224609375 0.5277777777777778 0.2265625 0.5243055555555556 0.2265625 0.5173611111111112 0.232421875 0.5069444444444444 0.234375 0.5 0.234375 0.4895833333333333 0.240234375 0.4722222222222222 0.244140625 0.4722222222222222 0.24609375 0.46875 0.251953125 0.46875 0.255859375 0.4722222222222222 0.265625 0.4513888888888889
2 0.568359375 0.3298611111111111 0.572265625 0.3402777777777778 0.572265625 0.3506944444444444 0.576171875 0.3680555555555556 0.583984375 0.375 0.587890625 0.3854166666666667 0.587890625 0.4166666666666667 0.591796875 0.4270833333333333 0.591796875 0.4479166666666667 0.5859375 0.4583333333333333 0.5859375 0.4756944444444444 0.587890625 0.4791666666666667 0.587890625 0.4965277777777778 0.58984375 0.5034722222222222 0.587890625 0.5069444444444444 0.587890625 0.5243055555555556 0.5859375 0.5277777777777778 0.5859375 0.5625 0.583984375 0.5659722222222222 0.583984375 0.5798611111111112 0.58203125 0.5833333333333334 0.58203125 0.6145833333333334 0.580078125 0.6180555555555556 0.572265625 0.6180555555555556 0.5703125 0.6145833333333334 0.5703125 0.6006944444444444 0.57421875 0.5902777777777778 0.57421875 0.5729166666666666 0.572265625 0.5694444444444444 0.572265625 0.5381944444444444 0.568359375 0.53125 0.55859375 0.5520833333333334 0.556640625 0.5625 0.55078125 0.5729166666666666 0.544921875 0.6145833333333334 0.541015625 0.6215277777777778 0.537109375 0.6215277777777778 0.537109375 0.6145833333333334 0.53515625 0.6111111111111112 0.53515625 0.59375 0.54296875 0.5763888888888888 0.54296875 0.5555555555555556 0.544921875 0.5520833333333334 0.544921875 0.5416666666666666 0.54296875 0.5381944444444444 0.54296875 0.4965277777777778 0.544921875 0.4930555555555556 0.544921875 0.4722222222222222 0.546875 0.46875 0.544921875 0.4618055555555556 0.546875 0.4583333333333333 0.546875 0.4444444444444444 0.54296875 0.4340277777777778 0.53515625 0.4305555555555556 0.53515625 0.4097222222222222 0.5390625 0.3958333333333333 0.5390625 0.3819444444444444 0.541015625 0.375 0.54296875 0.3715277777777778 0.55078125 0.3715277777777778 0.5546875 0.3645833333333333 0.5546875 0.3402777777777778 0.560546875 0.3298611111111111 0.56640625 0.3298611111111111
2 0.53125 0.2986111111111111 0.541015625 0.3125 0.541015625 0.3194444444444444 0.54296875 0.3229166666666667 0.53515625 0.3368055555555556 0.52734375 0.34375 0.52734375 0.3888888888888889 0.53125 0.3958333333333333 0.53125 0.4131944444444444 0.529296875 0.4166666666666667 0.529296875 0.4236111111111111 0.525390625 0.4270833333333333 0.525390625 0.4513888888888889 0.51953125 0.46875 0.51953125 0.4791666666666667 0.517578125 0.4826388888888889 0.517578125 0.5 0.51953125 0.5034722222222222 0.51953125 0.5104166666666666 0.515625 0.5138888888888888 0.509765625 0.5138888888888888 0.5078125 0.5173611111111112 0.501953125 0.5138888888888888 0.501953125 0.5104166666666666 0.5078125 0.4965277777777778 0.509765625 0.4652777777777778 0.498046875 0.4479166666666667 0.4921875 0.4479166666666667 0.4609375 0.4756944444444444 0.451171875 0.4930555555555556 0.44921875 0.5034722222222222 0.4453125 0.5104166666666666 0.44140625 0.5034722222222222 0.44140625 0.4895833333333333 0.4609375 0.4548611111111111 0.4765625 0.4409722222222222 0.49609375 0.4027777777777778 0.501953125 0.3819444444444444 0.498046875 0.3680555555555556 0.498046875 0.3576388888888889 0.50390625 0.3472222222222222 0.505859375 0.3368055555555556 0.515625 0.3229166666666667 0.515625 0.3125 0.517578125 0.3055555555555556 0.5234375 0.2986111111111111 0.529296875 0.2986111111111111