0 0.775390625 0.375 0.77734375 0.3819444444444444 0.77734375 0.3993055555555556 0.76171875 0.3993055555555556 0.76171875 0.3888888888888889 0.765625 0.3784722222222222 0.767578125 0.375 0.7734375 0.375
0 0.259765625 0.6111111111111112 0.263671875 0.6180555555555556 0.263671875 0.625 0.26171875 0.6284722222222222 0.259765625 0.625 0.25390625 0.625 0.251953125 0.6284722222222222 0.24609375 0.6284722222222222 0.244140625 0.625 0.244140625 0.6180555555555556 0.248046875 0.6111111111111112 0.2578125 0.6111111111111112
0 0.37109375 0.5555555555555556 0.373046875 0.5590277777777778 0.373046875 0.5763888888888888 0.359375 0.5763888888888888 0.359375 0.5625 0.36328125 0.5555555555555556 0.369140625 0.5555555555555556
0 0.787109375 0.6631944444444444 0.798828125 0.6805555555555556 0.798828125 0.6909722222222222 0.796875 0.6979166666666666 0.79296875 0.7013888888888888 0.787109375 0.7013888888888888 0.78515625 0.6979166666666666 0.78125 0.6979166666666666 0.77734375 0.6909722222222222 0.77734375 0.6805555555555556 0.779296875 0.6736111111111112 0.78515625 0.6666666666666666
0 0.484375 0.3159722222222222 0.48828125 0.3229166666666667 0.48828125 0.3368055555555556 0.478515625 0.34375 0.474609375 0.3402777777777778 0.474609375 0.3194444444444444 0.4765625 0.3159722222222222 0.482421875 0.3159722222222222
0 0.8203125 0.6666666666666666 0.822265625 0.6701388888888888 0.822265625 0.6805555555555556 0.826171875 0.6909722222222222 0.826171875 0.7013888888888888 0.814453125 0.7013888888888888 0.806640625 0.6944444444444444 0.810546875 0.6805555555555556 0.810546875 0.6701388888888888 0.8125 0.6666666666666666 0.818359375 0.6666666666666666
0 0.599609375 0.65625 0.6015625 0.6319444444444444 0.60546875 0.625 0.611328125 0.625 0.615234375 0.6319444444444444 0.6171875 0.65625 0.61328125 0.6597222222222222 0.6015625 0.65625
0 0.599609375 0.6597222222222222 0.6015625 0.6319444444444444 0.60546875 0.625 0.611328125 0.625 0.615234375 0.6319444444444444 0.615234375 0.6423611111111112 0.619140625 0.6527777777777778 0.619140625 0.6597222222222222 0.615234375 0.6631944444444444 0.6015625 0.6597222222222222
0 0.259765625 0.6111111111111112 0.263671875 0.6180555555555556 0.263671875 0.6423611111111112 0.259765625 0.6458333333333334 0.248046875 0.6458333333333334 0.244140625 0.6388888888888888 0.244140625 0.6319444444444444 0.2421875 0.6284722222222222 0.2421875 0.6215277777777778 0.248046875 0.6111111111111112 0.2578125 0.6111111111111112
0 0.78359375 0.4652777777777778 0.019270833333333334 0.03981481481481482
0 0.6015625 0.6423611111111112 0.6015625 0.6319444444444444 0.60546875 0.625 0.611328125 0.625 0.615234375 0.6319444444444444 0.615234375 0.6423611111111112 0.603515625 0.6423611111111112
0 0.458984375 0.2986111111111111 0.46484375 0.3055555555555556 0.46484375 0.3229166666666667 0.462890625 0.3263888888888889 0.45703125 0.3229166666666667 0.453125 0.3159722222222222 0.44921875 0.3159722222222222 0.44921875 0.3090277777777778 0.455078125 0.2986111111111111 0.45703125 0.2986111111111111
0 0.861328125 0.4131944444444444 0.861328125 0.4201388888888889 0.86328125 0.4236111111111111 0.86328125 0.4340277777777778 0.861328125 0.4375 0.849609375 0.4375 0.84765625 0.4340277777777778 0.849609375 0.4131944444444444 0.8515625 0.4097222222222222 0.857421875 0.4097222222222222 0.859375 0.4131944444444444
0 0.5729166666666666 0.6097222222222222 0.019791666666666666 0.036111111111111115
0 0.6015625 0.3645833333333333 0.603515625 0.3715277777777778 0.603515625 0.3819444444444444 0.6015625 0.3854166666666667 0.58984375 0.3854166666666667 0.587890625 0.3819444444444444 0.587890625 0.3715277777777778 0.591796875 0.3645833333333333 0.595703125 0.3611111111111111 0.599609375 0.3645833333333333
0 0.42578125 0.7048611111111112 0.427734375 0.6909722222222222 0.43359375 0.6805555555555556 0.439453125 0.6805555555555556 0.443359375 0.6875 0.4453125 0.7048611111111112 0.443359375 0.7083333333333334 0.4296875 0.7083333333333334 0.427734375 0.7048611111111112
1 0.775390625 0.3993055555555556 0.783203125 0.4097222222222222 0.783203125 0.4166666666666667 0.78515625 0.4201388888888889 0.78515625 0.4444444444444444 0.783203125 0.4444444444444444 0.7734375 0.4618055555555556 0.7734375 0.4652777777777778 0.76953125 0.46875 0.751953125 0.4652777777777778 0.75 0.4583333333333333 0.75 0.4479166666666667 0.74609375 0.4409722222222222 0.748046875 0.4131944444444444 0.75390625 0.4027777777777778 0.7734375 0.4027777777777778
1 0.423828125 0.7048611111111112 0.42578125 0.7083333333333334 0.435546875 0.7083333333333334 0.4375 0.7118055555555556 0.4453125 0.7118055555555556 0.44921875 0.7152777777777778 0.451171875 0.7222222222222222 0.451171875 0.7430555555555556 0.455078125 0.7569444444444444 0.455078125 0.7708333333333334 0.451171875 0.7777777777777778 0.4453125 0.7777777777777778 0.439453125 0.7708333333333334 0.42578125 0.7708333333333334 0.423828125 0.7743055555555556 0.4140625 0.7777777777777778 0.408203125 0.7847222222222222 0.40625 0.7847222222222222 0.40625 0.7743055555555556 0.41015625 0.7569444444444444 0.41015625 0.7152777777777778 0.412109375 0.7083333333333334 0.41796875 0.7083333333333334 0.421875 0.7048611111111112
1 0.578125 0.3958333333333333 0.587890625 0.3888888888888889 0.599609375 0.3888888888888889 0.6015625 0.3854166666666667 0.60546875 0.3888888888888889 0.61328125 0.3888888888888889 0.615234375 0.3923611111111111 0.615234375 0.4201388888888889 0.61328125 0.4236111111111111 0.61328125 0.4375 0.6171875 0.4444444444444444 0.6171875 0.46875 0.615234375 0.4722222222222222 0.6171875 0.4756944444444444 0.615234375 0.4791666666666667 0.61328125 0.4756944444444444 0.609375 0.4756944444444444 0.607421875 0.4791666666666667 0.587890625 0.4791666666666667 0.583984375 0.4756944444444444 0.583984375 0.4236111111111111 0.578125 0.4097222222222222 0.578125 0.3993055555555556
1 0.76953125 0.6944444444444444 0.77734375 0.6944444444444444 0.7890625 0.7118055555555556 0.7890625 0.71875 0.78515625 0.7256944444444444 0.77734375 0.7291666666666666 0.771484375 0.7395833333333334 0.771484375 0.7534722222222222 0.779296875 0.7743055555555556 0.78125 0.7881944444444444 0.77734375 0.7916666666666666 0.763671875 0.7916666666666666 0.76171875 0.7881944444444444 0.751953125 0.7847222222222222 0.748046875 0.7777777777777778 0.748046875 0.7673611111111112 0.75390625 0.7465277777777778 0.76171875 0.7326388888888888 0.76171875 0.7222222222222222 0.765625 0.7118055555555556 0.765625 0.7048611111111112 0.76953125 0.6979166666666666
1 0.83203125 0.7048611111111112 0.83203125 0.7118055555555556 0.8359375 0.71875 0.8359375 0.7256944444444444 0.837890625 0.7291666666666666 0.8359375 0.75 0.83203125 0.7569444444444444 0.828125 0.7569444444444444 0.82421875 0.7638888888888888 0.82421875 0.7708333333333334 0.822265625 0.7743055555555556 0.802734375 0.7743055555555556 0.80078125 0.7777777777777778 0.794921875 0.7777777777777778 0.79296875 0.7743055555555556 0.79296875 0.7673611111111112 0.80078125 0.7395833333333334 0.80078125 0.7222222222222222 0.798828125 0.71875 0.798828125 0.7118055555555556 0.810546875 0.6944444444444444 0.82421875 0.6944444444444444 0.830078125 0.7048611111111112
1 0.60625 0.7027777777777778 0.0375 0.0925925925925926
1 0.24609375 0.6979166666666666 0.248046875 0.6597222222222222 0.251953125 0.6493055555555556 0.2578125 0.6493055555555556 0.259765625 0.6458333333333334 0.265625 0.6458333333333334 0.2734375 0.6701388888888888 0.2734375 0.6840277777777778 0.27734375 0.7013888888888888 0.27734375 0.71875 0.271484375 0.7256944444444444 0.2578125 0.7256944444444444 0.25390625 0.71875 0.25390625 0.7083333333333334 0.25 0.7048611111111112 0.248046875 0.6979166666666666
1 0.490234375 0.34375 0.494140625 0.3472222222222222 0.494140625 0.375 0.4921875 0.3784722222222222 0.4921875 0.3923611111111111 0.486328125 0.4097222222222222 0.46875 0.40625 0.466796875 0.4027777777777778 0.466796875 0.3784722222222222 0.462890625 0.375 0.4609375 0.3680555555555556 0.46484375 0.3576388888888889 0.47265625 0.3541666666666667 0.4765625 0.3472222222222222 0.48828125 0.34375
1 0.365234375 0.5833333333333334 0.373046875 0.5902777777777778 0.37890625 0.5902777777777778 0.384765625 0.5972222222222222 0.384765625 0.6041666666666666 0.37890625 0.6180555555555556 0.37890625 0.6319444444444444 0.376953125 0.6354166666666666 0.376953125 0.6493055555555556 0.375 0.6527777777777778 0.376953125 0.6597222222222222 0.376953125 0.6770833333333334 0.373046875 0.6805555555555556 0.361328125 0.6805555555555556 0.35546875 0.6736111111111112 0.349609375 0.6736111111111112 0.34765625 0.6701388888888888 0.349609375 0.6631944444444444 0.349609375 0.6493055555555556 0.34765625 0.6458333333333334 0.349609375 0.6423611111111112 0.349609375 0.6319444444444444 0.34375 0.6180555555555556 0.34375 0.5972222222222222 0.345703125 0.5902777777777778 0.3515625 0.5902777777777778 0.357421875 0.5833333333333334 0.36328125 0.5833333333333334
1 0.796875 0.4826388888888889 0.802734375 0.4895833333333333 0.802734375 0.5069444444444444 0.798828125 0.5138888888888888 0.798828125 0.5243055555555556 0.796875 0.5277777777777778 0.796875 0.5590277777777778 0.794921875 0.5625 0.791015625 0.5590277777777778 0.76953125 0.5590277777777778 0.767578125 0.5555555555555556 0.767578125 0.5416666666666666 0.765625 0.5381944444444444 0.767578125 0.53125 0.763671875 0.5208333333333334 0.765625 0.5138888888888888 0.765625 0.5069444444444444 0.763671875 0.5034722222222222 0.763671875 0.4861111111111111 0.765625 0.4826388888888889 0.775390625 0.4826388888888889 0.77734375 0.4861111111111111 0.794921875 0.4826388888888889
1 0.44921875 0.3159722222222222 0.451171875 0.3194444444444444 0.455078125 0.3194444444444444 0.4609375 0.3298611111111111 0.4609375 0.3333333333333333 0.455078125 0.3368055555555556 0.451171875 0.34375 0.451171875 0.3819444444444444 0.4453125 0.3888888888888889 0.4296875 0.3784722222222222 0.4296875 0.3680555555555556 0.431640625 0.3645833333333333 0.43359375 0.3229166666666667 0.4375 0.3159722222222222 0.447265625 0.3159722222222222
1 0.865234375 0.4409722222222222 0.87109375 0.4513888888888889 0.865234375 0.4583333333333333 0.865234375 0.4722222222222222 0.861328125 0.4861111111111111 0.861328125 0.5138888888888888 0.857421875 0.5138888888888888 0.85546875 0.5173611111111112 0.837890625 0.5173611111111112 0.8359375 0.5138888888888888 0.833984375 0.4479166666666667 0.84375 0.4375 0.861328125 0.4375 0.86328125 0.4409722222222222
1 0.55078125 0.6284722222222222 0.5546875 0.625 0.564453125 0.625 0.57421875 0.6319444444444444 0.583984375 0.6319444444444444 0.58984375 0.6388888888888888 0.58984375 0.6493055555555556 0.5859375 0.6493055555555556 0.583984375 0.6527777777777778 0.576171875 0.6770833333333334 0.576171875 0.7083333333333334 0.57421875 0.7118055555555556 0.5703125 0.7118055555555556 0.564453125 0.7048611111111112 0.544921875 0.7013888888888888 0.55078125 0.6736111111111112 0.55078125 0.65625 0.546875 0.6458333333333334 0.546875 0.6388888888888888 0.55078125 0.6319444444444444
2 0.435546875 0.6805555555555556 0.443359375 0.6909722222222222 0.443359375 0.7013888888888888 0.451171875 0.7222222222222222 0.451171875 0.7361111111111112 0.453125 0.7395833333333334 0.455078125 0.7638888888888888 0.45703125 0.7673611111111112 0.45703125 0.8055555555555556 0.44921875 0.8298611111111112 0.451171875 0.8506944444444444 0.439453125 0.8506944444444444 0.439453125 0.84375 0.443359375 0.8298611111111112 0.443359375 0.8159722222222222 0.44140625 0.8125 0.431640625 0.8125 0.427734375 0.8159722222222222 0.41796875 0.8506944444444444 0.40234375 0.8506944444444444 0.40625 0.8402777777777778 0.40625 0.7743055555555556 0.41015625 0.7569444444444444 0.41015625 0.7152777777777778 0.4140625 0.7083333333333334 0.423828125 0.7048611111111112 0.43359375 0.6840277777777778
2 0.779296875 0.4513888888888889 0.78515625 0.4479166666666667 0.7890625 0.4548611111111111 0.79296875 0.4791666666666667 0.794921875 0.4826388888888889 0.798828125 0.4826388888888889 0.802734375 0.4895833333333333 0.802734375 0.5034722222222222 0.810546875 0.5277777777777778 0.810546875 0.5381944444444444 0.806640625 0.5416666666666666 0.80078125 0.5416666666666666 0.796875 0.5486111111111112 0.796875 0.5798611111111112 0.794921875 0.5833333333333334 0.794921875 0.5902777777777778 0.783203125 0.6458333333333334 0.78515625 0.6493055555555556 0.78515625 0.6631944444444444 0.779296875 0.6666666666666666 0.77734375 0.6631944444444444 0.77734375 0.6527777777777778 0.771484375 0.6458333333333334 0.76953125 0.6493055555555556 0.76953125 0.6423611111111112 0.7734375 0.6388888888888888 0.7734375 0.6319444444444444 0.771484375 0.6284722222222222 0.7734375 0.6076388888888888 0.767578125 0.5868055555555556 0.767578125 0.5555555555555556 0.765625 0.5520833333333334 0.765625 0.5381944444444444 0.763671875 0.5347222222222222 0.759765625 0.5381944444444444 0.75390625 0.5381944444444444 0.751953125 0.53125 0.751953125 0.5208333333333334 0.76171875 0.5 0.763671875 0.4930555555555556 0.763671875 0.4826388888888889 0.76953125 0.4826388888888889 0.775390625 0.4722222222222222 0.775390625 0.4618055555555556 0.779296875 0.4548611111111111
2 0.775390625 0.375 0.77734375 0.3819444444444444 0.77734375 0.3958333333333333 0.787109375 0.4131944444444444 0.787109375 0.4375 0.791015625 0.4444444444444444 0.79296875 0.4548611111111111 0.791015625 0.4548611111111111 0.78515625 0.4444444444444444 0.77734375 0.4513888888888889 0.7734375 0.4618055555555556 0.7734375 0.4722222222222222 0.771484375 0.4791666666666667 0.763671875 0.4791666666666667 0.76171875 0.4826388888888889 0.76171875 0.4965277777777778 0.751953125 0.5138888888888888 0.75 0.5069444444444444 0.75 0.4583333333333333 0.748046875 0.4548611111111111 0.7421875 0.4548611111111111 0.740234375 0.4513888888888889 0.740234375 0.4409722222222222 0.744140625 0.4340277777777778 0.748046875 0.4201388888888889 0.748046875 0.4131944444444444 0.76171875 0.3923611111111111 0.767578125 0.375 0.7734375 0.375
2 0.599609375 0.3645833333333333 0.603515625 0.3715277777777778 0.603515625 0.3819444444444444 0.615234375 0.3923611111111111 0.615234375 0.4027777777777778 0.626953125 0.4305555555555556 0.62890625 0.4375 0.62890625 0.4479166666666667 0.630859375 0.4513888888888889 0.62890625 0.4583333333333333 0.630859375 0.4618055555555556 0.630859375 0.4756944444444444 0.62890625 0.4791666666666667 0.625 0.4791666666666667 0.625 0.4583333333333333 0.619140625 0.4479166666666667 0.6171875 0.4513888888888889 0.6171875 0.5069444444444444 0.619140625 0.5104166666666666 0.619140625 0.5416666666666666 0.6171875 0.5451388888888888 0.6171875 0.5590277777777778 0.61328125 0.5590277777777778 0.611328125 0.5520833333333334 0.611328125 0.53125 0.607421875 0.5138888888888888 0.60546875 0.5104166666666666 0.6015625 0.5104166666666666 0.599609375 0.5138888888888888 0.599609375 0.5486111111111112 0.6015625 0.5520833333333334 0.6015625 0.5659722222222222 0.603515625 0.5694444444444444 0.603515625 0.5902777777777778 0.59765625 0.5902777777777778 0.595703125 0.5833333333333334 0.595703125 0.5659722222222222 0.58984375 0.5451388888888888 0.58984375 0.5138888888888888 0.5859375 0.4965277777777778 0.583984375 0.4583333333333333 0.576171875 0.4513888888888889 0.576171875 0.40625 0.578125 0.4027777777777778 0.578125 0.3958333333333333 0.583984375 0.3923611111111111 0.587890625 0.3854166666666667 0.587890625 0.3715277777777778 0.591796875 0.3645833333333333 0.59765625 0.3645833333333333
2 0.8125 0.6666666666666666 0.8203125 0.6666666666666666 0.822265625 0.6701388888888888 0.822265625 0.6840277777777778 0.83203125 0.7048611111111112 0.837890625 0.7291666666666666 0.837890625 0.7430555555555556 0.8359375 0.75 0.83203125 0.7569444444444444 0.828125 0.7569444444444444 0.826171875 0.7604166666666666 0.822265625 0.7777777777777778 0.82421875 0.78125 0.82421875 0.84375 0.826171875 0.8472222222222222 0.826171875 0.8611111111111112 0.830078125 0.875 0.830078125 0.8888888888888888 0.8359375 0.8993055555555556 0.8359375 0.9027777777777778 0.828125 0.8993055555555556 0.826171875 0.8958333333333334 0.826171875 0.8888888888888888 0.8203125 0.8784722222222222 0.8203125 0.875 0.81640625 0.8715277777777778 0.810546875 0.8854166666666666 0.810546875 0.8923611111111112 0.806640625 0.90625 0.8046875 0.90625 0.8046875 0.8611111111111112 0.806640625 0.8576388888888888 0.806640625 0.8472222222222222 0.8046875 0.84375 0.802734375 0.8194444444444444 0.791015625 0.7951388888888888 0.791015625 0.7847222222222222 0.79296875 0.78125 0.794921875 0.75 0.798828125 0.7430555555555556 0.798828125 0.7291666666666666 0.80078125 0.7256944444444444 0.798828125 0.71875 0.798828125 0.7083333333333334 0.810546875 0.6840277777777778 0.810546875 0.6736111111111112 0.8125 0.6701388888888888
2 0.591796875 0.6597222222222222 0.595703125 0.6597222222222222 0.59765625 0.65625 0.6015625 0.6423611111111112 0.6015625 0.6319444444444444 0.60546875 0.625 0.611328125 0.625 0.615234375 0.6319444444444444 0.615234375 0.6423611111111112 0.625 0.6770833333333334 0.625 0.6909722222222222 0.626953125 0.6944444444444444 0.62890625 0.7118055555555556 0.638671875 0.7430555555555556 0.638671875 0.75 0.63671875 0.7534722222222222 0.623046875 0.7256944444444444 0.62109375 0.7291666666666666 0.623046875 0.78125 0.625 0.7847222222222222 0.625 0.8125 0.623046875 0.8159722222222222 0.623046875 0.8333333333333334 0.619140625 0.84375 0.619140625 0.8506944444444444 0.611328125 0.8506944444444444 0.61328125 0.84375 0.61328125 0.8125 0.615234375 0.8090277777777778 0.615234375 0.8020833333333334 0.61328125 0.7986111111111112 0.609375 0.7986111111111112 0.60546875 0.8090277777777778 0.60546875 0.8159722222222222 0.603515625 0.8194444444444444 0.603515625 0.8472222222222222 0.6015625 0.8506944444444444 0.595703125 0.8506944444444444 0.595703125 0.84375 0.59375 0.8402777777777778 0.59375 0.8159722222222222 0.595703125 0.8090277777777778 0.59375 0.8055555555555556 0.59375 0.7916666666666666 0.591796875 0.7881944444444444 0.591796875 0.7743055555555556 0.58984375 0.7708333333333334 0.58984375 0.7465277777777778 0.583984375 0.7291666666666666 0.583984375 0.7222222222222222 0.580078125 0.7083333333333334 0.580078125 0.6944444444444444 0.578125 0.6909722222222222 0.58203125 0.6840277777777778 0.58203125 0.6770833333333334 0.583984375 0.6736111111111112 0.587890625 0.6736111111111112 0.591796875 0.6631944444444444
2 0.259765625 0.6111111111111112 0.263671875 0.6180555555555556 0.263671875 0.6388888888888888 0.267578125 0.6458333333333334 0.26953125 0.6597222222222222 0.2734375 0.6701388888888888 0.2734375 0.6840277777777778 0.275390625 0.6875 0.27734375 0.71875 0.279296875 0.7222222222222222 0.279296875 0.7395833333333334 0.275390625 0.7534722222222222 0.26953125 0.7638888888888888 0.26953125 0.78125 0.271484375 0.7847222222222222 0.283203125 0.7847222222222222 0.28515625 0.7916666666666666 0.28515625 0.8020833333333334 0.283203125 0.8055555555555556 0.283203125 0.8159722222222222 0.28125 0.8159722222222222 0.275390625 0.8020833333333334 0.271484375 0.7986111111111112 0.255859375 0.7986111111111112 0.248046875 0.7847222222222222 0.24609375 0.7881944444444444 0.248046875 0.8229166666666666 0.244140625 0.8298611111111112 0.234375 0.8298611111111112 0.232421875 0.8263888888888888 0.23828125 0.8159722222222222 0.23828125 0.8055555555555556 0.232421875 0.7881944444444444 0.228515625 0.75 0.232421875 0.7395833333333334 0.234375 0.7395833333333334 0.244140625 0.7222222222222222 0.251953125 0.71875 0.25390625 0.7118055555555556 0.251953125 0.7083333333333334 0.248046875 0.7083333333333334 0.244140625 0.7152777777777778 0.232421875 0.71875 0.23046875 0.7222222222222222 0.208984375 0.7222222222222222 0.20703125 0.71875 0.20703125 0.7118055555555556 0.208984375 0.7083333333333334 0.2265625 0.7118055555555556 0.234375 0.7048611111111112 0.24609375 0.6840277777777778 0.25 0.6527777777777778 0.244140625 0.6354166666666666 0.244140625 0.6180555555555556 0.248046875 0.6111111111111112 0.2578125 0.6111111111111112
2 0.37109375 0.5555555555555556 0.373046875 0.5590277777777778 0.373046875 0.5833333333333334 0.384765625 0.5972222222222222 0.384765625 0.6319444444444444 0.39453125 0.6527777777777778 0.39453125 0.6736111111111112 0.392578125 0.6805555555555556 0.390625 0.6805555555555556 0.3828125 0.6458333333333334 0.380859375 0.6423611111111112 0.376953125 0.6458333333333334 0.376953125 0.7638888888888888 0.375 0.7673611111111112 0.375 0.7986111111111112 0.373046875 0.8055555555555556 0.369140625 0.8055555555555556 0.3671875 0.8020833333333334 0.3671875 0.7326388888888888 0.36328125 0.7256944444444444 0.359375 0.7361111111111112 0.357421875 0.7569444444444444 0.35546875 0.7604166666666666 0.35546875 0.7708333333333334 0.353515625 0.7743055555555556 0.353515625 0.7986111111111112 0.3515625 0.8020833333333334 0.3515625 0.8090277777777778 0.34765625 0.8159722222222222 0.34375 0.8125 0.34375 0.8020833333333334 0.34765625 0.7881944444444444 0.34765625 0.75 0.349609375 0.7465277777777778 0.34765625 0.6527777777777778 0.34375 0.6458333333333334 0.337890625 0.6458333333333334 0.333984375 0.6423611111111112 0.333984375 0.6319444444444444 0.3359375 0.6284722222222222 0.3359375 0.6215277777777778 0.34375 0.6041666666666666 0.34375 0.59375 0.353515625 0.5868055555555556 0.359375 0.5763888888888888 0.359375 0.5625 0.36328125 0.5555555555555556 0.369140625 0.5555555555555556
2 0.78125 0.7708333333333334 0.783203125 0.7777777777777778 0.783203125 0.7951388888888888 0.787109375 0.8055555555555556 0.787109375 0.8402777777777778 0.783203125 0.8506944444444444 0.771484375 0.8506944444444444 0.7734375 0.8333333333333334 0.765625 0.8229166666666666 0.75390625 0.8368055555555556 0.744140625 0.84375 0.740234375 0.8506944444444444 0.73046875 0.8506944444444444 0.728515625 0.8472222222222222 0.7421875 0.8229166666666666 0.748046875 0.8194444444444444 0.75390625 0.8090277777777778 0.75390625 0.8020833333333334 0.748046875 0.78125 0.748046875 0.7673611111111112 0.75390625 0.7465277777777778 0.76171875 0.7326388888888888 0.76171875 0.7222222222222222 0.765625 0.7118055555555556 0.765625 0.7048611111111112 0.771484375 0.6909722222222222 0.783203125 0.6909722222222222 0.78515625 0.6875 0.791015625 0.6944444444444444 0.7890625 0.7013888888888888 0.791015625 0.7048611111111112 0.791015625 0.7152777777777778 0.787109375 0.7256944444444444 0.783203125 0.7326388888888888 0.779296875 0.7326388888888888 0.775390625 0.7430555555555556 0.775390625 0.7604166666666666 0.779296875 0.7708333333333334
2 0.474609375 0.3194444444444444 0.478515625 0.3159722222222222 0.484375 0.3159722222222222 0.48828125 0.3229166666666667 0.48828125 0.3368055555555556 0.49609375 0.3541666666666667 0.494140625 0.3576388888888889 0.494140625 0.3784722222222222 0.4921875 0.3819444444444444 0.4921875 0.3923611111111111 0.484375 0.4166666666666667 0.484375 0.4270833333333333 0.482421875 0.4305555555555556 0.48046875 0.4513888888888889 0.4765625 0.4652777777777778 0.470703125 0.4756944444444444 0.46875 0.4756944444444444 0.46484375 0.4652777777777778 0.4609375 0.4722222222222222 0.4609375 0.4791666666666667 0.458984375 0.4826388888888889 0.458984375 0.5034722222222222 0.45703125 0.5104166666666666 0.453125 0.5104166666666666 0.453125 0.46875 0.458984375 0.4479166666666667 0.458984375 0.4305555555555556 0.4609375 0.4270833333333333 0.4609375 0.4201388888888889 0.466796875 0.4027777777777778 0.466796875 0.3819444444444444 0.4609375 0.375 0.458984375 0.3680555555555556 0.4609375 0.3611111111111111 0.47265625 0.3506944444444444 0.474609375 0.3229166666666667
2 0.45703125 0.2986111111111111 0.46484375 0.3055555555555556 0.46484375 0.3229166666666667 0.462890625 0.3263888888888889 0.462890625 0.3333333333333333 0.46875 0.34375 0.46875 0.3472222222222222 0.462890625 0.3541666666666667 0.45703125 0.3541666666666667 0.453125 0.3611111111111111 0.453125 0.375 0.447265625 0.3923611111111111 0.447265625 0.4201388888888889 0.443359375 0.4270833333333333 0.443359375 0.4340277777777778 0.435546875 0.4513888888888889 0.43359375 0.4618055555555556 0.427734375 0.46875 0.427734375 0.4722222222222222 0.421875 0.4826388888888889 0.419921875 0.4930555555555556 0.416015625 0.4930555555555556 0.416015625 0.4861111111111111 0.421875 0.4583333333333333 0.427734375 0.4479166666666667 0.427734375 0.4375 0.42578125 0.4340277777777778 0.41796875 0.4340277777777778 0.4140625 0.4409722222222222 0.412109375 0.4375 0.412109375 0.4305555555555556 0.419921875 0.4201388888888889 0.421875 0.4131944444444444 0.421875 0.3993055555555556 0.431640625 0.3645833333333333 0.431640625 0.3576388888888889 0.421875 0.3333333333333333 0.427734375 0.3263888888888889 0.431640625 0.3263888888888889 0.4375 0.3159722222222222 0.447265625 0.3125 0.453125 0.3020833333333333 0.455078125 0.3020833333333333
2 0.857421875 0.4097222222222222 0.861328125 0.4131944444444444 0.865234375 0.4409722222222222 0.869140625 0.4444444444444444 0.87109375 0.4548611111111111 0.876953125 0.4652777777777778 0.876953125 0.4861111111111111 0.873046875 0.4861111111111111 0.873046875 0.4826388888888889 0.8671875 0.4756944444444444 0.86328125 0.4826388888888889 0.86328125 0.5 0.861328125 0.5034722222222222 0.869140625 0.5347222222222222 0.873046875 0.5416666666666666 0.87109375 0.5868055555555556 0.875 0.59375 0.875 0.6006944444444444 0.8671875 0.6006944444444444 0.861328125 0.59375 0.861328125 0.5868055555555556 0.86328125 0.5833333333333334 0.86328125 0.5486111111111112 0.859375 0.5381944444444444 0.849609375 0.5381944444444444 0.841796875 0.5555555555555556 0.841796875 0.5659722222222222 0.828125 0.6041666666666666 0.826171875 0.6319444444444444 0.82421875 0.6354166666666666 0.8203125 0.6319444444444444 0.8203125 0.6145833333333334 0.826171875 0.59375 0.826171875 0.5798611111111112 0.83203125 0.5555555555555556 0.83203125 0.5381944444444444 0.8359375 0.5208333333333334 0.8359375 0.4826388888888889 0.833984375 0.4791666666666667 0.828125 0.4791666666666667 0.826171875 0.4722222222222222 0.828125 0.4652777777777778 0.83203125 0.4618055555555556 0.833984375 0.4479166666666667 0.84375 0.4375 0.84765625 0.4305555555555556 0.849609375 0.4166666666666667 0.85546875 0.4097222222222222
2 0.587890625 0.6354166666666666 0.58984375 0.6388888888888888 0.58984375 0.6701388888888888 0.587890625 0.6736111111111112 0.58203125 0.6736111111111112 0.576171875 0.6875 0.580078125 0.6944444444444444 0.578125 0.7013888888888888 0.578125 0.7222222222222222 0.57421875 0.7395833333333334 0.572265625 0.7673611111111112 0.568359375 0.7777777777777778 0.568359375 0.8055555555555556 0.56640625 0.8090277777777778 0.56640625 0.8263888888888888 0.564453125 0.8298611111111112 0.564453125 0.84375 0.5625 0.8506944444444444 0.552734375 0.8506944444444444 0.552734375 0.8402777777777778 0.5546875 0.8368055555555556 0.5546875 0.78125 0.556640625 0.7777777777777778 0.556640625 0.7604166666666666 0.548828125 0.7395833333333334 0.53515625 0.6909722222222222 0.53515625 0.6805555555555556 0.533203125 0.6736111111111112 0.537109375 0.6597222222222222 0.546875 0.6423611111111112 0.548828125 0.6319444444444444 0.552734375 0.625 0.560546875 0.625 0.5625 0.6215277777777778 0.564453125 0.6076388888888888 0.5703125 0.59375 0.576171875 0.59375 0.580078125 0.6006944444444444 0.58203125 0.6076388888888888 0.58203125 0.6284722222222222 0.5859375 0.6354166666666666