0 0.3046875 0.5208333333333334 0.306640625 0.5243055555555556 0.3046875 0.5451388888888888 0.30078125 0.5486111111111112 0.298828125 0.5416666666666666 0.291015625 0.53125 0.296875 0.5243055555555556 0.302734375 0.5243055555555556
0 0.318359375 0.4270833333333333 0.322265625 0.4270833333333333 0.32421875 0.4340277777777778 0.32421875 0.4444444444444444 0.318359375 0.4513888888888889 0.31640625 0.4479166666666667 0.31640625 0.4375 0.318359375 0.4305555555555556
0 0.380859375 0.4340277777777778 0.38671875 0.4409722222222222 0.38671875 0.4513888888888889 0.3828125 0.4583333333333333 0.375 0.4583333333333333 0.375 0.4409722222222222 0.37890625 0.4375
0 0.380859375 0.3611111111111111 0.380859375 0.3541666666666667 0.384765625 0.3472222222222222 0.388671875 0.3506944444444444 0.388671875 0.3611111111111111 0.38671875 0.3645833333333333 0.3828125 0.3611111111111111
0 0.67578125 0.4131944444444444 0.6796875 0.4131944444444444 0.681640625 0.4097222222222222 0.6875 0.4131944444444444 0.6875 0.4270833333333333 0.685546875 0.4305555555555556 0.677734375 0.4305555555555556 0.67578125 0.4270833333333333 0.67578125 0.4166666666666667
0 0.7734375 0.5277777777777778 0.78125 0.5277777777777778 0.78515625 0.5347222222222222 0.78515625 0.5520833333333334 0.783203125 0.5590277777777778 0.78125 0.5590277777777778 0.7734375 0.5486111111111112 0.7734375 0.53125
0 0.46041666666666664 0.3421296296296296 0.0125 0.019444444444444445
0 0.466796875 0.3715277777777778 0.466796875 0.3576388888888889 0.46875 0.3541666666666667 0.474609375 0.3541666666666667 0.478515625 0.3611111111111111 0.478515625 0.3680555555555556 0.4765625 0.3715277777777778 0.46875 0.3715277777777778
0 0.5104166666666666 0.37546296296296294 0.011458333333333333 0.021296296296296296
0 0.5234375 0.375 0.529296875 0.375 0.53125 0.3819444444444444 0.53125 0.3958333333333333 0.521484375 0.3958333333333333 0.5234375 0.3784722222222222
0 0.55078125 0.3819444444444444 0.5546875 0.3923611111111111 0.552734375 0.40625 0.548828125 0.40625 0.541015625 0.3993055555555556 0.541015625 0.3888888888888889 0.548828125 0.3819444444444444
0 0.59375 0.3888888888888889 0.58984375 0.3784722222222222 0.58984375 0.3715277777777778 0.591796875 0.3680555555555556 0.6015625 0.3680555555555556 0.603515625 0.3715277777777778 0.603515625 0.3819444444444444 0.599609375 0.3888888888888889 0.595703125 0.3888888888888889
0 0.57421875 0.3993055555555556 0.5859375 0.3993055555555556 0.58984375 0.4027777777777778 0.591796875 0.4097222222222222 0.58984375 0.4131944444444444 0.57421875 0.4131944444444444 0.57421875 0.4027777777777778
0 0.63671875 0.3506944444444444 0.63671875 0.3333333333333333 0.638671875 0.3298611111111111 0.65234375 0.3298611111111111 0.65234375 0.3368055555555556 0.6484375 0.3506944444444444 0.64453125 0.3541666666666667 0.638671875 0.3506944444444444
0 0.5677083333333334 0.08472222222222221 0.010416666666666666 0.01574074074074074
0 0.611328125 0.09375 0.61328125 0.09722222222222222 0.61328125 0.10416666666666667 0.611328125 0.1076388888888889 0.603515625 0.1076388888888889 0.6015625 0.10416666666666667 0.603515625 0.09722222222222222 0.609375 0.09375
0 0.9375 0.2708333333333333 0.94140625 0.28125 0.935546875 0.2916666666666667 0.931640625 0.2916666666666667 0.9296875 0.2881944444444444 0.9296875 0.28125 0.935546875 0.2743055555555556
0 0.919921875 0.5972222222222222 0.91796875 0.5833333333333334 0.921875 0.5763888888888888 0.9296875 0.5798611111111112 0.93359375 0.5868055555555556 0.931640625 0.59375 0.927734375 0.5972222222222222 0.921875 0.5972222222222222
0 0.998046875 0.6631944444444444 0.998046875 0.6805555555555556 0.994140625 0.6805555555555556 0.994140625 0.6701388888888888 0.99609375 0.6666666666666666
1 0.923828125 0.3263888888888889 0.92578125 0.3159722222222222 0.9296875 0.3090277777777778 0.931640625 0.2951388888888889 0.9375 0.2881944444444444 0.951171875 0.2881944444444444 0.966796875 0.3194444444444444 0.966796875 0.3229166666666667 0.955078125 0.3125 0.953125 0.3159722222222222 0.953125 0.3333333333333333 0.94921875 0.3402777777777778 0.939453125 0.3402777777777778 0.93359375 0.3229166666666667 0.927734375 0.3229166666666667 0.921875 0.3298611111111111
1 0.5390625 0.4097222222222222 0.546875 0.4027777777777778 0.556640625 0.4027777777777778 0.560546875 0.4166666666666667 0.560546875 0.4479166666666667 0.548828125 0.4479166666666667 0.546875 0.4513888888888889 0.54296875 0.4479166666666667 0.54296875 0.4409722222222222 0.5390625 0.4340277777777778 0.5390625 0.4236111111111111 0.537109375 0.4201388888888889 0.5390625 0.4131944444444444
1 0.603515625 0.1076388888888889 0.615234375 0.1076388888888889 0.62890625 0.1284722222222222 0.62890625 0.13541666666666666 0.623046875 0.13541666666666666 0.615234375 0.14583333333333334 0.609375 0.1388888888888889 0.607421875 0.14583333333333334 0.6015625 0.14583333333333334 0.6015625 0.1388888888888889 0.603515625 0.13541666666666666 0.603515625 0.1111111111111111
1 0.76953125 0.5451388888888888 0.77734375 0.5555555555555556 0.78125 0.5555555555555556 0.783203125 0.5520833333333334 0.783203125 0.5659722222222222 0.779296875 0.5729166666666666 0.783203125 0.5868055555555556 0.7734375 0.5868055555555556 0.771484375 0.5902777777777778 0.76171875 0.5902777777777778 0.755859375 0.5833333333333334 0.755859375 0.5729166666666666 0.759765625 0.5659722222222222 0.759765625 0.5555555555555556 0.765625 0.5451388888888888 0.767578125 0.5451388888888888
1 0.515625 0.3888888888888889 0.53125 0.3888888888888889 0.533203125 0.3923611111111111 0.533203125 0.4097222222222222 0.53125 0.4131944444444444 0.529296875 0.4340277777777778 0.517578125 0.4340277777777778 0.515625 0.4305555555555556 0.51953125 0.4201388888888889 0.513671875 0.4097222222222222 0.513671875 0.3958333333333333 0.515625 0.3923611111111111
1 0.4921875 0.3819444444444444 0.494140625 0.3923611111111111 0.48046875 0.4131944444444444 0.474609375 0.4131944444444444 0.47265625 0.4097222222222222 0.466796875 0.3923611111111111 0.466796875 0.3784722222222222 0.47265625 0.3715277777777778 0.486328125 0.3715277777777778 0.490234375 0.3819444444444444
1 0.453125 0.3402777777777778 0.46484375 0.3541666666666667 0.46484375 0.3576388888888889 0.45703125 0.3715277777777778 0.451171875 0.3715277777777778 0.447265625 0.3645833333333333 0.443359375 0.3645833333333333 0.44140625 0.3611111111111111 0.443359375 0.3576388888888889 0.443359375 0.34375 0.4453125 0.3402777777777778 0.451171875 0.3402777777777778
1 0.498046875 0.3784722222222222 0.501953125 0.3784722222222222 0.51171875 0.3888888888888889 0.51171875 0.4027777777777778 0.505859375 0.4201388888888889 0.505859375 0.4270833333333333 0.50390625 0.4305555555555556 0.49609375 0.4305555555555556 0.490234375 0.4236111111111111 0.490234375 0.4131944444444444 0.49609375 0.3958333333333333 0.498046875 0.3819444444444444
1 0.3828125 0.3611111111111111 0.390625 0.3680555555555556 0.390625 0.3819444444444444 0.384765625 0.4027777777777778 0.384765625 0.4097222222222222 0.369140625 0.40625 0.369140625 0.3993055555555556 0.37109375 0.3958333333333333 0.369140625 0.3715277777777778 0.37109375 0.3645833333333333 0.375 0.3611111111111111 0.380859375 0.3611111111111111
1 0.921875 0.6041666666666666 0.9296875 0.5972222222222222 0.935546875 0.5972222222222222 0.943359375 0.6076388888888888 0.943359375 0.6493055555555556 0.94140625 0.6527777777777778 0.9296875 0.6527777777777778 0.923828125 0.6458333333333334 0.921875 0.6388888888888888 0.923828125 0.6354166666666666 0.921875 0.6076388888888888
1 0.291015625 0.5486111111111112 0.296875 0.5451388888888888 0.306640625 0.5520833333333334 0.306640625 0.5902777777777778 0.30078125 0.5972222222222222 0.298828125 0.59375 0.2890625 0.59375 0.287109375 0.5902777777777778 0.287109375 0.5763888888888888 0.291015625 0.5625 0.291015625 0.5520833333333334
1 0.384765625 0.4548611111111111 0.388671875 0.4618055555555556 0.392578125 0.4791666666666667 0.388671875 0.4791666666666667 0.384765625 0.4861111111111111 0.3828125 0.5069444444444444 0.380859375 0.5104166666666666 0.37109375 0.5104166666666666 0.36328125 0.5034722222222222 0.36328125 0.4965277777777778 0.365234375 0.4930555555555556 0.36328125 0.46875 0.373046875 0.4548611111111111 0.3828125 0.4548611111111111
1 0.685546875 0.4270833333333333 0.6953125 0.4409722222222222 0.69921875 0.4548611111111111 0.69921875 0.4791666666666667 0.685546875 0.4791666666666667 0.681640625 0.4756944444444444 0.6796875 0.4583333333333333 0.67578125 0.4513888888888889 0.67578125 0.4409722222222222 0.6796875 0.4305555555555556 0.68359375 0.4305555555555556
1 0.443359375 0.34375 0.447265625 0.3402777777777778 0.453125 0.3402777777777778 0.46484375 0.3541666666666667 0.458984375 0.375 0.451171875 0.3854166666666667 0.44921875 0.3923611111111111 0.44921875 0.4027777777777778 0.443359375 0.4027777777777778 0.431640625 0.3923611111111111 0.4375 0.3680555555555556 0.443359375 0.3541666666666667 0.443359375 0.3472222222222222
1 0.314453125 0.4444444444444444 0.322265625 0.4548611111111111 0.322265625 0.4722222222222222 0.3203125 0.4756944444444444 0.318359375 0.4930555555555556 0.31640625 0.4930555555555556 0.310546875 0.5034722222222222 0.310546875 0.5104166666666666 0.3046875 0.5104166666666666 0.3046875 0.46875 0.30859375 0.4513888888888889 0.3125 0.4479166666666667
1 0.998046875 0.6805555555555556 0.99609375 0.7395833333333334 0.9921875 0.7395833333333334 0.990234375 0.7361111111111112 0.978515625 0.7361111111111112 0.9765625 0.7326388888888888 0.9765625 0.71875 0.982421875 0.7013888888888888 0.982421875 0.6909722222222222 0.984375 0.6840277777777778 0.986328125 0.6805555555555556 0.99609375 0.6805555555555556
1 0.529296875 0.4409722222222222 0.53125 0.4375 0.533203125 0.3958333333333333 0.53515625 0.3923611111111111 0.541015625 0.3923611111111111 0.546875 0.4027777777777778 0.541015625 0.4236111111111111 0.541015625 0.4409722222222222 0.54296875 0.4444444444444444 0.54296875 0.4513888888888889 0.53515625 0.4513888888888889 0.53125 0.4479166666666667 0.53125 0.4444444444444444
1 0.583984375 0.4131944444444444 0.5859375 0.4166666666666667 0.5859375 0.4236111111111111 0.58203125 0.4270833333333333 0.58203125 0.4583333333333333 0.578125 0.4652777777777778 0.5625 0.4652777777777778 0.560546875 0.4583333333333333 0.5625 0.4548611111111111 0.564453125 0.4201388888888889 0.568359375 0.4131944444444444 0.572265625 0.4131944444444444 0.57421875 0.4097222222222222 0.58203125 0.4131944444444444
1 0.56640625 0.09027777777777778 0.5703125 0.09375 0.5703125 0.10069444444444445 0.56640625 0.1111111111111111 0.564453125 0.13194444444444445 0.560546875 0.13541666666666666 0.55078125 0.13541666666666666 0.548828125 0.1284722222222222 0.55078125 0.125 0.55078125 0.1076388888888889 0.556640625 0.10069444444444445 0.556640625 0.09375 0.55859375 0.09027777777777778 0.564453125 0.09027777777777778
1 0.642578125 0.3472222222222222 0.650390625 0.3472222222222222 0.658203125 0.3611111111111111 0.658203125 0.3715277777777778 0.66015625 0.375 0.66015625 0.3854166666666667 0.658203125 0.3888888888888889 0.654296875 0.3923611111111111 0.642578125 0.3923611111111111 0.64453125 0.3888888888888889 0.64453125 0.3784722222222222 0.640625 0.3715277777777778 0.640625 0.3541666666666667 0.642578125 0.3506944444444444
1 0.60546875 0.3854166666666667 0.611328125 0.3958333333333333 0.61328125 0.4201388888888889 0.609375 0.4236111111111111 0.6015625 0.4236111111111111 0.599609375 0.4270833333333333 0.595703125 0.4270833333333333 0.591796875 0.4201388888888889 0.587890625 0.4097222222222222 0.587890625 0.3958333333333333 0.591796875 0.3888888888888889 0.603515625 0.3854166666666667
1 0.4421875 0.38287037037037036 0.021875 0.04722222222222222
2 0.947265625 0.2847222222222222 0.951171875 0.2881944444444444 0.95703125 0.2986111111111111 0.95703125 0.3020833333333333 0.974609375 0.3298611111111111 0.96875 0.3298611111111111 0.95703125 0.3125 0.953125 0.3159722222222222 0.953125 0.3298611111111111 0.958984375 0.3472222222222222 0.958984375 0.3958333333333333 0.951171875 0.3958333333333333 0.94921875 0.3993055555555556 0.9453125 0.3993055555555556 0.9453125 0.3923611111111111 0.939453125 0.375 0.9375 0.3541666666666667 0.935546875 0.3506944444444444 0.9375 0.34375 0.935546875 0.3368055555555556 0.935546875 0.3263888888888889 0.93359375 0.3229166666666667 0.9296875 0.3229166666666667 0.919921875 0.3402777777777778 0.916015625 0.3402777777777778 0.9296875 0.3055555555555556 0.9296875 0.2986111111111111 0.931640625 0.2951388888888889 0.931640625 0.2847222222222222 0.9296875 0.2777777777777778 0.93359375 0.2708333333333333 0.939453125 0.2708333333333333 0.9453125 0.2847222222222222
2 0.603515625 0.09722222222222222 0.611328125 0.09722222222222222 0.619140625 0.1111111111111111 0.619140625 0.11458333333333333 0.62890625 0.1284722222222222 0.630859375 0.13541666666666666 0.630859375 0.1388888888888889 0.623046875 0.1388888888888889 0.615234375 0.1527777777777778 0.6171875 0.1909722222222222 0.609375 0.1909722222222222 0.607421875 0.1875 0.607421875 0.1701388888888889 0.60546875 0.16319444444444445 0.599609375 0.1527777777777778 0.59765625 0.1527777777777778 0.6015625 0.14583333333333334 0.6015625 0.1388888888888889 0.603515625 0.13541666666666666 0.603515625 0.11805555555555555 0.6015625 0.11458333333333333 0.6015625 0.10416666666666667 0.603515625 0.10069444444444445
2 0.755859375 0.5694444444444444 0.759765625 0.5659722222222222 0.76171875 0.5520833333333334 0.767578125 0.5451388888888888 0.775390625 0.5277777777777778 0.77734375 0.5277777777777778 0.78515625 0.5416666666666666 0.78515625 0.5555555555555556 0.783203125 0.5590277777777778 0.783203125 0.5659722222222222 0.779296875 0.5729166666666666 0.787109375 0.5902777777777778 0.794921875 0.59375 0.79296875 0.6006944444444444 0.79296875 0.6076388888888888 0.794921875 0.6111111111111112 0.79296875 0.6319444444444444 0.798828125 0.6423611111111112 0.798828125 0.6458333333333334 0.791015625 0.6458333333333334 0.7890625 0.6423611111111112 0.779296875 0.6388888888888888 0.77734375 0.6423611111111112 0.77734375 0.6666666666666666 0.779296875 0.6701388888888888 0.779296875 0.6770833333333334 0.7734375 0.6770833333333334 0.76953125 0.6736111111111112 0.767578125 0.6666666666666666 0.76953125 0.6631944444444444 0.76953125 0.6458333333333334 0.771484375 0.6423611111111112 0.7734375 0.625 0.76953125 0.6180555555555556 0.759765625 0.6180555555555556 0.7578125 0.6145833333333334 0.755859375 0.5729166666666666
2 0.3203125 0.4826388888888889 0.326171875 0.4826388888888889 0.32421875 0.5034722222222222 0.33203125 0.5277777777777778 0.333984375 0.5416666666666666 0.341796875 0.5520833333333334 0.341796875 0.5555555555555556 0.3359375 0.5590277777777778 0.33203125 0.5555555555555556 0.330078125 0.5451388888888888 0.32421875 0.5381944444444444 0.31640625 0.5659722222222222 0.318359375 0.5763888888888888 0.314453125 0.5763888888888888 0.310546875 0.5694444444444444 0.310546875 0.5520833333333334 0.31640625 0.5381944444444444 0.31640625 0.53125 0.3125 0.5243055555555556 0.3125 0.5034722222222222 0.3203125 0.4895833333333333 0.3203125 0.4861111111111111
2 0.5 0.375 0.505859375 0.3680555555555556 0.51171875 0.3680555555555556 0.513671875 0.3715277777777778 0.513671875 0.3923611111111111 0.51171875 0.3958333333333333 0.51171875 0.4131944444444444 0.509765625 0.4166666666666667 0.509765625 0.4583333333333333 0.5078125 0.4583333333333333 0.501953125 0.46875 0.49609375 0.4895833333333333 0.490234375 0.5 0.4921875 0.5034722222222222 0.4921875 0.5104166666666666 0.484375 0.5173611111111112 0.48046875 0.5138888888888888 0.490234375 0.4756944444444444 0.490234375 0.4131944444444444 0.5 0.3784722222222222
2 0.38671875 0.3472222222222222 0.392578125 0.3715277777777778 0.390625 0.375 0.390625 0.3888888888888889 0.384765625 0.4131944444444444 0.384765625 0.4270833333333333 0.38671875 0.4305555555555556 0.384765625 0.4340277777777778 0.37890625 0.4340277777777778 0.375 0.4375 0.37109375 0.4479166666666667 0.365234375 0.4548611111111111 0.365234375 0.4444444444444444 0.3671875 0.4409722222222222 0.3671875 0.4131944444444444 0.37109375 0.3958333333333333 0.369140625 0.3715277777777778 0.373046875 0.3611111111111111 0.384765625 0.3506944444444444
2 0.931640625 0.5798611111111112 0.935546875 0.5902777777777778 0.935546875 0.5972222222222222 0.943359375 0.6076388888888888 0.9453125 0.6493055555555556 0.94140625 0.6666666666666666 0.94140625 0.6875 0.9453125 0.6944444444444444 0.951171875 0.71875 0.951171875 0.7326388888888888 0.94921875 0.7361111111111112 0.9453125 0.7256944444444444 0.9453125 0.71875 0.94140625 0.7048611111111112 0.93359375 0.6875 0.93359375 0.6666666666666666 0.931640625 0.6631944444444444 0.92578125 0.6631944444444444 0.919921875 0.6701388888888888 0.916015625 0.6770833333333334 0.916015625 0.6840277777777778 0.912109375 0.6909722222222222 0.91015625 0.7013888888888888 0.900390625 0.7048611111111112 0.900390625 0.7013888888888888 0.90625 0.6909722222222222 0.91015625 0.6701388888888888 0.921875 0.6458333333333334 0.923828125 0.625 0.921875 0.6215277777777778 0.921875 0.59375 0.919921875 0.5902777777777778 0.919921875 0.5833333333333334 0.92578125 0.5763888888888888 0.9296875 0.5798611111111112
2 0.552734375 0.3819444444444444 0.5546875 0.3958333333333333 0.552734375 0.3958333333333333 0.544921875 0.4131944444444444 0.544921875 0.4201388888888889 0.54296875 0.4236111111111111 0.54296875 0.4548611111111111 0.541015625 0.4618055555555556 0.515625 0.5104166666666666 0.51171875 0.5104166666666666 0.51171875 0.5069444444444444 0.513671875 0.5034722222222222 0.515625 0.4861111111111111 0.51953125 0.4791666666666667 0.521484375 0.46875 0.52734375 0.4583333333333333 0.53515625 0.3923611111111111 0.54296875 0.3784722222222222 0.548828125 0.3784722222222222 0.55078125 0.3819444444444444
2 0.298828125 0.5277777777777778 0.302734375 0.5277777777777778 0.306640625 0.5347222222222222 0.306640625 0.5729166666666666 0.3046875 0.5763888888888888 0.30859375 0.5902777777777778 0.302734375 0.6041666666666666 0.302734375 0.6597222222222222 0.30078125 0.6631944444444444 0.3046875 0.6770833333333334 0.294921875 0.6770833333333334 0.294921875 0.6493055555555556 0.291015625 0.6423611111111112 0.28515625 0.6493055555555556 0.28515625 0.6597222222222222 0.283203125 0.6631944444444444 0.279296875 0.6597222222222222 0.279296875 0.6458333333333334 0.28515625 0.6284722222222222 0.28515625 0.6006944444444444 0.287109375 0.5972222222222222 0.28515625 0.5798611111111112 0.2890625 0.5659722222222222 0.2890625 0.5416666666666666 0.294921875 0.5381944444444444 0.298828125 0.53125
2 0.3828125 0.4375 0.384765625 0.4409722222222222 0.384765625 0.4513888888888889 0.38671875 0.4583333333333333 0.396484375 0.4826388888888889 0.396484375 0.4861111111111111 0.392578125 0.4826388888888889 0.38671875 0.4826388888888889 0.3828125 0.5 0.388671875 0.5243055555555556 0.388671875 0.5520833333333334 0.38671875 0.5555555555555556 0.384765625 0.5729166666666666 0.3828125 0.5729166666666666 0.380859375 0.5659722222222222 0.3828125 0.5381944444444444 0.380859375 0.53125 0.373046875 0.5208333333333334 0.3671875 0.53125 0.365234375 0.5486111111111112 0.361328125 0.5555555555555556 0.357421875 0.5590277777777778 0.349609375 0.5590277777777778 0.349609375 0.5555555555555556 0.359375 0.5416666666666666 0.359375 0.5347222222222222 0.361328125 0.53125 0.361328125 0.5104166666666666 0.365234375 0.4930555555555556 0.36328125 0.4861111111111111 0.34765625 0.5104166666666666 0.34375 0.5104166666666666 0.353515625 0.4861111111111111 0.36328125 0.46875 0.36328125 0.4652777777777778 0.369140625 0.4583333333333333 0.37890625 0.4375 0.380859375 0.4375
2 0.470703125 0.3576388888888889 0.48828125 0.3715277777777778 0.494140625 0.3854166666666667 0.494140625 0.3923611111111111 0.482421875 0.4166666666666667 0.482421875 0.4340277777777778 0.484375 0.4409722222222222 0.474609375 0.4166666666666667 0.46875 0.4166666666666667 0.4453125 0.4409722222222222 0.4453125 0.4305555555555556 0.462890625 0.40625 0.46484375 0.3993055555555556 0.462890625 0.375 0.466796875 0.3680555555555556 0.466796875 0.3611111111111111 0.46875 0.3611111111111111
2 0.67578125 0.4131944444444444 0.6796875 0.4097222222222222 0.685546875 0.4131944444444444 0.6875 0.4270833333333333 0.69140625 0.4305555555555556 0.697265625 0.4444444444444444 0.697265625 0.4513888888888889 0.69921875 0.4548611111111111 0.69921875 0.4756944444444444 0.701171875 0.4791666666666667 0.701171875 0.4965277777777778 0.69140625 0.5208333333333334 0.69140625 0.5277777777777778 0.693359375 0.53125 0.69140625 0.5347222222222222 0.693359375 0.5381944444444444 0.693359375 0.5486111111111112 0.689453125 0.5590277777777778 0.685546875 0.5625 0.681640625 0.5590277777777778 0.6875 0.5416666666666666 0.685546875 0.5208333333333334 0.681640625 0.5104166666666666 0.677734375 0.5208333333333334 0.6796875 0.5381944444444444 0.677734375 0.5416666666666666 0.671875 0.5416666666666666 0.669921875 0.5381944444444444 0.671875 0.5347222222222222 0.671875 0.4930555555555556 0.677734375 0.4791666666666667 0.677734375 0.4618055555555556 0.67578125 0.4583333333333333 0.67578125 0.4166666666666667
2 0.322265625 0.4270833333333333 0.32421875 0.4305555555555556 0.32421875 0.4479166666666667 0.322265625 0.4513888888888889 0.322265625 0.4791666666666667 0.32421875 0.4826388888888889 0.32421875 0.4930555555555556 0.322265625 0.4965277777777778 0.33203125 0.5277777777777778 0.333984375 0.5416666666666666 0.33984375 0.5520833333333334 0.341796875 0.5520833333333334 0.341796875 0.5555555555555556 0.33203125 0.5555555555555556 0.330078125 0.5451388888888888 0.32421875 0.5381944444444444 0.318359375 0.5520833333333334 0.318359375 0.5590277777777778 0.314453125 0.5729166666666666 0.310546875 0.5590277777777778 0.314453125 0.5486111111111112 0.31640625 0.5347222222222222 0.314453125 0.5277777777777778 0.306640625 0.5138888888888888 0.3046875 0.5138888888888888 0.3046875 0.46875 0.30859375 0.4513888888888889 0.314453125 0.4409722222222222 0.31640625 0.4305555555555556 0.3203125 0.4270833333333333
2 0.994140625 0.6631944444444444 0.998046875 0.6631944444444444 0.998046875 0.71875 0.99609375 0.7222222222222222 0.99609375 0.7395833333333334 0.998046875 0.7430555555555556 0.998046875 0.7951388888888888 0.99609375 0.7986111111111112 0.99609375 0.8090277777777778 0.998046875 0.8125 0.994140625 0.8159722222222222 0.984375 0.8090277777777778 0.984375 0.7986111111111112 0.986328125 0.7951388888888888 0.984375 0.7916666666666666 0.990234375 0.7847222222222222 0.9921875 0.7777777777777778 0.98828125 0.7638888888888888 0.9765625 0.7395833333333334 0.9765625 0.71875 0.98046875 0.7083333333333334 0.982421875 0.6909722222222222 0.994140625 0.6666666666666666
2 0.603515625 0.3680555555555556 0.60546875 0.3715277777777778 0.60546875 0.3854166666666667 0.62109375 0.40625 0.62109375 0.4131944444444444 0.6171875 0.4270833333333333 0.6171875 0.4479166666666667 0.62109375 0.4618055555555556 0.62109375 0.5 0.619140625 0.5034722222222222 0.61328125 0.5034722222222222 0.609375 0.4965277777777778 0.60546875 0.5069444444444444 0.6015625 0.5069444444444444 0.599609375 0.5 0.599609375 0.4756944444444444 0.59765625 0.4722222222222222 0.59765625 0.4513888888888889 0.595703125 0.4479166666666667 0.59765625 0.4409722222222222 0.59765625 0.4305555555555556 0.591796875 0.4236111111111111 0.5859375 0.4027777777777778 0.58984375 0.3888888888888889 0.58984375 0.3715277777777778 0.591796875 0.3680555555555556 0.6015625 0.3680555555555556
2 0.544921875 0.3854166666666667 0.55078125 0.3819444444444444 0.5546875 0.3888888888888889 0.5625 0.4236111111111111 0.560546875 0.4270833333333333 0.560546875 0.46875 0.556640625 0.4861111111111111 0.556640625 0.5034722222222222 0.552734375 0.5104166666666666 0.552734375 0.5173611111111112 0.55078125 0.5208333333333334 0.546875 0.5243055555555556 0.54296875 0.5208333333333334 0.54296875 0.5 0.5390625 0.4826388888888889 0.5390625 0.4652777777777778 0.54296875 0.4548611111111111 0.54296875 0.4409722222222222 0.537109375 0.4270833333333333 0.537109375 0.4166666666666667 0.544921875 0.40625 0.544921875 0.3888888888888889
2 0.595703125 0.4305555555555556 0.595703125 0.4340277777777778 0.591796875 0.4375 0.5859375 0.4375 0.58203125 0.4444444444444444 0.58203125 0.4826388888888889 0.58984375 0.5034722222222222 0.58984375 0.5243055555555556 0.591796875 0.5277777777777778 0.591796875 0.5381944444444444 0.587890625 0.5381944444444444 0.5859375 0.5347222222222222 0.583984375 0.5069444444444444 0.580078125 0.4965277777777778 0.576171875 0.4965277777777778 0.572265625 0.5069444444444444 0.56640625 0.5138888888888888 0.5625 0.5173611111111112 0.556640625 0.5173611111111112 0.552734375 0.5243055555555556 0.552734375 0.53125 0.546875 0.53125 0.546875 0.5277777777777778 0.5625 0.4965277777777778 0.560546875 0.4548611111111111 0.5625 0.4513888888888889 0.5625 0.4305555555555556 0.564453125 0.4270833333333333 0.564453125 0.4166666666666667 0.57421875 0.4097222222222222 0.578125 0.4027777777777778 0.583984375 0.4027777777777778 0.5859375 0.40625 0.5859375 0.4131944444444444 0.59375 0.4305555555555556
2 0.509765625 0.4270833333333333 0.51171875 0.4236111111111111 0.513671875 0.3923611111111111 0.5234375 0.375 0.529296875 0.375 0.533203125 0.3819444444444444 0.53515625 0.3993055555555556 0.533203125 0.4027777777777778 0.533203125 0.4201388888888889 0.529296875 0.4305555555555556 0.52734375 0.4618055555555556 0.521484375 0.46875 0.515625 0.4895833333333333 0.513671875 0.4861111111111111 0.51171875 0.4305555555555556
2 0.568359375 0.08333333333333333 0.5703125 0.09027777777777778 0.5703125 0.10069444444444445 0.564453125 0.1284722222222222 0.564453125 0.14930555555555555 0.56640625 0.1527777777777778 0.56640625 0.1597222222222222 0.564453125 0.16319444444444445 0.560546875 0.16319444444444445 0.552734375 0.1736111111111111 0.548828125 0.1736111111111111 0.544921875 0.18055555555555555 0.544921875 0.1875 0.54296875 0.1909722222222222 0.5390625 0.1875 0.5390625 0.17708333333333334 0.546875 0.1597222222222222 0.55078125 0.1076388888888889 0.556640625 0.10069444444444445 0.556640625 0.09375 0.560546875 0.08333333333333333 0.56640625 0.08333333333333333
2 0.63671875 0.3333333333333333 0.640625 0.3298611111111111 0.646484375 0.3298611111111111 0.6484375 0.3402777777777778 0.658203125 0.3611111111111111 0.658203125 0.3680555555555556 0.662109375 0.3819444444444444 0.662109375 0.3958333333333333 0.66015625 0.3993055555555556 0.658203125 0.4236111111111111 0.662109375 0.4340277777777778 0.662109375 0.4409722222222222 0.666015625 0.4548611111111111 0.662109375 0.4652777777777778 0.65625 0.4652777777777778 0.658203125 0.4618055555555556 0.658203125 0.4548611111111111 0.6484375 0.4305555555555556 0.646484375 0.4027777777777778 0.642578125 0.3993055555555556 0.63671875 0.40625 0.6328125 0.40625 0.6328125 0.4027777777777778 0.634765625 0.4027777777777778 0.64453125 0.3819444444444444 0.640625 0.3715277777777778 0.640625 0.3541666666666667 0.63671875 0.3506944444444444 0.634765625 0.34375 0.63671875 0.3368055555555556
2 0.462890625 0.3368055555555556 0.46484375 0.34375 0.46484375 0.3680555555555556 0.4609375 0.375 0.458984375 0.3854166666666667 0.453125 0.3854166666666667 0.451171875 0.3888888888888889 0.44921875 0.4166666666666667 0.443359375 0.4305555555555556 0.44140625 0.4444444444444444 0.4296875 0.4548611111111111 0.423828125 0.4548611111111111 0.421875 0.4513888888888889 0.416015625 0.4618055555555556 0.41796875 0.4444444444444444 0.4296875 0.4131944444444444 0.431640625 0.3888888888888889 0.435546875 0.3784722222222222 0.435546875 0.3715277777777778 0.443359375 0.3541666666666667 0.443359375 0.34375 0.4453125 0.3402777777777778 0.4609375 0.3368055555555556