0 0.796875 0 0.837890625 0 0.83984375 0.003472222222222222 0.83984375 0.013888888888888888 0.8359375 0.024305555555555556 0.83203125 0.03125 0.828125 0.03125 0.822265625 0.03819444444444445 0.814453125 0.052083333333333336 0.806640625 0.052083333333333336 0.802734375 0.034722222222222224 0.796875 0.027777777777777776 0.796875 0.003472222222222222
0 0.40625 0.3958333333333333 0.408203125 0.3993055555555556 0.412109375 0.3993055555555556 0.423828125 0.4201388888888889 0.421875 0.4583333333333333 0.41796875 0.4652777777777778 0.412109375 0.4652777777777778 0.41015625 0.46875 0.390625 0.46875 0.388671875 0.4722222222222222 0.380859375 0.46875 0.375 0.4444444444444444 0.376953125 0.4409722222222222 0.375 0.4340277777777778 0.375 0.4236111111111111 0.384765625 0.4027777777777778 0.39453125 0.3958333333333333 0.404296875 0.3958333333333333
0 0.435546875 0.5694444444444444 0.447265625 0.5694444444444444 0.453125 0.5763888888888888 0.458984375 0.6006944444444444 0.45703125 0.6284722222222222 0.453125 0.6423611111111112 0.447265625 0.6423611111111112 0.44140625 0.6319444444444444 0.43359375 0.625 0.43359375 0.5763888888888888 0.435546875 0.5729166666666666
0 0.599609375 0.3298611111111111 0.603515625 0.3402777777777778 0.603515625 0.3506944444444444 0.60546875 0.3541666666666667 0.60546875 0.375 0.603515625 0.3819444444444444 0.57421875 0.3819444444444444 0.572265625 0.3854166666666667 0.56640625 0.3854166666666667 0.5625 0.3715277777777778 0.5625 0.3541666666666667 0.564453125 0.3506944444444444 0.564453125 0.3402777777777778 0.56640625 0.3333333333333333 0.578125 0.3194444444444444 0.591796875 0.3194444444444444 0.59765625 0.3298611111111111
0 0.4921875 0.6111111111111112 0.50390625 0.6354166666666666 0.50390625 0.6666666666666666 0.498046875 0.6840277777777778 0.490234375 0.6770833333333334 0.462890625 0.6770833333333334 0.458984375 0.6631944444444444 0.458984375 0.6423611111111112 0.462890625 0.625 0.466796875 0.6180555555555556 0.46875 0.6180555555555556 0.474609375 0.6076388888888888 0.48828125 0.6076388888888888 0.490234375 0.6111111111111112
0 0.03515625 0.6666666666666666 0.046875 0.6805555555555556 0.0546875 0.7013888888888888 0.0546875 0.7118055555555556 0.052734375 0.7152777777777778 0.052734375 0.7361111111111112 0.048828125 0.7465277777777778 0.02734375 0.75 0.025390625 0.7534722222222222 0.021484375 0.75 0.013671875 0.75 0.00390625 0.7326388888888888 0.0078125 0.7256944444444444 0.00390625 0.7013888888888888 0.0078125 0.6979166666666666 0.009765625 0.6875 0.01953125 0.6701388888888888 0.0234375 0.6666666666666666 0.033203125 0.6666666666666666
0 0.298828125 0.3194444444444444 0.310546875 0.3368055555555556 0.310546875 0.34375 0.314453125 0.3541666666666667 0.314453125 0.3784722222222222 0.310546875 0.3854166666666667 0.310546875 0.3923611111111111 0.30859375 0.3958333333333333 0.3046875 0.3958333333333333 0.298828125 0.3888888888888889 0.26953125 0.3854166666666667 0.26953125 0.34375 0.271484375 0.3368055555555556 0.283203125 0.3194444444444444 0.296875 0.3194444444444444
0 0.7005208333333334 0.23657407407407405 0.04583333333333333 0.09722222222222222
0 0.630859375 0 0.654296875 0 0.65234375 0.006944444444444444 0.64453125 0.013888888888888888 0.63671875 0.013888888888888888 0.6328125 0.010416666666666666 0.630859375 0.003472222222222222
0 0.40625 0.125 0.412109375 0.13194444444444445 0.41796875 0.14930555555555555 0.41796875 0.18055555555555555 0.4140625 0.1909722222222222 0.392578125 0.1909722222222222 0.384765625 0.2013888888888889 0.37890625 0.19791666666666666 0.375 0.1840277777777778 0.375 0.16666666666666666 0.376953125 0.16319444444444445 0.37890625 0.1423611111111111 0.380859375 0.13541666666666666 0.388671875 0.125 0.39453125 0.125 0.396484375 0.12152777777777778 0.404296875 0.125
1 0.865234375 0.027777777777777776 0.873046875 0.04513888888888889 0.873046875 0.07291666666666667 0.87109375 0.0763888888888889 0.87109375 0.08333333333333333 0.861328125 0.09375 0.861328125 0.1076388888888889 0.857421875 0.11805555555555555 0.857421875 0.1423611111111111 0.859375 0.14583333333333334 0.861328125 0.1736111111111111 0.859375 0.17708333333333334 0.853515625 0.17708333333333334 0.84375 0.1840277777777778 0.81640625 0.1840277777777778 0.810546875 0.17708333333333334 0.80859375 0.1701388888888889 0.80859375 0.11805555555555555 0.802734375 0.1076388888888889 0.802734375 0.10069444444444445 0.796875 0.08680555555555555 0.783203125 0.08680555555555555 0.78515625 0.041666666666666664 0.7890625 0.03125 0.794921875 0.027777777777777776 0.802734375 0.03819444444444445 0.802734375 0.04513888888888889 0.806640625 0.05555555555555555 0.81640625 0.05555555555555555 0.82421875 0.06944444444444445 0.833984375 0.05555555555555555 0.8359375 0.034722222222222224 0.83984375 0.024305555555555556 0.857421875 0.024305555555555556 0.859375 0.027777777777777776 0.86328125 0.027777777777777776
1 0.724609375 0.2638888888888889 0.740234375 0.2638888888888889 0.748046875 0.2708333333333333 0.755859375 0.2916666666666667 0.755859375 0.3159722222222222 0.75 0.3263888888888889 0.74609375 0.3263888888888889 0.744140625 0.3298611111111111 0.716796875 0.3263888888888889 0.71484375 0.3298611111111111 0.72265625 0.34375 0.724609375 0.3541666666666667 0.728515625 0.3611111111111111 0.73046875 0.3784722222222222 0.736328125 0.3993055555555556 0.736328125 0.4131944444444444 0.73046875 0.4236111111111111 0.7265625 0.4236111111111111 0.724609375 0.4270833333333333 0.701171875 0.4270833333333333 0.69921875 0.4236111111111111 0.685546875 0.4201388888888889 0.68359375 0.4131944444444444 0.689453125 0.3993055555555556 0.689453125 0.3888888888888889 0.68359375 0.375 0.68359375 0.3541666666666667 0.673828125 0.3333333333333333 0.6640625 0.3229166666666667 0.6640625 0.2916666666666667 0.671875 0.2777777777777778 0.67578125 0.2743055555555556 0.68359375 0.2743055555555556 0.6875 0.2847222222222222 0.6953125 0.2916666666666667 0.705078125 0.2916666666666667 0.70703125 0.2881944444444444 0.708984375 0.2916666666666667 0.71875 0.2951388888888889 0.7265625 0.28125 0.7265625 0.2743055555555556 0.728515625 0.2708333333333333 0.724609375 0.2673611111111111
1 0.43359375 0.4618055555555556 0.435546875 0.4652777777777778 0.439453125 0.4652777777777778 0.4453125 0.4756944444444444 0.4453125 0.4791666666666667 0.43359375 0.4965277777777778 0.43359375 0.5034722222222222 0.431640625 0.5069444444444444 0.431640625 0.5625 0.43359375 0.5659722222222222 0.43359375 0.5729166666666666 0.431640625 0.5763888888888888 0.431640625 0.6145833333333334 0.4296875 0.6215277777777778 0.404296875 0.6215277777777778 0.40234375 0.625 0.38671875 0.625 0.384765625 0.6284722222222222 0.369140625 0.6284722222222222 0.3671875 0.5868055555555556 0.361328125 0.5659722222222222 0.361328125 0.5590277777777778 0.3515625 0.5277777777777778 0.3515625 0.4861111111111111 0.36328125 0.4756944444444444 0.396484375 0.4756944444444444 0.3984375 0.4722222222222222 0.41015625 0.4722222222222222 0.42578125 0.4618055555555556 0.431640625 0.4618055555555556
1 0.3046875 0.4027777777777778 0.3125 0.4027777777777778 0.3203125 0.4097222222222222 0.330078125 0.4305555555555556 0.330078125 0.4409722222222222 0.32421875 0.4513888888888889 0.3125 0.4548611111111111 0.3046875 0.46875 0.3046875 0.4756944444444444 0.302734375 0.4791666666666667 0.302734375 0.5173611111111112 0.3046875 0.5208333333333334 0.306640625 0.5451388888888888 0.3125 0.5625 0.3125 0.5694444444444444 0.310546875 0.5729166666666666 0.30078125 0.5729166666666666 0.287109375 0.5625 0.2734375 0.5625 0.271484375 0.5590277777777778 0.267578125 0.5590277777777778 0.263671875 0.5520833333333334 0.26171875 0.53125 0.259765625 0.5277777777777778 0.259765625 0.5173611111111112 0.26171875 0.5104166666666666 0.2578125 0.5 0.255859375 0.4861111111111111 0.24609375 0.46875 0.2421875 0.4513888888888889 0.2421875 0.4375 0.240234375 0.4340277777777778 0.2421875 0.4166666666666667 0.24609375 0.4097222222222222 0.25390625 0.40625 0.255859375 0.4097222222222222 0.25390625 0.4652777777777778 0.2578125 0.4722222222222222 0.267578125 0.4722222222222222 0.26953125 0.46875 0.28125 0.4722222222222222 0.291015625 0.4479166666666667 0.291015625 0.4375 0.2890625 0.4340277777777778 0.291015625 0.4236111111111111 0.3046875 0.40625
1 0.462890625 0.7013888888888888 0.46484375 0.7048611111111112 0.494140625 0.7048611111111112 0.5 0.6979166666666666 0.521484375 0.6979166666666666 0.533203125 0.7118055555555556 0.537109375 0.7291666666666666 0.537109375 0.7430555555555556 0.521484375 0.7777777777777778 0.521484375 0.7847222222222222 0.51953125 0.7881944444444444 0.51953125 0.8298611111111112 0.521484375 0.8333333333333334 0.521484375 0.8506944444444444 0.51953125 0.8541666666666666 0.44921875 0.8541666666666666 0.447265625 0.8506944444444444 0.447265625 0.84375 0.4453125 0.8402777777777778 0.4453125 0.8263888888888888 0.447265625 0.8229166666666666 0.4453125 0.7881944444444444 0.4296875 0.7534722222222222 0.4296875 0.75 0.423828125 0.7430555555555556 0.423828125 0.7326388888888888 0.431640625 0.7152777777777778 0.439453125 0.7083333333333334 0.45703125 0.7048611111111112 0.4609375 0.7013888888888888
1 0 0.7604166666666666 0.00390625 0.7569444444444444 0.013671875 0.7569444444444444 0.015625 0.7604166666666666 0.03515625 0.7604166666666666 0.037109375 0.7569444444444444 0.044921875 0.7569444444444444 0.046875 0.7534722222222222 0.05078125 0.7569444444444444 0.06640625 0.7569444444444444 0.068359375 0.7604166666666666 0.07421875 0.7604166666666666 0.08203125 0.7743055555555556 0.0859375 0.7881944444444444 0.08203125 0.7951388888888888 0.076171875 0.7951388888888888 0.072265625 0.7986111111111112 0.068359375 0.8055555555555556 0.064453125 0.8229166666666666 0.064453125 0.8368055555555556 0.0625 0.8402777777777778 0.0625 0.8472222222222222 0.064453125 0.8506944444444444 0.064453125 0.9131944444444444 0.052734375 0.9131944444444444 0.05078125 0.9166666666666666 0.048828125 0.9131944444444444 0.0234375 0.9131944444444444 0.021484375 0.9166666666666666 0.017578125 0.9166666666666666 0.015625 0.9131944444444444 0.013671875 0.9166666666666666 0.005859375 0.9166666666666666 0.00390625 0.9131944444444444 0 0.9131944444444444 0 0.8715277777777778 0.00390625 0.8680555555555556 0 0.8611111111111112 0.001953125 0.8541666666666666 0 0.8472222222222222 0 0.8020833333333334 0.00390625 0.7986111111111112 0.00390625 0.7916666666666666 0 0.7847222222222222 0 0.7638888888888888
1 0.421875 0.2013888888888889 0.423828125 0.2048611111111111 0.4375 0.20833333333333334 0.443359375 0.21875 0.443359375 0.2604166666666667 0.431640625 0.2916666666666667 0.431640625 0.3020833333333333 0.4296875 0.3055555555555556 0.431640625 0.3090277777777778 0.431640625 0.3159722222222222 0.427734375 0.3298611111111111 0.427734375 0.3645833333333333 0.380859375 0.3645833333333333 0.37890625 0.3611111111111111 0.37890625 0.3333333333333333 0.384765625 0.3194444444444444 0.384765625 0.28125 0.373046875 0.2604166666666667 0.37109375 0.2604166666666667 0.3671875 0.25 0.369140625 0.22916666666666666 0.375 0.2152777777777778 0.37890625 0.2152777777777778 0.380859375 0.21180555555555555 0.416015625 0.2152777777777778 0.419921875 0.2048611111111111
1 0.5625 0.4027777777777778 0.57421875 0.4201388888888889 0.583984375 0.4270833333333333 0.595703125 0.4270833333333333 0.607421875 0.4097222222222222 0.626953125 0.4097222222222222 0.630859375 0.4131944444444444 0.63671875 0.4270833333333333 0.63671875 0.4479166666666667 0.634765625 0.4513888888888889 0.634765625 0.4583333333333333 0.62890625 0.4652777777777778 0.615234375 0.4930555555555556 0.615234375 0.5069444444444444 0.61328125 0.5104166666666666 0.61328125 0.5625 0.603515625 0.5625 0.6015625 0.5659722222222222 0.5625 0.5659722222222222 0.560546875 0.5694444444444444 0.552734375 0.5694444444444444 0.55078125 0.5659722222222222 0.55078125 0.5277777777777778 0.552734375 0.5243055555555556 0.55078125 0.5 0.552734375 0.4965277777777778 0.552734375 0.4826388888888889 0.548828125 0.4722222222222222 0.53515625 0.4548611111111111 0.533203125 0.4479166666666667 0.533203125 0.4375 0.53515625 0.4340277777777778 0.537109375 0.4166666666666667 0.54296875 0.4027777777777778 0.560546875 0.4027777777777778
1 0.6640625 0 0.689453125 0 0.689453125 0.006944444444444444 0.69140625 0.010416666666666666 0.69140625 0.03819444444444445 0.693359375 0.041666666666666664 0.693359375 0.052083333333333336 0.689453125 0.06597222222222222 0.689453125 0.09722222222222222 0.685546875 0.1076388888888889 0.6875 0.1111111111111111 0.689453125 0.13541666666666666 0.693359375 0.14930555555555555 0.693359375 0.16666666666666666 0.6953125 0.1701388888888889 0.693359375 0.1840277777777778 0.689453125 0.1840277777777778 0.6875 0.1875 0.673828125 0.1875 0.671875 0.1909722222222222 0.658203125 0.1875 0.658203125 0.18055555555555555 0.65234375 0.1701388888888889 0.6484375 0.1701388888888889 0.6484375 0.16666666666666666 0.658203125 0.14930555555555555 0.66796875 0.125 0.6796875 0.0763888888888889 0.6796875 0.06944444444444445 0.677734375 0.06597222222222222 0.673828125 0.06597222222222222 0.671875 0.0625 0.658203125 0.0625 0.654296875 0.06944444444444445 0.654296875 0.08333333333333333 0.65234375 0.08680555555555555 0.6484375 0.11458333333333333 0.646484375 0.12152777777777778 0.64453125 0.12152777777777778 0.64453125 0.08680555555555555 0.642578125 0.08333333333333333 0.642578125 0.020833333333333332 0.64453125 0.013888888888888888 0.6484375 0.010416666666666666 0.658203125 0.010416666666666666 0.6640625 0.003472222222222222
2 0.796875 0 0.83984375 0 0.83984375 0.017361111111111112 0.841796875 0.020833333333333332 0.865234375 0.027777777777777776 0.87109375 0.03819444444444445 0.873046875 0.04513888888888889 0.873046875 0.0798611111111111 0.876953125 0.08680555555555555 0.888671875 0.125 0.888671875 0.13541666666666666 0.89453125 0.14930555555555555 0.89453125 0.15625 0.900390625 0.18055555555555555 0.90234375 0.2048611111111111 0.904296875 0.20833333333333334 0.904296875 0.2534722222222222 0.90234375 0.2569444444444444 0.896484375 0.2569444444444444 0.890625 0.2465277777777778 0.890625 0.2152777777777778 0.89453125 0.2048611111111111 0.890625 0.18055555555555555 0.880859375 0.15625 0.880859375 0.14930555555555555 0.876953125 0.1423611111111111 0.875 0.13194444444444445 0.86328125 0.1111111111111111 0.859375 0.11805555555555555 0.859375 0.125 0.857421875 0.1284722222222222 0.857421875 0.14583333333333334 0.859375 0.14930555555555555 0.859375 0.1597222222222222 0.86328125 0.16666666666666666 0.86328125 0.1736111111111111 0.865234375 0.17708333333333334 0.865234375 0.19791666666666666 0.86328125 0.2013888888888889 0.86328125 0.23958333333333334 0.861328125 0.24305555555555555 0.861328125 0.2847222222222222 0.857421875 0.3020833333333333 0.857421875 0.3402777777777778 0.861328125 0.3541666666666667 0.861328125 0.3715277777777778 0.86328125 0.375 0.86328125 0.40625 0.861328125 0.4097222222222222 0.861328125 0.4861111111111111 0.849609375 0.5 0.8359375 0.5 0.8359375 0.4895833333333333 0.84375 0.46875 0.84375 0.4548611111111111 0.841796875 0.4513888888888889 0.830078125 0.4513888888888889 0.828125 0.4444444444444444 0.833984375 0.4340277777777778 0.833984375 0.4270833333333333 0.837890625 0.4131944444444444 0.837890625 0.4027777777777778 0.83984375 0.3993055555555556 0.8203125 0.3472222222222222 0.8203125 0.3402777777777778 0.814453125 0.3263888888888889 0.8125 0.3055555555555556 0.810546875 0.3020833333333333 0.80859375 0.25 0.806640625 0.2465277777777778 0.806640625 0.2326388888888889 0.80859375 0.22916666666666666 0.80859375 0.20833333333333334 0.806640625 0.2048611111111111 0.806640625 0.1909722222222222 0.80859375 0.1875 0.80859375 0.125 0.806640625 0.12152777777777778 0.806640625 0.11458333333333333 0.802734375 0.1076388888888889 0.794921875 0.125 0.79296875 0.1423611111111111 0.7890625 0.14930555555555555 0.783203125 0.1527777777777778 0.779296875 0.14930555555555555 0.77734375 0.1423611111111111 0.77734375 0.11458333333333333 0.783203125 0.09375 0.78515625 0.041666666666666664 0.787109375 0.034722222222222224 0.796875 0.020833333333333332 0.796875 0.003472222222222222
2 0.5 0.3472222222222222 0.50390625 0.34375 0.5078125 0.3472222222222222 0.515625 0.3472222222222222 0.51953125 0.3541666666666667 0.521484375 0.3645833333333333 0.513671875 0.3854166666666667 0.513671875 0.3923611111111111 0.505859375 0.4097222222222222 0.505859375 0.4201388888888889 0.501953125 0.4305555555555556 0.501953125 0.4375 0.498046875 0.4444444444444444 0.498046875 0.4513888888888889 0.494140625 0.4652777777777778 0.474609375 0.5034722222222222 0.466796875 0.5104166666666666 0.462890625 0.5104166666666666 0.453125 0.5208333333333334 0.439453125 0.5243055555555556 0.431640625 0.5347222222222222 0.431640625 0.5486111111111112 0.43359375 0.5520833333333334 0.43359375 0.5694444444444444 0.431640625 0.5729166666666666 0.431640625 0.6006944444444444 0.43359375 0.6041666666666666 0.431640625 0.6076388888888888 0.431640625 0.625 0.4453125 0.6458333333333334 0.453125 0.6527777777777778 0.45703125 0.6631944444444444 0.4609375 0.6944444444444444 0.458984375 0.6979166666666666 0.451171875 0.6979166666666666 0.44921875 0.7013888888888888 0.435546875 0.7048611111111112 0.41796875 0.7326388888888888 0.4140625 0.7326388888888888 0.40234375 0.7638888888888888 0.396484375 0.7986111111111112 0.390625 0.8125 0.3828125 0.8159722222222222 0.376953125 0.8263888888888888 0.37109375 0.84375 0.37109375 0.8506944444444444 0.3515625 0.8506944444444444 0.353515625 0.8333333333333334 0.361328125 0.8125 0.36328125 0.7951388888888888 0.3671875 0.7847222222222222 0.3671875 0.7534722222222222 0.369140625 0.75 0.369140625 0.7361111111111112 0.37109375 0.7326388888888888 0.37109375 0.7048611111111112 0.369140625 0.7013888888888888 0.37109375 0.6979166666666666 0.37109375 0.6875 0.369140625 0.6840277777777778 0.369140625 0.6284722222222222 0.3671875 0.625 0.369140625 0.6111111111111112 0.3671875 0.6076388888888888 0.365234375 0.5763888888888888 0.359375 0.5659722222222222 0.357421875 0.5729166666666666 0.353515625 0.5763888888888888 0.349609375 0.5902777777777778 0.341796875 0.5902777777777778 0.3359375 0.5763888888888888 0.337890625 0.5555555555555556 0.349609375 0.5208333333333334 0.349609375 0.4930555555555556 0.3515625 0.4861111111111111 0.361328125 0.4756944444444444 0.373046875 0.4756944444444444 0.37890625 0.46875 0.37890625 0.4513888888888889 0.375 0.4409722222222222 0.375 0.4270833333333333 0.38671875 0.4027777777777778 0.390625 0.3993055555555556 0.41015625 0.3993055555555556 0.4140625 0.4027777777777778 0.423828125 0.4201388888888889 0.423828125 0.4583333333333333 0.42578125 0.4618055555555556 0.439453125 0.4652777777777778 0.447265625 0.4791666666666667 0.45703125 0.4791666666666667 0.484375 0.4340277777777778 0.484375 0.4270833333333333 0.494140625 0.4097222222222222 0.49609375 0.4027777777777778 0.49609375 0.3645833333333333 0.5 0.3506944444444444
2 0.712890625 0.1909722222222222 0.720703125 0.2048611111111111 0.720703125 0.2222222222222222 0.72265625 0.22569444444444445 0.72265625 0.2326388888888889 0.720703125 0.2361111111111111 0.720703125 0.2534722222222222 0.724609375 0.2604166666666667 0.728515625 0.2604166666666667 0.73046875 0.2638888888888889 0.740234375 0.2638888888888889 0.748046875 0.2708333333333333 0.755859375 0.2916666666666667 0.75390625 0.3368055555555556 0.759765625 0.3506944444444444 0.759765625 0.3819444444444444 0.7578125 0.3854166666666667 0.748046875 0.3854166666666667 0.736328125 0.375 0.732421875 0.3784722222222222 0.732421875 0.3854166666666667 0.736328125 0.3958333333333333 0.736328125 0.4340277777777778 0.740234375 0.4444444444444444 0.740234375 0.4513888888888889 0.7421875 0.4548611111111111 0.7421875 0.4722222222222222 0.744140625 0.4756944444444444 0.744140625 0.4930555555555556 0.7421875 0.4965277777777778 0.7421875 0.5347222222222222 0.740234375 0.5381944444444444 0.740234375 0.5902777777777778 0.7421875 0.59375 0.7421875 0.6215277777777778 0.740234375 0.625 0.73828125 0.6736111111111112 0.740234375 0.6805555555555556 0.751953125 0.7013888888888888 0.75390625 0.7013888888888888 0.75 0.7118055555555556 0.73828125 0.7083333333333334 0.7265625 0.6979166666666666 0.72265625 0.6909722222222222 0.7265625 0.6770833333333334 0.7265625 0.6597222222222222 0.724609375 0.65625 0.7265625 0.6527777777777778 0.7265625 0.6423611111111112 0.724609375 0.6388888888888888 0.724609375 0.6215277777777778 0.72265625 0.6180555555555556 0.72265625 0.6006944444444444 0.720703125 0.5972222222222222 0.720703125 0.5555555555555556 0.716796875 0.5451388888888888 0.716796875 0.5243055555555556 0.712890625 0.5104166666666666 0.7109375 0.5104166666666666 0.70703125 0.5208333333333334 0.703125 0.5625 0.69921875 0.5694444444444444 0.69140625 0.5972222222222222 0.69140625 0.6041666666666666 0.681640625 0.6354166666666666 0.681640625 0.6631944444444444 0.685546875 0.6805555555555556 0.685546875 0.7013888888888888 0.68359375 0.7048611111111112 0.67578125 0.7048611111111112 0.671875 0.7013888888888888 0.666015625 0.6736111111111112 0.666015625 0.6597222222222222 0.669921875 0.6493055555555556 0.671875 0.59375 0.6796875 0.5659722222222222 0.6796875 0.5208333333333334 0.677734375 0.5173611111111112 0.677734375 0.4895833333333333 0.6796875 0.4861111111111111 0.6796875 0.4791666666666667 0.67578125 0.4722222222222222 0.67578125 0.4583333333333333 0.6796875 0.4444444444444444 0.681640625 0.4166666666666667 0.666015625 0.3923611111111111 0.666015625 0.3819444444444444 0.662109375 0.3715277777777778 0.662109375 0.3611111111111111 0.6640625 0.3576388888888889 0.6640625 0.3368055555555556 0.666015625 0.3333333333333333 0.666015625 0.3263888888888889 0.6640625 0.3229166666666667 0.6640625 0.2951388888888889 0.66796875 0.2847222222222222 0.6796875 0.2743055555555556 0.68359375 0.2673611111111111 0.681640625 0.2465277777777778 0.6796875 0.24305555555555555 0.6796875 0.2326388888888889 0.685546875 0.20833333333333334 0.6875 0.20833333333333334 0.6953125 0.19444444444444445 0.69921875 0.19444444444444445 0.701171875 0.1909722222222222 0.7109375 0.1909722222222222
2 0.03515625 0.6666666666666666 0.041015625 0.6736111111111112 0.0546875 0.7013888888888888 0.0546875 0.7118055555555556 0.052734375 0.7152777777777778 0.052734375 0.7361111111111112 0.048828125 0.7465277777777778 0.0546875 0.7569444444444444 0.068359375 0.7569444444444444 0.078125 0.7638888888888888 0.0859375 0.7881944444444444 0.083984375 0.7916666666666666 0.083984375 0.8020833333333334 0.095703125 0.8402777777777778 0.099609375 0.8472222222222222 0.099609375 0.8541666666666666 0.1015625 0.8576388888888888 0.1015625 0.9027777777777778 0.09765625 0.9131944444444444 0.0859375 0.9131944444444444 0.083984375 0.9097222222222222 0.083984375 0.9027777777777778 0.08203125 0.8993055555555556 0.08203125 0.875 0.076171875 0.8645833333333334 0.076171875 0.8611111111111112 0.068359375 0.8506944444444444 0.064453125 0.8576388888888888 0.064453125 0.9131944444444444 0.0546875 0.9131944444444444 0.052734375 0.9166666666666666 0.048828125 0.9166666666666666 0.046875 0.9131944444444444 0.00390625 0.9166666666666666 0 0.9131944444444444 0 0.8576388888888888 0.001953125 0.8541666666666666 0 0.8472222222222222 0 0.8020833333333334 0.00390625 0.7951388888888888 0.00390625 0.7881944444444444 0 0.78125 0 0.7604166666666666 0.005859375 0.7569444444444444 0.009765625 0.75 0.009765625 0.7430555555555556 0.00390625 0.7326388888888888 0.005859375 0.7291666666666666 0.005859375 0.7118055555555556 0.00390625 0.7048611111111112 0.01171875 0.6840277777777778 0.01953125 0.6701388888888888 0.0234375 0.6666666666666666 0.033203125 0.6666666666666666
2 0.36328125 0.6041666666666666 0.365234375 0.6076388888888888 0.365234375 0.6319444444444444 0.3671875 0.6354166666666666 0.3671875 0.6631944444444444 0.365234375 0.6666666666666666 0.3671875 0.6736111111111112 0.3671875 0.7395833333333334 0.365234375 0.7430555555555556 0.35546875 0.7430555555555556 0.33984375 0.7326388888888888 0.341796875 0.7256944444444444 0.33984375 0.71875 0.33984375 0.7083333333333334 0.3359375 0.6909722222222222 0.33203125 0.6840277777777778 0.33203125 0.6736111111111112 0.3359375 0.6666666666666666 0.33984375 0.6666666666666666 0.345703125 0.65625 0.345703125 0.6527777777777778 0.349609375 0.6527777777777778 0.353515625 0.6458333333333334 0.353515625 0.6111111111111112 0.361328125 0.6041666666666666
2 0.3046875 0.3263888888888889 0.310546875 0.3368055555555556 0.310546875 0.34375 0.314453125 0.3541666666666667 0.314453125 0.375 0.3125 0.3784722222222222 0.310546875 0.3958333333333333 0.31640625 0.4027777777777778 0.330078125 0.4305555555555556 0.330078125 0.4409722222222222 0.326171875 0.4548611111111111 0.326171875 0.5104166666666666 0.328125 0.5138888888888888 0.328125 0.5347222222222222 0.33203125 0.5520833333333334 0.333984375 0.5902777777777778 0.337890625 0.6006944444444444 0.337890625 0.6111111111111112 0.341796875 0.6284722222222222 0.341796875 0.65625 0.33984375 0.6597222222222222 0.3359375 0.6597222222222222 0.326171875 0.6736111111111112 0.3359375 0.7013888888888888 0.3359375 0.7083333333333334 0.337890625 0.7118055555555556 0.337890625 0.7291666666666666 0.330078125 0.75 0.326171875 0.78125 0.306640625 0.8506944444444444 0.27734375 0.8506944444444444 0.27734375 0.84375 0.275390625 0.8402777777777778 0.275390625 0.8263888888888888 0.271484375 0.8090277777777778 0.271484375 0.7881944444444444 0.26953125 0.7847222222222222 0.26953125 0.7465277777777778 0.2734375 0.7291666666666666 0.2734375 0.6944444444444444 0.26953125 0.6840277777777778 0.26953125 0.6770833333333334 0.265625 0.6631944444444444 0.265625 0.6423611111111112 0.263671875 0.6388888888888888 0.263671875 0.6215277777777778 0.26171875 0.6180555555555556 0.263671875 0.5451388888888888 0.26171875 0.5416666666666666 0.26171875 0.53125 0.259765625 0.5243055555555556 0.25390625 0.5173611111111112 0.25 0.5069444444444444 0.248046875 0.4861111111111111 0.24609375 0.4826388888888889 0.24609375 0.4652777777777778 0.2421875 0.4513888888888889 0.2421875 0.4375 0.240234375 0.4340277777777778 0.2421875 0.4166666666666667 0.24609375 0.4097222222222222 0.265625 0.3923611111111111 0.26953125 0.3784722222222222 0.26953125 0.34375 0.27734375 0.3263888888888889 0.28515625 0.3194444444444444 0.298828125 0.3194444444444444 0.302734375 0.3263888888888889
2 0.40625 0.125 0.412109375 0.13194444444444445 0.41796875 0.14930555555555555 0.41796875 0.1840277777777778 0.416015625 0.1875 0.416015625 0.19444444444444445 0.419921875 0.2013888888888889 0.4375 0.20833333333333334 0.443359375 0.21875 0.443359375 0.25 0.4453125 0.2534722222222222 0.4453125 0.2673611111111111 0.447265625 0.2708333333333333 0.447265625 0.2847222222222222 0.44921875 0.2881944444444444 0.44921875 0.3263888888888889 0.44140625 0.3541666666666667 0.4296875 0.3715277777777778 0.4296875 0.4097222222222222 0.427734375 0.4166666666666667 0.42578125 0.4201388888888889 0.4140625 0.3993055555555556 0.404296875 0.3923611111111111 0.39453125 0.3923611111111111 0.384765625 0.3993055555555556 0.373046875 0.4201388888888889 0.373046875 0.4270833333333333 0.37109375 0.4305555555555556 0.376953125 0.4583333333333333 0.373046875 0.46875 0.36328125 0.46875 0.36328125 0.4444444444444444 0.3671875 0.4305555555555556 0.3671875 0.4166666666666667 0.37890625 0.3715277777777778 0.37890625 0.3611111111111111 0.376953125 0.3541666666666667 0.373046875 0.3472222222222222 0.359375 0.375 0.359375 0.3993055555555556 0.349609375 0.40625 0.345703125 0.3993055555555556 0.345703125 0.3888888888888889 0.34765625 0.3854166666666667 0.349609375 0.3611111111111111 0.35546875 0.34375 0.35546875 0.3333333333333333 0.3671875 0.2916666666666667 0.3671875 0.2777777777777778 0.369140625 0.2743055555555556 0.3671875 0.2361111111111111 0.37109375 0.2222222222222222 0.384765625 0.2048611111111111 0.376953125 0.19444444444444445 0.376953125 0.1875 0.375 0.1840277777777778 0.375 0.16666666666666666 0.376953125 0.16319444444444445 0.37890625 0.1423611111111111 0.380859375 0.13541666666666666 0.388671875 0.125 0.39453125 0.125 0.396484375 0.12152777777777778 0.404296875 0.125
2 0.58984375 0.3194444444444444 0.603515625 0.3402777777777778 0.603515625 0.3611111111111111 0.60546875 0.3645833333333333 0.60546875 0.3715277777777778 0.603515625 0.375 0.603515625 0.3993055555555556 0.609375 0.4097222222222222 0.626953125 0.4097222222222222 0.630859375 0.4131944444444444 0.63671875 0.4270833333333333 0.63671875 0.4444444444444444 0.634765625 0.4479166666666667 0.634765625 0.4756944444444444 0.63671875 0.4791666666666667 0.63671875 0.4895833333333333 0.640625 0.5 0.642578125 0.5138888888888888 0.650390625 0.5347222222222222 0.650390625 0.5416666666666666 0.654296875 0.5555555555555556 0.654296875 0.5659722222222222 0.65625 0.5694444444444444 0.65625 0.5798611111111112 0.658203125 0.5833333333333334 0.658203125 0.6006944444444444 0.6640625 0.6111111111111112 0.6640625 0.6180555555555556 0.666015625 0.6215277777777778 0.666015625 0.6493055555555556 0.662109375 0.6597222222222222 0.662109375 0.6666666666666666 0.658203125 0.6666666666666666 0.65625 0.6631944444444444 0.65625 0.6423611111111112 0.65234375 0.6284722222222222 0.650390625 0.6076388888888888 0.646484375 0.6006944444444444 0.623046875 0.5173611111111112 0.619140625 0.5104166666666666 0.61328125 0.5173611111111112 0.615234375 0.6041666666666666 0.619140625 0.6145833333333334 0.619140625 0.6770833333333334 0.6171875 0.6805555555555556 0.6171875 0.7013888888888888 0.615234375 0.7048611111111112 0.615234375 0.7118055555555556 0.619140625 0.7222222222222222 0.619140625 0.7395833333333334 0.62109375 0.7430555555555556 0.62109375 0.7777777777777778 0.619140625 0.78125 0.619140625 0.8090277777777778 0.6171875 0.8125 0.62109375 0.8506944444444444 0.60546875 0.8506944444444444 0.603515625 0.84375 0.603515625 0.7916666666666666 0.6015625 0.7881944444444444 0.6015625 0.7708333333333334 0.599609375 0.7673611111111112 0.599609375 0.75 0.59765625 0.7465277777777778 0.59765625 0.7222222222222222 0.591796875 0.7013888888888888 0.591796875 0.6805555555555556 0.58984375 0.6770833333333334 0.58984375 0.6631944444444444 0.587890625 0.6597222222222222 0.58203125 0.6666666666666666 0.576171875 0.6909722222222222 0.576171875 0.7152777777777778 0.57421875 0.71875 0.57421875 0.7326388888888888 0.572265625 0.7361111111111112 0.572265625 0.7534722222222222 0.5703125 0.7569444444444444 0.5703125 0.7743055555555556 0.568359375 0.7777777777777778 0.568359375 0.8020833333333334 0.56640625 0.8055555555555556 0.56640625 0.8506944444444444 0.556640625 0.8506944444444444 0.5546875 0.8472222222222222 0.5546875 0.8368055555555556 0.552734375 0.8333333333333334 0.55078125 0.8090277777777778 0.548828125 0.8055555555555556 0.548828125 0.7916666666666666 0.544921875 0.7743055555555556 0.544921875 0.7291666666666666 0.546875 0.7256944444444444 0.544921875 0.7222222222222222 0.544921875 0.6736111111111112 0.546875 0.6701388888888888 0.546875 0.6284722222222222 0.55078125 0.6145833333333334 0.55078125 0.5277777777777778 0.552734375 0.5243055555555556 0.552734375 0.5104166666666666 0.548828125 0.5069444444444444 0.544921875 0.5138888888888888 0.544921875 0.5208333333333334 0.541015625 0.5347222222222222 0.541015625 0.5451388888888888 0.537109375 0.5555555555555556 0.537109375 0.5763888888888888 0.5390625 0.5798611111111112 0.537109375 0.59375 0.52734375 0.59375 0.5234375 0.5868055555555556 0.5234375 0.5486111111111112 0.521484375 0.5451388888888888 0.521484375 0.53125 0.53515625 0.46875 0.53515625 0.4513888888888889 0.533203125 0.4479166666666667 0.533203125 0.4409722222222222 0.53515625 0.4375 0.537109375 0.4166666666666667 0.5390625 0.4097222222222222 0.544921875 0.4027777777777778 0.560546875 0.4027777777777778 0.564453125 0.3958333333333333 0.5625 0.3541666666666667 0.564453125 0.3506944444444444 0.564453125 0.3402777777777778 0.56640625 0.3333333333333333 0.578125 0.3194444444444444 0.587890625 0.3194444444444444
2 0.48828125 0.6076388888888888 0.4921875 0.6111111111111112 0.50390625 0.6354166666666666 0.50390625 0.6666666666666666 0.5 0.6770833333333334 0.498046875 0.6909722222222222 0.501953125 0.6979166666666666 0.521484375 0.6979166666666666 0.529296875 0.7048611111111112 0.53515625 0.71875 0.53515625 0.7256944444444444 0.537109375 0.7291666666666666 0.53515625 0.7569444444444444 0.541015625 0.7708333333333334 0.541015625 0.78125 0.544921875 0.7916666666666666 0.544921875 0.8125 0.552734375 0.84375 0.552734375 0.8506944444444444 0.53515625 0.8506944444444444 0.53125 0.84375 0.529296875 0.8298611111111112 0.5234375 0.8159722222222222 0.521484375 0.8194444444444444 0.521484375 0.8506944444444444 0.51953125 0.8541666666666666 0.44921875 0.8541666666666666 0.443359375 0.8402777777777778 0.439453125 0.8506944444444444 0.427734375 0.8506944444444444 0.423828125 0.8402777777777778 0.423828125 0.8298611111111112 0.42578125 0.8263888888888888 0.42578125 0.7881944444444444 0.427734375 0.7847222222222222 0.4296875 0.75 0.42578125 0.7465277777777778 0.421875 0.7361111111111112 0.431640625 0.7152777777777778 0.439453125 0.7083333333333334 0.455078125 0.7048611111111112 0.46484375 0.6979166666666666 0.46484375 0.6875 0.458984375 0.6631944444444444 0.458984375 0.6423611111111112 0.4609375 0.6388888888888888 0.4609375 0.6319444444444444 0.462890625 0.625 0.47265625 0.6111111111111112 0.4765625 0.6076388888888888 0.486328125 0.6076388888888888
2 0.6328125 0 0.689453125 0 0.689453125 0.006944444444444444 0.69140625 0.010416666666666666 0.693359375 0.0625 0.697265625 0.07291666666666667 0.69921875 0.09375 0.701171875 0.09722222222222222 0.701171875 0.12152777777777778 0.71484375 0.16319444444444445 0.71484375 0.18055555555555555 0.712890625 0.1840277777777778 0.701171875 0.1840277777777778 0.69921875 0.18055555555555555 0.681640625 0.20833333333333334 0.677734375 0.2222222222222222 0.677734375 0.22916666666666666 0.673828125 0.2361111111111111 0.67578125 0.23958333333333334 0.677734375 0.2673611111111111 0.671875 0.2708333333333333 0.66015625 0.2951388888888889 0.66015625 0.3541666666666667 0.658203125 0.3576388888888889 0.65234375 0.3576388888888889 0.650390625 0.3541666666666667 0.646484375 0.3402777777777778 0.646484375 0.3333333333333333 0.642578125 0.3229166666666667 0.642578125 0.3125 0.62890625 0.2777777777777778 0.62890625 0.2465277777777778 0.634765625 0.2222222222222222 0.63671875 0.1875 0.634765625 0.1840277777777778 0.62890625 0.1909722222222222 0.625 0.1909722222222222 0.607421875 0.22569444444444445 0.59765625 0.22569444444444445 0.59375 0.21875 0.59375 0.21180555555555555 0.6015625 0.19791666666666666 0.6015625 0.19444444444444445 0.607421875 0.1875 0.611328125 0.1875 0.623046875 0.1736111111111111 0.630859375 0.1597222222222222 0.63671875 0.15625 0.642578125 0.14583333333333334 0.646484375 0.13194444444444445 0.646484375 0.12152777777777778 0.64453125 0.11805555555555555 0.64453125 0.08680555555555555 0.642578125 0.08333333333333333 0.642578125 0.017361111111111112 0.634765625 0.010416666666666666 0.6328125 0.003472222222222222