0 0.71484375 0.21180555555555555 0.720703125 0.2222222222222222 0.720703125 0.2326388888888889 0.708984375 0.2465277777777778 0.703125 0.24305555555555555 0.703125 0.21875 0.70703125 0.21180555555555555 0.712890625 0.21180555555555555
0 0.541015625 0.4444444444444444 0.546875 0.4548611111111111 0.546875 0.4618055555555556 0.5390625 0.4826388888888889 0.53125 0.4826388888888889 0.52734375 0.4756944444444444 0.52734375 0.4548611111111111 0.533203125 0.4444444444444444 0.5390625 0.4444444444444444
0 0.6239583333333333 0.20879629629629629 0.019791666666666666 0.03240740740740741
0 0.650390625 0.19444444444444445 0.658203125 0.2048611111111111 0.658203125 0.21875 0.650390625 0.22916666666666666 0.642578125 0.2222222222222222 0.642578125 0.2048611111111111 0.6484375 0.19791666666666666
0 0.744140625 0.2777777777777778 0.75 0.2881944444444444 0.75 0.3020833333333333 0.744140625 0.3090277777777778 0.734375 0.3090277777777778 0.73046875 0.2986111111111111 0.732421875 0.2847222222222222 0.736328125 0.2777777777777778 0.7421875 0.2777777777777778
0 0.61171875 0.2685185185185185 0.021354166666666667 0.0462962962962963
0 0.4765625 0.2222222222222222 0.4765625 0.2048611111111111 0.484375 0.19444444444444445 0.490234375 0.19444444444444445 0.49609375 0.2048611111111111 0.49609375 0.21875 0.4921875 0.22916666666666666 0.48046875 0.22569444444444445 0.478515625 0.2222222222222222
0 0.529296875 0.3958333333333333 0.537109375 0.3958333333333333 0.53515625 0.3993055555555556 0.533203125 0.4166666666666667 0.529296875 0.4166666666666667 0.529296875 0.40625 0.52734375 0.4027777777777778 0.529296875 0.3993055555555556
0 0.58828125 0.14305555555555557 0.018229166666666668 0.03425925925925926
0 0.453125 0.3645833333333333 0.453125 0.3472222222222222 0.45703125 0.3402777777777778 0.466796875 0.3402777777777778 0.470703125 0.3472222222222222 0.470703125 0.3645833333333333 0.466796875 0.3715277777777778 0.455078125 0.3645833333333333
0 0.509765625 0.22569444444444445 0.513671875 0.2326388888888889 0.513671875 0.2465277777777778 0.515625 0.25 0.515625 0.2569444444444444 0.51171875 0.2638888888888889 0.509765625 0.2638888888888889 0.50390625 0.2534722222222222 0.5 0.2534722222222222 0.494140625 0.24305555555555555 0.494140625 0.2326388888888889 0.5 0.2222222222222222 0.505859375 0.2222222222222222 0.5078125 0.22569444444444445
0 0.083984375 0.4236111111111111 0.087890625 0.4270833333333333 0.08984375 0.4340277777777778 0.08984375 0.4479166666666667 0.087890625 0.4548611111111111 0.072265625 0.4513888888888889 0.0703125 0.4479166666666667 0.0703125 0.4375 0.072265625 0.4305555555555556 0.076171875 0.4236111111111111 0.08203125 0.4236111111111111
0 0.767578125 0.2534722222222222 0.771484375 0.2569444444444444 0.7734375 0.2708333333333333 0.763671875 0.2847222222222222 0.755859375 0.2777777777777778 0.755859375 0.2604166666666667 0.759765625 0.2534722222222222 0.765625 0.2534722222222222
0 0.5546875 0.4375 0.564453125 0.4375 0.56640625 0.4409722222222222 0.56640625 0.4583333333333333 0.560546875 0.4652777777777778 0.55859375 0.4618055555555556 0.5546875 0.4618055555555556 0.552734375 0.4548611111111111 0.552734375 0.4444444444444444 0.5546875 0.4409722222222222
0 0.4947916666666667 0.487037037037037 0.021875 0.03148148148148148
0 0.61015625 0.18796296296296297 0.018229166666666668 0.04074074074074074
0 0.63671875 0.25 0.646484375 0.2604166666666667 0.64453125 0.2708333333333333 0.63671875 0.28125 0.62890625 0.28125 0.625 0.2708333333333333 0.625 0.2604166666666667 0.62890625 0.2534722222222222 0.634765625 0.25
0 0.6171875 0.3263888888888889 0.62109375 0.3333333333333333 0.62109375 0.3541666666666667 0.61328125 0.3645833333333333 0.607421875 0.3645833333333333 0.603515625 0.3576388888888889 0.603515625 0.3402777777777778 0.609375 0.3263888888888889 0.615234375 0.3263888888888889
1 0.708984375 0.3055555555555556 0.708984375 0.2986111111111111 0.712890625 0.2881944444444444 0.712890625 0.2777777777777778 0.708984375 0.2638888888888889 0.708984375 0.25 0.71875 0.2361111111111111 0.724609375 0.2361111111111111 0.73046875 0.25 0.73046875 0.2673611111111111 0.732421875 0.2708333333333333 0.732421875 0.2777777777777778 0.728515625 0.2916666666666667 0.728515625 0.3020833333333333 0.73046875 0.3090277777777778 0.728515625 0.3125 0.72265625 0.3125 0.71875 0.3159722222222222 0.7109375 0.3055555555555556
1 0.55078125 0.3958333333333333 0.55859375 0.4027777777777778 0.55859375 0.40625 0.564453125 0.4166666666666667 0.564453125 0.4236111111111111 0.55859375 0.4270833333333333 0.552734375 0.4375 0.552734375 0.4479166666666667 0.55078125 0.4548611111111111 0.5390625 0.4375 0.541015625 0.4166666666666667 0.5390625 0.4131944444444444 0.533203125 0.4236111111111111 0.53125 0.4201388888888889 0.533203125 0.3993055555555556 0.53515625 0.3958333333333333 0.548828125 0.3958333333333333
1 0.546875 0.4583333333333333 0.564453125 0.4756944444444444 0.564453125 0.4826388888888889 0.560546875 0.4791666666666667 0.552734375 0.4895833333333333 0.55078125 0.5034722222222222 0.546875 0.5 0.541015625 0.5104166666666666 0.541015625 0.5138888888888888 0.5390625 0.5138888888888888 0.53515625 0.5069444444444444 0.529296875 0.5034722222222222 0.5234375 0.4861111111111111 0.5234375 0.46875 0.525390625 0.46875 0.525390625 0.4722222222222222 0.53125 0.4826388888888889 0.537109375 0.4826388888888889 0.546875 0.4618055555555556
1 0.58203125 0.3680555555555556 0.587890625 0.3784722222222222 0.587890625 0.3888888888888889 0.58984375 0.3923611111111111 0.587890625 0.4097222222222222 0.583984375 0.4166666666666667 0.58203125 0.4305555555555556 0.568359375 0.4236111111111111 0.56640625 0.4166666666666667 0.55078125 0.3923611111111111 0.552734375 0.3854166666666667 0.55859375 0.3854166666666667 0.560546875 0.3888888888888889 0.572265625 0.3888888888888889 0.576171875 0.3784722222222222 0.5703125 0.3715277777777778 0.57421875 0.3680555555555556 0.580078125 0.3680555555555556
1 0.7578125 0.3055555555555556 0.76171875 0.3125 0.763671875 0.3263888888888889 0.7578125 0.3506944444444444 0.755859375 0.3784722222222222 0.75 0.3784722222222222 0.748046875 0.3819444444444444 0.734375 0.3819444444444444 0.732421875 0.3784722222222222 0.73046875 0.3715277777777778 0.732421875 0.3645833333333333 0.732421875 0.34375 0.7265625 0.3368055555555556 0.7265625 0.3194444444444444 0.732421875 0.3125 0.744140625 0.3125 0.75 0.3055555555555556 0.755859375 0.3055555555555556
1 0.599609375 0.2986111111111111 0.599609375 0.28125 0.6015625 0.2777777777777778 0.603515625 0.2777777777777778 0.603515625 0.28125 0.609375 0.2916666666666667 0.61328125 0.2916666666666667 0.62109375 0.2777777777777778 0.623046875 0.2777777777777778 0.630859375 0.2951388888888889 0.62890625 0.2986111111111111 0.626953125 0.3298611111111111 0.623046875 0.3333333333333333 0.61328125 0.3263888888888889 0.607421875 0.3055555555555556 0.6015625 0.2986111111111111
1 0.658203125 0.4409722222222222 0.65625 0.4375 0.65234375 0.4375 0.64453125 0.4479166666666667 0.640625 0.4340277777777778 0.640625 0.4236111111111111 0.642578125 0.4201388888888889 0.642578125 0.4131944444444444 0.638671875 0.4027777777777778 0.640625 0.3888888888888889 0.64453125 0.3819444444444444 0.650390625 0.3819444444444444 0.65234375 0.3784722222222222 0.658203125 0.3784722222222222 0.662109375 0.3854166666666667 0.662109375 0.4375 0.66015625 0.4375
1 0.474609375 0.2152777777777778 0.48046875 0.22569444444444445 0.484375 0.22569444444444445 0.490234375 0.2326388888888889 0.482421875 0.23958333333333334 0.474609375 0.2534722222222222 0.470703125 0.24305555555555555 0.470703125 0.22569444444444445 0.47265625 0.21875
1 0.466796875 0.4826388888888889 0.470703125 0.4826388888888889 0.478515625 0.4722222222222222 0.482421875 0.4722222222222222 0.484375 0.46875 0.494140625 0.46875 0.494140625 0.4756944444444444 0.490234375 0.4756944444444444 0.484375 0.4861111111111111 0.484375 0.4895833333333333 0.4921875 0.5034722222222222 0.4921875 0.5104166666666666 0.49609375 0.5208333333333334 0.4921875 0.5347222222222222 0.46875 0.53125 0.4609375 0.5138888888888888 0.46484375 0.5034722222222222 0.46484375 0.4930555555555556 0.466796875 0.4861111111111111
1 0.625 0.3611111111111111 0.62890625 0.3680555555555556 0.62890625 0.3819444444444444 0.626953125 0.3854166666666667 0.626953125 0.3923611111111111 0.623046875 0.3993055555555556 0.623046875 0.4097222222222222 0.625 0.4131944444444444 0.623046875 0.4270833333333333 0.619140625 0.4236111111111111 0.615234375 0.4236111111111111 0.61328125 0.4270833333333333 0.60546875 0.4236111111111111 0.6015625 0.4305555555555556 0.599609375 0.4236111111111111 0.599609375 0.4027777777777778 0.59375 0.3888888888888889 0.59375 0.3680555555555556 0.599609375 0.3611111111111111 0.60546875 0.3611111111111111 0.607421875 0.3645833333333333 0.623046875 0.3611111111111111
1 0.0703125 0.4548611111111111 0.072265625 0.4583333333333333 0.087890625 0.4583333333333333 0.095703125 0.4652777777777778 0.09765625 0.4722222222222222 0.095703125 0.4826388888888889 0.087890625 0.4965277777777778 0.087890625 0.5034722222222222 0.08984375 0.5069444444444444 0.08984375 0.53125 0.087890625 0.5381944444444444 0.083984375 0.5416666666666666 0.08203125 0.5381944444444444 0.078125 0.5381944444444444 0.076171875 0.5416666666666666 0.072265625 0.5381944444444444 0.064453125 0.5381944444444444 0.064453125 0.5138888888888888 0.0625 0.5104166666666666 0.060546875 0.4583333333333333 0.0625 0.4548611111111111 0.068359375 0.4548611111111111
1 0.578125 0.14930555555555555 0.58203125 0.1527777777777778 0.5859375 0.16319444444444445 0.58984375 0.16319444444444445 0.59375 0.1527777777777778 0.59765625 0.14930555555555555 0.609375 0.14930555555555555 0.611328125 0.1527777777777778 0.611328125 0.16666666666666666 0.60546875 0.1701388888888889 0.599609375 0.18055555555555555 0.599609375 0.19444444444444445 0.59375 0.20833333333333334 0.599609375 0.2222222222222222 0.591796875 0.22916666666666666 0.58203125 0.22916666666666666 0.580078125 0.22569444444444445 0.580078125 0.1909722222222222 0.578125 0.1875 0.578125 0.17708333333333334 0.57421875 0.1701388888888889 0.57421875 0.1527777777777778 0.576171875 0.1527777777777778
1 0.453125 0.3645833333333333 0.46484375 0.375 0.46484375 0.3993055555555556 0.462890625 0.40625 0.462890625 0.4027777777777778 0.45703125 0.3923611111111111 0.44921875 0.3993055555555556 0.44921875 0.40625 0.451171875 0.4097222222222222 0.44921875 0.4131944444444444 0.451171875 0.4375 0.439453125 0.4375 0.439453125 0.3923611111111111 0.44140625 0.3888888888888889 0.44140625 0.3784722222222222 0.4453125 0.3680555555555556 0.451171875 0.3645833333333333
1 0.498046875 0.25 0.505859375 0.2569444444444444 0.509765625 0.2673611111111111 0.509765625 0.2743055555555556 0.505859375 0.28125 0.501953125 0.28125 0.49609375 0.2916666666666667 0.5 0.3090277777777778 0.498046875 0.3229166666666667 0.4921875 0.3229166666666667 0.486328125 0.3159722222222222 0.478515625 0.3159722222222222 0.4765625 0.3125 0.474609375 0.3159722222222222 0.470703125 0.3159722222222222 0.470703125 0.3055555555555556 0.47265625 0.3020833333333333 0.47265625 0.2673611111111111 0.4765625 0.2569444444444444 0.4765625 0.25 0.48828125 0.2361111111111111 0.490234375 0.2361111111111111 0.49609375 0.25
1 0.77734375 0.2708333333333333 0.779296875 0.2743055555555556 0.779296875 0.28125 0.783203125 0.2881944444444444 0.783203125 0.3298611111111111 0.78515625 0.3333333333333333 0.78515625 0.34375 0.775390625 0.34375 0.7734375 0.3402777777777778 0.7734375 0.3159722222222222 0.76953125 0.3090277777777778 0.763671875 0.3090277777777778 0.76171875 0.3055555555555556 0.76171875 0.2881944444444444 0.775390625 0.2708333333333333
1 0.625 0.2777777777777778 0.626953125 0.2847222222222222 0.62890625 0.3194444444444444 0.62109375 0.3541666666666667 0.611328125 0.3541666666666667 0.603515625 0.3472222222222222 0.60546875 0.34375 0.60546875 0.3263888888888889 0.599609375 0.3194444444444444 0.599609375 0.2951388888888889 0.59765625 0.2916666666666667 0.6015625 0.2777777777777778 0.603515625 0.2777777777777778 0.603515625 0.28125 0.609375 0.2916666666666667 0.61328125 0.2916666666666667 0.62109375 0.2777777777777778 0.623046875 0.2777777777777778
1 0.62109375 0.19444444444444445 0.626953125 0.1909722222222222 0.62890625 0.19444444444444445 0.6328125 0.19444444444444445 0.634765625 0.2013888888888889 0.634765625 0.22916666666666666 0.630859375 0.2361111111111111 0.62890625 0.2465277777777778 0.625 0.25 0.607421875 0.24305555555555555 0.60546875 0.23958333333333334 0.60546875 0.22916666666666666 0.59765625 0.21180555555555555 0.59765625 0.2048611111111111 0.599609375 0.2013888888888889 0.603515625 0.2013888888888889 0.609375 0.20833333333333334 0.61328125 0.20833333333333334 0.61328125 0.21180555555555555 0.619140625 0.2222222222222222 0.626953125 0.2222222222222222 0.630859375 0.2152777777777778 0.630859375 0.2048611111111111 0.623046875 0.19444444444444445
1 0.66015625 0.2222222222222222 0.666015625 0.2361111111111111 0.666015625 0.2638888888888889 0.66796875 0.2673611111111111 0.66796875 0.28125 0.6640625 0.2777777777777778 0.6640625 0.2534722222222222 0.662109375 0.25 0.658203125 0.2569444444444444 0.65234375 0.2604166666666667 0.6484375 0.2534722222222222 0.63671875 0.2465277777777778 0.642578125 0.2361111111111111 0.646484375 0.2361111111111111 0.658203125 0.2222222222222222
1 0.65625 0.2777777777777778 0.658203125 0.28125 0.658203125 0.3159722222222222 0.654296875 0.3263888888888889 0.654296875 0.3368055555555556 0.65234375 0.3402777777777778 0.63671875 0.3402777777777778 0.63671875 0.3159722222222222 0.62890625 0.3020833333333333 0.62890625 0.2916666666666667 0.640625 0.2777777777777778 0.654296875 0.2777777777777778
2 0.54296875 0.3923611111111111 0.55859375 0.4027777777777778 0.5703125 0.4270833333333333 0.580078125 0.4340277777777778 0.58203125 0.4409722222222222 0.595703125 0.4652777777777778 0.59765625 0.4652777777777778 0.59765625 0.4791666666666667 0.595703125 0.4826388888888889 0.5859375 0.4826388888888889 0.583984375 0.4861111111111111 0.578125 0.4861111111111111 0.576171875 0.4826388888888889 0.5703125 0.4826388888888889 0.56640625 0.4791666666666667 0.56640625 0.4722222222222222 0.5625 0.4652777777777778 0.564453125 0.4618055555555556 0.564453125 0.4548611111111111 0.5625 0.4513888888888889 0.564453125 0.4513888888888889 0.56640625 0.4444444444444444 0.5625 0.4375 0.556640625 0.4444444444444444 0.556640625 0.4513888888888889 0.5546875 0.4548611111111111 0.546875 0.4513888888888889 0.541015625 0.4409722222222222 0.53125 0.4409722222222222 0.533203125 0.4236111111111111 0.529296875 0.4131944444444444 0.529296875 0.3993055555555556 0.53125 0.3958333333333333 0.537109375 0.3958333333333333 0.541015625 0.3923611111111111
2 0.6015625 0.2152777777777778 0.60546875 0.20833333333333334 0.61328125 0.2048611111111111 0.6171875 0.19444444444444445 0.630859375 0.19444444444444445 0.634765625 0.2048611111111111 0.634765625 0.22916666666666666 0.630859375 0.2361111111111111 0.62890625 0.2465277777777778 0.62109375 0.25 0.61328125 0.24305555555555555 0.607421875 0.24305555555555555 0.60546875 0.23958333333333334 0.60546875 0.2222222222222222 0.603515625 0.21875
2 0.61328125 0.2465277777777778 0.615234375 0.25 0.619140625 0.25 0.623046875 0.2569444444444444 0.62109375 0.2881944444444444 0.626953125 0.2986111111111111 0.626953125 0.3055555555555556 0.62890625 0.3090277777777778 0.62890625 0.3194444444444444 0.626953125 0.3229166666666667 0.626953125 0.3333333333333333 0.623046875 0.34375 0.623046875 0.3541666666666667 0.611328125 0.3541666666666667 0.609375 0.3506944444444444 0.591796875 0.3541666666666667 0.591796875 0.3472222222222222 0.595703125 0.3333333333333333 0.595703125 0.3194444444444444 0.59765625 0.3159722222222222 0.59765625 0.3020833333333333 0.599609375 0.2986111111111111 0.59765625 0.2916666666666667 0.599609375 0.2881944444444444 0.6015625 0.2638888888888889 0.60546875 0.25 0.611328125 0.2465277777777778
2 0.5859375 0.3715277777777778 0.58984375 0.3854166666666667 0.58984375 0.4027777777777778 0.583984375 0.4201388888888889 0.583984375 0.4270833333333333 0.58203125 0.4305555555555556 0.583984375 0.4340277777777778 0.572265625 0.4236111111111111 0.568359375 0.4236111111111111 0.5546875 0.3958333333333333 0.55078125 0.3923611111111111 0.544921875 0.3923611111111111 0.54296875 0.3888888888888889 0.537109375 0.3888888888888889 0.537109375 0.3854166666666667 0.546875 0.3854166666666667 0.55859375 0.375 0.564453125 0.375 0.572265625 0.3680555555555556 0.58203125 0.3680555555555556 0.583984375 0.3715277777777778
2 0.529296875 0.3958333333333333 0.53515625 0.3958333333333333 0.537109375 0.3923611111111111 0.55078125 0.3958333333333333 0.564453125 0.4166666666666667 0.564453125 0.4236111111111111 0.5625 0.4236111111111111 0.552734375 0.4409722222222222 0.552734375 0.4513888888888889 0.55078125 0.4548611111111111 0.546875 0.4548611111111111 0.541015625 0.4479166666666667 0.53515625 0.4479166666666667 0.52734375 0.4618055555555556 0.529296875 0.4652777777777778 0.5234375 0.4756944444444444 0.5234375 0.4791666666666667 0.529296875 0.4861111111111111 0.529296875 0.4930555555555556 0.53125 0.4965277777777778 0.529296875 0.5034722222222222 0.51953125 0.4826388888888889 0.513671875 0.4895833333333333 0.509765625 0.4895833333333333 0.5078125 0.4861111111111111 0.5078125 0.4756944444444444 0.517578125 0.4652777777777778 0.521484375 0.4513888888888889 0.53125 0.4375 0.529296875 0.3993055555555556
2 0.744140625 0.2777777777777778 0.75 0.2881944444444444 0.75 0.3020833333333333 0.751953125 0.3055555555555556 0.7578125 0.3055555555555556 0.763671875 0.3194444444444444 0.763671875 0.3368055555555556 0.7578125 0.3506944444444444 0.7578125 0.3715277777777778 0.755859375 0.375 0.7578125 0.3923611111111111 0.75390625 0.4097222222222222 0.75390625 0.4236111111111111 0.755859375 0.4270833333333333 0.7578125 0.4513888888888889 0.759765625 0.4548611111111111 0.759765625 0.4652777777777778 0.76171875 0.46875 0.76171875 0.4861111111111111 0.75390625 0.4930555555555556 0.75390625 0.5034722222222222 0.751953125 0.5069444444444444 0.75 0.5034722222222222 0.744140625 0.5034722222222222 0.740234375 0.4965277777777778 0.74609375 0.4861111111111111 0.744140625 0.4826388888888889 0.744140625 0.4722222222222222 0.7421875 0.46875 0.7421875 0.4583333333333333 0.73828125 0.4444444444444444 0.736328125 0.4270833333333333 0.73046875 0.40625 0.73046875 0.3819444444444444 0.7265625 0.375 0.72265625 0.3784722222222222 0.71875 0.3923611111111111 0.71875 0.4097222222222222 0.712890625 0.4131944444444444 0.712890625 0.3993055555555556 0.716796875 0.3888888888888889 0.720703125 0.3854166666666667 0.720703125 0.3645833333333333 0.7265625 0.3402777777777778 0.724609375 0.3263888888888889 0.7265625 0.3194444444444444 0.732421875 0.3125 0.732421875 0.2847222222222222 0.736328125 0.2777777777777778 0.7421875 0.2777777777777778
2 0.498046875 0.4722222222222222 0.50390625 0.4791666666666667 0.501953125 0.5104166666666666 0.505859375 0.5173611111111112 0.505859375 0.53125 0.498046875 0.5381944444444444 0.5 0.5416666666666666 0.5 0.5486111111111112 0.498046875 0.5520833333333334 0.474609375 0.5520833333333334 0.470703125 0.5486111111111112 0.466796875 0.5381944444444444 0.45703125 0.5381944444444444 0.4609375 0.5243055555555556 0.4609375 0.5104166666666666 0.462890625 0.5069444444444444 0.46484375 0.4895833333333333 0.46875 0.4791666666666667 0.47265625 0.4791666666666667 0.484375 0.46875 0.494140625 0.46875 0.49609375 0.4722222222222222
2 0.560546875 0.4409722222222222 0.5625 0.4444444444444444 0.560546875 0.4513888888888889 0.564453125 0.4583333333333333 0.560546875 0.4583333333333333 0.556640625 0.4652777777777778 0.544921875 0.4618055555555556 0.54296875 0.46875 0.544921875 0.4722222222222222 0.556640625 0.4722222222222222 0.55859375 0.4791666666666667 0.568359375 0.4861111111111111 0.568359375 0.5069444444444444 0.580078125 0.5381944444444444 0.58984375 0.5555555555555556 0.591796875 0.5555555555555556 0.595703125 0.5694444444444444 0.58984375 0.5763888888888888 0.578125 0.5520833333333334 0.57421875 0.5520833333333334 0.572265625 0.5555555555555556 0.57421875 0.5625 0.57421875 0.5694444444444444 0.572265625 0.5729166666666666 0.564453125 0.5659722222222222 0.544921875 0.5625 0.533203125 0.5520833333333334 0.53125 0.5416666666666666 0.5390625 0.5277777777777778 0.5390625 0.5173611111111112 0.53515625 0.5 0.54296875 0.4895833333333333 0.544921875 0.4930555555555556 0.55078125 0.4930555555555556 0.552734375 0.4895833333333333 0.552734375 0.4826388888888889 0.55078125 0.4791666666666667 0.546875 0.4791666666666667 0.544921875 0.4826388888888889 0.529296875 0.4791666666666667 0.529296875 0.4548611111111111 0.537109375 0.4513888888888889 0.552734375 0.4618055555555556 0.556640625 0.4548611111111111 0.556640625 0.4479166666666667 0.55859375 0.4444444444444444
2 0.623046875 0.3576388888888889 0.62890625 0.3680555555555556 0.62890625 0.3854166666666667 0.625 0.3958333333333333 0.625 0.4201388888888889 0.626953125 0.4236111111111111 0.626953125 0.4340277777777778 0.623046875 0.4444444444444444 0.623046875 0.4548611111111111 0.625 0.4618055555555556 0.623046875 0.4652777777777778 0.623046875 0.4791666666666667 0.619140625 0.4930555555555556 0.619140625 0.5243055555555556 0.615234375 0.5347222222222222 0.615234375 0.5590277777777778 0.61328125 0.5625 0.609375 0.5625 0.607421875 0.5590277777777778 0.609375 0.5520833333333334 0.609375 0.53125 0.6015625 0.5243055555555556 0.6015625 0.5138888888888888 0.603515625 0.5069444444444444 0.6015625 0.5034722222222222 0.6015625 0.4826388888888889 0.599609375 0.4791666666666667 0.599609375 0.4722222222222222 0.6015625 0.46875 0.6015625 0.4618055555555556 0.599609375 0.4583333333333333 0.599609375 0.4201388888888889 0.595703125 0.4131944444444444 0.5859375 0.4340277777777778 0.583984375 0.4340277777777778 0.583984375 0.4305555555555556 0.59375 0.3923611111111111 0.59375 0.3784722222222222 0.591796875 0.375 0.59375 0.3680555555555556 0.599609375 0.3576388888888889 0.62109375 0.3576388888888889
2 0.083984375 0.4236111111111111 0.087890625 0.4270833333333333 0.08984375 0.4340277777777778 0.08984375 0.4479166666666667 0.087890625 0.4548611111111111 0.09375 0.4618055555555556 0.09765625 0.4722222222222222 0.095703125 0.4791666666666667 0.095703125 0.5138888888888888 0.09765625 0.5173611111111112 0.09765625 0.5347222222222222 0.099609375 0.5381944444444444 0.099609375 0.5625 0.09765625 0.5659722222222222 0.091796875 0.5659722222222222 0.087890625 0.5798611111111112 0.087890625 0.6215277777777778 0.091796875 0.6319444444444444 0.091796875 0.6388888888888888 0.083984375 0.6493055555555556 0.080078125 0.6493055555555556 0.080078125 0.5798611111111112 0.078125 0.5763888888888888 0.076171875 0.5798611111111112 0.076171875 0.5868055555555556 0.072265625 0.6006944444444444 0.072265625 0.6180555555555556 0.0703125 0.6215277777777778 0.0703125 0.65625 0.07421875 0.6631944444444444 0.07421875 0.6701388888888888 0.064453125 0.6701388888888888 0.0625 0.6666666666666666 0.0625 0.6423611111111112 0.060546875 0.6388888888888888 0.060546875 0.6180555555555556 0.0625 0.6145833333333334 0.0625 0.5972222222222222 0.064453125 0.59375 0.064453125 0.5763888888888888 0.0625 0.5729166666666666 0.0625 0.5347222222222222 0.064453125 0.53125 0.064453125 0.5104166666666666 0.0625 0.5069444444444444 0.060546875 0.4583333333333333 0.068359375 0.4513888888888889 0.0703125 0.4375 0.076171875 0.4236111111111111 0.08203125 0.4236111111111111
2 0.529296875 0.3958333333333333 0.55078125 0.3958333333333333 0.55859375 0.4027777777777778 0.55859375 0.40625 0.564453125 0.4166666666666667 0.564453125 0.4236111111111111 0.5625 0.4236111111111111 0.552734375 0.4409722222222222 0.552734375 0.4513888888888889 0.55078125 0.4548611111111111 0.541015625 0.4409722222222222 0.53125 0.4409722222222222 0.529296875 0.3993055555555556
2 0.4453125 0.3680555555555556 0.447265625 0.3680555555555556 0.453125 0.3576388888888889 0.453125 0.3472222222222222 0.45703125 0.3402777777777778 0.466796875 0.3402777777777778 0.470703125 0.3472222222222222 0.470703125 0.3645833333333333 0.46484375 0.375 0.46484375 0.4131944444444444 0.462890625 0.4166666666666667 0.462890625 0.4340277777777778 0.4609375 0.4375 0.462890625 0.4513888888888889 0.466796875 0.4618055555555556 0.462890625 0.4722222222222222 0.46484375 0.4861111111111111 0.458984375 0.5104166666666666 0.45703125 0.53125 0.453125 0.5416666666666666 0.453125 0.5451388888888888 0.4609375 0.5590277777777778 0.458984375 0.5625 0.451171875 0.5625 0.44140625 0.5555555555555556 0.44140625 0.5451388888888888 0.4453125 0.5347222222222222 0.447265625 0.5138888888888888 0.44921875 0.5104166666666666 0.44921875 0.4965277777777778 0.447265625 0.4930555555555556 0.44921875 0.4861111111111111 0.4453125 0.4826388888888889 0.44140625 0.4930555555555556 0.4375 0.4930555555555556 0.435546875 0.4965277777777778 0.43359375 0.4930555555555556 0.43359375 0.4826388888888889 0.4375 0.4652777777777778 0.439453125 0.3923611111111111 0.44140625 0.3888888888888889 0.44140625 0.3784722222222222 0.4453125 0.3715277777777778
2 0.548828125 0.4548611111111111 0.552734375 0.4652777777777778 0.5625 0.4722222222222222 0.5625 0.4791666666666667 0.5546875 0.4826388888888889 0.55078125 0.4930555555555556 0.54296875 0.4930555555555556 0.5390625 0.5 0.537109375 0.5173611111111112 0.533203125 0.5208333333333334 0.529296875 0.53125 0.525390625 0.5277777777777778 0.521484375 0.5347222222222222 0.517578125 0.5347222222222222 0.515625 0.5381944444444444 0.515625 0.5347222222222222 0.521484375 0.5277777777777778 0.513671875 0.5208333333333334 0.513671875 0.5138888888888888 0.515625 0.5104166666666666 0.521484375 0.5104166666666666 0.5234375 0.5069444444444444 0.5234375 0.5 0.51953125 0.4930555555555556 0.521484375 0.4861111111111111 0.517578125 0.4826388888888889 0.515625 0.4756944444444444 0.51171875 0.4791666666666667 0.513671875 0.4895833333333333 0.509765625 0.4930555555555556 0.5078125 0.4895833333333333 0.5078125 0.4791666666666667 0.515625 0.4756944444444444 0.517578125 0.4722222222222222 0.51953125 0.4548611111111111 0.52734375 0.4444444444444444 0.541015625 0.4444444444444444 0.546875 0.4548611111111111
2 0.474609375 0.2569444444444444 0.470703125 0.24305555555555555 0.470703125 0.2222222222222222 0.474609375 0.2152777777777778 0.4765625 0.2048611111111111 0.484375 0.19444444444444445 0.498046875 0.1909722222222222 0.498046875 0.2222222222222222 0.49609375 0.2222222222222222 0.4921875 0.2326388888888889 0.484375 0.2361111111111111 0.474609375 0.2534722222222222
2 0.71484375 0.21180555555555555 0.720703125 0.2222222222222222 0.720703125 0.22916666666666666 0.7265625 0.2361111111111111 0.73046875 0.2465277777777778 0.73046875 0.2673611111111111 0.732421875 0.2708333333333333 0.732421875 0.28125 0.728515625 0.2881944444444444 0.73046875 0.3090277777777778 0.72265625 0.3194444444444444 0.72265625 0.3472222222222222 0.71875 0.3576388888888889 0.71875 0.3680555555555556 0.716796875 0.375 0.716796875 0.3680555555555556 0.7109375 0.3541666666666667 0.70703125 0.3611111111111111 0.70703125 0.3680555555555556 0.701171875 0.3854166666666667 0.69921875 0.3993055555555556 0.6953125 0.4027777777777778 0.693359375 0.3993055555555556 0.6875 0.3993055555555556 0.685546875 0.3958333333333333 0.685546875 0.3888888888888889 0.69140625 0.3888888888888889 0.697265625 0.3784722222222222 0.69921875 0.3576388888888889 0.703125 0.34375 0.705078125 0.3125 0.703125 0.3090277777777778 0.69921875 0.3125 0.6953125 0.3090277777777778 0.693359375 0.3055555555555556 0.693359375 0.2951388888888889 0.701171875 0.28125 0.708984375 0.2534722222222222 0.70703125 0.2465277777777778 0.703125 0.24305555555555555 0.703125 0.21875 0.70703125 0.21180555555555555 0.712890625 0.21180555555555555
2 0.609375 0.14930555555555555 0.611328125 0.1527777777777778 0.611328125 0.16666666666666666 0.60546875 0.1701388888888889 0.599609375 0.18055555555555555 0.599609375 0.19444444444444445 0.59375 0.20833333333333334 0.59375 0.21180555555555555 0.603515625 0.22916666666666666 0.603515625 0.25 0.599609375 0.2569444444444444 0.59765625 0.2708333333333333 0.595703125 0.2708333333333333 0.591796875 0.2569444444444444 0.58984375 0.2604166666666667 0.58984375 0.2673611111111111 0.583984375 0.2881944444444444 0.58203125 0.3263888888888889 0.578125 0.3333333333333333 0.572265625 0.3333333333333333 0.572265625 0.3263888888888889 0.576171875 0.3159722222222222 0.576171875 0.28125 0.578125 0.2777777777777778 0.578125 0.21180555555555555 0.580078125 0.20833333333333334 0.580078125 0.1909722222222222 0.578125 0.1875 0.57421875 0.1875 0.568359375 0.2048611111111111 0.572265625 0.2222222222222222 0.572265625 0.2361111111111111 0.568359375 0.2361111111111111 0.564453125 0.22569444444444445 0.564453125 0.1875 0.572265625 0.1701388888888889 0.57421875 0.15625 0.580078125 0.14583333333333334 0.58203125 0.13541666666666666 0.5859375 0.1284722222222222 0.591796875 0.1284722222222222 0.599609375 0.14930555555555555 0.607421875 0.14930555555555555
2 0.771484375 0.2569444444444444 0.779296875 0.2743055555555556 0.783203125 0.2916666666666667 0.7890625 0.3020833333333333 0.79296875 0.3194444444444444 0.798828125 0.3298611111111111 0.798828125 0.3402777777777778 0.79296875 0.3402777777777778 0.79296875 0.3333333333333333 0.7890625 0.3263888888888889 0.787109375 0.3298611111111111 0.787109375 0.3541666666666667 0.78515625 0.3576388888888889 0.78515625 0.3715277777777778 0.783203125 0.375 0.783203125 0.3854166666666667 0.78515625 0.3888888888888889 0.787109375 0.40625 0.794921875 0.4340277777777778 0.79296875 0.4409722222222222 0.78125 0.4409722222222222 0.78515625 0.4305555555555556 0.78515625 0.4236111111111111 0.775390625 0.3888888888888889 0.76953125 0.3784722222222222 0.759765625 0.3958333333333333 0.759765625 0.3645833333333333 0.76171875 0.3611111111111111 0.76171875 0.3541666666666667 0.765625 0.3472222222222222 0.765625 0.3194444444444444 0.76171875 0.3055555555555556 0.76171875 0.2916666666666667 0.755859375 0.2777777777777778 0.755859375 0.2604166666666667 0.76171875 0.2534722222222222 0.767578125 0.2534722222222222 0.76953125 0.2569444444444444
2 0.654296875 0.3715277777777778 0.66015625 0.3819444444444444 0.662109375 0.3819444444444444 0.662109375 0.4375 0.666015625 0.4444444444444444 0.666015625 0.4756944444444444 0.662109375 0.4791666666666667 0.662109375 0.4895833333333333 0.66015625 0.4930555555555556 0.66015625 0.5069444444444444 0.662109375 0.5104166666666666 0.662109375 0.5486111111111112 0.66015625 0.5520833333333334 0.66015625 0.5659722222222222 0.65234375 0.5763888888888888 0.6484375 0.5763888888888888 0.646484375 0.5798611111111112 0.640625 0.5798611111111112 0.638671875 0.5763888888888888 0.646484375 0.5625 0.646484375 0.5277777777777778 0.642578125 0.5138888888888888 0.642578125 0.4965277777777778 0.640625 0.4930555555555556 0.640625 0.4513888888888889 0.642578125 0.4444444444444444 0.640625 0.4409722222222222 0.640625 0.4131944444444444 0.63671875 0.3993055555555556 0.640625 0.3888888888888889 0.640625 0.3819444444444444 0.638671875 0.3784722222222222 0.640625 0.3611111111111111 0.64453125 0.3576388888888889 0.64453125 0.3645833333333333 0.65234375 0.3715277777777778
2 0.48541666666666666 0.22175925925925927 0.030208333333333334 0.06574074074074074
2 0.650390625 0.19444444444444445 0.658203125 0.2048611111111111 0.658203125 0.21875 0.666015625 0.2361111111111111 0.666015625 0.2604166666666667 0.66796875 0.2638888888888889 0.66796875 0.2743055555555556 0.671875 0.2916666666666667 0.671875 0.3125 0.666015625 0.3263888888888889 0.66796875 0.3298611111111111 0.66796875 0.3402777777777778 0.677734375 0.3680555555555556 0.677734375 0.375 0.666015625 0.3854166666666667 0.666015625 0.3819444444444444 0.65625 0.3680555555555556 0.65625 0.3576388888888889 0.658203125 0.3541666666666667 0.65625 0.3472222222222222 0.658203125 0.34375 0.658203125 0.3368055555555556 0.662109375 0.3298611111111111 0.66015625 0.3229166666666667 0.66015625 0.2847222222222222 0.654296875 0.2743055555555556 0.646484375 0.2673611111111111 0.646484375 0.2569444444444444 0.64453125 0.2534722222222222 0.63671875 0.2465277777777778 0.6328125 0.2465277777777778 0.6328125 0.2361111111111111 0.63671875 0.2326388888888889 0.640625 0.21875 0.640625 0.21180555555555555 0.64453125 0.2013888888888889 0.6484375 0.19791666666666666
2 0.49609375 0.22569444444444445 0.5 0.2222222222222222 0.505859375 0.2222222222222222 0.509765625 0.22569444444444445 0.513671875 0.2361111111111111 0.515625 0.2569444444444444 0.509765625 0.2673611111111111 0.509765625 0.2743055555555556 0.5078125 0.2777777777777778 0.5078125 0.3055555555555556 0.513671875 0.3229166666666667 0.525390625 0.3402777777777778 0.525390625 0.3472222222222222 0.521484375 0.3506944444444444 0.515625 0.3402777777777778 0.513671875 0.3298611111111111 0.51171875 0.3263888888888889 0.5078125 0.3263888888888889 0.50390625 0.3159722222222222 0.498046875 0.3229166666666667 0.501953125 0.3368055555555556 0.501953125 0.375 0.5 0.3784722222222222 0.5 0.3923611111111111 0.498046875 0.3958333333333333 0.498046875 0.4201388888888889 0.50390625 0.4270833333333333 0.505859375 0.4340277777777778 0.490234375 0.4340277777777778 0.48828125 0.4305555555555556 0.48828125 0.4236111111111111 0.490234375 0.4201388888888889 0.490234375 0.3993055555555556 0.48828125 0.3958333333333333 0.48828125 0.375 0.486328125 0.3715277777777778 0.48046875 0.3819444444444444 0.4765625 0.3819444444444444 0.474609375 0.3854166666666667 0.46875 0.3819444444444444 0.470703125 0.3784722222222222 0.470703125 0.3715277777777778 0.4765625 0.3611111111111111 0.474609375 0.3333333333333333 0.470703125 0.3263888888888889 0.470703125 0.3090277777777778 0.47265625 0.3055555555555556 0.47265625 0.2881944444444444 0.474609375 0.2847222222222222 0.47265625 0.28125 0.47265625 0.2673611111111111 0.4765625 0.25 0.478515625 0.25 0.48046875 0.24305555555555555 0.49609375 0.22916666666666666