0 0.794921875 0.2777777777777778 0.802734375 0.2881944444444444 0.802734375 0.3159722222222222 0.794921875 0.3298611111111111 0.783203125 0.3298611111111111 0.775390625 0.3229166666666667 0.775390625 0.2951388888888889 0.77734375 0.2881944444444444 0.783203125 0.2777777777777778 0.79296875 0.2777777777777778
0 0.7044270833333334 0.7 0.0359375 0.06666666666666667
0 0.41796875 0.3333333333333333 0.42578125 0.34375 0.42578125 0.375 0.423828125 0.3784722222222222 0.416015625 0.3784722222222222 0.4140625 0.3819444444444444 0.404296875 0.3819444444444444 0.400390625 0.3784722222222222 0.3984375 0.3645833333333333 0.404296875 0.3402777777777778 0.41015625 0.3333333333333333 0.416015625 0.3333333333333333
0 0.826171875 0.875 0.83984375 0.875 0.84375 0.8819444444444444 0.841796875 0.8888888888888888 0.828125 0.8888888888888888 0.82421875 0.8854166666666666 0.826171875 0.8784722222222222
0 0.626953125 0.75 0.626953125 0.7534722222222222 0.6328125 0.7638888888888888 0.6328125 0.7916666666666666 0.630859375 0.7986111111111112 0.625 0.7986111111111112 0.623046875 0.8020833333333334 0.607421875 0.8020833333333334 0.603515625 0.7881944444444444 0.603515625 0.7673611111111112 0.611328125 0.75 0.615234375 0.75 0.6171875 0.7465277777777778 0.625 0.75
0 0.6953125 0.3368055555555556 0.69921875 0.3402777777777778 0.703125 0.3506944444444444 0.703125 0.375 0.693359375 0.3923611111111111 0.677734375 0.3923611111111111 0.673828125 0.3819444444444444 0.673828125 0.3576388888888889 0.677734375 0.34375 0.68359375 0.3368055555555556 0.693359375 0.3368055555555556
0 0.265625 0.3298611111111111 0.271484375 0.34375 0.271484375 0.3645833333333333 0.26953125 0.3680555555555556 0.26953125 0.3784722222222222 0.265625 0.3819444444444444 0.251953125 0.3819444444444444 0.248046875 0.3784722222222222 0.244140625 0.3611111111111111 0.24609375 0.3368055555555556 0.251953125 0.3263888888888889 0.26171875 0.3263888888888889 0.263671875 0.3298611111111111
0 0.20703125 0.3541666666666667 0.212890625 0.3680555555555556 0.212890625 0.3819444444444444 0.216796875 0.3923611111111111 0.216796875 0.4027777777777778 0.212890625 0.4027777777777778 0.2109375 0.40625 0.19921875 0.4027777777777778 0.197265625 0.3993055555555556 0.19140625 0.3993055555555556 0.189453125 0.3958333333333333 0.18359375 0.3958333333333333 0.181640625 0.3888888888888889 0.181640625 0.3680555555555556 0.189453125 0.3541666666666667 0.193359375 0.3506944444444444 0.203125 0.3506944444444444 0.205078125 0.3541666666666667
0 0.603515625 0.2743055555555556 0.60546875 0.2777777777777778 0.609375 0.2777777777777778 0.61328125 0.2881944444444444 0.61328125 0.3125 0.611328125 0.3159722222222222 0.591796875 0.3159722222222222 0.58984375 0.3125 0.58984375 0.2916666666666667 0.591796875 0.2847222222222222 0.595703125 0.2777777777777778 0.6015625 0.2743055555555556
0 0.533203125 0.2847222222222222 0.537109375 0.2951388888888889 0.537109375 0.3090277777777778 0.533203125 0.3020833333333333 0.5234375 0.3020833333333333 0.51953125 0.3125 0.515625 0.3090277777777778 0.515625 0.2986111111111111 0.517578125 0.2916666666666667 0.521484375 0.2847222222222222 0.53125 0.2847222222222222
0 0.291015625 0.3645833333333333 0.2890625 0.3576388888888889 0.291015625 0.3333333333333333 0.29296875 0.3263888888888889 0.30078125 0.3159722222222222 0.3046875 0.3194444444444444 0.3125 0.3194444444444444 0.314453125 0.3229166666666667 0.31640625 0.3298611111111111 0.31640625 0.3541666666666667 0.314453125 0.3611111111111111 0.30859375 0.3680555555555556 0.294921875 0.3680555555555556 0.29296875 0.3645833333333333
0 0.318359375 0.8715277777777778 0.322265625 0.8784722222222222 0.322265625 0.8854166666666666 0.296875 0.8854166666666666 0.296875 0.8819444444444444 0.3046875 0.8680555555555556 0.314453125 0.8680555555555556 0.31640625 0.8715277777777778
0 0.751953125 0.4861111111111111 0.7578125 0.4965277777777778 0.759765625 0.4965277777777778 0.76171875 0.5034722222222222 0.76171875 0.5277777777777778 0.759765625 0.5347222222222222 0.7578125 0.5347222222222222 0.75 0.5486111111111112 0.740234375 0.5486111111111112 0.734375 0.5347222222222222 0.734375 0.5069444444444444 0.73828125 0.4930555555555556 0.744140625 0.4861111111111111 0.75 0.4861111111111111
1 0.806640625 0.3229166666666667 0.80859375 0.3263888888888889 0.818359375 0.3263888888888889 0.822265625 0.3298611111111111 0.822265625 0.3368055555555556 0.82421875 0.3402777777777778 0.822265625 0.3506944444444444 0.8203125 0.3506944444444444 0.814453125 0.3645833333333333 0.814453125 0.4236111111111111 0.810546875 0.4409722222222222 0.806640625 0.4479166666666667 0.77734375 0.4479166666666667 0.7734375 0.4409722222222222 0.775390625 0.4027777777777778 0.77734375 0.3993055555555556 0.775390625 0.3958333333333333 0.77734375 0.3888888888888889 0.77734375 0.3784722222222222 0.765625 0.3506944444444444 0.765625 0.34375 0.76953125 0.3298611111111111 0.794921875 0.3333333333333333 0.798828125 0.3263888888888889 0.8046875 0.3229166666666667
1 0.677734375 0.7881944444444444 0.677734375 0.7569444444444444 0.6796875 0.7534722222222222 0.6796875 0.7465277777777778 0.685546875 0.7361111111111112 0.69921875 0.7361111111111112 0.70703125 0.7430555555555556 0.71484375 0.7430555555555556 0.71484375 0.75 0.716796875 0.7534722222222222 0.716796875 0.7743055555555556 0.71875 0.7777777777777778 0.71875 0.7916666666666666 0.716796875 0.7951388888888888 0.71875 0.8020833333333334 0.71875 0.8333333333333334 0.716796875 0.8368055555555556 0.716796875 0.8611111111111112 0.712890625 0.8680555555555556 0.708984375 0.8680555555555556 0.70703125 0.8645833333333334 0.703125 0.8506944444444444 0.701171875 0.8333333333333334 0.697265625 0.8229166666666666 0.69921875 0.8159722222222222 0.701171875 0.7881944444444444 0.703125 0.7847222222222222 0.703125 0.7708333333333334 0.701171875 0.7673611111111112 0.693359375 0.7673611111111112 0.69140625 0.7638888888888888 0.689453125 0.7673611111111112 0.685546875 0.7673611111111112 0.681640625 0.7743055555555556 0.677734375 0.7916666666666666 0.681640625 0.8055555555555556 0.681640625 0.8298611111111112 0.689453125 0.8576388888888888 0.693359375 0.8645833333333334 0.693359375 0.8715277777777778 0.6875 0.8715277777777778 0.677734375 0.8645833333333334 0.669921875 0.8645833333333334 0.66796875 0.8611111111111112 0.669921875 0.8472222222222222 0.67578125 0.8402777777777778 0.67578125 0.8090277777777778 0.677734375 0.8055555555555556 0.677734375 0.7916666666666666
1 0.8359375 0.9583333333333334 0.837890625 0.9618055555555556 0.853515625 0.9618055555555556 0.85546875 0.9583333333333334 0.8671875 0.9583333333333334 0.87109375 0.9618055555555556 0.873046875 0.9652777777777778 0.873046875 0.9756944444444444 0.87109375 0.9791666666666666 0.87109375 0.9895833333333334 0.8671875 0.9965277777777778 0.82421875 0.9965277777777778 0.81640625 0.9791666666666666 0.80859375 0.9756944444444444 0.806640625 0.96875 0.810546875 0.9618055555555556 0.830078125 0.9618055555555556 0.833984375 0.9583333333333334
1 0.619140625 0.3194444444444444 0.626953125 0.3298611111111111 0.626953125 0.3472222222222222 0.62109375 0.3472222222222222 0.615234375 0.3576388888888889 0.619140625 0.40625 0.623046875 0.4236111111111111 0.623046875 0.4340277777777778 0.62109375 0.4375 0.5859375 0.4375 0.58203125 0.4270833333333333 0.58203125 0.3854166666666667 0.576171875 0.375 0.576171875 0.3680555555555556 0.57421875 0.3645833333333333 0.57421875 0.3368055555555556 0.578125 0.3263888888888889 0.58984375 0.3263888888888889 0.591796875 0.3229166666666667 0.6171875 0.3194444444444444
1 0.515625 0.3125 0.517578125 0.3159722222222222 0.517578125 0.3368055555555556 0.515625 0.3402777777777778 0.517578125 0.3506944444444444 0.515625 0.3506944444444444 0.509765625 0.3611111111111111 0.505859375 0.3715277777777778 0.505859375 0.3784722222222222 0.501953125 0.375 0.501953125 0.3611111111111111 0.50390625 0.3576388888888889 0.50390625 0.3229166666666667 0.5078125 0.3159722222222222 0.513671875 0.3125
1 0.65234375 0.8125 0.658203125 0.8229166666666666 0.66015625 0.84375 0.65234375 0.8576388888888888 0.650390625 0.8819444444444444 0.6484375 0.8854166666666666 0.59765625 0.8854166666666666 0.59375 0.8645833333333334 0.583984375 0.84375 0.583984375 0.8263888888888888 0.58984375 0.8159722222222222 0.59375 0.8159722222222222 0.595703125 0.8125 0.609375 0.8125 0.611328125 0.8090277777777778 0.63671875 0.8090277777777778 0.638671875 0.8125 0.650390625 0.8125
1 0.4296875 0.3784722222222222 0.431640625 0.3819444444444444 0.44140625 0.3819444444444444 0.443359375 0.3854166666666667 0.4453125 0.3923611111111111 0.4453125 0.4097222222222222 0.447265625 0.4131944444444444 0.447265625 0.4270833333333333 0.44140625 0.4305555555555556 0.435546875 0.4409722222222222 0.435546875 0.4791666666666667 0.43359375 0.4826388888888889 0.423828125 0.4826388888888889 0.421875 0.4861111111111111 0.392578125 0.4861111111111111 0.392578125 0.4583333333333333 0.39453125 0.4548611111111111 0.39453125 0.4409722222222222 0.390625 0.4340277777777778 0.38671875 0.4340277777777778 0.384765625 0.4305555555555556 0.384765625 0.4201388888888889 0.38671875 0.4166666666666667 0.38671875 0.3888888888888889 0.388671875 0.3854166666666667 0.39453125 0.3854166666666667 0.396484375 0.3819444444444444 0.400390625 0.3819444444444444 0.40234375 0.3854166666666667 0.427734375 0.3819444444444444
1 0.720703125 0.3715277777777778 0.7265625 0.3854166666666667 0.7265625 0.3923611111111111 0.716796875 0.3958333333333333 0.712890625 0.4027777777777778 0.7265625 0.4340277777777778 0.7265625 0.4409722222222222 0.72265625 0.4548611111111111 0.72265625 0.46875 0.720703125 0.4722222222222222 0.712890625 0.4722222222222222 0.7109375 0.4756944444444444 0.701171875 0.4756944444444444 0.69921875 0.46875 0.69921875 0.4513888888888889 0.693359375 0.4409722222222222 0.693359375 0.4305555555555556 0.689453125 0.4166666666666667 0.68359375 0.40625 0.68359375 0.3958333333333333 0.685546875 0.3923611111111111 0.69140625 0.3923611111111111 0.705078125 0.3715277777777778 0.71875 0.3715277777777778
1 0.2265625 0.3819444444444444 0.23046875 0.3784722222222222 0.236328125 0.3784722222222222 0.23828125 0.375 0.244140625 0.375 0.255859375 0.3923611111111111 0.259765625 0.3923611111111111 0.26171875 0.3888888888888889 0.26171875 0.3819444444444444 0.26953125 0.3819444444444444 0.2734375 0.3854166666666667 0.2734375 0.4201388888888889 0.271484375 0.4236111111111111 0.271484375 0.4791666666666667 0.265625 0.4930555555555556 0.25390625 0.4930555555555556 0.240234375 0.4652777777777778 0.240234375 0.4513888888888889 0.236328125 0.4444444444444444 0.23828125 0.4409722222222222 0.23828125 0.4201388888888889 0.23046875 0.40625 0.228515625 0.40625 0.224609375 0.3923611111111111 0.2265625 0.3854166666666667
1 0.19921875 0.4027777777777778 0.201171875 0.40625 0.2109375 0.4097222222222222 0.21484375 0.4166666666666667 0.21484375 0.4375 0.216796875 0.4409722222222222 0.216796875 0.4652777777777778 0.21484375 0.4722222222222222 0.216796875 0.4756944444444444 0.216796875 0.4895833333333333 0.21875 0.4930555555555556 0.21875 0.5034722222222222 0.216796875 0.5069444444444444 0.21875 0.5347222222222222 0.19921875 0.5347222222222222 0.19921875 0.53125 0.193359375 0.5208333333333334 0.189453125 0.5277777777777778 0.181640625 0.5208333333333334 0.181640625 0.4861111111111111 0.177734375 0.4722222222222222 0.177734375 0.4375 0.1796875 0.4340277777777778 0.177734375 0.4131944444444444 0.1796875 0.40625 0.185546875 0.3993055555555556 0.197265625 0.4027777777777778
1 0.287109375 0.4236111111111111 0.2890625 0.4201388888888889 0.2890625 0.4097222222222222 0.287109375 0.4027777777777778 0.28125 0.3923611111111111 0.27734375 0.3923611111111111 0.275390625 0.3888888888888889 0.275390625 0.3819444444444444 0.28125 0.3680555555555556 0.2890625 0.3645833333333333 0.296875 0.3715277777777778 0.306640625 0.3715277777777778 0.30859375 0.3680555555555556 0.3125 0.3680555555555556 0.31640625 0.3611111111111111 0.326171875 0.3611111111111111 0.33203125 0.375 0.33203125 0.3923611111111111 0.330078125 0.3958333333333333 0.330078125 0.4027777777777778 0.32421875 0.4097222222222222 0.32421875 0.4618055555555556 0.322265625 0.4652777777777778 0.314453125 0.4652777777777778 0.3125 0.46875 0.291015625 0.4652777777777778 0.2890625 0.4618055555555556 0.2890625 0.4270833333333333
1 0.306640625 0.9583333333333334 0.30859375 0.9618055555555556 0.330078125 0.9618055555555556 0.33203125 0.9652777777777778 0.337890625 0.9652777777777778 0.341796875 0.9722222222222222 0.341796875 0.9826388888888888 0.345703125 0.9965277777777778 0.26953125 0.9965277777777778 0.26953125 0.9791666666666666 0.271484375 0.9756944444444444 0.26953125 0.96875 0.271484375 0.9652777777777778 0.275390625 0.9652777777777778 0.27734375 0.9618055555555556 0.30078125 0.9618055555555556 0.3046875 0.9583333333333334
1 0.734375 0.5381944444444444 0.7421875 0.5520833333333334 0.75 0.5520833333333334 0.7578125 0.5381944444444444 0.775390625 0.5381944444444444 0.78125 0.5451388888888888 0.78515625 0.5590277777777778 0.783203125 0.5659722222222222 0.779296875 0.5659722222222222 0.775390625 0.5763888888888888 0.775390625 0.5902777777777778 0.7734375 0.59375 0.7734375 0.6493055555555556 0.7578125 0.6597222222222222 0.740234375 0.65625 0.732421875 0.6493055555555556 0.732421875 0.6076388888888888 0.728515625 0.5972222222222222 0.724609375 0.5694444444444444 0.720703125 0.5625 0.720703125 0.5520833333333334 0.724609375 0.5416666666666666 0.7265625 0.5381944444444444 0.732421875 0.5381944444444444
2 0.76953125 0.3298611111111111 0.775390625 0.3229166666666667 0.775390625 0.3159722222222222 0.77734375 0.3125 0.775390625 0.3055555555555556 0.775390625 0.2951388888888889 0.783203125 0.2777777777777778 0.79296875 0.2777777777777778 0.794921875 0.28125 0.798828125 0.28125 0.802734375 0.2881944444444444 0.802734375 0.3125 0.810546875 0.3263888888888889 0.818359375 0.3263888888888889 0.822265625 0.3298611111111111 0.82421875 0.3368055555555556 0.822265625 0.3506944444444444 0.82421875 0.3541666666666667 0.826171875 0.3819444444444444 0.828125 0.3854166666666667 0.828125 0.4131944444444444 0.81640625 0.4513888888888889 0.81640625 0.4722222222222222 0.818359375 0.4756944444444444 0.818359375 0.4965277777777778 0.81640625 0.5 0.81640625 0.5347222222222222 0.818359375 0.5381944444444444 0.818359375 0.5972222222222222 0.822265625 0.6041666666666666 0.826171875 0.6215277777777778 0.81640625 0.6215277777777778 0.8125 0.6180555555555556 0.8125 0.59375 0.810546875 0.5902777777777778 0.810546875 0.5763888888888888 0.806640625 0.5590277777777778 0.8046875 0.5277777777777778 0.802734375 0.5243055555555556 0.798828125 0.4965277777777778 0.794921875 0.4930555555555556 0.791015625 0.5 0.787109375 0.5138888888888888 0.787109375 0.5243055555555556 0.78125 0.5381944444444444 0.771484375 0.53125 0.771484375 0.5208333333333334 0.76953125 0.5173611111111112 0.76953125 0.4722222222222222 0.76171875 0.4652777777777778 0.759765625 0.4583333333333333 0.759765625 0.4305555555555556 0.7578125 0.4270833333333333 0.759765625 0.3923611111111111 0.763671875 0.3819444444444444 0.763671875 0.375 0.767578125 0.3611111111111111 0.765625 0.34375 0.76953125 0.3333333333333333
2 0.806640625 0.96875 0.810546875 0.9618055555555556 0.828125 0.9618055555555556 0.830078125 0.9583333333333334 0.85546875 0.9583333333333334 0.857421875 0.9548611111111112 0.869140625 0.9583333333333334 0.873046875 0.9652777777777778 0.873046875 0.9756944444444444 0.8671875 0.9965277777777778 0.82421875 0.9965277777777778 0.814453125 0.9756944444444444 0.80859375 0.9756944444444444 0.80859375 0.9722222222222222
2 0.41796875 0.3333333333333333 0.42578125 0.34375 0.42578125 0.375 0.427734375 0.3784722222222222 0.44140625 0.3819444444444444 0.443359375 0.3854166666666667 0.4453125 0.3923611111111111 0.4453125 0.4097222222222222 0.44921875 0.4236111111111111 0.44921875 0.4375 0.4453125 0.4409722222222222 0.4375 0.4409722222222222 0.435546875 0.4444444444444444 0.435546875 0.4756944444444444 0.4375 0.4791666666666667 0.4375 0.4965277777777778 0.439453125 0.5 0.4375 0.5034722222222222 0.4375 0.5243055555555556 0.435546875 0.5277777777777778 0.435546875 0.5486111111111112 0.43359375 0.5520833333333334 0.43359375 0.5763888888888888 0.431640625 0.5798611111111112 0.43359375 0.6006944444444444 0.435546875 0.6041666666666666 0.435546875 0.625 0.43359375 0.6284722222222222 0.43359375 0.6805555555555556 0.42578125 0.6805555555555556 0.423828125 0.6770833333333334 0.423828125 0.6388888888888888 0.421875 0.6354166666666666 0.421875 0.6215277777777778 0.419921875 0.6180555555555556 0.419921875 0.5972222222222222 0.41796875 0.59375 0.41796875 0.5833333333333334 0.4140625 0.5729166666666666 0.408203125 0.5798611111111112 0.40625 0.6006944444444444 0.404296875 0.6041666666666666 0.404296875 0.6180555555555556 0.40234375 0.6215277777777778 0.40234375 0.6597222222222222 0.3984375 0.6597222222222222 0.396484375 0.6631944444444444 0.39453125 0.6597222222222222 0.390625 0.6597222222222222 0.390625 0.6458333333333334 0.392578125 0.6423611111111112 0.392578125 0.6215277777777778 0.390625 0.6180555555555556 0.392578125 0.5625 0.390625 0.5590277777777778 0.390625 0.5381944444444444 0.388671875 0.5347222222222222 0.388671875 0.5243055555555556 0.390625 0.5208333333333334 0.390625 0.5069444444444444 0.392578125 0.5034722222222222 0.392578125 0.4791666666666667 0.388671875 0.4756944444444444 0.384765625 0.4826388888888889 0.373046875 0.5173611111111112 0.373046875 0.5277777777777778 0.369140625 0.5277777777777778 0.3671875 0.5208333333333334 0.3671875 0.5104166666666666 0.369140625 0.5069444444444444 0.373046875 0.4791666666666667 0.3828125 0.4479166666666667 0.384765625 0.4201388888888889 0.38671875 0.4166666666666667 0.38671875 0.3888888888888889 0.396484375 0.3819444444444444 0.400390625 0.375 0.3984375 0.3715277777777778 0.3984375 0.3611111111111111 0.404296875 0.3402777777777778 0.41015625 0.3333333333333333 0.416015625 0.3333333333333333
2 0.607421875 0.2777777777777778 0.61328125 0.2881944444444444 0.61328125 0.3125 0.626953125 0.3298611111111111 0.626953125 0.3645833333333333 0.62890625 0.3680555555555556 0.62890625 0.3784722222222222 0.63671875 0.4131944444444444 0.638671875 0.4756944444444444 0.6328125 0.4826388888888889 0.6328125 0.5034722222222222 0.634765625 0.5069444444444444 0.634765625 0.5208333333333334 0.6328125 0.5243055555555556 0.6328125 0.53125 0.634765625 0.5347222222222222 0.634765625 0.5972222222222222 0.63671875 0.6006944444444444 0.63671875 0.6076388888888888 0.64453125 0.6180555555555556 0.64453125 0.625 0.640625 0.6284722222222222 0.630859375 0.6284722222222222 0.62890625 0.625 0.625 0.625 0.625 0.5902777777777778 0.62109375 0.5729166666666666 0.619140625 0.5381944444444444 0.61328125 0.53125 0.609375 0.5381944444444444 0.609375 0.5486111111111112 0.607421875 0.5520833333333334 0.607421875 0.6006944444444444 0.615234375 0.6215277777777778 0.60546875 0.6319444444444444 0.59765625 0.6319444444444444 0.59765625 0.6076388888888888 0.599609375 0.6041666666666666 0.599609375 0.5972222222222222 0.59765625 0.59375 0.595703125 0.5625 0.59375 0.5590277777777778 0.59375 0.5347222222222222 0.595703125 0.53125 0.595703125 0.5243055555555556 0.59375 0.5208333333333334 0.59375 0.5104166666666666 0.587890625 0.4895833333333333 0.587890625 0.4791666666666667 0.583984375 0.4652777777777778 0.583984375 0.4444444444444444 0.58203125 0.4409722222222222 0.583984375 0.4375 0.58203125 0.4340277777777778 0.58203125 0.4166666666666667 0.580078125 0.4131944444444444 0.58203125 0.40625 0.572265625 0.3993055555555556 0.576171875 0.3819444444444444 0.576171875 0.3715277777777778 0.57421875 0.3680555555555556 0.57421875 0.3368055555555556 0.578125 0.3263888888888889 0.5859375 0.3263888888888889 0.58984375 0.3194444444444444 0.58984375 0.2916666666666667 0.591796875 0.2847222222222222 0.595703125 0.2777777777777778 0.599609375 0.2777777777777778 0.6015625 0.2743055555555556 0.60546875 0.2777777777777778
2 0.6236979166666666 0.8175925925925926 0.08802083333333333 0.14259259259259258
2 0.20703125 0.3541666666666667 0.212890625 0.3680555555555556 0.212890625 0.3784722222222222 0.21875 0.3993055555555556 0.212890625 0.4097222222222222 0.21484375 0.4131944444444444 0.21484375 0.4375 0.216796875 0.4409722222222222 0.216796875 0.4791666666666667 0.228515625 0.4930555555555556 0.240234375 0.5173611111111112 0.240234375 0.5347222222222222 0.23828125 0.5347222222222222 0.22265625 0.5034722222222222 0.216796875 0.5104166666666666 0.216796875 0.5173611111111112 0.220703125 0.53125 0.216796875 0.5451388888888888 0.21875 0.5520833333333334 0.21875 0.5833333333333334 0.21484375 0.5972222222222222 0.21484375 0.6076388888888888 0.205078125 0.6354166666666666 0.203125 0.6666666666666666 0.19921875 0.6840277777777778 0.201171875 0.6979166666666666 0.212890625 0.7152777777777778 0.2109375 0.71875 0.189453125 0.71875 0.185546875 0.7152777777777778 0.185546875 0.7048611111111112 0.181640625 0.6979166666666666 0.177734375 0.6979166666666666 0.171875 0.6909722222222222 0.171875 0.6805555555555556 0.181640625 0.6597222222222222 0.193359375 0.6041666666666666 0.19140625 0.6006944444444444 0.19140625 0.5763888888888888 0.189453125 0.5729166666666666 0.189453125 0.5659722222222222 0.1796875 0.5347222222222222 0.181640625 0.4861111111111111 0.177734375 0.4722222222222222 0.177734375 0.4409722222222222 0.1796875 0.4375 0.177734375 0.4131944444444444 0.18359375 0.3993055555555556 0.181640625 0.3923611111111111 0.181640625 0.3680555555555556 0.193359375 0.3506944444444444 0.203125 0.3506944444444444 0.205078125 0.3541666666666667
2 0.54296875 0.3125 0.55078125 0.3229166666666667 0.55078125 0.3368055555555556 0.552734375 0.3402777777777778 0.552734375 0.3506944444444444 0.556640625 0.3611111111111111 0.556640625 0.3680555555555556 0.548828125 0.3541666666666667 0.54296875 0.3506944444444444 0.5390625 0.3402777777777778 0.53515625 0.3090277777777778 0.53125 0.3020833333333333 0.525390625 0.3020833333333333 0.51953125 0.3125 0.51953125 0.3333333333333333 0.515625 0.34375 0.515625 0.3506944444444444 0.509765625 0.3611111111111111 0.501953125 0.3958333333333333 0.5 0.3923611111111111 0.5 0.3854166666666667 0.501953125 0.3819444444444444 0.501953125 0.3576388888888889 0.50390625 0.3541666666666667 0.50390625 0.3229166666666667 0.515625 0.3090277777777778 0.515625 0.2986111111111111 0.517578125 0.2916666666666667 0.521484375 0.2847222222222222 0.53125 0.2847222222222222 0.537109375 0.2951388888888889 0.537109375 0.3055555555555556 0.541015625 0.3125
2 0.314453125 0.3229166666666667 0.318359375 0.3541666666666667 0.326171875 0.3611111111111111 0.33203125 0.3715277777777778 0.33203125 0.3819444444444444 0.333984375 0.3854166666666667 0.333984375 0.4409722222222222 0.3359375 0.4444444444444444 0.3359375 0.4583333333333333 0.333984375 0.4618055555555556 0.333984375 0.5034722222222222 0.326171875 0.5208333333333334 0.326171875 0.5347222222222222 0.32421875 0.5381944444444444 0.32421875 0.5520833333333334 0.322265625 0.5555555555555556 0.322265625 0.5902777777777778 0.318359375 0.6041666666666666 0.318359375 0.6284722222222222 0.330078125 0.6458333333333334 0.3125 0.6458333333333334 0.310546875 0.6423611111111112 0.306640625 0.6493055555555556 0.294921875 0.6493055555555556 0.291015625 0.6423611111111112 0.2890625 0.5729166666666666 0.291015625 0.5694444444444444 0.29296875 0.5451388888888888 0.291015625 0.5416666666666666 0.291015625 0.53125 0.28515625 0.5208333333333334 0.28125 0.5208333333333334 0.279296875 0.5173611111111112 0.279296875 0.5069444444444444 0.27734375 0.5034722222222222 0.27734375 0.4513888888888889 0.275390625 0.4479166666666667 0.275390625 0.4027777777777778 0.27734375 0.3993055555555556 0.27734375 0.3888888888888889 0.275390625 0.3819444444444444 0.28125 0.3680555555555556 0.28515625 0.3680555555555556 0.2890625 0.3611111111111111 0.2890625 0.3541666666666667 0.291015625 0.3506944444444444 0.291015625 0.3333333333333333 0.296875 0.3194444444444444 0.310546875 0.3194444444444444 0.3125 0.3229166666666667
2 0.70703125 0.6666666666666666 0.708984375 0.6701388888888888 0.712890625 0.6701388888888888 0.720703125 0.6875 0.720703125 0.7291666666666666 0.71484375 0.7361111111111112 0.71484375 0.7465277777777778 0.716796875 0.75 0.716796875 0.7743055555555556 0.71875 0.7777777777777778 0.71875 0.7916666666666666 0.716796875 0.7951388888888888 0.71875 0.7986111111111112 0.716796875 0.8611111111111112 0.72265625 0.875 0.72265625 0.8854166666666666 0.671875 0.8854166666666666 0.66796875 0.875 0.66796875 0.8541666666666666 0.67578125 0.8368055555555556 0.67578125 0.8055555555555556 0.677734375 0.8020833333333334 0.677734375 0.7916666666666666 0.67578125 0.7881944444444444 0.677734375 0.7847222222222222 0.677734375 0.7326388888888888 0.681640625 0.71875 0.6875 0.7083333333333334 0.6875 0.6840277777777778 0.6953125 0.6701388888888888 0.69921875 0.6666666666666666 0.705078125 0.6666666666666666
2 0.693359375 0.3368055555555556 0.701171875 0.34375 0.703125 0.3576388888888889 0.70703125 0.3680555555555556 0.7109375 0.3715277777777778 0.720703125 0.3715277777777778 0.724609375 0.3784722222222222 0.73828125 0.4270833333333333 0.73828125 0.4375 0.73046875 0.4583333333333333 0.734375 0.4722222222222222 0.734375 0.4861111111111111 0.736328125 0.4895833333333333 0.73046875 0.5104166666666666 0.73046875 0.5277777777777778 0.716796875 0.5555555555555556 0.716796875 0.59375 0.71484375 0.5972222222222222 0.71484375 0.6041666666666666 0.708984375 0.6180555555555556 0.70703125 0.6180555555555556 0.70703125 0.6041666666666666 0.705078125 0.6006944444444444 0.705078125 0.5868055555555556 0.703125 0.5833333333333334 0.703125 0.5694444444444444 0.701171875 0.5659722222222222 0.701171875 0.5347222222222222 0.69921875 0.53125 0.69921875 0.4756944444444444 0.697265625 0.4722222222222222 0.689453125 0.4930555555555556 0.689453125 0.5138888888888888 0.6875 0.5173611111111112 0.6875 0.5243055555555556 0.68359375 0.5277777777777778 0.681640625 0.5208333333333334 0.681640625 0.5 0.68359375 0.4965277777777778 0.685546875 0.4652777777777778 0.6875 0.4618055555555556 0.6875 0.4513888888888889 0.693359375 0.4340277777777778 0.689453125 0.4166666666666667 0.673828125 0.3819444444444444 0.673828125 0.3611111111111111 0.6796875 0.3402777777777778 0.69140625 0.3368055555555556
2 0.259765625 0.3263888888888889 0.26171875 0.3298611111111111 0.265625 0.3298611111111111 0.271484375 0.34375 0.271484375 0.3819444444444444 0.2734375 0.3854166666666667 0.2734375 0.4236111111111111 0.271484375 0.4270833333333333 0.2734375 0.4826388888888889 0.26953125 0.4930555555555556 0.26953125 0.5347222222222222 0.265625 0.5520833333333334 0.267578125 0.6006944444444444 0.265625 0.6041666666666666 0.265625 0.6215277777777778 0.263671875 0.625 0.263671875 0.6458333333333334 0.265625 0.6493055555555556 0.265625 0.65625 0.263671875 0.6597222222222222 0.2578125 0.6597222222222222 0.255859375 0.65625 0.2578125 0.6111111111111112 0.255859375 0.6076388888888888 0.255859375 0.5694444444444444 0.25390625 0.5659722222222222 0.25390625 0.5486111111111112 0.251953125 0.5451388888888888 0.248046875 0.5555555555555556 0.248046875 0.59375 0.24609375 0.5972222222222222 0.24609375 0.6145833333333334 0.248046875 0.6180555555555556 0.248046875 0.6493055555555556 0.244140625 0.6527777777777778 0.23828125 0.6458333333333334 0.23828125 0.6388888888888888 0.240234375 0.6354166666666666 0.240234375 0.6111111111111112 0.23828125 0.6076388888888888 0.23828125 0.59375 0.236328125 0.5902777777777778 0.236328125 0.5451388888888888 0.244140625 0.53125 0.244140625 0.5208333333333334 0.2421875 0.5173611111111112 0.2421875 0.5104166666666666 0.232421875 0.4895833333333333 0.232421875 0.4618055555555556 0.228515625 0.4513888888888889 0.228515625 0.4409722222222222 0.2265625 0.4375 0.228515625 0.40625 0.224609375 0.3923611111111111 0.2265625 0.3819444444444444 0.234375 0.375 0.2421875 0.375 0.24609375 0.3680555555555556 0.244140625 0.3645833333333333 0.244140625 0.3472222222222222 0.24609375 0.34375 0.24609375 0.3368055555555556 0.251953125 0.3263888888888889 0.2578125 0.3263888888888889
2 0.580078125 0.40625 0.580078125 0.4305555555555556 0.58203125 0.4340277777777778 0.583984375 0.4722222222222222 0.5859375 0.4756944444444444 0.5859375 0.4826388888888889 0.591796875 0.5069444444444444 0.591796875 0.5173611111111112 0.59375 0.5208333333333334 0.59375 0.53125 0.591796875 0.5347222222222222 0.587890625 0.5347222222222222 0.580078125 0.5208333333333334 0.578125 0.5104166666666666 0.572265625 0.5 0.560546875 0.5138888888888888 0.556640625 0.5138888888888888 0.556640625 0.4826388888888889 0.55859375 0.4791666666666667 0.55859375 0.4618055555555556 0.560546875 0.4583333333333333 0.560546875 0.4479166666666667 0.55859375 0.4444444444444444 0.560546875 0.4409722222222222 0.560546875 0.4305555555555556 0.564453125 0.4201388888888889 0.564453125 0.4097222222222222 0.568359375 0.40625 0.578125 0.40625
2 0.75 0.4861111111111111 0.759765625 0.5 0.76171875 0.5069444444444444 0.76171875 0.5277777777777778 0.76953125 0.5381944444444444 0.77734375 0.5381944444444444 0.78515625 0.5590277777777778 0.783203125 0.5729166666666666 0.78515625 0.5763888888888888 0.78515625 0.5902777777777778 0.787109375 0.59375 0.787109375 0.6423611111111112 0.78515625 0.6458333333333334 0.78515625 0.6631944444444444 0.78125 0.6736111111111112 0.779296875 0.6909722222222222 0.771484375 0.7013888888888888 0.771484375 0.71875 0.765625 0.7465277777777778 0.767578125 0.7847222222222222 0.765625 0.7881944444444444 0.763671875 0.8159722222222222 0.76171875 0.8194444444444444 0.763671875 0.8402777777777778 0.765625 0.84375 0.765625 0.8576388888888888 0.755859375 0.8576388888888888 0.75390625 0.8506944444444444 0.75390625 0.8298611111111112 0.755859375 0.8263888888888888 0.755859375 0.8055555555555556 0.75390625 0.8020833333333334 0.75390625 0.7534722222222222 0.75 0.75 0.74609375 0.7638888888888888 0.74609375 0.7916666666666666 0.744140625 0.7951388888888888 0.744140625 0.8090277777777778 0.7421875 0.8125 0.7421875 0.8263888888888888 0.740234375 0.8298611111111112 0.740234375 0.8715277777777778 0.736328125 0.875 0.728515625 0.8680555555555556 0.728515625 0.8611111111111112 0.732421875 0.8506944444444444 0.732421875 0.7881944444444444 0.73046875 0.78125 0.732421875 0.7777777777777778 0.732421875 0.7638888888888888 0.734375 0.7604166666666666 0.732421875 0.7361111111111112 0.728515625 0.71875 0.728515625 0.7083333333333334 0.73046875 0.7048611111111112 0.73046875 0.6597222222222222 0.732421875 0.65625 0.732421875 0.6076388888888888 0.73046875 0.6041666666666666 0.724609375 0.6180555555555556 0.724609375 0.625 0.720703125 0.6354166666666666 0.720703125 0.6527777777777778 0.71484375 0.6631944444444444 0.705078125 0.65625 0.708984375 0.6423611111111112 0.708984375 0.625 0.712890625 0.6180555555555556 0.71875 0.5972222222222222 0.71875 0.5868055555555556 0.720703125 0.5833333333333334 0.720703125 0.5729166666666666 0.71875 0.5694444444444444 0.720703125 0.5659722222222222 0.720703125 0.5520833333333334 0.724609375 0.5416666666666666 0.73046875 0.5381944444444444 0.734375 0.53125 0.732421875 0.5208333333333334 0.734375 0.5173611111111112 0.734375 0.5069444444444444 0.736328125 0.5 0.7421875 0.4895833333333333 0.748046875 0.4861111111111111
2 0.70703125 0.6666666666666666 0.708984375 0.6701388888888888 0.712890625 0.6701388888888888 0.720703125 0.6875 0.720703125 0.7291666666666666 0.71484375 0.7361111111111112 0.71484375 0.7465277777777778 0.716796875 0.75 0.716796875 0.7743055555555556 0.71875 0.7777777777777778 0.71875 0.7881944444444444 0.716796875 0.7916666666666666 0.716796875 0.7986111111111112 0.71875 0.8020833333333334 0.716796875 0.8645833333333334 0.720703125 0.8680555555555556 0.72265625 0.875 0.72265625 0.8854166666666666 0.671875 0.8854166666666666 0.66796875 0.875 0.66796875 0.8541666666666666 0.669921875 0.8472222222222222 0.67578125 0.8402777777777778 0.67578125 0.8090277777777778 0.677734375 0.8055555555555556 0.677734375 0.7361111111111112 0.68359375 0.7152777777777778 0.6875 0.7083333333333334 0.6875 0.6840277777777778 0.6953125 0.6701388888888888 0.69921875 0.6666666666666666 0.705078125 0.6666666666666666
2 0.306640625 0.9583333333333334 0.30859375 0.9618055555555556 0.330078125 0.9618055555555556 0.33203125 0.9652777777777778 0.33984375 0.9652777777777778 0.341796875 0.96875 0.341796875 0.9756944444444444 0.345703125 0.9826388888888888 0.345703125 0.9965277777777778 0.26953125 0.9965277777777778 0.26953125 0.96875 0.271484375 0.9652777777777778 0.275390625 0.9652777777777778 0.27734375 0.9618055555555556 0.30078125 0.9618055555555556 0.3046875 0.9583333333333334