0 0.6604166666666667 0.30833333333333335 0.019791666666666666 0.024074074074074074
0 0.91796875 0.3263888888888889 0.921875 0.3333333333333333 0.921875 0.34375 0.916015625 0.3541666666666667 0.912109375 0.3541666666666667 0.91015625 0.3576388888888889 0.904296875 0.3576388888888889 0.904296875 0.3333333333333333 0.91015625 0.3263888888888889 0.916015625 0.3263888888888889
0 0.1484375 0.6736111111111112 0.150390625 0.6770833333333334 0.154296875 0.6770833333333334 0.15625 0.6840277777777778 0.15625 0.6979166666666666 0.150390625 0.7048611111111112 0.138671875 0.7048611111111112 0.13671875 0.7013888888888888 0.13671875 0.6875 0.138671875 0.6805555555555556 0.146484375 0.6736111111111112
0 0.244140625 0.7604166666666666 0.248046875 0.7569444444444444 0.2578125 0.7569444444444444 0.26171875 0.7638888888888888 0.26171875 0.7847222222222222 0.259765625 0.7881944444444444 0.244140625 0.7847222222222222 0.2421875 0.78125 0.2421875 0.7673611111111112 0.244140625 0.7638888888888888
0 0.171875 0.5659722222222222 0.17578125 0.5763888888888888 0.17578125 0.5902777777777778 0.173828125 0.59375 0.1640625 0.59375 0.162109375 0.5902777777777778 0.158203125 0.5902777777777778 0.158203125 0.5729166666666666 0.1640625 0.5659722222222222 0.169921875 0.5659722222222222
0 0.3515625 0.2916666666666667 0.35546875 0.2881944444444444 0.365234375 0.2881944444444444 0.3671875 0.2951388888888889 0.3671875 0.3020833333333333 0.36328125 0.3090277777777778 0.35546875 0.3090277777777778 0.3515625 0.2951388888888889
0 0.98828125 0.2604166666666667 0.990234375 0.2638888888888889 0.990234375 0.2777777777777778 0.984375 0.2847222222222222 0.9765625 0.2847222222222222 0.974609375 0.2777777777777778 0.978515625 0.2604166666666667 0.982421875 0.2569444444444444 0.986328125 0.2604166666666667
0 0.583984375 0.4791666666666667 0.583984375 0.4652777777777778 0.591796875 0.4548611111111111 0.59765625 0.4548611111111111 0.603515625 0.4722222222222222 0.599609375 0.4756944444444444 0.59375 0.4756944444444444 0.591796875 0.4791666666666667 0.5859375 0.4791666666666667
0 0.47942708333333334 0.47870370370370374 0.018229166666666668 0.03333333333333333
0 0.533203125 0.3506944444444444 0.5390625 0.3576388888888889 0.5390625 0.3645833333333333 0.541015625 0.3680555555555556 0.537109375 0.3784722222222222 0.529296875 0.3784722222222222 0.525390625 0.3680555555555556 0.52734375 0.3541666666666667 0.53125 0.3506944444444444
0 0.279296875 0.4826388888888889 0.279296875 0.5069444444444444 0.27734375 0.5104166666666666 0.26953125 0.5104166666666666 0.265625 0.5 0.26171875 0.4965277777777778 0.26171875 0.4861111111111111 0.265625 0.4791666666666667 0.275390625 0.4791666666666667 0.27734375 0.4826388888888889
0 0.3932291666666667 0.5777777777777778 0.015625 0.03333333333333333
1 0.966796875 0.2847222222222222 0.984375 0.2881944444444444 0.990234375 0.28125 0.99609375 0.28125 0.99609375 0.3055555555555556 0.98046875 0.34375 0.97265625 0.34375 0.96484375 0.3368055555555556 0.96484375 0.3194444444444444 0.966796875 0.3159722222222222 0.96484375 0.2916666666666667 0.966796875 0.2881944444444444
1 0.60546875 0.4756944444444444 0.607421875 0.4791666666666667 0.611328125 0.4791666666666667 0.619140625 0.4930555555555556 0.62109375 0.5069444444444444 0.625 0.5173611111111112 0.611328125 0.53125 0.60546875 0.53125 0.599609375 0.5208333333333334 0.599609375 0.5138888888888888 0.587890625 0.4895833333333333 0.591796875 0.4791666666666667 0.599609375 0.4791666666666667 0.603515625 0.4756944444444444
1 0.9296875 0.3472222222222222 0.935546875 0.3576388888888889 0.931640625 0.3680555555555556 0.939453125 0.3888888888888889 0.93359375 0.3993055555555556 0.927734375 0.3993055555555556 0.92578125 0.4027777777777778 0.921875 0.4027777777777778 0.919921875 0.3958333333333333 0.90625 0.375 0.90625 0.3611111111111111 0.908203125 0.3576388888888889 0.91796875 0.3541666666666667 0.921875 0.3472222222222222 0.927734375 0.3472222222222222
1 0.162109375 0.71875 0.166015625 0.7256944444444444 0.1640625 0.7326388888888888 0.15625 0.7395833333333334 0.15234375 0.75 0.15234375 0.7673611111111112 0.154296875 0.7708333333333334 0.154296875 0.7847222222222222 0.15625 0.7881944444444444 0.154296875 0.8090277777777778 0.126953125 0.8090277777777778 0.125 0.8055555555555556 0.123046875 0.7986111111111112 0.125 0.7951388888888888 0.125 0.7465277777777778 0.123046875 0.7430555555555556 0.123046875 0.7256944444444444 0.125 0.7222222222222222 0.130859375 0.7222222222222222 0.134765625 0.7291666666666666 0.138671875 0.7291666666666666 0.146484375 0.71875 0.16015625 0.71875
1 0.251953125 0.7881944444444444 0.25390625 0.7916666666666666 0.26953125 0.7916666666666666 0.2734375 0.7986111111111112 0.2734375 0.8055555555555556 0.275390625 0.8090277777777778 0.275390625 0.8333333333333334 0.2734375 0.8333333333333334 0.267578125 0.84375 0.267578125 0.8576388888888888 0.263671875 0.8680555555555556 0.263671875 0.8854166666666666 0.259765625 0.8819444444444444 0.248046875 0.8819444444444444 0.24609375 0.8784722222222222 0.232421875 0.8784722222222222 0.23046875 0.875 0.232421875 0.8368055555555556 0.2265625 0.8263888888888888 0.220703125 0.8229166666666666 0.228515625 0.7916666666666666 0.232421875 0.7881944444444444 0.25 0.7881944444444444
1 0.3828125 0.5729166666666666 0.38671875 0.5798611111111112 0.39453125 0.5798611111111112 0.396484375 0.5763888888888888 0.3984375 0.5833333333333334 0.396484375 0.5868055555555556 0.396484375 0.5972222222222222 0.3828125 0.6215277777777778 0.376953125 0.6284722222222222 0.369140625 0.6284722222222222 0.3671875 0.6319444444444444 0.359375 0.6319444444444444 0.359375 0.6076388888888888 0.357421875 0.6041666666666666 0.357421875 0.5972222222222222 0.353515625 0.5902777777777778 0.376953125 0.5694444444444444 0.380859375 0.5729166666666666
1 0.287109375 0.9618055555555556 0.291015625 0.9756944444444444 0.2890625 0.9826388888888888 0.2890625 0.9965277777777778 0.251953125 0.9965277777777778 0.25390625 0.9895833333333334 0.25390625 0.9652777777777778 0.2578125 0.9652777777777778 0.259765625 0.9618055555555556 0.28515625 0.9618055555555556
1 0.162109375 0.59375 0.1640625 0.5972222222222222 0.169921875 0.5972222222222222 0.17578125 0.6041666666666666 0.18359375 0.6076388888888888 0.18359375 0.6215277777777778 0.173828125 0.6354166666666666 0.173828125 0.6423611111111112 0.171875 0.6458333333333334 0.173828125 0.6666666666666666 0.169921875 0.6770833333333334 0.169921875 0.6840277777777778 0.158203125 0.6840277777777778 0.15234375 0.6736111111111112 0.1484375 0.6736111111111112 0.146484375 0.6701388888888888 0.140625 0.6736111111111112 0.138671875 0.6701388888888888 0.140625 0.6631944444444444 0.140625 0.6493055555555556 0.142578125 0.6458333333333334 0.142578125 0.6284722222222222 0.138671875 0.6145833333333334 0.140625 0.5972222222222222 0.14453125 0.5902777777777778 0.154296875 0.5902777777777778 0.15625 0.59375 0.16015625 0.59375
1 0.388671875 0.2986111111111111 0.388671875 0.3020833333333333 0.37109375 0.3229166666666667 0.369140625 0.3298611111111111 0.369140625 0.34375 0.3671875 0.3472222222222222 0.3671875 0.3715277777777778 0.36328125 0.3784722222222222 0.34765625 0.3784722222222222 0.345703125 0.3715277777777778 0.34765625 0.3680555555555556 0.34765625 0.3506944444444444 0.349609375 0.34375 0.345703125 0.3368055555555556 0.34375 0.3263888888888889 0.3515625 0.3125 0.361328125 0.3125 0.365234375 0.3055555555555556 0.38671875 0.2986111111111111
1 0.46484375 0.4861111111111111 0.47265625 0.4861111111111111 0.4765625 0.4930555555555556 0.484375 0.4965277777777778 0.490234375 0.5069444444444444 0.490234375 0.5138888888888888 0.4921875 0.5173611111111112 0.4921875 0.5243055555555556 0.486328125 0.5381944444444444 0.486328125 0.5486111111111112 0.48828125 0.5520833333333334 0.486328125 0.5555555555555556 0.482421875 0.5555555555555556 0.474609375 0.5625 0.466796875 0.5590277777777778 0.466796875 0.5486111111111112 0.46484375 0.5451388888888888 0.46484375 0.4895833333333333
1 0.52734375 0.4236111111111111 0.525390625 0.4097222222222222 0.51953125 0.3958333333333333 0.51953125 0.3784722222222222 0.521484375 0.375 0.52734375 0.375 0.53125 0.3819444444444444 0.53515625 0.3819444444444444 0.54296875 0.3680555555555556 0.548828125 0.3680555555555556 0.552734375 0.3854166666666667 0.546875 0.4097222222222222 0.548828125 0.4236111111111111 0.529296875 0.4236111111111111
1 0.671875 0.3159722222222222 0.681640625 0.3402777777777778 0.681640625 0.3506944444444444 0.67578125 0.3645833333333333 0.67578125 0.3784722222222222 0.669921875 0.3784722222222222 0.66796875 0.375 0.658203125 0.3819444444444444 0.65234375 0.3645833333333333 0.65234375 0.34375 0.650390625 0.3402777777777778 0.650390625 0.3333333333333333 0.65234375 0.3263888888888889 0.669921875 0.3159722222222222
1 0.443359375 0.9618055555555556 0.4453125 0.9652777777777778 0.45703125 0.9652777777777778 0.45703125 0.9930555555555556 0.455078125 0.9965277777777778 0.421875 0.9965277777777778 0.421875 0.9895833333333334 0.423828125 0.9861111111111112 0.423828125 0.9652777777777778 0.44140625 0.9618055555555556
1 0.23828125 0.5069444444444444 0.2421875 0.5 0.24609375 0.5 0.248046875 0.4965277777777778 0.26171875 0.4965277777777778 0.26953125 0.5104166666666666 0.26953125 0.5173611111111112 0.265625 0.5243055555555556 0.263671875 0.5243055555555556 0.2578125 0.5347222222222222 0.248046875 0.5416666666666666 0.23828125 0.5416666666666666 0.23046875 0.5347222222222222 0.23046875 0.53125 0.236328125 0.5208333333333334 0.25 0.5208333333333334 0.251953125 0.5173611111111112 0.248046875 0.5069444444444444 0.240234375 0.5069444444444444
2 0.98828125 0.2604166666666667 0.990234375 0.2638888888888889 0.990234375 0.2743055555555556 0.99609375 0.2847222222222222 0.998046875 0.3472222222222222 0.99609375 0.3333333333333333 0.990234375 0.3263888888888889 0.984375 0.3333333333333333 0.982421875 0.34375 0.984375 0.3472222222222222 0.984375 0.3541666666666667 0.994140625 0.3784722222222222 0.994140625 0.3888888888888889 0.99609375 0.3923611111111111 0.994140625 0.3958333333333333 0.9921875 0.4201388888888889 0.99609375 0.4270833333333333 0.98828125 0.4270833333333333 0.986328125 0.4236111111111111 0.986328125 0.3923611111111111 0.97265625 0.3680555555555556 0.96875 0.3680555555555556 0.94921875 0.40625 0.9453125 0.40625 0.94921875 0.3819444444444444 0.95703125 0.3611111111111111 0.958984375 0.3472222222222222 0.962890625 0.3368055555555556 0.962890625 0.3298611111111111 0.95703125 0.3229166666666667 0.95703125 0.3125 0.96484375 0.2951388888888889 0.966796875 0.2847222222222222 0.970703125 0.2847222222222222 0.974609375 0.2777777777777778 0.9765625 0.2638888888888889 0.982421875 0.2569444444444444 0.986328125 0.2604166666666667
2 0.59765625 0.4548611111111111 0.599609375 0.4618055555555556 0.619140625 0.4930555555555556 0.623046875 0.5104166666666666 0.62890625 0.5208333333333334 0.630859375 0.5208333333333334 0.630859375 0.5416666666666666 0.626953125 0.5520833333333334 0.626953125 0.5590277777777778 0.630859375 0.5659722222222222 0.6484375 0.5659722222222222 0.6484375 0.5833333333333334 0.64453125 0.5833333333333334 0.640625 0.5763888888888888 0.611328125 0.5763888888888888 0.609375 0.5729166666666666 0.603515625 0.5729166666666666 0.599609375 0.5798611111111112 0.599609375 0.5972222222222222 0.595703125 0.6006944444444444 0.583984375 0.5972222222222222 0.583984375 0.59375 0.587890625 0.59375 0.591796875 0.5868055555555556 0.591796875 0.5347222222222222 0.59765625 0.5243055555555556 0.59765625 0.5173611111111112 0.59375 0.5034722222222222 0.587890625 0.4930555555555556 0.583984375 0.4791666666666667 0.583984375 0.46875 0.587890625 0.4583333333333333 0.595703125 0.4548611111111111
2 0.533203125 0.3506944444444444 0.537109375 0.3541666666666667 0.54296875 0.3680555555555556 0.548828125 0.3680555555555556 0.55078125 0.3715277777777778 0.55078125 0.3819444444444444 0.556640625 0.3993055555555556 0.556640625 0.40625 0.55859375 0.4097222222222222 0.55859375 0.4270833333333333 0.5625 0.4409722222222222 0.5625 0.4479166666666667 0.560546875 0.4513888888888889 0.556640625 0.4513888888888889 0.5546875 0.4548611111111111 0.5546875 0.4618055555555556 0.564453125 0.4791666666666667 0.56640625 0.5034722222222222 0.564453125 0.5069444444444444 0.5625 0.5034722222222222 0.560546875 0.4895833333333333 0.5546875 0.4791666666666667 0.546875 0.4722222222222222 0.5390625 0.4513888888888889 0.537109375 0.4548611111111111 0.533203125 0.4548611111111111 0.529296875 0.4618055555555556 0.52734375 0.4791666666666667 0.51953125 0.4965277777777778 0.515625 0.5208333333333334 0.51171875 0.5173611111111112 0.51171875 0.5034722222222222 0.515625 0.4895833333333333 0.515625 0.4791666666666667 0.5234375 0.4513888888888889 0.5234375 0.4375 0.517578125 0.4236111111111111 0.51953125 0.3784722222222222 0.525390625 0.3680555555555556 0.52734375 0.3541666666666667 0.53125 0.3506944444444444
2 0.91796875 0.3263888888888889 0.921875 0.3368055555555556 0.943359375 0.3715277777777778 0.9453125 0.3784722222222222 0.943359375 0.4131944444444444 0.9375 0.4340277777777778 0.9375 0.4409722222222222 0.951171875 0.4756944444444444 0.947265625 0.4826388888888889 0.94140625 0.4826388888888889 0.939453125 0.4861111111111111 0.935546875 0.4756944444444444 0.935546875 0.46875 0.927734375 0.4513888888888889 0.921875 0.4305555555555556 0.921875 0.4236111111111111 0.919921875 0.4201388888888889 0.921875 0.40625 0.9140625 0.3888888888888889 0.912109375 0.3888888888888889 0.904296875 0.4027777777777778 0.904296875 0.40625 0.896484375 0.4131944444444444 0.896484375 0.40625 0.90234375 0.3958333333333333 0.90234375 0.3888888888888889 0.90625 0.375 0.904296875 0.3715277777777778 0.904296875 0.3368055555555556 0.90625 0.3298611111111111 0.91015625 0.3263888888888889 0.916015625 0.3263888888888889
2 0.15234375 0.6770833333333334 0.15625 0.6840277777777778 0.15625 0.7013888888888888 0.158203125 0.7048611111111112 0.158203125 0.7118055555555556 0.166015625 0.7256944444444444 0.162109375 0.7361111111111112 0.1640625 0.7708333333333334 0.166015625 0.7743055555555556 0.1640625 0.78125 0.166015625 0.7881944444444444 0.166015625 0.8020833333333334 0.1640625 0.8055555555555556 0.158203125 0.7986111111111112 0.15625 0.8020833333333334 0.15625 0.8090277777777778 0.154296875 0.8125 0.15234375 0.8541666666666666 0.146484375 0.8784722222222222 0.142578125 0.8854166666666666 0.107421875 0.8854166666666666 0.107421875 0.8715277777777778 0.12109375 0.8715277777777778 0.1328125 0.8576388888888888 0.1328125 0.8402777777777778 0.130859375 0.8368055555555556 0.130859375 0.8298611111111112 0.125 0.8159722222222222 0.125 0.8020833333333334 0.123046875 0.7986111111111112 0.125 0.7951388888888888 0.125 0.7847222222222222 0.119140625 0.7708333333333334 0.119140625 0.75 0.12109375 0.7465277777777778 0.12109375 0.7326388888888888 0.125 0.71875 0.126953125 0.71875 0.13671875 0.6979166666666666 0.13671875 0.6875 0.138671875 0.6805555555555556 0.140625 0.6770833333333334 0.150390625 0.6770833333333334
2 0.244140625 0.7604166666666666 0.248046875 0.7569444444444444 0.2578125 0.7569444444444444 0.26171875 0.7638888888888888 0.26171875 0.7847222222222222 0.2734375 0.7986111111111112 0.275390625 0.8229166666666666 0.283203125 0.8472222222222222 0.283203125 0.8541666666666666 0.279296875 0.8611111111111112 0.275390625 0.8611111111111112 0.26953125 0.8541666666666666 0.263671875 0.8680555555555556 0.263671875 0.8854166666666666 0.259765625 0.8888888888888888 0.23046875 0.8888888888888888 0.228515625 0.8854166666666666 0.23046875 0.8784722222222222 0.23046875 0.8680555555555556 0.224609375 0.8576388888888888 0.220703125 0.8576388888888888 0.216796875 0.8506944444444444 0.21484375 0.84375 0.21484375 0.8333333333333334 0.22265625 0.8159722222222222 0.2265625 0.8020833333333334 0.2265625 0.7951388888888888 0.232421875 0.7881944444444444 0.240234375 0.7881944444444444 0.2421875 0.7847222222222222 0.2421875 0.7673611111111112 0.244140625 0.7638888888888888
2 0.30078125 0.5625 0.310546875 0.5625 0.314453125 0.5694444444444444 0.3203125 0.5729166666666666 0.328125 0.5868055555555556 0.337890625 0.5868055555555556 0.33984375 0.5902777777777778 0.353515625 0.5902777777777778 0.37109375 0.5763888888888888 0.375 0.5694444444444444 0.38671875 0.5694444444444444 0.392578125 0.5625 0.396484375 0.5625 0.3984375 0.5694444444444444 0.3984375 0.6006944444444444 0.404296875 0.6111111111111112 0.40625 0.6111111111111112 0.408203125 0.6180555555555556 0.408203125 0.6215277777777778 0.404296875 0.625 0.3984375 0.625 0.392578125 0.6180555555555556 0.384765625 0.6180555555555556 0.376953125 0.6284722222222222 0.359375 0.6319444444444444 0.357421875 0.6354166666666666 0.3203125 0.6354166666666666 0.302734375 0.6180555555555556 0.3046875 0.6111111111111112 0.322265625 0.6145833333333334 0.32421875 0.6111111111111112 0.32421875 0.6041666666666666 0.3203125 0.6006944444444444 0.3203125 0.5972222222222222 0.314453125 0.5868055555555556 0.3125 0.5868055555555556 0.306640625 0.5763888888888888 0.30078125 0.5729166666666666 0.30078125 0.5659722222222222
2 0.263671875 0.4791666666666667 0.275390625 0.4791666666666667 0.279296875 0.4826388888888889 0.279296875 0.5069444444444444 0.271484375 0.5138888888888888 0.25390625 0.5416666666666666 0.251953125 0.5625 0.248046875 0.5694444444444444 0.248046875 0.5868055555555556 0.23828125 0.59375 0.224609375 0.59375 0.21875 0.6006944444444444 0.212890625 0.6111111111111112 0.212890625 0.6145833333333334 0.2109375 0.6145833333333334 0.201171875 0.6319444444444444 0.201171875 0.6388888888888888 0.203125 0.6423611111111112 0.201171875 0.6493055555555556 0.197265625 0.6493055555555556 0.19140625 0.6423611111111112 0.19140625 0.6319444444444444 0.19921875 0.6180555555555556 0.19921875 0.6111111111111112 0.203125 0.5972222222222222 0.21484375 0.5729166666666666 0.21484375 0.5590277777777778 0.216796875 0.5555555555555556 0.216796875 0.5277777777777778 0.21875 0.5208333333333334 0.2421875 0.5 0.25390625 0.4965277777777778 0.263671875 0.4826388888888889
2 0.171875 0.5659722222222222 0.17578125 0.5763888888888888 0.17578125 0.6006944444444444 0.18359375 0.6076388888888888 0.18359375 0.6215277777777778 0.181640625 0.625 0.181640625 0.6631944444444444 0.177734375 0.6631944444444444 0.169921875 0.6805555555555556 0.169921875 0.6909722222222222 0.16796875 0.6944444444444444 0.169921875 0.6979166666666666 0.169921875 0.7152777777777778 0.16796875 0.7222222222222222 0.162109375 0.7152777777777778 0.158203125 0.7013888888888888 0.158203125 0.6840277777777778 0.15234375 0.6736111111111112 0.140625 0.6736111111111112 0.138671875 0.6701388888888888 0.140625 0.6631944444444444 0.140625 0.6527777777777778 0.13671875 0.6458333333333334 0.130859375 0.6423611111111112 0.130859375 0.6284722222222222 0.138671875 0.6111111111111112 0.140625 0.5972222222222222 0.14453125 0.5902777777777778 0.154296875 0.5902777777777778 0.16015625 0.5694444444444444 0.1640625 0.5659722222222222 0.169921875 0.5659722222222222
2 0.3515625 0.2951388888888889 0.357421875 0.2881944444444444 0.36328125 0.2881944444444444 0.3671875 0.3020833333333333 0.39453125 0.2986111111111111 0.384765625 0.3055555555555556 0.376953125 0.3159722222222222 0.373046875 0.3159722222222222 0.369140625 0.3298611111111111 0.369140625 0.3472222222222222 0.3671875 0.3506944444444444 0.3671875 0.4236111111111111 0.369140625 0.4270833333333333 0.369140625 0.4375 0.376953125 0.4513888888888889 0.37890625 0.4513888888888889 0.37890625 0.4548611111111111 0.365234375 0.4548611111111111 0.36328125 0.4513888888888889 0.365234375 0.4479166666666667 0.365234375 0.4375 0.36328125 0.4340277777777778 0.361328125 0.4166666666666667 0.35546875 0.4027777777777778 0.3515625 0.4166666666666667 0.3359375 0.4409722222222222 0.33203125 0.4513888888888889 0.33203125 0.4583333333333333 0.326171875 0.4652777777777778 0.32421875 0.4618055555555556 0.32421875 0.4479166666666667 0.33203125 0.4375 0.333984375 0.4270833333333333 0.345703125 0.4027777777777778 0.34765625 0.3402777777777778 0.34375 0.3333333333333333 0.34375 0.3263888888888889 0.353515625 0.3090277777777778 0.353515625 0.2986111111111111
2 0.482421875 0.4652777777777778 0.48828125 0.4791666666666667 0.486328125 0.4965277777777778 0.49609375 0.5138888888888888 0.49609375 0.5277777777777778 0.498046875 0.5347222222222222 0.505859375 0.5416666666666666 0.5078125 0.5486111111111112 0.51171875 0.5486111111111112 0.515625 0.5416666666666666 0.51953125 0.5416666666666666 0.51953125 0.5486111111111112 0.513671875 0.5659722222222222 0.505859375 0.5590277777777778 0.501953125 0.5590277777777778 0.49609375 0.5520833333333334 0.490234375 0.5590277777777778 0.4921875 0.5659722222222222 0.498046875 0.5694444444444444 0.505859375 0.5798611111111112 0.505859375 0.5902777777777778 0.50390625 0.59375 0.48046875 0.59375 0.47265625 0.5833333333333334 0.46484375 0.5590277777777778 0.46484375 0.4861111111111111 0.474609375 0.4652777777777778 0.48046875 0.4652777777777778
2 0.666015625 0.2986111111111111 0.68359375 0.3472222222222222 0.677734375 0.3611111111111111 0.677734375 0.3819444444444444 0.67578125 0.3854166666666667 0.67578125 0.3923611111111111 0.66796875 0.4097222222222222 0.66796875 0.4479166666666667 0.673828125 0.4583333333333333 0.673828125 0.4652777777777778 0.669921875 0.4756944444444444 0.658203125 0.4618055555555556 0.658203125 0.4583333333333333 0.662109375 0.4548611111111111 0.662109375 0.4479166666666667 0.654296875 0.4236111111111111 0.654296875 0.3958333333333333 0.65625 0.3923611111111111 0.65625 0.3854166666666667 0.65234375 0.3784722222222222 0.646484375 0.3784722222222222 0.64453125 0.3819444444444444 0.640625 0.3819444444444444 0.638671875 0.3784722222222222 0.638671875 0.3715277777777778 0.6484375 0.3715277777777778 0.65234375 0.3645833333333333 0.65234375 0.34375 0.650390625 0.3402777777777778 0.65234375 0.3055555555555556 0.658203125 0.2986111111111111 0.6640625 0.2986111111111111
2 0.423828125 0.9652777777777778 0.43359375 0.9652777777777778 0.435546875 0.9618055555555556 0.45703125 0.9652777777777778 0.45703125 0.9930555555555556 0.455078125 0.9965277777777778 0.421875 0.9965277777777778 0.421875 0.9861111111111112 0.423828125 0.9826388888888888 0.423828125 0.9756944444444444 0.421875 0.9722222222222222 0.423828125 0.96875