0 0.6463541666666667 0.3032407407407407 0.017708333333333333 0.025
0 0.630859375 0.2743055555555556 0.634765625 0.2777777777777778 0.634765625 0.2951388888888889 0.630859375 0.2986111111111111 0.623046875 0.2986111111111111 0.623046875 0.2881944444444444 0.62109375 0.2847222222222222 0.623046875 0.2777777777777778 0.62890625 0.2743055555555556
0 0.42578125 0.71875 0.4296875 0.7256944444444444 0.4296875 0.7326388888888888 0.431640625 0.7361111111111112 0.4296875 0.7465277777777778 0.4140625 0.7465277777777778 0.412109375 0.7395833333333334 0.412109375 0.7291666666666666 0.4140625 0.7222222222222222 0.41796875 0.71875 0.423828125 0.71875
0 0.55078125 0.5555555555555556 0.5546875 0.5520833333333334 0.560546875 0.5520833333333334 0.564453125 0.5555555555555556 0.564453125 0.5763888888888888 0.55078125 0.5763888888888888 0.55078125 0.5590277777777778
0 0.609375 0.7673611111111112 0.61328125 0.7777777777777778 0.61328125 0.7916666666666666 0.611328125 0.7951388888888888 0.595703125 0.7951388888888888 0.595703125 0.7743055555555556 0.603515625 0.7638888888888888 0.607421875 0.7673611111111112
0 0.69140625 0.4930555555555556 0.697265625 0.5069444444444444 0.697265625 0.5138888888888888 0.6953125 0.5173611111111112 0.681640625 0.5173611111111112 0.6796875 0.5138888888888888 0.6796875 0.5034722222222222 0.68359375 0.4965277777777778 0.689453125 0.4930555555555556
0 0.369140625 0.7326388888888888 0.37109375 0.7395833333333334 0.37109375 0.75 0.36328125 0.7569444444444444 0.35546875 0.7569444444444444 0.35546875 0.7395833333333334 0.36328125 0.7291666666666666 0.3671875 0.7326388888888888
0 0.365625 0.3847222222222222 0.017708333333333333 0.0287037037037037
0 0.25 0.3784722222222222 0.25390625 0.3819444444444444 0.25390625 0.4027777777777778 0.248046875 0.4027777777777778 0.240234375 0.3958333333333333 0.2421875 0.3819444444444444 0.248046875 0.3784722222222222
0 0.943359375 0.22916666666666666 0.953125 0.22916666666666666 0.955078125 0.2326388888888889 0.955078125 0.24305555555555555 0.951171875 0.2465277777777778 0.943359375 0.2465277777777778 0.94140625 0.24305555555555555 0.943359375 0.2326388888888889
0 0.2734375 0.125 0.279296875 0.125 0.283203125 0.13541666666666666 0.279296875 0.14583333333333334 0.275390625 0.14583333333333334 0.2734375 0.1423611111111111 0.2734375 0.1284722222222222
0 0.537109375 0.7986111111111112 0.541015625 0.8020833333333334 0.54296875 0.8090277777777778 0.54296875 0.8194444444444444 0.541015625 0.8263888888888888 0.5234375 0.8263888888888888 0.5234375 0.8090277777777778 0.529296875 0.7986111111111112 0.53515625 0.7986111111111112
0 0.484375 0.8194444444444444 0.486328125 0.8263888888888888 0.486328125 0.8402777777777778 0.482421875 0.8472222222222222 0.470703125 0.8472222222222222 0.46875 0.84375 0.46875 0.8229166666666666 0.474609375 0.8159722222222222 0.48046875 0.8159722222222222 0.482421875 0.8194444444444444
0 0.3671875 0.8472222222222222 0.373046875 0.8402777777777778 0.37890625 0.8402777777777778 0.384765625 0.8472222222222222 0.384765625 0.8680555555555556 0.380859375 0.875 0.3671875 0.8715277777777778 0.365234375 0.8680555555555556 0.365234375 0.8576388888888888 0.3671875 0.8506944444444444
0 0.974609375 0.23958333333333334 0.9765625 0.24305555555555555 0.9765625 0.25 0.97265625 0.2569444444444444 0.966796875 0.2569444444444444 0.96484375 0.2534722222222222 0.96484375 0.2465277777777778 0.97265625 0.23958333333333334
1 0.0390625 0.1527777777777778 0.044921875 0.16666666666666666 0.044921875 0.17708333333333334 0.04296875 0.18055555555555555 0.04296875 0.2048611111111111 0.041015625 0.20833333333333334 0.029296875 0.2048611111111111 0.0234375 0.19791666666666666 0.0234375 0.1909722222222222 0.021484375 0.1875 0.021484375 0.1701388888888889 0.0234375 0.16319444444444445 0.03125 0.15625 0.037109375 0.15625
1 0.685546875 0.5173611111111112 0.6875 0.5208333333333334 0.69140625 0.5173611111111112 0.69921875 0.5173611111111112 0.705078125 0.5243055555555556 0.705078125 0.53125 0.708984375 0.5381944444444444 0.708984375 0.5451388888888888 0.7109375 0.5486111111111112 0.712890625 0.5902777777777778 0.69921875 0.6006944444444444 0.689453125 0.6006944444444444 0.6875 0.5972222222222222 0.6875 0.5902777777777778 0.685546875 0.5868055555555556 0.685546875 0.5694444444444444 0.6796875 0.5590277777777778 0.6796875 0.5486111111111112 0.677734375 0.5451388888888888 0.677734375 0.5277777777777778 0.6796875 0.5208333333333334 0.68359375 0.5208333333333334
1 0.40234375 0.75 0.4296875 0.75 0.431640625 0.7534722222222222 0.435546875 0.7534722222222222 0.439453125 0.7604166666666666 0.439453125 0.7777777777777778 0.44140625 0.78125 0.44140625 0.7881944444444444 0.4296875 0.8055555555555556 0.4296875 0.8298611111111112 0.42578125 0.8263888888888888 0.4140625 0.8263888888888888 0.412109375 0.8229166666666666 0.400390625 0.8229166666666666 0.3984375 0.8194444444444444 0.400390625 0.8125 0.400390625 0.7881944444444444 0.39453125 0.7777777777777778 0.39453125 0.7743055555555556 0.40234375 0.7534722222222222
1 0.107421875 0.14930555555555555 0.111328125 0.1527777777777778 0.111328125 0.16319444444444445 0.11328125 0.16666666666666666 0.11328125 0.1875 0.109375 0.19444444444444445 0.10546875 0.1909722222222222 0.095703125 0.1909722222222222 0.08984375 0.1840277777777778 0.08984375 0.1736111111111111 0.091796875 0.1701388888888889 0.091796875 0.1597222222222222 0.08984375 0.1527777777777778 0.091796875 0.14930555555555555 0.10546875 0.14930555555555555
1 0.384765625 0.7534722222222222 0.38671875 0.7569444444444444 0.390625 0.7569444444444444 0.39453125 0.7638888888888888 0.39453125 0.7743055555555556 0.388671875 0.7951388888888888 0.380859375 0.8020833333333334 0.369140625 0.7986111111111112 0.3671875 0.7951388888888888 0.3671875 0.7777777777777778 0.36328125 0.7708333333333334 0.359375 0.78125 0.357421875 0.78125 0.35546875 0.7743055555555556 0.359375 0.7638888888888888 0.36328125 0.7638888888888888 0.37890625 0.75 0.3828125 0.7534722222222222
1 0.244140625 0.3993055555555556 0.251953125 0.4097222222222222 0.251953125 0.4166666666666667 0.248046875 0.4340277777777778 0.24609375 0.4340277777777778 0.240234375 0.4444444444444444 0.2421875 0.4479166666666667 0.240234375 0.4548611111111111 0.224609375 0.4444444444444444 0.234375 0.40625 0.2421875 0.3993055555555556
1 0.0703125 0.2013888888888889 0.0703125 0.1875 0.0625 0.1701388888888889 0.0625 0.14930555555555555 0.064453125 0.14583333333333334 0.08203125 0.14583333333333334 0.083984375 0.1527777777777778 0.083984375 0.16666666666666666 0.08203125 0.1701388888888889 0.083984375 0.17708333333333334 0.083984375 0.2013888888888889 0.08203125 0.2048611111111111 0.07421875 0.2048611111111111 0.072265625 0.2013888888888889
1 0.953125 0.25 0.958984375 0.2673611111111111 0.95703125 0.2951388888888889 0.953125 0.3020833333333333 0.939453125 0.3020833333333333 0.9375 0.2986111111111111 0.939453125 0.2847222222222222 0.93359375 0.2708333333333333 0.93359375 0.2604166666666667 0.9375 0.2534722222222222 0.94140625 0.25 0.951171875 0.25
1 0.66015625 0.3125 0.6640625 0.3194444444444444 0.6640625 0.3402777777777778 0.662109375 0.34375 0.662109375 0.3715277777777778 0.658203125 0.3819444444444444 0.650390625 0.3819444444444444 0.6484375 0.3784722222222222 0.64453125 0.3784722222222222 0.640625 0.3715277777777778 0.642578125 0.3680555555555556 0.642578125 0.3506944444444444 0.638671875 0.3333333333333333 0.638671875 0.3159722222222222 0.650390625 0.3159722222222222 0.65234375 0.3125 0.658203125 0.3125
1 0.28515625 0.14930555555555555 0.287109375 0.1527777777777778 0.287109375 0.16666666666666666 0.279296875 0.1840277777777778 0.279296875 0.19791666666666666 0.27734375 0.2013888888888889 0.267578125 0.2013888888888889 0.265625 0.19791666666666666 0.265625 0.1909722222222222 0.26171875 0.17708333333333334 0.263671875 0.1736111111111111 0.263671875 0.1527777777777778 0.267578125 0.14583333333333334 0.28125 0.14583333333333334 0.283203125 0.14930555555555555
1 0.984375 0.2534722222222222 0.98828125 0.2604166666666667 0.9921875 0.2986111111111111 0.98828125 0.2986111111111111 0.98046875 0.3055555555555556 0.9765625 0.3055555555555556 0.966796875 0.2847222222222222 0.96484375 0.2604166666666667 0.966796875 0.2569444444444444 0.97265625 0.2569444444444444 0.978515625 0.25 0.982421875 0.2534722222222222
1 0.62109375 0.8020833333333334 0.626953125 0.8090277777777778 0.626953125 0.8263888888888888 0.623046875 0.8368055555555556 0.623046875 0.8784722222222222 0.615234375 0.8784722222222222 0.61328125 0.8819444444444444 0.60546875 0.8819444444444444 0.603515625 0.8854166666666666 0.59375 0.8854166666666666 0.591796875 0.8784722222222222 0.591796875 0.84375 0.58984375 0.8402777777777778 0.58984375 0.8333333333333334 0.583984375 0.8263888888888888 0.583984375 0.8159722222222222 0.587890625 0.8090277777777778 0.59765625 0.8020833333333334 0.619140625 0.8020833333333334
1 0.359375 0.4027777777777778 0.37109375 0.3923611111111111 0.376953125 0.3923611111111111 0.380859375 0.4027777777777778 0.3828125 0.4375 0.384765625 0.4409722222222222 0.3828125 0.4479166666666667 0.376953125 0.4548611111111111 0.373046875 0.4548611111111111 0.3671875 0.4479166666666667 0.36328125 0.4340277777777778 0.36328125 0.4270833333333333 0.359375 0.4166666666666667 0.359375 0.40625
1 0.458984375 0.8541666666666666 0.462890625 0.8541666666666666 0.46484375 0.8506944444444444 0.494140625 0.8506944444444444 0.498046875 0.8576388888888888 0.498046875 0.8819444444444444 0.49609375 0.8854166666666666 0.462890625 0.8854166666666666 0.458984375 0.8819444444444444 0.45703125 0.875 0.45703125 0.8611111111111112 0.458984375 0.8576388888888888
1 0.564453125 0.5798611111111112 0.57421875 0.5868055555555556 0.57421875 0.6006944444444444 0.568359375 0.6111111111111112 0.568359375 0.6319444444444444 0.5703125 0.6354166666666666 0.5703125 0.6493055555555556 0.568359375 0.6527777777777778 0.560546875 0.6527777777777778 0.55859375 0.6493055555555556 0.544921875 0.6493055555555556 0.54296875 0.6527777777777778 0.5390625 0.6493055555555556 0.5390625 0.6111111111111112 0.537109375 0.6076388888888888 0.537109375 0.5868055555555556 0.541015625 0.5798611111111112 0.5625 0.5798611111111112
1 0.52734375 0.8298611111111112 0.529296875 0.8333333333333334 0.53125 0.8298611111111112 0.53515625 0.8298611111111112 0.537109375 0.8333333333333334 0.552734375 0.8333333333333334 0.556640625 0.8402777777777778 0.556640625 0.8645833333333334 0.552734375 0.8715277777777778 0.552734375 0.8819444444444444 0.55078125 0.8854166666666666 0.517578125 0.8854166666666666 0.515625 0.8611111111111112 0.51171875 0.8506944444444444 0.51171875 0.84375 0.515625 0.8333333333333334 0.525390625 0.8333333333333334
1 0.623046875 0.3020833333333333 0.63671875 0.2951388888888889 0.63671875 0.3506944444444444 0.6328125 0.3576388888888889 0.626953125 0.3576388888888889 0.625 0.3541666666666667 0.625 0.3402777777777778 0.626953125 0.3368055555555556 0.625 0.3263888888888889 0.626953125 0.3229166666666667 0.623046875 0.3055555555555556
1 0.375 0.875 0.376953125 0.8784722222222222 0.3828125 0.8784722222222222 0.384765625 0.8854166666666666 0.357421875 0.8854166666666666 0.361328125 0.8715277777777778 0.373046875 0.875
2 0.029296875 0.2673611111111111 0.029296875 0.21875 0.021484375 0.1909722222222222 0.01953125 0.16666666666666666 0.0234375 0.14930555555555555 0.025390625 0.14583333333333334 0.029296875 0.14583333333333334 0.033203125 0.13541666666666666 0.0390625 0.13541666666666666 0.041015625 0.1388888888888889 0.041015625 0.14930555555555555 0.044921875 0.16319444444444445 0.044921875 0.17708333333333334 0.04296875 0.18055555555555555 0.04296875 0.2361111111111111 0.037109375 0.2465277777777778 0.037109375 0.2569444444444444 0.03515625 0.2638888888888889 0.03125 0.2673611111111111
2 0.689453125 0.4930555555555556 0.6953125 0.5 0.69921875 0.5173611111111112 0.705078125 0.5243055555555556 0.712890625 0.5520833333333334 0.7109375 0.5729166666666666 0.71484375 0.5902777777777778 0.71484375 0.6388888888888888 0.720703125 0.6527777777777778 0.720703125 0.6701388888888888 0.7265625 0.6909722222222222 0.7265625 0.6979166666666666 0.724609375 0.7013888888888888 0.720703125 0.6979166666666666 0.71875 0.6840277777777778 0.69921875 0.6180555555555556 0.693359375 0.6215277777777778 0.689453125 0.6319444444444444 0.693359375 0.6493055555555556 0.693359375 0.6631944444444444 0.697265625 0.6736111111111112 0.697265625 0.6840277777777778 0.693359375 0.6875 0.69140625 0.6840277777777778 0.689453125 0.6666666666666666 0.681640625 0.6458333333333334 0.681640625 0.6076388888888888 0.685546875 0.59375 0.685546875 0.5729166666666666 0.681640625 0.5694444444444444 0.677734375 0.5763888888888888 0.673828125 0.5972222222222222 0.669921875 0.5972222222222222 0.669921875 0.5833333333333334 0.677734375 0.5555555555555556 0.677734375 0.5243055555555556 0.6796875 0.5208333333333334 0.6796875 0.5069444444444444 0.68359375 0.4965277777777778 0.6875 0.4965277777777778
2 0.484375 0.8194444444444444 0.486328125 0.84375 0.498046875 0.8576388888888888 0.498046875 0.8819444444444444 0.490234375 0.8888888888888888 0.458984375 0.8888888888888888 0.455078125 0.8854166666666666 0.45703125 0.8715277777777778 0.453125 0.8611111111111112 0.453125 0.8506944444444444 0.451171875 0.8472222222222222 0.455078125 0.84375 0.455078125 0.8472222222222222 0.4609375 0.8541666666666666 0.466796875 0.8472222222222222 0.46875 0.8229166666666666 0.470703125 0.8194444444444444 0.474609375 0.8159722222222222 0.48046875 0.8159722222222222 0.482421875 0.8194444444444444
2 0.42578125 0.71875 0.4296875 0.7291666666666666 0.4296875 0.7465277777777778 0.439453125 0.7604166666666666 0.44140625 0.7916666666666666 0.447265625 0.8090277777777778 0.447265625 0.8159722222222222 0.4453125 0.8194444444444444 0.44140625 0.8194444444444444 0.43359375 0.8020833333333334 0.4296875 0.8090277777777778 0.4296875 0.8298611111111112 0.431640625 0.8333333333333334 0.431640625 0.8715277777777778 0.4296875 0.875 0.4296875 0.8854166666666666 0.419921875 0.8854166666666666 0.412109375 0.8680555555555556 0.404296875 0.8854166666666666 0.396484375 0.8854166666666666 0.392578125 0.8819444444444444 0.392578125 0.8645833333333334 0.396484375 0.8506944444444444 0.396484375 0.8229166666666666 0.392578125 0.8159722222222222 0.390625 0.7916666666666666 0.39453125 0.7847222222222222 0.39453125 0.7743055555555556 0.400390625 0.7604166666666666 0.40234375 0.75 0.408203125 0.75 0.412109375 0.7430555555555556 0.412109375 0.7291666666666666 0.4140625 0.7222222222222222 0.41796875 0.71875 0.423828125 0.71875
2 0.078125 0.12152777777777778 0.083984375 0.1423611111111111 0.083984375 0.1701388888888889 0.08203125 0.1736111111111111 0.083984375 0.17708333333333334 0.083984375 0.22916666666666666 0.08203125 0.2326388888888889 0.08203125 0.2465277777777778 0.080078125 0.25 0.080078125 0.2673611111111111 0.078125 0.2708333333333333 0.07421875 0.2673611111111111 0.0703125 0.2708333333333333 0.06640625 0.2638888888888889 0.06640625 0.2222222222222222 0.068359375 0.21875 0.0703125 0.1875 0.0625 0.1701388888888889 0.0625 0.15625 0.060546875 0.1527777777777778 0.06640625 0.14583333333333334 0.0703125 0.1388888888888889 0.072265625 0.1284722222222222 0.076171875 0.125
2 0.2421875 0.3819444444444444 0.248046875 0.3784722222222222 0.25390625 0.3854166666666667 0.25390625 0.40625 0.251953125 0.4097222222222222 0.251953125 0.4201388888888889 0.248046875 0.4305555555555556 0.248046875 0.4479166666666667 0.24609375 0.4548611111111111 0.259765625 0.4722222222222222 0.259765625 0.4826388888888889 0.244140625 0.5069444444444444 0.24609375 0.5208333333333334 0.2421875 0.5208333333333334 0.240234375 0.5173611111111112 0.240234375 0.5034722222222222 0.2421875 0.5 0.2421875 0.4930555555555556 0.240234375 0.4895833333333333 0.234375 0.4965277777777778 0.236328125 0.5034722222222222 0.22265625 0.5069444444444444 0.22265625 0.5 0.2265625 0.4861111111111111 0.23046875 0.4826388888888889 0.224609375 0.4652777777777778 0.224609375 0.4444444444444444 0.23046875 0.4236111111111111 0.23046875 0.4166666666666667 0.234375 0.40625 0.23828125 0.4027777777777778 0.2421875 0.3854166666666667
2 0.39453125 0.7604166666666666 0.39453125 0.7708333333333334 0.388671875 0.7916666666666666 0.390625 0.8229166666666666 0.39453125 0.8298611111111112 0.39453125 0.84375 0.390625 0.8576388888888888 0.38671875 0.8472222222222222 0.37890625 0.8368055555555556 0.373046875 0.8368055555555556 0.37109375 0.8402777777777778 0.365234375 0.8402777777777778 0.36328125 0.8368055555555556 0.361328125 0.8229166666666666 0.357421875 0.8125 0.357421875 0.7881944444444444 0.35546875 0.7847222222222222 0.35546875 0.7395833333333334 0.359375 0.7326388888888888 0.369140625 0.7326388888888888 0.37109375 0.7430555555555556 0.375 0.75 0.3828125 0.75 0.38671875 0.7569444444444444 0.390625 0.7569444444444444 0.392578125 0.7604166666666666
2 0.953125 0.22916666666666666 0.955078125 0.2361111111111111 0.955078125 0.2465277777777778 0.9609375 0.2708333333333333 0.9609375 0.2951388888888889 0.95703125 0.3020833333333333 0.95703125 0.3090277777777778 0.96484375 0.3229166666666667 0.96484375 0.3402777777777778 0.958984375 0.3541666666666667 0.953125 0.3541666666666667 0.94921875 0.3576388888888889 0.947265625 0.3645833333333333 0.9453125 0.3645833333333333 0.939453125 0.375 0.939453125 0.3854166666666667 0.94140625 0.3923611111111111 0.931640625 0.3923611111111111 0.9296875 0.3888888888888889 0.9296875 0.3819444444444444 0.935546875 0.3715277777777778 0.9375 0.3611111111111111 0.94140625 0.3541666666666667 0.94140625 0.3368055555555556 0.93359375 0.3229166666666667 0.935546875 0.3159722222222222 0.93359375 0.2604166666666667 0.94140625 0.2465277777777778 0.943359375 0.2326388888888889 0.9453125 0.22916666666666666 0.951171875 0.22916666666666666
2 0.6484375 0.2916666666666667 0.65625 0.3090277777777778 0.67578125 0.3333333333333333 0.6796875 0.3576388888888889 0.68359375 0.3680555555555556 0.681640625 0.3715277777777778 0.677734375 0.3715277777777778 0.677734375 0.3611111111111111 0.671875 0.3402777777777778 0.66796875 0.3368055555555556 0.662109375 0.3472222222222222 0.662109375 0.3784722222222222 0.666015625 0.3854166666666667 0.662109375 0.3923611111111111 0.658203125 0.3923611111111111 0.65234375 0.4027777777777778 0.650390625 0.4097222222222222 0.650390625 0.4201388888888889 0.646484375 0.4270833333333333 0.640625 0.4479166666666667 0.634765625 0.4479166666666667 0.6328125 0.40625 0.63671875 0.3958333333333333 0.63671875 0.3854166666666667 0.640625 0.375 0.640625 0.3645833333333333 0.642578125 0.3611111111111111 0.640625 0.3368055555555556 0.638671875 0.3333333333333333 0.638671875 0.3229166666666667 0.63671875 0.3159722222222222 0.638671875 0.3125 0.638671875 0.3020833333333333 0.640625 0.2951388888888889 0.646484375 0.2916666666666667
2 0.2734375 0.125 0.279296875 0.125 0.28125 0.1284722222222222 0.283203125 0.13541666666666666 0.283203125 0.14583333333333334 0.287109375 0.1527777777777778 0.287109375 0.16319444444444445 0.279296875 0.1840277777777778 0.279296875 0.22916666666666666 0.275390625 0.23958333333333334 0.275390625 0.2465277777777778 0.279296875 0.2534722222222222 0.279296875 0.2708333333333333 0.275390625 0.2708333333333333 0.275390625 0.2465277777777778 0.271484375 0.24305555555555555 0.267578125 0.2534722222222222 0.267578125 0.2708333333333333 0.26171875 0.2743055555555556 0.259765625 0.2708333333333333 0.263671875 0.2604166666666667 0.263671875 0.2361111111111111 0.26171875 0.2326388888888889 0.265625 0.2152777777777778 0.265625 0.19791666666666666 0.26171875 0.1875 0.26171875 0.16319444444444445 0.263671875 0.1597222222222222 0.263671875 0.14930555555555555 0.271484375 0.1423611111111111 0.2734375 0.1284722222222222
2 0.974609375 0.24305555555555555 0.982421875 0.25 0.98828125 0.2604166666666667 0.990234375 0.2881944444444444 0.994140625 0.2986111111111111 0.994140625 0.3090277777777778 0.99609375 0.3125 0.99609375 0.3229166666666667 0.994140625 0.3298611111111111 0.99609375 0.3333333333333333 0.99609375 0.3854166666666667 0.998046875 0.3888888888888889 0.998046875 0.3993055555555556 0.994140625 0.3993055555555556 0.9921875 0.3958333333333333 0.990234375 0.3576388888888889 0.986328125 0.3472222222222222 0.98046875 0.3402777777777778 0.97265625 0.3506944444444444 0.97265625 0.3576388888888889 0.974609375 0.3611111111111111 0.974609375 0.3888888888888889 0.970703125 0.3958333333333333 0.96875 0.3923611111111111 0.970703125 0.3888888888888889 0.970703125 0.3819444444444444 0.96484375 0.3541666666666667 0.97265625 0.3229166666666667 0.9765625 0.3159722222222222 0.9765625 0.3090277777777778 0.97265625 0.2951388888888889 0.966796875 0.2847222222222222 0.96484375 0.2777777777777778 0.96484375 0.2638888888888889 0.962890625 0.2604166666666667 0.96484375 0.2569444444444444 0.96484375 0.2465277777777778 0.966796875 0.24305555555555555 0.97265625 0.24305555555555555
2 0.603515625 0.7638888888888888 0.611328125 0.7708333333333334 0.61328125 0.7777777777777778 0.61328125 0.7951388888888888 0.6171875 0.8020833333333334 0.623046875 0.8020833333333334 0.626953125 0.8090277777777778 0.626953125 0.8229166666666666 0.630859375 0.8368055555555556 0.630859375 0.8715277777777778 0.62890625 0.8784722222222222 0.623046875 0.8854166666666666 0.59375 0.8854166666666666 0.591796875 0.8784722222222222 0.591796875 0.8680555555555556 0.58984375 0.8645833333333334 0.58203125 0.8680555555555556 0.578125 0.8611111111111112 0.580078125 0.8541666666666666 0.580078125 0.84375 0.58203125 0.8402777777777778 0.58203125 0.8298611111111112 0.583984375 0.8263888888888888 0.583984375 0.8159722222222222 0.5859375 0.8090277777777778 0.595703125 0.8020833333333334 0.595703125 0.7743055555555556 0.6015625 0.7673611111111112
2 0.3671875 0.3715277777777778 0.373046875 0.3784722222222222 0.376953125 0.3923611111111111 0.38671875 0.4131944444444444 0.384765625 0.4548611111111111 0.375 0.4722222222222222 0.376953125 0.4895833333333333 0.369140625 0.4895833333333333 0.365234375 0.4826388888888889 0.3671875 0.4756944444444444 0.36328125 0.46875 0.359375 0.46875 0.35546875 0.4756944444444444 0.357421875 0.5034722222222222 0.34765625 0.4965277777777778 0.349609375 0.4930555555555556 0.349609375 0.4826388888888889 0.345703125 0.4652777777777778 0.345703125 0.4513888888888889 0.349609375 0.4479166666666667 0.36328125 0.4479166666666667 0.365234375 0.4444444444444444 0.36328125 0.4270833333333333 0.359375 0.4166666666666667 0.359375 0.3993055555555556 0.357421875 0.3958333333333333 0.357421875 0.3784722222222222 0.365234375 0.3715277777777778
2 0.484375 0.8194444444444444 0.486328125 0.8263888888888888 0.486328125 0.84375 0.498046875 0.8576388888888888 0.498046875 0.8819444444444444 0.49609375 0.8854166666666666 0.45703125 0.8854166666666666 0.45703125 0.8715277777777778 0.455078125 0.8680555555555556 0.455078125 0.8576388888888888 0.45703125 0.8541666666666666 0.453125 0.8506944444444444 0.453125 0.84375 0.45703125 0.8541666666666666 0.4609375 0.8541666666666666 0.466796875 0.8472222222222222 0.46875 0.8229166666666666 0.470703125 0.8194444444444444 0.474609375 0.8159722222222222 0.48046875 0.8159722222222222 0.482421875 0.8194444444444444
2 0.58203125 0.6840277777777778 0.580078125 0.6805555555555556 0.580078125 0.6666666666666666 0.576171875 0.6527777777777778 0.57421875 0.6493055555555556 0.5703125 0.6527777777777778 0.5703125 0.7048611111111112 0.572265625 0.7083333333333334 0.572265625 0.7361111111111112 0.5703125 0.7395833333333334 0.5703125 0.7534722222222222 0.572265625 0.7569444444444444 0.572265625 0.7638888888888888 0.568359375 0.7638888888888888 0.5625 0.7569444444444444 0.5625 0.7222222222222222 0.560546875 0.71875 0.560546875 0.7048611111111112 0.556640625 0.7013888888888888 0.552734375 0.7083333333333334 0.552734375 0.7395833333333334 0.55078125 0.7430555555555556 0.55078125 0.7708333333333334 0.548828125 0.7743055555555556 0.548828125 0.78125 0.54296875 0.78125 0.541015625 0.7777777777777778 0.541015625 0.7708333333333334 0.544921875 0.7604166666666666 0.54296875 0.7569444444444444 0.54296875 0.6944444444444444 0.541015625 0.6909722222222222 0.541015625 0.6527777777777778 0.5390625 0.6493055555555556 0.5390625 0.6423611111111112 0.533203125 0.6319444444444444 0.533203125 0.6111111111111112 0.537109375 0.6006944444444444 0.537109375 0.5868055555555556 0.541015625 0.5798611111111112 0.546875 0.5798611111111112 0.55078125 0.5729166666666666 0.55078125 0.5590277777777778 0.5546875 0.5520833333333334 0.560546875 0.5520833333333334 0.564453125 0.5590277777777778 0.564453125 0.5763888888888888 0.568359375 0.5833333333333334 0.572265625 0.5833333333333334 0.57421875 0.5868055555555556 0.57421875 0.6076388888888888 0.580078125 0.6284722222222222 0.580078125 0.6527777777777778 0.583984375 0.6666666666666666 0.583984375 0.6805555555555556
2 0.537109375 0.7986111111111112 0.541015625 0.8020833333333334 0.54296875 0.8263888888888888 0.546875 0.8333333333333334 0.552734375 0.8333333333333334 0.556640625 0.8402777777777778 0.556640625 0.8715277777777778 0.55859375 0.875 0.55859375 0.8854166666666666 0.517578125 0.8854166666666666 0.515625 0.8819444444444444 0.501953125 0.8854166666666666 0.51171875 0.8576388888888888 0.51171875 0.8402777777777778 0.5234375 0.8263888888888888 0.5234375 0.8090277777777778 0.529296875 0.7986111111111112 0.53515625 0.7986111111111112
2 0.630859375 0.2743055555555556 0.634765625 0.2777777777777778 0.634765625 0.2847222222222222 0.638671875 0.2951388888888889 0.63671875 0.3020833333333333 0.63671875 0.3125 0.634765625 0.3159722222222222 0.634765625 0.3263888888888889 0.638671875 0.3368055555555556 0.638671875 0.3541666666666667 0.640625 0.3576388888888889 0.638671875 0.375 0.634765625 0.3819444444444444 0.634765625 0.3958333333333333 0.630859375 0.4131944444444444 0.62890625 0.4131944444444444 0.62890625 0.3923611111111111 0.626953125 0.3888888888888889 0.623046875 0.3888888888888889 0.623046875 0.3611111111111111 0.625 0.3576388888888889 0.623046875 0.3541666666666667 0.623046875 0.3402777777777778 0.625 0.3368055555555556 0.623046875 0.2777777777777778 0.62890625 0.2743055555555556
2 0.3671875 0.84375 0.37890625 0.8402777777777778 0.384765625 0.8472222222222222 0.38671875 0.8541666666666666 0.384765625 0.8854166666666666 0.357421875 0.8854166666666666 0.359375 0.875 0.365234375 0.8645833333333334 0.365234375 0.8541666666666666 0.3671875 0.8472222222222222
2 0.537109375 0.7986111111111112 0.541015625 0.8020833333333334 0.54296875 0.8263888888888888 0.546875 0.8333333333333334 0.552734375 0.8333333333333334 0.556640625 0.8402777777777778 0.556640625 0.8715277777777778 0.55859375 0.875 0.55859375 0.8854166666666666 0.517578125 0.8854166666666666 0.515625 0.8819444444444444 0.51171875 0.8854166666666666 0.501953125 0.8854166666666666 0.51171875 0.8576388888888888 0.51171875 0.8402777777777778 0.5234375 0.8263888888888888 0.5234375 0.8090277777777778 0.529296875 0.7986111111111112 0.53515625 0.7986111111111112
2 0.361328125 0.9583333333333334 0.37890625 0.9583333333333334 0.380859375 0.9618055555555556 0.3828125 0.9583333333333334 0.38671875 0.9618055555555556 0.388671875 0.9652777777777778 0.388671875 0.9791666666666666 0.3984375 0.9965277777777778 0.388671875 0.9965277777777778 0.38671875 0.9930555555555556 0.3828125 0.9930555555555556 0.380859375 0.9965277777777778 0.37109375 0.9965277777777778 0.3671875 0.9930555555555556 0.365234375 0.9965277777777778 0.36328125 0.9930555555555556 0.359375 0.9930555555555556 0.361328125 0.9618055555555556