0 0.98046875 0.15625 0.98046875 0.1423611111111111 0.984375 0.13541666666666666 0.990234375 0.13541666666666666 0.9921875 0.1388888888888889 0.9921875 0.1527777777777778 0.984375 0.1597222222222222 0.982421875 0.15625
0 0.3671875 0.6909722222222222 0.373046875 0.7013888888888888 0.373046875 0.7222222222222222 0.37109375 0.7256944444444444 0.35546875 0.7222222222222222 0.353515625 0.71875 0.353515625 0.7013888888888888 0.35546875 0.6944444444444444 0.359375 0.6909722222222222 0.365234375 0.6909722222222222
0 0.9453125 0.3333333333333333 0.94921875 0.3472222222222222 0.94921875 0.3576388888888889 0.94140625 0.3645833333333333 0.93359375 0.3645833333333333 0.9296875 0.3472222222222222 0.931640625 0.3402777777777778 0.9375 0.3333333333333333 0.943359375 0.3333333333333333
0 0.4895833333333333 0.42407407407407405 0.01875 0.03148148148148148
0 0.965625 0.2708333333333333 0.019791666666666666 0.026851851851851852
0 0.345703125 0.3680555555555556 0.34765625 0.375 0.34765625 0.3854166666666667 0.345703125 0.3923611111111111 0.33984375 0.3923611111111111 0.33203125 0.3854166666666667 0.33203125 0.3715277777777778 0.333984375 0.3680555555555556 0.34375 0.3680555555555556
0 0.37109375 0.4930555555555556 0.373046875 0.4965277777777778 0.373046875 0.5138888888888888 0.37109375 0.5173611111111112 0.359375 0.5173611111111112 0.357421875 0.5138888888888888 0.357421875 0.4965277777777778 0.365234375 0.4895833333333333 0.369140625 0.4930555555555556
0 0.216796875 0.6215277777777778 0.220703125 0.625 0.22265625 0.6319444444444444 0.22265625 0.6458333333333334 0.220703125 0.6527777777777778 0.216796875 0.65625 0.2109375 0.65625 0.203125 0.6493055555555556 0.203125 0.6354166666666666 0.208984375 0.625 0.21484375 0.6215277777777778
0 0.560546875 0.8298611111111112 0.560546875 0.8055555555555556 0.564453125 0.7986111111111112 0.57421875 0.7986111111111112 0.578125 0.8055555555555556 0.578125 0.8263888888888888 0.57421875 0.8333333333333334 0.5703125 0.8298611111111112 0.5625 0.8298611111111112
0 0.453125 0.7881944444444444 0.455078125 0.7916666666666666 0.455078125 0.8125 0.453125 0.8159722222222222 0.435546875 0.8159722222222222 0.435546875 0.7951388888888888 0.443359375 0.7847222222222222 0.44921875 0.7847222222222222 0.451171875 0.7881944444444444
0 0.517578125 0.19791666666666666 0.521484375 0.21180555555555555 0.517578125 0.21875 0.509765625 0.21875 0.5078125 0.2152777777777778 0.5078125 0.2013888888888889 0.51171875 0.19444444444444445 0.515625 0.19791666666666666
0 0.32421875 0.8645833333333334 0.326171875 0.8680555555555556 0.326171875 0.8854166666666666 0.3125 0.8854166666666666 0.310546875 0.8888888888888888 0.30859375 0.8854166666666666 0.30859375 0.8715277777777778 0.314453125 0.8611111111111112 0.3203125 0.8611111111111112 0.322265625 0.8645833333333334
0 0.626953125 0.2048611111111111 0.62890625 0.21180555555555555 0.62890625 0.22916666666666666 0.626953125 0.2326388888888889 0.615234375 0.2326388888888889 0.61328125 0.22569444444444445 0.61328125 0.2152777777777778 0.615234375 0.20833333333333334 0.62109375 0.2013888888888889 0.625 0.2048611111111111
0 0.3046875 0.4131944444444444 0.30859375 0.4201388888888889 0.30859375 0.4305555555555556 0.298828125 0.4513888888888889 0.294921875 0.4513888888888889 0.29296875 0.4479166666666667 0.29296875 0.4201388888888889 0.296875 0.4131944444444444 0.302734375 0.4131944444444444
1 0.36328125 0.7256944444444444 0.37890625 0.7395833333333334 0.380859375 0.7777777777777778 0.37890625 0.78125 0.375 0.78125 0.37109375 0.7881944444444444 0.373046875 0.8020833333333334 0.376953125 0.8125 0.376953125 0.8263888888888888 0.375 0.8298611111111112 0.373046875 0.8298611111111112 0.361328125 0.8090277777777778 0.337890625 0.8090277777777778 0.3359375 0.8055555555555556 0.3359375 0.7986111111111112 0.33984375 0.7847222222222222 0.33984375 0.7604166666666666 0.3359375 0.7465277777777778 0.33984375 0.7326388888888888 0.345703125 0.7222222222222222 0.35546875 0.7222222222222222 0.357421875 0.7256944444444444 0.361328125 0.7256944444444444
1 0.994140625 0.15625 0.998046875 0.1597222222222222 0.998046875 0.19444444444444445 0.99609375 0.19791666666666666 0.99609375 0.2048611111111111 0.990234375 0.21180555555555555 0.986328125 0.2048611111111111 0.98046875 0.20833333333333334 0.978515625 0.1875 0.97265625 0.1701388888888889 0.974609375 0.1597222222222222 0.982421875 0.1597222222222222 0.984375 0.16319444444444445 0.9921875 0.1597222222222222
1 0.953125 0.3611111111111111 0.958984375 0.375 0.958984375 0.3854166666666667 0.962890625 0.4027777777777778 0.962890625 0.4131944444444444 0.955078125 0.4236111111111111 0.9453125 0.4236111111111111 0.9453125 0.3958333333333333 0.943359375 0.3923611111111111 0.9375 0.3923611111111111 0.93359375 0.375 0.93359375 0.3645833333333333 0.939453125 0.3645833333333333 0.947265625 0.3576388888888889 0.951171875 0.3611111111111111
1 0.5859375 0.8402777777777778 0.58984375 0.84375 0.591796875 0.8506944444444444 0.591796875 0.8611111111111112 0.5859375 0.8645833333333334 0.58203125 0.8715277777777778 0.58203125 0.8854166666666666 0.548828125 0.8854166666666666 0.546875 0.8784722222222222 0.546875 0.8680555555555556 0.54296875 0.8576388888888888 0.54296875 0.84375 0.55078125 0.8333333333333334 0.568359375 0.8333333333333334 0.5703125 0.8368055555555556 0.583984375 0.8402777777777778
1 0.26953125 0.3958333333333333 0.29296875 0.4166666666666667 0.294921875 0.4236111111111111 0.29296875 0.4479166666666667 0.291015625 0.4513888888888889 0.287109375 0.4513888888888889 0.263671875 0.4305555555555556 0.26171875 0.4097222222222222 0.263671875 0.4027777777777778 0.267578125 0.3993055555555556
1 0.220703125 0.6631944444444444 0.2265625 0.6736111111111112 0.228515625 0.6736111111111112 0.228515625 0.6840277777777778 0.216796875 0.7083333333333334 0.212890625 0.7361111111111112 0.20703125 0.75 0.203125 0.75 0.201171875 0.7465277777777778 0.1875 0.7465277777777778 0.1796875 0.7395833333333334 0.1796875 0.7291666666666666 0.18359375 0.71875 0.18359375 0.7118055555555556 0.1875 0.6979166666666666 0.1875 0.6736111111111112 0.185546875 0.6701388888888888 0.185546875 0.6597222222222222 0.189453125 0.6527777777777778 0.1953125 0.6527777777777778 0.197265625 0.65625 0.197265625 0.6631944444444444 0.203125 0.6736111111111112 0.20703125 0.6736111111111112 0.2109375 0.6666666666666666 0.21875 0.6631944444444444
1 0.341796875 0.5243055555555556 0.345703125 0.5208333333333334 0.36328125 0.5208333333333334 0.365234375 0.5243055555555556 0.37890625 0.5243055555555556 0.380859375 0.5277777777777778 0.384765625 0.5277777777777778 0.384765625 0.5451388888888888 0.376953125 0.5625 0.376953125 0.5798611111111112 0.380859375 0.5972222222222222 0.37890625 0.6006944444444444 0.345703125 0.6006944444444444 0.34765625 0.5590277777777778 0.341796875 0.5451388888888888 0.341796875 0.5277777777777778
1 0.08984375 0.09722222222222222 0.091796875 0.10069444444444445 0.099609375 0.10069444444444445 0.10546875 0.1076388888888889 0.1015625 0.13194444444444445 0.09765625 0.1423611111111111 0.09765625 0.1597222222222222 0.095703125 0.16319444444444445 0.08203125 0.16319444444444445 0.078125 0.1527777777777778 0.078125 0.10416666666666667 0.08203125 0.09722222222222222 0.087890625 0.09722222222222222
1 0.171875 0.9652777777777778 0.181640625 0.9652777777777778 0.18359375 0.9618055555555556 0.208984375 0.9618055555555556 0.2109375 0.9652777777777778 0.216796875 0.9652777777777778 0.216796875 0.9722222222222222 0.21875 0.9756944444444444 0.21875 0.9965277777777778 0.16796875 0.9965277777777778 0.16796875 0.9826388888888888 0.171875 0.96875
1 0.33984375 0.3923611111111111 0.34375 0.3958333333333333 0.34375 0.40625 0.337890625 0.4236111111111111 0.33203125 0.4166666666666667 0.328125 0.4166666666666667 0.326171875 0.4201388888888889 0.326171875 0.4305555555555556 0.330078125 0.4409722222222222 0.330078125 0.4479166666666667 0.328125 0.4548611111111111 0.32421875 0.4583333333333333 0.318359375 0.4548611111111111 0.318359375 0.4513888888888889 0.32421875 0.4444444444444444 0.32421875 0.4375 0.322265625 0.4340277777777778 0.310546875 0.4305555555555556 0.3125 0.4131944444444444 0.31640625 0.4027777777777778 0.32421875 0.3923611111111111 0.328125 0.3923611111111111 0.330078125 0.3888888888888889 0.3359375 0.3888888888888889 0.337890625 0.3923611111111111
1 0.98046875 0.2777777777777778 0.98828125 0.3020833333333333 0.98828125 0.3159722222222222 0.986328125 0.3194444444444444 0.986328125 0.3263888888888889 0.990234375 0.3368055555555556 0.98828125 0.3402777777777778 0.986328125 0.3368055555555556 0.974609375 0.3368055555555556 0.97265625 0.3402777777777778 0.966796875 0.3402777777777778 0.96484375 0.3368055555555556 0.962890625 0.3159722222222222 0.958984375 0.3055555555555556 0.9609375 0.2881944444444444 0.97265625 0.2777777777777778 0.978515625 0.2777777777777778
1 0.43359375 0.8229166666666666 0.439453125 0.8402777777777778 0.447265625 0.8402777777777778 0.453125 0.8298611111111112 0.462890625 0.8298611111111112 0.466796875 0.8368055555555556 0.466796875 0.84375 0.4609375 0.8576388888888888 0.455078125 0.8854166666666666 0.4296875 0.8854166666666666 0.427734375 0.8888888888888888 0.421875 0.8819444444444444 0.421875 0.8611111111111112 0.41796875 0.8472222222222222 0.419921875 0.84375 0.419921875 0.8263888888888888 0.421875 0.8229166666666666 0.431640625 0.8229166666666666
1 0.48046875 0.4340277777777778 0.48828125 0.4409722222222222 0.498046875 0.4409722222222222 0.505859375 0.4513888888888889 0.505859375 0.4652777777777778 0.501953125 0.4826388888888889 0.501953125 0.5 0.498046875 0.5138888888888888 0.4921875 0.5208333333333334 0.484375 0.5208333333333334 0.482421875 0.5173611111111112 0.47265625 0.5173611111111112 0.470703125 0.5138888888888888 0.466796875 0.5138888888888888 0.466796875 0.5 0.470703125 0.4826388888888889 0.46875 0.4513888888888889 0.470703125 0.4479166666666667 0.470703125 0.4409722222222222 0.478515625 0.4340277777777778
1 0.5 0.21875 0.50390625 0.2152777777777778 0.5078125 0.21875 0.521484375 0.21875 0.52734375 0.22569444444444445 0.52734375 0.23958333333333334 0.525390625 0.24305555555555555 0.525390625 0.2708333333333333 0.51171875 0.2708333333333333 0.509765625 0.2673611111111111 0.505859375 0.2673611111111111 0.505859375 0.24305555555555555 0.501953125 0.2361111111111111 0.5 0.2222222222222222
1 0.61328125 0.2222222222222222 0.6171875 0.22916666666666666 0.626953125 0.2326388888888889 0.62890625 0.23958333333333334 0.626953125 0.2881944444444444 0.625 0.2951388888888889 0.623046875 0.2986111111111111 0.609375 0.2986111111111111 0.607421875 0.2951388888888889 0.607421875 0.2465277777777778 0.609375 0.24305555555555555 0.609375 0.22916666666666666 0.611328125 0.22569444444444445
1 0.326171875 0.9583333333333334 0.330078125 0.9652777777777778 0.33203125 0.9895833333333334 0.30859375 0.9895833333333334 0.306640625 0.9861111111111112 0.302734375 0.9930555555555556 0.30078125 0.9930555555555556 0.296875 0.9826388888888888 0.296875 0.96875 0.30078125 0.9618055555555556 0.3203125 0.9618055555555556 0.32421875 0.9583333333333334
2 0.35546875 0.6944444444444444 0.359375 0.6909722222222222 0.365234375 0.6909722222222222 0.373046875 0.7013888888888888 0.373046875 0.7222222222222222 0.37109375 0.7256944444444444 0.373046875 0.7326388888888888 0.37890625 0.7395833333333334 0.380859375 0.7777777777777778 0.38671875 0.7986111111111112 0.38671875 0.8090277777777778 0.384765625 0.8125 0.380859375 0.8090277777777778 0.376953125 0.8125 0.37890625 0.8194444444444444 0.373046875 0.8333333333333334 0.373046875 0.8402777777777778 0.37109375 0.84375 0.369140625 0.8854166666666666 0.337890625 0.8854166666666666 0.341796875 0.8784722222222222 0.341796875 0.8611111111111112 0.33984375 0.8576388888888888 0.33984375 0.8506944444444444 0.3359375 0.84375 0.3359375 0.7951388888888888 0.337890625 0.7916666666666666 0.337890625 0.7743055555555556 0.33984375 0.7708333333333334 0.33984375 0.7638888888888888 0.3359375 0.7534722222222222 0.3359375 0.7430555555555556 0.33984375 0.7361111111111112 0.341796875 0.7256944444444444 0.34375 0.7222222222222222 0.34765625 0.7222222222222222 0.353515625 0.7118055555555556 0.35546875 0.6979166666666666
2 0.09765625 0.24305555555555555 0.095703125 0.21875 0.091796875 0.2152777777777778 0.087890625 0.22916666666666666 0.087890625 0.2465277777777778 0.08203125 0.2465277777777778 0.083984375 0.23958333333333334 0.083984375 0.2222222222222222 0.08203125 0.21875 0.08203125 0.19791666666666666 0.080078125 0.19444444444444445 0.080078125 0.16319444444444445 0.078125 0.1597222222222222 0.078125 0.14583333333333334 0.076171875 0.1423611111111111 0.076171875 0.13194444444444445 0.078125 0.1284722222222222 0.078125 0.10069444444444445 0.0859375 0.08680555555555555 0.0859375 0.08333333333333333 0.091796875 0.0763888888888889 0.09765625 0.0763888888888889 0.099609375 0.0798611111111111 0.099609375 0.09375 0.10546875 0.1076388888888889 0.10546875 0.11458333333333333 0.09765625 0.1423611111111111 0.099609375 0.21180555555555555 0.1015625 0.2152777777777778 0.099609375 0.22916666666666666 0.103515625 0.2361111111111111 0.103515625 0.23958333333333334 0.099609375 0.24305555555555555
2 0.98828125 0.13541666666666666 0.9921875 0.1388888888888889 0.9921875 0.1527777777777778 0.998046875 0.1597222222222222 0.998046875 0.19791666666666666 0.99609375 0.2013888888888889 0.99609375 0.2152777777777778 0.998046875 0.21875 0.998046875 0.2465277777777778 0.9921875 0.2638888888888889 0.98828125 0.2881944444444444 0.984375 0.2847222222222222 0.984375 0.2777777777777778 0.982421875 0.2743055555555556 0.986328125 0.2569444444444444 0.984375 0.2534722222222222 0.9765625 0.2708333333333333 0.97265625 0.2604166666666667 0.974609375 0.23958333333333334 0.98046875 0.2152777777777778 0.978515625 0.1909722222222222 0.974609375 0.18055555555555555 0.97265625 0.16666666666666666 0.974609375 0.1597222222222222 0.98046875 0.1527777777777778 0.98046875 0.1423611111111111 0.986328125 0.13541666666666666
2 0.576171875 0.8020833333333334 0.578125 0.8055555555555556 0.578125 0.8368055555555556 0.580078125 0.8402777777777778 0.5859375 0.8402777777777778 0.58984375 0.84375 0.591796875 0.8506944444444444 0.591796875 0.8854166666666666 0.53125 0.8854166666666666 0.53125 0.8784722222222222 0.54296875 0.8541666666666666 0.54296875 0.84375 0.546875 0.8368055555555556 0.55078125 0.8333333333333334 0.556640625 0.8333333333333334 0.55859375 0.8298611111111112 0.560546875 0.8055555555555556 0.56640625 0.7986111111111112 0.572265625 0.7986111111111112 0.57421875 0.8020833333333334
2 0.3203125 0.8611111111111112 0.326171875 0.8680555555555556 0.326171875 0.8854166666666666 0.30859375 0.8854166666666666 0.30859375 0.8715277777777778 0.3125 0.8645833333333334 0.318359375 0.8611111111111112
2 0.26953125 0.3958333333333333 0.29296875 0.4166666666666667 0.302734375 0.4166666666666667 0.302734375 0.4305555555555556 0.294921875 0.4444444444444444 0.294921875 0.4479166666666667 0.2890625 0.4548611111111111 0.2890625 0.4618055555555556 0.29296875 0.4756944444444444 0.298828125 0.4861111111111111 0.30078125 0.4861111111111111 0.302734375 0.4930555555555556 0.30078125 0.4965277777777778 0.296875 0.4965277777777778 0.296875 0.4930555555555556 0.283203125 0.4722222222222222 0.27734375 0.4548611111111111 0.26953125 0.4618055555555556 0.255859375 0.4583333333333333 0.25 0.46875 0.228515625 0.4791666666666667 0.220703125 0.4965277777777778 0.216796875 0.4930555555555556 0.216796875 0.4791666666666667 0.220703125 0.4791666666666667 0.2265625 0.46875 0.236328125 0.4583333333333333 0.240234375 0.4583333333333333 0.244140625 0.4513888888888889 0.244140625 0.4444444444444444 0.2421875 0.4409722222222222 0.234375 0.4409722222222222 0.234375 0.4305555555555556 0.236328125 0.4270833333333333 0.24609375 0.4270833333333333 0.251953125 0.40625 0.255859375 0.3993055555555556 0.267578125 0.3958333333333333
2 0.9453125 0.3333333333333333 0.947265625 0.3368055555555556 0.94921875 0.3541666666666667 0.958984375 0.375 0.9609375 0.3993055555555556 0.966796875 0.4166666666666667 0.966796875 0.4548611111111111 0.96875 0.4583333333333333 0.96875 0.4652777777777778 0.982421875 0.4895833333333333 0.9921875 0.4965277777777778 0.99609375 0.5034722222222222 0.986328125 0.5173611111111112 0.982421875 0.5173611111111112 0.982421875 0.5104166666666666 0.984375 0.5069444444444444 0.978515625 0.4965277777777778 0.962890625 0.4826388888888889 0.94921875 0.4548611111111111 0.9453125 0.4618055555555556 0.9453125 0.46875 0.943359375 0.4722222222222222 0.9453125 0.4965277777777778 0.935546875 0.4965277777777778 0.927734375 0.4895833333333333 0.9296875 0.4861111111111111 0.93359375 0.4861111111111111 0.9375 0.4791666666666667 0.9375 0.46875 0.935546875 0.4652777777777778 0.9375 0.4618055555555556 0.9375 0.4444444444444444 0.935546875 0.4375 0.9375 0.4305555555555556 0.943359375 0.4236111111111111 0.94140625 0.4027777777777778 0.9375 0.3958333333333333 0.9375 0.3888888888888889 0.93359375 0.375 0.93359375 0.3645833333333333 0.931640625 0.3611111111111111 0.931640625 0.3402777777777778 0.9375 0.3333333333333333 0.943359375 0.3333333333333333
2 0.322265625 0.9618055555555556 0.32421875 0.9652777777777778 0.33203125 0.9652777777777778 0.33203125 0.9861111111111112 0.333984375 0.9895833333333334 0.326171875 0.9965277777777778 0.298828125 0.9965277777777778 0.296875 0.9930555555555556 0.294921875 0.9722222222222222 0.298828125 0.9652777777777778 0.3203125 0.9618055555555556
2 0.453125 0.7881944444444444 0.45703125 0.8055555555555556 0.455078125 0.8090277777777778 0.455078125 0.8229166666666666 0.466796875 0.8368055555555556 0.466796875 0.8472222222222222 0.46484375 0.8506944444444444 0.466796875 0.8541666666666666 0.466796875 0.875 0.46875 0.8784722222222222 0.46875 0.8854166666666666 0.4296875 0.8854166666666666 0.427734375 0.8888888888888888 0.421875 0.8854166666666666 0.421875 0.8784722222222222 0.41796875 0.8715277777777778 0.416015625 0.8784722222222222 0.41015625 0.8854166666666666 0.40234375 0.8854166666666666 0.404296875 0.8819444444444444 0.404296875 0.875 0.416015625 0.8506944444444444 0.419921875 0.8368055555555556 0.419921875 0.8263888888888888 0.421875 0.8229166666666666 0.431640625 0.8229166666666666 0.435546875 0.8159722222222222 0.435546875 0.7951388888888888 0.443359375 0.7847222222222222 0.44921875 0.7847222222222222 0.451171875 0.7881944444444444
2 0.162109375 0.8541666666666666 0.162109375 0.8506944444444444 0.15625 0.84375 0.15625 0.8298611111111112 0.177734375 0.78125 0.177734375 0.75 0.1796875 0.7465277777777778 0.1796875 0.7326388888888888 0.177734375 0.7291666666666666 0.173828125 0.7326388888888888 0.171875 0.7395833333333334 0.16796875 0.7395833333333334 0.1640625 0.7326388888888888 0.16796875 0.7152777777777778 0.16796875 0.7048611111111112 0.169921875 0.7013888888888888 0.169921875 0.6875 0.177734375 0.6736111111111112 0.1796875 0.6736111111111112 0.189453125 0.6527777777777778 0.197265625 0.6527777777777778 0.201171875 0.6493055555555556 0.203125 0.6458333333333334 0.203125 0.6354166666666666 0.208984375 0.625 0.21875 0.625 0.22265625 0.6354166666666666 0.220703125 0.6597222222222222 0.228515625 0.6736111111111112 0.228515625 0.6875 0.224609375 0.6944444444444444 0.2265625 0.7013888888888888 0.2265625 0.7222222222222222 0.22265625 0.7291666666666666 0.216796875 0.7256944444444444 0.212890625 0.7326388888888888 0.208984375 0.75 0.208984375 0.7604166666666666 0.20703125 0.7638888888888888 0.205078125 0.7847222222222222 0.19921875 0.8055555555555556 0.181640625 0.8368055555555556 0.177734375 0.8402777777777778 0.1796875 0.8541666666666666 0.17578125 0.8576388888888888 0.166015625 0.8576388888888888 0.1640625 0.8541666666666666
2 0.365234375 0.4895833333333333 0.3671875 0.4930555555555556 0.37109375 0.4930555555555556 0.373046875 0.5 0.373046875 0.5208333333333334 0.375 0.5243055555555556 0.380859375 0.5243055555555556 0.38671875 0.53125 0.38671875 0.5520833333333334 0.388671875 0.5555555555555556 0.388671875 0.5833333333333334 0.384765625 0.6006944444444444 0.37890625 0.6076388888888888 0.376953125 0.6284722222222222 0.373046875 0.6388888888888888 0.373046875 0.6458333333333334 0.365234375 0.6631944444444444 0.365234375 0.6875 0.35546875 0.6875 0.349609375 0.7083333333333334 0.349609375 0.7152777777777778 0.34765625 0.71875 0.34375 0.71875 0.34375 0.6805555555555556 0.341796875 0.6770833333333334 0.341796875 0.6493055555555556 0.33984375 0.6458333333333334 0.341796875 0.6388888888888888 0.341796875 0.6180555555555556 0.34375 0.6145833333333334 0.34375 0.6076388888888888 0.3359375 0.6006944444444444 0.3359375 0.5763888888888888 0.33984375 0.5625 0.341796875 0.5243055555555556 0.34375 0.5208333333333334 0.353515625 0.5208333333333334 0.357421875 0.5104166666666666 0.357421875 0.4965277777777778 0.359375 0.4930555555555556 0.36328125 0.4930555555555556
2 0.345703125 0.3680555555555556 0.34765625 0.375 0.34765625 0.3888888888888889 0.345703125 0.3923611111111111 0.345703125 0.40625 0.341796875 0.4166666666666667 0.345703125 0.4270833333333333 0.345703125 0.4409722222222222 0.33203125 0.4444444444444444 0.330078125 0.4479166666666667 0.33203125 0.4618055555555556 0.33984375 0.4791666666666667 0.33984375 0.4965277777777778 0.3359375 0.5 0.328125 0.5 0.32421875 0.5069444444444444 0.322265625 0.5416666666666666 0.3203125 0.5451388888888888 0.31640625 0.5416666666666666 0.31640625 0.4895833333333333 0.302734375 0.46875 0.30078125 0.4618055555555556 0.30078125 0.4479166666666667 0.302734375 0.4409722222222222 0.30859375 0.4340277777777778 0.30859375 0.4270833333333333 0.31640625 0.4027777777777778 0.330078125 0.3854166666666667 0.33203125 0.3715277777777778 0.333984375 0.3680555555555556 0.34375 0.3680555555555556
2 0.171875 0.9652777777777778 0.177734375 0.9652777777777778 0.1796875 0.9618055555555556 0.208984375 0.9618055555555556 0.2109375 0.9652777777777778 0.216796875 0.9652777777777778 0.216796875 0.9722222222222222 0.21875 0.9756944444444444 0.21875 0.9965277777777778 0.16796875 0.9965277777777778 0.16796875 0.9861111111111112 0.171875 0.96875
2 0.623046875 0.2013888888888889 0.62890625 0.2152777777777778 0.62890625 0.2326388888888889 0.630859375 0.2361111111111111 0.63671875 0.2361111111111111 0.634765625 0.2673611111111111 0.6328125 0.2743055555555556 0.626953125 0.28125 0.626953125 0.2881944444444444 0.640625 0.3090277777777778 0.638671875 0.3229166666666667 0.63671875 0.3229166666666667 0.634765625 0.3298611111111111 0.630859375 0.3333333333333333 0.630859375 0.3368055555555556 0.625 0.3472222222222222 0.623046875 0.3576388888888889 0.619140625 0.3576388888888889 0.615234375 0.3506944444444444 0.615234375 0.34375 0.6171875 0.3402777777777778 0.6171875 0.3229166666666667 0.615234375 0.3194444444444444 0.609375 0.3159722222222222 0.6015625 0.3229166666666667 0.611328125 0.3055555555555556 0.607421875 0.2951388888888889 0.607421875 0.24305555555555555 0.609375 0.23958333333333334 0.609375 0.22569444444444445 0.61328125 0.21875 0.615234375 0.20833333333333334 0.6171875 0.2048611111111111 0.62109375 0.2048611111111111
2 0.9609375 0.34375 0.9609375 0.3368055555555556 0.962890625 0.3333333333333333 0.962890625 0.3194444444444444 0.958984375 0.3090277777777778 0.9609375 0.2847222222222222 0.95703125 0.2777777777777778 0.9609375 0.2604166666666667 0.970703125 0.2604166666666667 0.974609375 0.2743055555555556 0.982421875 0.28125 0.990234375 0.3090277777777778 0.986328125 0.3229166666666667 0.998046875 0.3472222222222222 0.9921875 0.3541666666666667 0.9921875 0.3715277777777778 0.998046875 0.3923611111111111 0.998046875 0.4027777777777778 0.9921875 0.3958333333333333 0.9921875 0.3923611111111111 0.978515625 0.3645833333333333 0.974609375 0.3680555555555556 0.974609375 0.3784722222222222 0.978515625 0.3923611111111111 0.98828125 0.40625 0.98828125 0.4131944444444444 0.982421875 0.4166666666666667 0.98046875 0.4131944444444444 0.98046875 0.4027777777777778 0.96484375 0.3715277777777778 0.96484375 0.3472222222222222 0.962890625 0.34375
2 0.4921875 0.4097222222222222 0.498046875 0.4166666666666667 0.498046875 0.4375 0.505859375 0.4513888888888889 0.505859375 0.4826388888888889 0.50390625 0.4861111111111111 0.50390625 0.5 0.501953125 0.5034722222222222 0.501953125 0.5104166666666666 0.5 0.5104166666666666 0.494140625 0.5243055555555556 0.494140625 0.53125 0.490234375 0.5381944444444444 0.490234375 0.5451388888888888 0.48046875 0.5659722222222222 0.48046875 0.5729166666666666 0.466796875 0.6006944444444444 0.462890625 0.6145833333333334 0.4609375 0.6111111111111112 0.45703125 0.6111111111111112 0.4609375 0.59375 0.4609375 0.5833333333333334 0.45703125 0.5659722222222222 0.45703125 0.5520833333333334 0.458984375 0.5486111111111112 0.4609375 0.5243055555555556 0.46484375 0.5138888888888888 0.46875 0.4861111111111111 0.466796875 0.4826388888888889 0.458984375 0.4965277777777778 0.45703125 0.5069444444444444 0.453125 0.5104166666666666 0.455078125 0.5173611111111112 0.451171875 0.5243055555555556 0.447265625 0.5208333333333334 0.447265625 0.5138888888888888 0.45703125 0.4965277777777778 0.45703125 0.4826388888888889 0.466796875 0.4618055555555556 0.470703125 0.4409722222222222 0.48046875 0.4270833333333333 0.484375 0.4131944444444444 0.490234375 0.4097222222222222
2 0.572265625 0.7986111111111112 0.578125 0.8055555555555556 0.578125 0.8333333333333334 0.58203125 0.8402777777777778 0.58984375 0.84375 0.591796875 0.8506944444444444 0.591796875 0.8854166666666666 0.578125 0.8854166666666666 0.576171875 0.8888888888888888 0.5703125 0.8888888888888888 0.568359375 0.8854166666666666 0.53125 0.8854166666666666 0.533203125 0.8715277777777778 0.54296875 0.8541666666666666 0.54296875 0.84375 0.55078125 0.8333333333333334 0.556640625 0.8333333333333334 0.55859375 0.8298611111111112 0.560546875 0.8055555555555556 0.564453125 0.7986111111111112 0.5703125 0.7986111111111112
2 0.517578125 0.19791666666666666 0.521484375 0.2152777777777778 0.52734375 0.22569444444444445 0.52734375 0.2743055555555556 0.5234375 0.2916666666666667 0.51953125 0.2986111111111111 0.517578125 0.3506944444444444 0.513671875 0.3506944444444444 0.505859375 0.3402777777777778 0.5 0.3402777777777778 0.50390625 0.3298611111111111 0.501953125 0.2743055555555556 0.505859375 0.2604166666666667 0.505859375 0.2465277777777778 0.498046875 0.22569444444444445 0.5 0.21875 0.501953125 0.21875 0.5078125 0.20833333333333334 0.5078125 0.2013888888888889 0.51171875 0.19444444444444445 0.515625 0.19791666666666666
2 0.453125 0.7881944444444444 0.45703125 0.8020833333333334 0.455078125 0.8229166666666666 0.466796875 0.8368055555555556 0.466796875 0.8715277777777778 0.46875 0.875 0.46875 0.8854166666666666 0.44921875 0.8854166666666666 0.447265625 0.8888888888888888 0.42578125 0.8888888888888888 0.421875 0.8854166666666666 0.421875 0.8784722222222222 0.41796875 0.8715277777777778 0.41015625 0.8854166666666666 0.40234375 0.8854166666666666 0.404296875 0.8819444444444444 0.404296875 0.875 0.416015625 0.8506944444444444 0.419921875 0.8263888888888888 0.421875 0.8229166666666666 0.431640625 0.8229166666666666 0.435546875 0.8159722222222222 0.435546875 0.7951388888888888 0.443359375 0.7847222222222222 0.44921875 0.7847222222222222 0.451171875 0.7881944444444444