0 0.9453125 0.7256944444444444 0.947265625 0.7291666666666666 0.953125 0.7291666666666666 0.958984375 0.7395833333333334 0.9609375 0.7465277777777778 0.9609375 0.7743055555555556 0.955078125 0.78125 0.931640625 0.78125 0.9296875 0.7777777777777778 0.9296875 0.75 0.9375 0.7291666666666666 0.943359375 0.7291666666666666
0 0.123046875 0.4479166666666667 0.125 0.4513888888888889 0.12890625 0.4513888888888889 0.138671875 0.4722222222222222 0.134765625 0.4895833333333333 0.130859375 0.4965277777777778 0.111328125 0.4965277777777778 0.10546875 0.4895833333333333 0.10546875 0.4618055555555556 0.109375 0.4548611111111111 0.12109375 0.4479166666666667
0 0.78125 0.9131944444444444 0.791015625 0.9305555555555556 0.791015625 0.9548611111111112 0.79296875 0.9583333333333334 0.791015625 0.9652777777777778 0.783203125 0.9722222222222222 0.767578125 0.9722222222222222 0.76171875 0.9652777777777778 0.76171875 0.9583333333333334 0.759765625 0.9548611111111112 0.759765625 0.9375 0.763671875 0.9201388888888888 0.76953125 0.9131944444444444 0.779296875 0.9131944444444444
0 0.7421875 0.5069444444444444 0.75390625 0.5173611111111112 0.7578125 0.53125 0.7578125 0.5416666666666666 0.74609375 0.5520833333333334 0.740234375 0.5625 0.732421875 0.5659722222222222 0.728515625 0.5590277777777778 0.728515625 0.5520833333333334 0.7265625 0.5486111111111112 0.7265625 0.53125 0.734375 0.5104166666666666 0.740234375 0.5104166666666666
0 0.1484375 0.4270833333333333 0.154296875 0.4409722222222222 0.154296875 0.46875 0.1484375 0.4826388888888889 0.142578125 0.4791666666666667 0.13671875 0.4618055555555556 0.12890625 0.4479166666666667 0.1328125 0.4305555555555556 0.13671875 0.4270833333333333 0.146484375 0.4270833333333333
0 0.34765625 0.3194444444444444 0.3515625 0.3159722222222222 0.361328125 0.3159722222222222 0.37109375 0.3298611111111111 0.37109375 0.3645833333333333 0.3671875 0.3715277777777778 0.357421875 0.3715277777777778 0.345703125 0.3541666666666667 0.345703125 0.3263888888888889 0.34765625 0.3229166666666667
0 0.9671875 0.6087962962962963 0.0375 0.06018518518518518
0 0.5859375 0.5520833333333334 0.591796875 0.5659722222222222 0.591796875 0.5902777777777778 0.587890625 0.59375 0.568359375 0.59375 0.564453125 0.5798611111111112 0.564453125 0.5694444444444444 0.568359375 0.5520833333333334 0.572265625 0.5486111111111112 0.58203125 0.5486111111111112 0.583984375 0.5520833333333334
0 0.564453125 0.4097222222222222 0.56640625 0.4131944444444444 0.5703125 0.4131944444444444 0.576171875 0.4270833333333333 0.576171875 0.4583333333333333 0.572265625 0.46875 0.5625 0.46875 0.5546875 0.4618055555555556 0.55078125 0.4513888888888889 0.55078125 0.4236111111111111 0.5625 0.4097222222222222
0 0.529296875 0.7847222222222222 0.529296875 0.7604166666666666 0.53515625 0.7465277777777778 0.541015625 0.7465277777777778 0.548828125 0.7743055555555556 0.548828125 0.78125 0.544921875 0.7881944444444444 0.533203125 0.7881944444444444 0.53125 0.7847222222222222
0 0.599609375 0.4027777777777778 0.607421875 0.4201388888888889 0.607421875 0.4513888888888889 0.59765625 0.46875 0.59375 0.46875 0.587890625 0.4618055555555556 0.587890625 0.4583333333333333 0.580078125 0.4444444444444444 0.580078125 0.4375 0.578125 0.4340277777777778 0.580078125 0.4305555555555556 0.580078125 0.4166666666666667 0.587890625 0.4027777777777778 0.59765625 0.4027777777777778
1 0.9765625 0.7777777777777778 0.98046875 0.7847222222222222 0.98046875 0.7916666666666666 0.982421875 0.7951388888888888 0.982421875 0.8263888888888888 0.98046875 0.8298611111111112 0.98046875 0.84375 0.978515625 0.8472222222222222 0.978515625 0.8958333333333334 0.98046875 0.8993055555555556 0.98046875 0.9270833333333334 0.9765625 0.9270833333333334 0.974609375 0.9305555555555556 0.962890625 0.9305555555555556 0.9609375 0.9340277777777778 0.939453125 0.9340277777777778 0.927734375 0.9236111111111112 0.9296875 0.9166666666666666 0.9296875 0.8854166666666666 0.927734375 0.8819444444444444 0.927734375 0.875 0.9296875 0.8715277777777778 0.9296875 0.8611111111111112 0.93359375 0.8541666666666666 0.93359375 0.8263888888888888 0.927734375 0.8159722222222222 0.921875 0.8159722222222222 0.91796875 0.8090277777777778 0.91796875 0.7986111111111112 0.919921875 0.7916666666666666 0.92578125 0.7847222222222222 0.955078125 0.7847222222222222 0.962890625 0.7743055555555556 0.97265625 0.7743055555555556 0.974609375 0.7777777777777778
1 0.123046875 0.5 0.1328125 0.5138888888888888 0.1328125 0.5243055555555556 0.130859375 0.53125 0.126953125 0.53125 0.123046875 0.5381944444444444 0.125 0.5520833333333334 0.123046875 0.5555555555555556 0.12109375 0.5833333333333334 0.1171875 0.59375 0.1171875 0.6180555555555556 0.115234375 0.6215277777777778 0.083984375 0.6215277777777778 0.08203125 0.6180555555555556 0.083984375 0.6111111111111112 0.083984375 0.6006944444444444 0.091796875 0.5729166666666666 0.091796875 0.5520833333333334 0.08984375 0.5486111111111112 0.08984375 0.5381944444444444 0.0859375 0.53125 0.0859375 0.5069444444444444 0.08984375 0.4965277777777778 0.12109375 0.5
1 0.806640625 0.96875 0.80859375 0.9756944444444444 0.80859375 0.9965277777777778 0.748046875 0.9965277777777778 0.748046875 0.9895833333333334 0.76171875 0.9722222222222222 0.765625 0.9722222222222222 0.7734375 0.9791666666666666 0.779296875 0.9791666666666666 0.79296875 0.9652777777777778 0.802734375 0.9652777777777778 0.8046875 0.96875
1 0.76171875 0.5520833333333334 0.771484375 0.5555555555555556 0.779296875 0.5763888888888888 0.779296875 0.5833333333333334 0.78125 0.5868055555555556 0.779296875 0.5902777777777778 0.779296875 0.6458333333333334 0.783203125 0.6597222222222222 0.755859375 0.6840277777777778 0.748046875 0.6666666666666666 0.748046875 0.6597222222222222 0.740234375 0.6354166666666666 0.73828125 0.6215277777777778 0.734375 0.6145833333333334 0.73046875 0.6145833333333334 0.73046875 0.6041666666666666 0.7265625 0.5972222222222222 0.7265625 0.5763888888888888 0.728515625 0.5763888888888888 0.73046875 0.5694444444444444 0.740234375 0.5659722222222222 0.75 0.5555555555555556 0.751953125 0.5555555555555556 0.75390625 0.5625 0.7578125 0.5625 0.76171875 0.5555555555555556
1 0.373046875 0.3645833333333333 0.376953125 0.375 0.376953125 0.3888888888888889 0.3671875 0.4236111111111111 0.36328125 0.4305555555555556 0.36328125 0.4409722222222222 0.357421875 0.4513888888888889 0.357421875 0.4618055555555556 0.353515625 0.46875 0.341796875 0.46875 0.3359375 0.4583333333333333 0.3359375 0.4513888888888889 0.333984375 0.4479166666666667 0.3359375 0.4201388888888889 0.33203125 0.4131944444444444 0.32421875 0.4097222222222222 0.326171875 0.3680555555555556 0.337890625 0.3645833333333333 0.33984375 0.3611111111111111 0.345703125 0.3611111111111111 0.34765625 0.3645833333333333 0.34765625 0.3715277777777778 0.353515625 0.3819444444444444 0.359375 0.3819444444444444 0.37109375 0.3680555555555556
1 0.166015625 0.4861111111111111 0.169921875 0.4930555555555556 0.169921875 0.5069444444444444 0.15234375 0.5277777777777778 0.15234375 0.5347222222222222 0.1484375 0.5416666666666666 0.1484375 0.5486111111111112 0.146484375 0.5520833333333334 0.138671875 0.5520833333333334 0.134765625 0.5451388888888888 0.13671875 0.5381944444444444 0.134765625 0.5069444444444444 0.15234375 0.4826388888888889 0.162109375 0.4826388888888889 0.1640625 0.4861111111111111
1 0.984375 0.6215277777777778 0.98828125 0.6180555555555556 0.994140625 0.6215277777777778 0.998046875 0.6354166666666666 0.998046875 0.6770833333333334 0.99609375 0.6805555555555556 0.99609375 0.6979166666666666 0.994140625 0.7013888888888888 0.994140625 0.7152777777777778 0.99609375 0.71875 0.99609375 0.7291666666666666 0.994140625 0.7326388888888888 0.99609375 0.7847222222222222 0.994140625 0.7881944444444444 0.990234375 0.7881944444444444 0.98046875 0.78125 0.978515625 0.7743055555555556 0.970703125 0.7673611111111112 0.966796875 0.7673611111111112 0.9609375 0.7395833333333334 0.953125 0.7256944444444444 0.951171875 0.7256944444444444 0.951171875 0.6944444444444444 0.966796875 0.6944444444444444 0.970703125 0.6875 0.970703125 0.6701388888888888 0.966796875 0.6631944444444444 0.95703125 0.6597222222222222 0.955078125 0.65625 0.955078125 0.6458333333333334 0.958984375 0.6388888888888888 0.98046875 0.6354166666666666 0.984375 0.625
1 0.59765625 0.5972222222222222 0.60546875 0.6076388888888888 0.607421875 0.6319444444444444 0.61328125 0.6458333333333334 0.61328125 0.6527777777777778 0.615234375 0.65625 0.61328125 0.6875 0.615234375 0.6909722222222222 0.6171875 0.7152777777777778 0.603515625 0.71875 0.6015625 0.7222222222222222 0.59375 0.7222222222222222 0.591796875 0.7256944444444444 0.578125 0.7256944444444444 0.578125 0.7118055555555556 0.58203125 0.7013888888888888 0.583984375 0.6805555555555556 0.580078125 0.6736111111111112 0.568359375 0.6736111111111112 0.56640625 0.6701388888888888 0.56640625 0.6527777777777778 0.560546875 0.6354166666666666 0.560546875 0.6145833333333334 0.564453125 0.6111111111111112 0.5703125 0.5972222222222222 0.5859375 0.5972222222222222 0.587890625 0.59375 0.59375 0.59375 0.595703125 0.5972222222222222
1 0.55078125 0.4583333333333333 0.5625 0.4722222222222222 0.572265625 0.4722222222222222 0.576171875 0.4618055555555556 0.580078125 0.4618055555555556 0.58203125 0.4652777777777778 0.58203125 0.4722222222222222 0.572265625 0.5069444444444444 0.568359375 0.5138888888888888 0.56640625 0.5243055555555556 0.560546875 0.5381944444444444 0.560546875 0.5451388888888888 0.556640625 0.5520833333333334 0.546875 0.5520833333333334 0.5390625 0.53125 0.53125 0.5173611111111112 0.52734375 0.5173611111111112 0.529296875 0.5 0.533203125 0.4895833333333333 0.53515625 0.46875 0.541015625 0.4618055555555556 0.548828125 0.4583333333333333
1 0.5625 0.6979166666666666 0.56640625 0.7048611111111112 0.564453125 0.7465277777777778 0.560546875 0.75 0.560546875 0.7569444444444444 0.552734375 0.7638888888888888 0.552734375 0.7708333333333334 0.55078125 0.7743055555555556 0.546875 0.7743055555555556 0.546875 0.7673611111111112 0.537109375 0.7395833333333334 0.537109375 0.7222222222222222 0.546875 0.7048611111111112 0.5546875 0.6979166666666666 0.560546875 0.6979166666666666
1 0.6171875 0.4479166666666667 0.623046875 0.4548611111111111 0.62890625 0.46875 0.62890625 0.4930555555555556 0.6328125 0.5069444444444444 0.6328125 0.5173611111111112 0.630859375 0.5173611111111112 0.623046875 0.53125 0.623046875 0.5416666666666666 0.62109375 0.5486111111111112 0.609375 0.5625 0.603515625 0.5590277777777778 0.599609375 0.5451388888888888 0.599609375 0.5347222222222222 0.59765625 0.53125 0.59765625 0.5034722222222222 0.591796875 0.4895833333333333 0.583984375 0.4930555555555556 0.578125 0.5034722222222222 0.57421875 0.5173611111111112 0.57421875 0.5034722222222222 0.583984375 0.4722222222222222 0.583984375 0.4652777777777778 0.58984375 0.4652777777777778 0.595703125 0.4722222222222222 0.609375 0.4479166666666667 0.615234375 0.4479166666666667
2 0.955078125 0 0.96484375 0 0.96484375 0.013888888888888888 0.962890625 0.017361111111111112 0.962890625 0.03125 0.96484375 0.034722222222222224 0.962890625 0.03819444444444445 0.953125 0.03819444444444445 0.953125 0.017361111111111112 0.955078125 0.013888888888888888 0.955078125 0.003472222222222222
2 0.748046875 0.5104166666666666 0.75390625 0.5173611111111112 0.7578125 0.53125 0.7578125 0.5381944444444444 0.765625 0.5520833333333334 0.771484375 0.5555555555555556 0.775390625 0.5625 0.779296875 0.5798611111111112 0.78515625 0.59375 0.7890625 0.6215277777777778 0.79296875 0.6319444444444444 0.79296875 0.6423611111111112 0.796875 0.6493055555555556 0.806640625 0.6875 0.806640625 0.6944444444444444 0.802734375 0.7013888888888888 0.796875 0.6979166666666666 0.794921875 0.6944444444444444 0.794921875 0.6736111111111112 0.7890625 0.6631944444444444 0.787109375 0.6666666666666666 0.787109375 0.6909722222222222 0.783203125 0.7083333333333334 0.783203125 0.7291666666666666 0.78515625 0.7326388888888888 0.783203125 0.7361111111111112 0.783203125 0.7604166666666666 0.78515625 0.7638888888888888 0.787109375 0.78125 0.791015625 0.7916666666666666 0.79296875 0.8194444444444444 0.798828125 0.8333333333333334 0.798828125 0.8402777777777778 0.8046875 0.8576388888888888 0.802734375 0.8645833333333334 0.791015625 0.875 0.78515625 0.8715277777777778 0.78515625 0.8576388888888888 0.7890625 0.8506944444444444 0.7890625 0.8402777777777778 0.783203125 0.8194444444444444 0.779296875 0.8125 0.779296875 0.8055555555555556 0.767578125 0.7673611111111112 0.765625 0.7534722222222222 0.76171875 0.7465277777777778 0.7578125 0.75 0.7578125 0.7604166666666666 0.76171875 0.7743055555555556 0.76171875 0.8125 0.767578125 0.8194444444444444 0.765625 0.8506944444444444 0.763671875 0.8541666666666666 0.748046875 0.8576388888888888 0.748046875 0.8506944444444444 0.751953125 0.84375 0.751953125 0.8368055555555556 0.755859375 0.8229166666666666 0.755859375 0.8125 0.75390625 0.8090277777777778 0.75390625 0.7951388888888888 0.75 0.7881944444444444 0.75 0.78125 0.7421875 0.7569444444444444 0.7421875 0.7291666666666666 0.74609375 0.7152777777777778 0.748046875 0.6944444444444444 0.751953125 0.6875 0.75 0.6701388888888888 0.74609375 0.6597222222222222 0.74609375 0.6527777777777778 0.7421875 0.6388888888888888 0.73828125 0.6354166666666666 0.734375 0.6423611111111112 0.732421875 0.65625 0.720703125 0.6770833333333334 0.720703125 0.6805555555555556 0.716796875 0.6840277777777778 0.716796875 0.6666666666666666 0.71875 0.6631944444444444 0.720703125 0.6458333333333334 0.728515625 0.6215277777777778 0.7265625 0.5763888888888888 0.73046875 0.5694444444444444 0.73046875 0.5625 0.7265625 0.5486111111111112 0.7265625 0.53125 0.732421875 0.5138888888888888 0.736328125 0.5104166666666666 0.74609375 0.5104166666666666
2 0.953125 0.7291666666666666 0.9609375 0.7465277777777778 0.962890625 0.7673611111111112 0.96875 0.7743055555555556 0.9765625 0.7777777777777778 0.98046875 0.7847222222222222 0.98046875 0.7951388888888888 0.982421875 0.7986111111111112 0.982421875 0.8194444444444444 0.98828125 0.8263888888888888 0.994140625 0.8472222222222222 0.994140625 0.8819444444444444 0.9921875 0.8854166666666666 0.98828125 0.8819444444444444 0.98046875 0.8888888888888888 0.98046875 0.9131944444444444 0.982421875 0.9166666666666666 0.982421875 0.9236111111111112 0.98046875 0.9270833333333334 0.98046875 0.9375 0.9765625 0.9375 0.97265625 0.9444444444444444 0.97265625 0.9756944444444444 0.98046875 0.9826388888888888 0.98046875 0.9965277777777778 0.958984375 0.9965277777777778 0.955078125 0.9826388888888888 0.953125 0.9826388888888888 0.947265625 0.9965277777777778 0.927734375 0.9965277777777778 0.927734375 0.9826388888888888 0.92578125 0.9791666666666666 0.92578125 0.9409722222222222 0.927734375 0.9375 0.927734375 0.9166666666666666 0.9296875 0.9131944444444444 0.9296875 0.8888888888888888 0.92578125 0.875 0.904296875 0.9166666666666666 0.904296875 0.9305555555555556 0.90234375 0.9375 0.900390625 0.9409722222222222 0.896484375 0.9375 0.896484375 0.9201388888888888 0.90234375 0.9027777777777778 0.90234375 0.8888888888888888 0.91796875 0.8333333333333334 0.91796875 0.7986111111111112 0.921875 0.7881944444444444 0.9296875 0.78125 0.9296875 0.75 0.9375 0.7291666666666666 0.951171875 0.7291666666666666
2 0.8125 0 0.837890625 0 0.837890625 0.03819444444444445 0.833984375 0.04861111111111111 0.83203125 0.06597222222222222 0.830078125 0.06944444444444445 0.833984375 0.09375 0.82421875 0.09375 0.822265625 0.09722222222222222 0.814453125 0.09722222222222222 0.8125 0.09375 0.814453125 0.0763888888888889 0.8125 0.07291666666666667 0.8125 0.052083333333333336 0.810546875 0.04861111111111111 0.810546875 0.03125 0.80859375 0.027777777777777776 0.8125 0.003472222222222222
2 0.95703125 0.5208333333333334 0.96484375 0.53125 0.966796875 0.5381944444444444 0.966796875 0.5486111111111112 0.970703125 0.5555555555555556 0.974609375 0.5729166666666666 0.98046875 0.5833333333333334 0.98828125 0.6111111111111112 0.994140625 0.6215277777777778 0.99609375 0.6215277777777778 0.99609375 0.6319444444444444 0.998046875 0.6354166666666666 0.998046875 0.6805555555555556 0.99609375 0.6840277777777778 0.99609375 0.6979166666666666 0.994140625 0.7013888888888888 0.994140625 0.7118055555555556 0.99609375 0.7152777777777778 0.99609375 0.7326388888888888 0.994140625 0.7361111111111112 0.99609375 0.7847222222222222 0.994140625 0.7881944444444444 0.994140625 0.7951388888888888 0.98828125 0.8055555555555556 0.986328125 0.8055555555555556 0.984375 0.8020833333333334 0.984375 0.7916666666666666 0.982421875 0.7847222222222222 0.974609375 0.7708333333333334 0.970703125 0.7708333333333334 0.96484375 0.7638888888888888 0.96484375 0.75 0.962890625 0.7430555555555556 0.94921875 0.7222222222222222 0.951171875 0.7152777777777778 0.951171875 0.6979166666666666 0.947265625 0.6909722222222222 0.939453125 0.6875 0.931640625 0.6736111111111112 0.9296875 0.6736111111111112 0.923828125 0.6597222222222222 0.921875 0.6597222222222222 0.91796875 0.6423611111111112 0.912109375 0.6284722222222222 0.912109375 0.6145833333333334 0.90625 0.5972222222222222 0.90625 0.5902777777777778 0.91015625 0.5902777777777778 0.912109375 0.59375 0.919921875 0.6215277777777778 0.93359375 0.6493055555555556 0.9453125 0.6597222222222222 0.951171875 0.6597222222222222 0.953125 0.65625 0.953125 0.6354166666666666 0.94921875 0.6215277777777778 0.94921875 0.6041666666666666 0.953125 0.5902777777777778 0.955078125 0.5902777777777778 0.95703125 0.5833333333333334 0.958984375 0.5833333333333334 0.96484375 0.5729166666666666 0.953125 0.5486111111111112 0.95703125 0.5416666666666666 0.955078125 0.5347222222222222 0.955078125 0.5243055555555556
2 0.064453125 0.7847222222222222 0.0703125 0.7708333333333334 0.0703125 0.7569444444444444 0.076171875 0.7395833333333334 0.078125 0.71875 0.087890625 0.6944444444444444 0.0859375 0.6875 0.0859375 0.6736111111111112 0.08203125 0.6631944444444444 0.083984375 0.65625 0.083984375 0.6458333333333334 0.08203125 0.6423611111111112 0.08203125 0.6111111111111112 0.0859375 0.5972222222222222 0.0859375 0.5868055555555556 0.083984375 0.5833333333333334 0.08203125 0.5868055555555556 0.078125 0.5868055555555556 0.076171875 0.5833333333333334 0.078125 0.5590277777777778 0.0859375 0.5243055555555556 0.0859375 0.5034722222222222 0.08984375 0.4965277777777778 0.099609375 0.4930555555555556 0.103515625 0.4861111111111111 0.103515625 0.4722222222222222 0.109375 0.4548611111111111 0.11328125 0.4513888888888889 0.126953125 0.4513888888888889 0.134765625 0.4652777777777778 0.138671875 0.4791666666666667 0.13671875 0.4826388888888889 0.13671875 0.4930555555555556 0.130859375 0.5069444444444444 0.1328125 0.5104166666666666 0.1328125 0.5381944444444444 0.12890625 0.5555555555555556 0.12109375 0.5729166666666666 0.12109375 0.5833333333333334 0.1171875 0.5972222222222222 0.1171875 0.6215277777777778 0.12109375 0.6354166666666666 0.12109375 0.65625 0.123046875 0.6597222222222222 0.123046875 0.6666666666666666 0.12109375 0.6701388888888888 0.12109375 0.6944444444444444 0.119140625 0.6979166666666666 0.119140625 0.7152777777777778 0.115234375 0.7222222222222222 0.115234375 0.7291666666666666 0.109375 0.7534722222222222 0.099609375 0.7743055555555556 0.099609375 0.7847222222222222 0.1015625 0.7881944444444444 0.1015625 0.8125 0.099609375 0.8194444444444444 0.091796875 0.8159722222222222 0.08984375 0.8090277777777778 0.08984375 0.7951388888888888 0.0859375 0.7847222222222222 0.08203125 0.7847222222222222 0.080078125 0.7881944444444444 0.06640625 0.7881944444444444
2 0.150390625 0.4305555555555556 0.154296875 0.4409722222222222 0.154296875 0.4722222222222222 0.15234375 0.4756944444444444 0.15625 0.4826388888888889 0.162109375 0.4826388888888889 0.169921875 0.4930555555555556 0.169921875 0.5138888888888888 0.166015625 0.5277777777777778 0.1640625 0.5555555555555556 0.16015625 0.5659722222222222 0.162109375 0.625 0.1640625 0.6284722222222222 0.1640625 0.6840277777777778 0.169921875 0.6979166666666666 0.173828125 0.7256944444444444 0.18359375 0.7569444444444444 0.18359375 0.7708333333333334 0.181640625 0.7743055555555556 0.17578125 0.7743055555555556 0.16796875 0.7534722222222222 0.16796875 0.7465277777777778 0.16015625 0.7118055555555556 0.154296875 0.7013888888888888 0.15234375 0.7013888888888888 0.1484375 0.7083333333333334 0.1484375 0.71875 0.150390625 0.7222222222222222 0.150390625 0.7430555555555556 0.154296875 0.7569444444444444 0.154296875 0.7777777777777778 0.150390625 0.78125 0.14453125 0.7743055555555556 0.14453125 0.7430555555555556 0.1328125 0.7048611111111112 0.134765625 0.6840277777777778 0.130859375 0.6736111111111112 0.12890625 0.65625 0.125 0.6458333333333334 0.125 0.6319444444444444 0.123046875 0.6284722222222222 0.123046875 0.59375 0.125 0.5902777777777778 0.125 0.5763888888888888 0.126953125 0.5729166666666666 0.126953125 0.5659722222222222 0.1328125 0.5590277777777778 0.1328125 0.5520833333333334 0.13671875 0.5381944444444444 0.13671875 0.5 0.140625 0.4930555555555556 0.140625 0.4722222222222222 0.130859375 0.4513888888888889 0.130859375 0.4375 0.13671875 0.4270833333333333 0.146484375 0.4270833333333333 0.1484375 0.4305555555555556
2 0.56640625 0.6875 0.56640625 0.7256944444444444 0.564453125 0.7291666666666666 0.564453125 0.7465277777777778 0.55859375 0.7638888888888888 0.55859375 0.7673611111111112 0.56640625 0.7743055555555556 0.56640625 0.7777777777777778 0.564453125 0.78125 0.5546875 0.7743055555555556 0.548828125 0.78125 0.546875 0.7916666666666666 0.529296875 0.7847222222222222 0.529296875 0.7569444444444444 0.537109375 0.7430555555555556 0.537109375 0.7222222222222222 0.546875 0.7048611111111112 0.564453125 0.6875
2 0.599609375 0.5972222222222222 0.599609375 0.6006944444444444 0.60546875 0.6076388888888888 0.609375 0.6423611111111112 0.615234375 0.65625 0.615234375 0.6770833333333334 0.61328125 0.6805555555555556 0.61328125 0.6875 0.615234375 0.6909722222222222 0.615234375 0.7013888888888888 0.619140625 0.71875 0.619140625 0.7395833333333334 0.61328125 0.7569444444444444 0.609375 0.7604166666666666 0.607421875 0.7708333333333334 0.6015625 0.7743055555555556 0.595703125 0.7881944444444444 0.59375 0.8125 0.58203125 0.8125 0.58203125 0.8090277777777778 0.568359375 0.7847222222222222 0.56640625 0.7847222222222222 0.564453125 0.7881944444444444 0.56640625 0.8090277777777778 0.564453125 0.8125 0.556640625 0.8125 0.5546875 0.8159722222222222 0.55078125 0.8125 0.55078125 0.7847222222222222 0.552734375 0.78125 0.564453125 0.78125 0.56640625 0.7847222222222222 0.568359375 0.78125 0.568359375 0.7743055555555556 0.560546875 0.7673611111111112 0.564453125 0.75 0.56640625 0.71875 0.568359375 0.7152777777777778 0.56640625 0.6527777777777778 0.5625 0.6458333333333334 0.5625 0.6388888888888888 0.560546875 0.6354166666666666 0.560546875 0.6145833333333334 0.564453125 0.6111111111111112 0.568359375 0.6006944444444444 0.568359375 0.59375 0.56640625 0.5902777777777778 0.56640625 0.5555555555555556 0.57421875 0.5486111111111112 0.5859375 0.5520833333333334 0.58984375 0.5590277777777778 0.591796875 0.5868055555555556 0.59765625 0.5972222222222222
2 0.783203125 0.9166666666666666 0.791015625 0.9305555555555556 0.791015625 0.9513888888888888 0.798828125 0.9652777777777778 0.806640625 0.96875 0.80859375 0.9756944444444444 0.80859375 0.9965277777777778 0.748046875 0.9965277777777778 0.748046875 0.9895833333333334 0.76171875 0.96875 0.759765625 0.9375 0.763671875 0.9201388888888888 0.76953125 0.9131944444444444 0.779296875 0.9131944444444444 0.78125 0.9166666666666666
2 0.564453125 0.4097222222222222 0.57421875 0.4201388888888889 0.576171875 0.4270833333333333 0.576171875 0.4548611111111111 0.58203125 0.4652777777777778 0.58203125 0.46875 0.572265625 0.5069444444444444 0.560546875 0.5381944444444444 0.560546875 0.5486111111111112 0.55859375 0.5520833333333334 0.560546875 0.5555555555555556 0.560546875 0.5729166666666666 0.5546875 0.5798611111111112 0.548828125 0.5798611111111112 0.546875 0.5833333333333334 0.546875 0.5902777777777778 0.544921875 0.59375 0.544921875 0.6145833333333334 0.541015625 0.6319444444444444 0.53125 0.6493055555555556 0.521484375 0.6597222222222222 0.51171875 0.6805555555555556 0.51171875 0.7013888888888888 0.509765625 0.7083333333333334 0.5078125 0.7083333333333334 0.505859375 0.7013888888888888 0.505859375 0.6944444444444444 0.5078125 0.6909722222222222 0.505859375 0.6701388888888888 0.5078125 0.6631944444444444 0.513671875 0.65625 0.515625 0.6458333333333334 0.52734375 0.6180555555555556 0.521484375 0.6006944444444444 0.521484375 0.5729166666666666 0.5234375 0.5694444444444444 0.5234375 0.5486111111111112 0.525390625 0.5451388888888888 0.5234375 0.5381944444444444 0.5234375 0.5243055555555556 0.533203125 0.4895833333333333 0.53515625 0.46875 0.546875 0.4583333333333333 0.55078125 0.4513888888888889 0.55078125 0.4236111111111111 0.5625 0.4097222222222222
2 0.564453125 0.6875 0.56640625 0.6909722222222222 0.564453125 0.7465277777777778 0.560546875 0.7569444444444444 0.552734375 0.7673611111111112 0.552734375 0.7743055555555556 0.548828125 0.7847222222222222 0.546875 0.7881944444444444 0.533203125 0.7881944444444444 0.529296875 0.7847222222222222 0.529296875 0.7604166666666666 0.537109375 0.7430555555555556 0.537109375 0.7222222222222222 0.546875 0.7048611111111112 0.5625 0.6909722222222222
2 0.599609375 0.4027777777777778 0.607421875 0.4201388888888889 0.607421875 0.4409722222222222 0.61328125 0.4479166666666667 0.62109375 0.4513888888888889 0.626953125 0.4618055555555556 0.62890625 0.46875 0.62890625 0.4930555555555556 0.6328125 0.5069444444444444 0.6328125 0.5173611111111112 0.63671875 0.5243055555555556 0.63671875 0.5381944444444444 0.630859375 0.5590277777777778 0.630859375 0.5729166666666666 0.625 0.5902777777777778 0.626953125 0.5972222222222222 0.619140625 0.625 0.619140625 0.6458333333333334 0.6171875 0.6493055555555556 0.6171875 0.65625 0.615234375 0.65625 0.615234375 0.6493055555555556 0.611328125 0.6388888888888888 0.609375 0.6076388888888888 0.595703125 0.5868055555555556 0.595703125 0.5694444444444444 0.599609375 0.5625 0.599609375 0.5520833333333334 0.591796875 0.5416666666666666 0.578125 0.5347222222222222 0.57421875 0.5173611111111112 0.576171875 0.5 0.58203125 0.4826388888888889 0.583984375 0.4618055555555556 0.5859375 0.4583333333333333 0.578125 0.4375 0.578125 0.4236111111111111 0.587890625 0.4027777777777778 0.59765625 0.4027777777777778
2 0.34765625 0.3194444444444444 0.3515625 0.3159722222222222 0.361328125 0.3159722222222222 0.37109375 0.3298611111111111 0.373046875 0.3645833333333333 0.376953125 0.375 0.376953125 0.3923611111111111 0.373046875 0.3993055555555556 0.373046875 0.40625 0.37109375 0.4097222222222222 0.37109375 0.4166666666666667 0.373046875 0.4201388888888889 0.373046875 0.4305555555555556 0.37109375 0.4340277777777778 0.380859375 0.4479166666666667 0.380859375 0.4548611111111111 0.38671875 0.4652777777777778 0.38671875 0.46875 0.390625 0.4722222222222222 0.392578125 0.4791666666666667 0.392578125 0.4895833333333333 0.388671875 0.4895833333333333 0.380859375 0.4791666666666667 0.37890625 0.4652777777777778 0.3671875 0.4409722222222222 0.36328125 0.4409722222222222 0.359375 0.4479166666666667 0.357421875 0.4548611111111111 0.357421875 0.4652777777777778 0.369140625 0.4791666666666667 0.376953125 0.4930555555555556 0.376953125 0.4965277777777778 0.3828125 0.5069444444444444 0.384765625 0.5069444444444444 0.388671875 0.5208333333333334 0.388671875 0.5347222222222222 0.390625 0.5381944444444444 0.390625 0.5729166666666666 0.392578125 0.5763888888888888 0.390625 0.5798611111111112 0.392578125 0.5833333333333334 0.392578125 0.5972222222222222 0.404296875 0.6145833333333334 0.404296875 0.6215277777777778 0.38671875 0.6215277777777778 0.384765625 0.6180555555555556 0.384765625 0.5972222222222222 0.376953125 0.5625 0.376953125 0.5486111111111112 0.375 0.5451388888888888 0.375 0.5347222222222222 0.373046875 0.5277777777777778 0.3671875 0.5208333333333334 0.361328125 0.5208333333333334 0.341796875 0.5034722222222222 0.333984375 0.5069444444444444 0.32421875 0.5243055555555556 0.31640625 0.5451388888888888 0.310546875 0.5520833333333334 0.30859375 0.5590277777777778 0.306640625 0.5590277777777778 0.287109375 0.5972222222222222 0.287109375 0.6076388888888888 0.28515625 0.6111111111111112 0.287109375 0.625 0.28125 0.6284722222222222 0.27734375 0.625 0.2734375 0.6145833333333334 0.2734375 0.6076388888888888 0.27734375 0.6006944444444444 0.2890625 0.5520833333333334 0.302734375 0.53125 0.3046875 0.5138888888888888 0.3203125 0.4652777777777778 0.3203125 0.4583333333333333 0.322265625 0.4548611111111111 0.3203125 0.4236111111111111 0.322265625 0.4201388888888889 0.32421875 0.3958333333333333 0.326171875 0.3923611111111111 0.326171875 0.3680555555555556 0.330078125 0.3680555555555556 0.34375 0.3576388888888889 0.34375 0.34375 0.345703125 0.3402777777777778 0.345703125 0.3263888888888889 0.34765625 0.3229166666666667