0 0.748046875 0.052083333333333336 0.751953125 0.05555555555555555 0.751953125 0.06944444444444445 0.75390625 0.07291666666666667 0.751953125 0.08680555555555555 0.75 0.08680555555555555 0.748046875 0.09375 0.7421875 0.09375 0.734375 0.0798611111111111 0.73828125 0.05555555555555555 0.740234375 0.052083333333333336 0.74609375 0.052083333333333336
0 0.79296875 0.6597222222222222 0.798828125 0.6666666666666666 0.802734375 0.6805555555555556 0.80078125 0.6909722222222222 0.783203125 0.6909722222222222 0.78125 0.6875 0.783203125 0.6631944444444444 0.78515625 0.6597222222222222 0.791015625 0.6597222222222222
0 0.20130208333333333 0.4222222222222222 0.025520833333333333 0.05
0 0.5565104166666667 0.3375 0.0265625 0.049074074074074076
0 0.599609375 0.04513888888888889 0.607421875 0.04513888888888889 0.61328125 0.05555555555555555 0.61328125 0.08680555555555555 0.611328125 0.09027777777777778 0.607421875 0.09027777777777778 0.603515625 0.08680555555555555 0.59765625 0.07291666666666667 0.59765625 0.05555555555555555 0.599609375 0.04861111111111111
0 0.650390625 0.10416666666666667 0.658203125 0.11805555555555555 0.658203125 0.13194444444444445 0.654296875 0.13194444444444445 0.6484375 0.1388888888888889 0.640625 0.13194444444444445 0.640625 0.1111111111111111 0.6484375 0.10416666666666667
1 0.794921875 0.6944444444444444 0.810546875 0.7083333333333334 0.81640625 0.7222222222222222 0.81640625 0.7256944444444444 0.8125 0.7291666666666666 0.80859375 0.7395833333333334 0.806640625 0.8020833333333334 0.78515625 0.8020833333333334 0.783203125 0.7986111111111112 0.775390625 0.7986111111111112 0.7734375 0.7951388888888888 0.7734375 0.7881944444444444 0.775390625 0.7847222222222222 0.775390625 0.7604166666666666 0.7734375 0.7569444444444444 0.7734375 0.7430555555555556 0.771484375 0.7395833333333334 0.771484375 0.7222222222222222 0.765625 0.7152777777777778 0.763671875 0.7083333333333334 0.765625 0.7013888888888888 0.775390625 0.7013888888888888 0.77734375 0.6979166666666666 0.79296875 0.6944444444444444
1 0.208984375 0.4409722222222222 0.212890625 0.4479166666666667 0.212890625 0.4618055555555556 0.208984375 0.4618055555555556 0.203125 0.46875 0.19140625 0.5034722222222222 0.1875 0.5069444444444444 0.185546875 0.5138888888888888 0.18359375 0.5138888888888888 0.177734375 0.5034722222222222 0.1640625 0.4930555555555556 0.1640625 0.4861111111111111 0.171875 0.4652777777777778 0.177734375 0.4375 0.18359375 0.4305555555555556 0.189453125 0.4305555555555556 0.19921875 0.4479166666666667 0.205078125 0.4479166666666667 0.20703125 0.4444444444444444
1 0.736328125 0.08680555555555555 0.7421875 0.09722222222222222 0.74609375 0.09722222222222222 0.75 0.09027777777777778 0.755859375 0.09027777777777778 0.759765625 0.10069444444444445 0.759765625 0.1111111111111111 0.7578125 0.11805555555555555 0.748046875 0.1388888888888889 0.74609375 0.16666666666666666 0.744140625 0.1701388888888889 0.736328125 0.1701388888888889 0.734375 0.16666666666666666 0.728515625 0.1701388888888889 0.72265625 0.15625 0.724609375 0.1527777777777778 0.724609375 0.12152777777777778 0.7265625 0.11805555555555555 0.7265625 0.1076388888888889 0.72265625 0.10069444444444445 0.72265625 0.09375 0.728515625 0.08680555555555555 0.734375 0.08680555555555555
1 0.546875 0.3541666666666667 0.552734375 0.3611111111111111 0.556640625 0.3611111111111111 0.560546875 0.3680555555555556 0.560546875 0.3993055555555556 0.556640625 0.3993055555555556 0.552734375 0.3923611111111111 0.546875 0.3993055555555556 0.548828125 0.4166666666666667 0.552734375 0.4270833333333333 0.552734375 0.4444444444444444 0.55078125 0.4479166666666667 0.54296875 0.4479166666666667 0.541015625 0.4513888888888889 0.53125 0.4479166666666667 0.525390625 0.4409722222222222 0.5234375 0.4340277777777778 0.52734375 0.4236111111111111 0.529296875 0.4027777777777778 0.533203125 0.3958333333333333 0.53515625 0.375 0.5390625 0.3611111111111111 0.544921875 0.3541666666666667
1 0.599609375 0.0798611111111111 0.60546875 0.09027777777777778 0.611328125 0.09027777777777778 0.611328125 0.10069444444444445 0.603515625 0.11805555555555555 0.599609375 0.13541666666666666 0.58984375 0.13541666666666666 0.587890625 0.1388888888888889 0.578125 0.1388888888888889 0.578125 0.1284722222222222 0.58203125 0.11805555555555555 0.583984375 0.08680555555555555 0.58984375 0.0763888888888889 0.595703125 0.0763888888888889 0.59765625 0.0798611111111111
1 0.662109375 0.1388888888888889 0.662109375 0.1423611111111111 0.66796875 0.1527777777777778 0.669921875 0.1736111111111111 0.677734375 0.2013888888888889 0.681640625 0.2048611111111111 0.681640625 0.21180555555555555 0.66796875 0.21180555555555555 0.666015625 0.2152777777777778 0.66015625 0.2152777777777778 0.654296875 0.2013888888888889 0.650390625 0.2013888888888889 0.64453125 0.20833333333333334 0.640625 0.20833333333333334 0.638671875 0.2013888888888889 0.64453125 0.1875 0.64453125 0.1736111111111111 0.640625 0.15625 0.6484375 0.1388888888888889 0.65234375 0.13541666666666666 0.658203125 0.13541666666666666 0.66015625 0.1388888888888889
2 0.78515625 0.6597222222222222 0.79296875 0.6597222222222222 0.798828125 0.6666666666666666 0.802734375 0.6840277777777778 0.80078125 0.6979166666666666 0.8046875 0.7048611111111112 0.80859375 0.7048611111111112 0.81640625 0.7222222222222222 0.8125 0.7326388888888888 0.8125 0.7395833333333334 0.8203125 0.7604166666666666 0.8203125 0.7708333333333334 0.81640625 0.7743055555555556 0.80859375 0.7708333333333334 0.806640625 0.7743055555555556 0.806640625 0.8090277777777778 0.8125 0.8298611111111112 0.8125 0.8541666666666666 0.814453125 0.8576388888888888 0.814453125 0.8680555555555556 0.822265625 0.8888888888888888 0.822265625 0.8993055555555556 0.82421875 0.9027777777777778 0.826171875 0.9236111111111112 0.837890625 0.9548611111111112 0.837890625 0.9583333333333334 0.8359375 0.9583333333333334 0.826171875 0.9479166666666666 0.818359375 0.9131944444444444 0.810546875 0.8958333333333334 0.810546875 0.8888888888888888 0.8046875 0.8784722222222222 0.79296875 0.8333333333333334 0.7890625 0.8263888888888888 0.77734375 0.8298611111111112 0.7734375 0.8368055555555556 0.7734375 0.8958333333333334 0.775390625 0.9027777777777778 0.76953125 0.9131944444444444 0.763671875 0.9131944444444444 0.76171875 0.9097222222222222 0.76171875 0.8993055555555556 0.765625 0.8923611111111112 0.765625 0.8645833333333334 0.763671875 0.8611111111111112 0.763671875 0.8229166666666666 0.759765625 0.8159722222222222 0.759765625 0.8090277777777778 0.763671875 0.8020833333333334 0.767578125 0.8020833333333334 0.7734375 0.7916666666666666 0.7734375 0.7847222222222222 0.775390625 0.78125 0.775390625 0.7604166666666666 0.76953125 0.7395833333333334 0.763671875 0.7395833333333334 0.7578125 0.7465277777777778 0.751953125 0.7638888888888888 0.748046875 0.7673611111111112 0.744140625 0.7881944444444444 0.740234375 0.7951388888888888 0.734375 0.7951388888888888 0.740234375 0.7708333333333334 0.748046875 0.7604166666666666 0.75 0.75 0.76171875 0.7291666666666666 0.765625 0.7048611111111112 0.767578125 0.7013888888888888 0.775390625 0.7013888888888888 0.78125 0.6944444444444444 0.78125 0.6736111111111112 0.78515625 0.6631944444444444
2 0.220703125 0.4791666666666667 0.208984375 0.4618055555555556 0.201171875 0.4722222222222222 0.197265625 0.4826388888888889 0.197265625 0.4895833333333333 0.185546875 0.5138888888888888 0.1796875 0.5520833333333334 0.158203125 0.5902777777777778 0.15234375 0.6180555555555556 0.150390625 0.6145833333333334 0.146484375 0.6145833333333334 0.142578125 0.6041666666666666 0.142578125 0.5972222222222222 0.15234375 0.5833333333333334 0.15625 0.5694444444444444 0.15625 0.5625 0.154296875 0.5590277777777778 0.15234375 0.5625 0.146484375 0.5625 0.142578125 0.5659722222222222 0.13671875 0.5763888888888888 0.13671875 0.5902777777777778 0.1328125 0.5902777777777778 0.130859375 0.5868055555555556 0.130859375 0.5798611111111112 0.12890625 0.5763888888888888 0.12890625 0.5590277777777778 0.1328125 0.5520833333333334 0.134765625 0.5555555555555556 0.138671875 0.5555555555555556 0.146484375 0.5451388888888888 0.15625 0.5416666666666666 0.16015625 0.5347222222222222 0.162109375 0.5277777777777778 0.162109375 0.4965277777777778 0.1640625 0.4930555555555556 0.1640625 0.4861111111111111 0.171875 0.4652777777777778 0.177734375 0.4375 0.189453125 0.4236111111111111 0.189453125 0.4131944444444444 0.19921875 0.3993055555555556 0.205078125 0.3993055555555556 0.2109375 0.4097222222222222 0.212890625 0.4166666666666667 0.212890625 0.4479166666666667 0.22265625 0.4652777777777778 0.224609375 0.4722222222222222 0.22265625 0.4756944444444444
2 0.734375 0.2951388888888889 0.736328125 0.23958333333333334 0.73828125 0.2361111111111111 0.73828125 0.22916666666666666 0.734375 0.21875 0.72265625 0.25 0.72265625 0.2743055555555556 0.724609375 0.2777777777777778 0.724609375 0.2847222222222222 0.72265625 0.2881944444444444 0.71875 0.2847222222222222 0.71875 0.2743055555555556 0.716796875 0.2708333333333333 0.716796875 0.2465277777777778 0.72265625 0.21875 0.72265625 0.19444444444444445 0.720703125 0.1909722222222222 0.720703125 0.18055555555555555 0.712890625 0.1736111111111111 0.712890625 0.16319444444444445 0.7109375 0.1597222222222222 0.7109375 0.1388888888888889 0.71875 0.1076388888888889 0.72265625 0.10069444444444445 0.72265625 0.09375 0.734375 0.0798611111111111 0.736328125 0.0625 0.7421875 0.052083333333333336 0.748046875 0.052083333333333336 0.751953125 0.059027777777777776 0.751953125 0.06944444444444445 0.75390625 0.07291666666666667 0.75390625 0.0798611111111111 0.751953125 0.08333333333333333 0.759765625 0.10069444444444445 0.759765625 0.11458333333333333 0.7578125 0.12152777777777778 0.759765625 0.125 0.76171875 0.16319444444444445 0.759765625 0.16666666666666666 0.759765625 0.1840277777777778 0.7578125 0.1909722222222222 0.755859375 0.19444444444444445 0.751953125 0.1909722222222222 0.748046875 0.19791666666666666 0.74609375 0.2361111111111111 0.744140625 0.23958333333333334 0.744140625 0.2534722222222222 0.740234375 0.2673611111111111 0.740234375 0.2951388888888889 0.73828125 0.2986111111111111 0.736328125 0.2951388888888889
2 0.57421875 0.40625 0.576171875 0.4097222222222222 0.57421875 0.4201388888888889 0.5625 0.4340277777777778 0.556640625 0.4340277777777778 0.552734375 0.4409722222222222 0.552734375 0.4618055555555556 0.5546875 0.4652777777777778 0.5546875 0.5034722222222222 0.55078125 0.5208333333333334 0.54296875 0.5381944444444444 0.541015625 0.5486111111111112 0.5390625 0.5486111111111112 0.53515625 0.5590277777777778 0.53515625 0.5763888888888888 0.533203125 0.5833333333333334 0.525390625 0.5833333333333334 0.521484375 0.5798611111111112 0.51953125 0.5763888888888888 0.51953125 0.5694444444444444 0.525390625 0.5625 0.529296875 0.5520833333333334 0.53125 0.5347222222222222 0.541015625 0.5034722222222222 0.5390625 0.4895833333333333 0.53515625 0.4861111111111111 0.53125 0.5034722222222222 0.525390625 0.5138888888888888 0.521484375 0.5138888888888888 0.515625 0.5 0.515625 0.4895833333333333 0.513671875 0.4861111111111111 0.515625 0.4722222222222222 0.521484375 0.4583333333333333 0.521484375 0.4444444444444444 0.5234375 0.4409722222222222 0.5234375 0.4305555555555556 0.52734375 0.4201388888888889 0.52734375 0.3993055555555556 0.53125 0.3888888888888889 0.53125 0.375 0.54296875 0.3541666666666667 0.544921875 0.3472222222222222 0.544921875 0.3263888888888889 0.55078125 0.3159722222222222 0.560546875 0.3159722222222222 0.568359375 0.3333333333333333 0.568359375 0.3541666666666667 0.560546875 0.3680555555555556 0.560546875 0.4097222222222222 0.5625 0.4131944444444444 0.56640625 0.4131944444444444 0.572265625 0.40625
2 0.55078125 0.1076388888888889 0.556640625 0.10069444444444445 0.5625 0.10069444444444445 0.568359375 0.09375 0.580078125 0.09375 0.58984375 0.0763888888888889 0.59375 0.0763888888888889 0.59765625 0.06944444444444445 0.59765625 0.05555555555555555 0.599609375 0.04861111111111111 0.6015625 0.04513888888888889 0.607421875 0.04513888888888889 0.61328125 0.059027777777777776 0.61328125 0.0798611111111111 0.615234375 0.08333333333333333 0.61328125 0.09027777777777778 0.61328125 0.10069444444444445 0.6171875 0.1076388888888889 0.634765625 0.10416666666666667 0.630859375 0.11458333333333333 0.61328125 0.11458333333333333 0.611328125 0.1111111111111111 0.607421875 0.1111111111111111 0.603515625 0.11805555555555555 0.603515625 0.13194444444444445 0.607421875 0.1388888888888889 0.61328125 0.1597222222222222 0.61328125 0.1875 0.623046875 0.21180555555555555 0.615234375 0.20833333333333334 0.607421875 0.1909722222222222 0.603515625 0.19444444444444445 0.603515625 0.20833333333333334 0.591796875 0.20833333333333334 0.591796875 0.2013888888888889 0.59765625 0.1875 0.599609375 0.17708333333333334 0.578125 0.14583333333333334 0.578125 0.1284722222222222 0.58203125 0.11805555555555555 0.58203125 0.1076388888888889 0.578125 0.10069444444444445 0.5703125 0.10069444444444445 0.564453125 0.1076388888888889 0.552734375 0.1111111111111111
2 0.623046875 0.1388888888888889 0.62890625 0.1388888888888889 0.63671875 0.15625 0.640625 0.15625 0.64453125 0.14930555555555555 0.64453125 0.1388888888888889 0.640625 0.13194444444444445 0.640625 0.11458333333333333 0.6484375 0.10416666666666667 0.650390625 0.10416666666666667 0.65625 0.11458333333333333 0.658203125 0.12152777777777778 0.658203125 0.13194444444444445 0.666015625 0.14930555555555555 0.673828125 0.1875 0.677734375 0.19791666666666666 0.6875 0.21180555555555555 0.6875 0.2152777777777778 0.68359375 0.2152777777777778 0.681640625 0.21875 0.681640625 0.22569444444444445 0.6796875 0.22916666666666666 0.6796875 0.25 0.689453125 0.2638888888888889 0.689453125 0.2847222222222222 0.69921875 0.3020833333333333 0.701171875 0.3020833333333333 0.705078125 0.3125 0.693359375 0.3263888888888889 0.6875 0.3263888888888889 0.6875 0.3194444444444444 0.69140625 0.3090277777777778 0.689453125 0.3020833333333333 0.68359375 0.2951388888888889 0.666015625 0.2604166666666667 0.66015625 0.2604166666666667 0.658203125 0.2638888888888889 0.654296875 0.2604166666666667 0.646484375 0.2604166666666667 0.642578125 0.2361111111111111 0.63671875 0.22916666666666666 0.6328125 0.21875 0.638671875 0.19444444444444445 0.642578125 0.1875 0.642578125 0.17708333333333334 0.638671875 0.16319444444444445 0.634765625 0.15625 0.630859375 0.15625 0.623046875 0.14930555555555555 0.623046875 0.1423611111111111