0 0.73828125 0.3715277777777778 0.7421875 0.375 0.744140625 0.3888888888888889 0.734375 0.3993055555555556 0.73046875 0.3993055555555556 0.7265625 0.3923611111111111 0.7265625 0.3784722222222222 0.736328125 0.3715277777777778
0 0.578125 0.3368055555555556 0.580078125 0.3402777777777778 0.580078125 0.3541666666666667 0.576171875 0.3611111111111111 0.5703125 0.3611111111111111 0.56640625 0.3541666666666667 0.56640625 0.34375 0.5703125 0.3368055555555556 0.576171875 0.3368055555555556
0 0.6953125 0.4513888888888889 0.69921875 0.4479166666666667 0.705078125 0.4479166666666667 0.708984375 0.4618055555555556 0.70703125 0.46875 0.703125 0.46875 0.69921875 0.4756944444444444 0.693359375 0.46875 0.693359375 0.4583333333333333 0.6953125 0.4548611111111111
0 0.5598958333333334 0.4 0.016666666666666666 0.03148148148148148
0 0.42578125 0.8229166666666666 0.431640625 0.8368055555555556 0.4296875 0.8472222222222222 0.42578125 0.8541666666666666 0.419921875 0.8541666666666666 0.4140625 0.8402777777777778 0.4140625 0.8298611111111112 0.41796875 0.8229166666666666 0.423828125 0.8229166666666666
0 0.35546875 0.4027777777777778 0.36328125 0.4097222222222222 0.36328125 0.4236111111111111 0.361328125 0.4270833333333333 0.35546875 0.4270833333333333 0.349609375 0.4166666666666667 0.349609375 0.4097222222222222 0.353515625 0.40625
0 0.533203125 0.8229166666666666 0.537109375 0.8298611111111112 0.5390625 0.8402777777777778 0.52734375 0.8611111111111112 0.5234375 0.8576388888888888 0.521484375 0.8368055555555556 0.5234375 0.8333333333333334 0.5234375 0.8263888888888888 0.52734375 0.8194444444444444 0.53125 0.8229166666666666
0 0.515625 0.020833333333333332 0.51171875 0.006944444444444444 0.513671875 0 0.51953125 0 0.521484375 0.003472222222222222 0.521484375 0.017361111111111112 0.517578125 0.020833333333333332
0 0.61484375 0.11990740740740741 0.013020833333333334 0.0287037037037037
0 0.431640625 0.12152777777777778 0.44140625 0.12152777777777778 0.443359375 0.125 0.443359375 0.1388888888888889 0.435546875 0.13541666666666666 0.431640625 0.125
0 0.41796875 0.2361111111111111 0.423828125 0.2326388888888889 0.4296875 0.23958333333333334 0.4296875 0.25 0.427734375 0.2569444444444444 0.421875 0.2534722222222222 0.41796875 0.23958333333333334
0 0.5161458333333333 0.2916666666666667 0.013541666666666667 0.027777777777777776
0 0.5 0.3611111111111111 0.50390625 0.3680555555555556 0.50390625 0.3854166666666667 0.501953125 0.3888888888888889 0.498046875 0.3888888888888889 0.4921875 0.375 0.4921875 0.3680555555555556 0.498046875 0.3611111111111111
0 0.48541666666666666 0.5212962962962963 0.014583333333333334 0.025925925925925925
0 0.48828125 0.5555555555555556 0.490234375 0.5590277777777778 0.490234375 0.5729166666666666 0.48828125 0.5798611111111112 0.484375 0.5798611111111112 0.4765625 0.5659722222222222 0.48046875 0.5555555555555556 0.486328125 0.5555555555555556
0 0.65234375 0.2465277777777778 0.654296875 0.25 0.654296875 0.2604166666666667 0.650390625 0.2673611111111111 0.64453125 0.2673611111111111 0.640625 0.2569444444444444 0.64453125 0.2465277777777778 0.650390625 0.2465277777777778
0 0.5208333333333334 0.43101851851851847 0.017708333333333333 0.026851851851851852
0 0.55859375 0.4409722222222222 0.560546875 0.4444444444444444 0.560546875 0.4618055555555556 0.55859375 0.4652777777777778 0.552734375 0.4618055555555556 0.548828125 0.4548611111111111 0.548828125 0.4444444444444444 0.55078125 0.4409722222222222 0.556640625 0.4409722222222222
0 0.5625 0.46875 0.56640625 0.4722222222222222 0.568359375 0.4791666666666667 0.568359375 0.4895833333333333 0.56640625 0.4930555555555556 0.560546875 0.4930555555555556 0.5546875 0.4861111111111111 0.5546875 0.4756944444444444 0.560546875 0.46875
1 0.4765625 0.5729166666666666 0.482421875 0.5833333333333334 0.482421875 0.59375 0.474609375 0.6076388888888888 0.47265625 0.6076388888888888 0.46875 0.6180555555555556 0.453125 0.6145833333333334 0.447265625 0.6076388888888888 0.443359375 0.6076388888888888 0.443359375 0.5972222222222222 0.4453125 0.5902777777777778 0.462890625 0.5694444444444444 0.47265625 0.5694444444444444 0.474609375 0.5729166666666666
1 0.5010416666666666 0.30046296296296293 0.029166666666666667 0.03796296296296296
1 0.60546875 0 0.6171875 0 0.6171875 0.010416666666666666 0.619140625 0.013888888888888888 0.6171875 0.020833333333333332 0.609375 0.020833333333333332 0.60546875 0.003472222222222222
1 0.56640625 0.4513888888888889 0.580078125 0.4722222222222222 0.580078125 0.4756944444444444 0.5859375 0.4861111111111111 0.583984375 0.4930555555555556 0.572265625 0.4826388888888889 0.568359375 0.4826388888888889 0.5625 0.46875 0.55859375 0.46875 0.556640625 0.4722222222222222 0.556640625 0.4791666666666667 0.552734375 0.4791666666666667 0.548828125 0.4861111111111111 0.537109375 0.4861111111111111 0.537109375 0.4791666666666667 0.54296875 0.4722222222222222 0.546875 0.4583333333333333 0.55078125 0.4652777777777778 0.556640625 0.4652777777777778 0.560546875 0.4548611111111111 0.564453125 0.4513888888888889
1 0.71484375 0.46875 0.7265625 0.4930555555555556 0.724609375 0.5034722222222222 0.720703125 0.5104166666666666 0.716796875 0.5104166666666666 0.71484375 0.5138888888888888 0.71484375 0.5104166666666666 0.701171875 0.4895833333333333 0.701171875 0.4826388888888889 0.69921875 0.4791666666666667 0.70703125 0.46875 0.712890625 0.46875
1 0.39817708333333335 0.8634259259259259 0.04010416666666666 0.06018518518518518
1 0.478515625 0.5208333333333334 0.482421875 0.5451388888888888 0.48046875 0.5520833333333334 0.4765625 0.5520833333333334 0.474609375 0.5555555555555556 0.46875 0.5555555555555556 0.46484375 0.5486111111111112 0.455078125 0.5451388888888888 0.443359375 0.5277777777777778 0.453125 0.5208333333333334 0.462890625 0.5208333333333334 0.46484375 0.5173611111111112 0.474609375 0.5173611111111112 0.4765625 0.5208333333333334
1 0.51171875 0.013888888888888888 0.513671875 0.017361111111111112 0.513671875 0.027777777777777776 0.5078125 0.04513888888888889 0.48828125 0.041666666666666664 0.486328125 0.034722222222222224 0.4921875 0.024305555555555556 0.5 0.017361111111111112 0.50390625 0.013888888888888888 0.509765625 0.013888888888888888
1 0.5703125 0.3993055555555556 0.572265625 0.4027777777777778 0.578125 0.4027777777777778 0.58203125 0.4097222222222222 0.58984375 0.4166666666666667 0.59375 0.4166666666666667 0.59375 0.4201388888888889 0.57421875 0.4375 0.568359375 0.4375 0.56640625 0.4340277777777778 0.56640625 0.4270833333333333 0.5625 0.4201388888888889 0.5625 0.4131944444444444 0.56640625 0.4027777777777778 0.568359375 0.4027777777777778
1 0.421875 0.1388888888888889 0.42578125 0.13541666666666666 0.431640625 0.13541666666666666 0.435546875 0.1423611111111111 0.435546875 0.14930555555555555 0.42578125 0.17708333333333334 0.419921875 0.17708333333333334 0.41796875 0.1736111111111111 0.412109375 0.1840277777777778 0.41015625 0.1840277777777778 0.412109375 0.16666666666666666 0.421875 0.1423611111111111
1 0.41796875 0.25 0.42578125 0.2638888888888889 0.423828125 0.2708333333333333 0.423828125 0.28125 0.419921875 0.2951388888888889 0.416015625 0.3020833333333333 0.408203125 0.3020833333333333 0.40625 0.2986111111111111 0.40625 0.2881944444444444 0.408203125 0.2847222222222222 0.41015625 0.2673611111111111 0.4140625 0.2534722222222222 0.416015625 0.2534722222222222
1 0.353515625 0.4236111111111111 0.35546875 0.4375 0.349609375 0.4479166666666667 0.34765625 0.4583333333333333 0.34375 0.4652777777777778 0.33203125 0.4618055555555556 0.32421875 0.4548611111111111 0.32421875 0.4513888888888889 0.34375 0.4201388888888889 0.349609375 0.4201388888888889 0.3515625 0.4236111111111111
1 0.51953125 0.4409722222222222 0.52734375 0.4340277777777778 0.541015625 0.4340277777777778 0.548828125 0.4409722222222222 0.546875 0.4618055555555556 0.5390625 0.4756944444444444 0.525390625 0.4861111111111111 0.5234375 0.4826388888888889 0.525390625 0.4756944444444444 0.525390625 0.4618055555555556 0.51953125 0.4444444444444444
1 0.744140625 0.3923611111111111 0.748046875 0.3958333333333333 0.751953125 0.40625 0.751953125 0.4131944444444444 0.7578125 0.4270833333333333 0.7578125 0.4340277777777778 0.74609375 0.4444444444444444 0.744140625 0.4444444444444444 0.744140625 0.4409722222222222 0.73828125 0.4340277777777778 0.73828125 0.4270833333333333 0.734375 0.4166666666666667 0.734375 0.3993055555555556 0.7421875 0.3958333333333333
1 0.580078125 0.4826388888888889 0.58984375 0.5 0.591796875 0.5 0.595703125 0.5104166666666666 0.595703125 0.5208333333333334 0.591796875 0.5243055555555556 0.5859375 0.5243055555555556 0.583984375 0.5277777777777778 0.580078125 0.5173611111111112 0.576171875 0.5173611111111112 0.564453125 0.53125 0.5625 0.53125 0.55859375 0.5173611111111112 0.552734375 0.5138888888888888 0.55078125 0.5034722222222222 0.556640625 0.4930555555555556 0.5625 0.4895833333333333 0.5703125 0.4791666666666667 0.578125 0.4826388888888889
1 0.48828125 0.3645833333333333 0.4921875 0.3680555555555556 0.4921875 0.3819444444444444 0.494140625 0.3888888888888889 0.4921875 0.3958333333333333 0.482421875 0.3923611111111111 0.478515625 0.3993055555555556 0.4609375 0.3923611111111111 0.45703125 0.3854166666666667 0.45703125 0.3715277777777778 0.46484375 0.3645833333333333 0.486328125 0.3645833333333333
1 0.541015625 0.84375 0.548828125 0.8541666666666666 0.55859375 0.8784722222222222 0.55859375 0.8854166666666666 0.560546875 0.8888888888888888 0.552734375 0.90625 0.544921875 0.9027777777777778 0.541015625 0.8923611111111112 0.541015625 0.8819444444444444 0.537109375 0.875 0.533203125 0.8784722222222222 0.529296875 0.8680555555555556 0.529296875 0.8576388888888888 0.537109375 0.84375 0.5390625 0.84375
1 0.654296875 0.2638888888888889 0.66015625 0.2708333333333333 0.6640625 0.3055555555555556 0.65625 0.3125 0.650390625 0.3125 0.650390625 0.3055555555555556 0.646484375 0.2916666666666667 0.646484375 0.2743055555555556 0.65234375 0.2673611111111111
1 0.59375 0.3472222222222222 0.611328125 0.3680555555555556 0.611328125 0.375 0.609375 0.3784722222222222 0.599609375 0.3784722222222222 0.59765625 0.3819444444444444 0.58984375 0.3819444444444444 0.587890625 0.3784722222222222 0.58203125 0.3819444444444444 0.576171875 0.3645833333333333 0.583984375 0.34375 0.58984375 0.34375 0.591796875 0.3472222222222222
1 0.626953125 0.1284722222222222 0.634765625 0.15625 0.634765625 0.16666666666666666 0.623046875 0.17708333333333334 0.6171875 0.17708333333333334 0.615234375 0.13541666666666666 0.62109375 0.125 0.625 0.1284722222222222
2 0.603515625 0 0.6171875 0 0.6171875 0.010416666666666666 0.623046875 0.03125 0.623046875 0.04861111111111111 0.630859375 0.06597222222222222 0.638671875 0.09375 0.63671875 0.09722222222222222 0.630859375 0.09722222222222222 0.62890625 0.09375 0.630859375 0.09027777777777778 0.630859375 0.08333333333333333 0.625 0.07291666666666667 0.625 0.06944444444444445 0.61328125 0.04861111111111111 0.609375 0.04861111111111111 0.603515625 0.059027777777777776 0.603515625 0.06944444444444445 0.599609375 0.0798611111111111 0.59765625 0.10069444444444445 0.587890625 0.10069444444444445 0.587890625 0.09722222222222222 0.591796875 0.09375 0.595703125 0.08333333333333333 0.599609375 0.041666666666666664 0.6015625 0.034722222222222224 0.60546875 0.03125 0.60546875 0.006944444444444444 0.603515625 0.003472222222222222
2 0.703125 0.4479166666666667 0.70703125 0.4513888888888889 0.708984375 0.4618055555555556 0.71484375 0.46875 0.7265625 0.4930555555555556 0.732421875 0.4965277777777778 0.736328125 0.5069444444444444 0.736328125 0.5208333333333334 0.720703125 0.5520833333333334 0.72265625 0.5590277777777778 0.72265625 0.5833333333333334 0.724609375 0.5868055555555556 0.724609375 0.5972222222222222 0.720703125 0.5972222222222222 0.71875 0.6006944444444444 0.712890625 0.6006944444444444 0.708984375 0.5972222222222222 0.708984375 0.59375 0.7109375 0.59375 0.716796875 0.5833333333333334 0.716796875 0.5729166666666666 0.712890625 0.5659722222222222 0.708984375 0.5659722222222222 0.70703125 0.5625 0.7109375 0.5555555555555556 0.7109375 0.5347222222222222 0.712890625 0.53125 0.7109375 0.5243055555555556 0.712890625 0.5208333333333334 0.712890625 0.5138888888888888 0.693359375 0.46875 0.693359375 0.4583333333333333 0.6953125 0.4513888888888889 0.701171875 0.4479166666666667
2 0.515625 0.2777777777777778 0.521484375 0.2847222222222222 0.521484375 0.2986111111111111 0.517578125 0.3125 0.517578125 0.3402777777777778 0.513671875 0.3402777777777778 0.505859375 0.3611111111111111 0.509765625 0.375 0.505859375 0.3715277777777778 0.501953125 0.3611111111111111 0.501953125 0.3541666666666667 0.498046875 0.3472222222222222 0.49609375 0.3506944444444444 0.49609375 0.3576388888888889 0.470703125 0.3576388888888889 0.474609375 0.3506944444444444 0.478515625 0.3506944444444444 0.484375 0.34375 0.484375 0.3055555555555556 0.4921875 0.2916666666666667 0.501953125 0.2881944444444444 0.5078125 0.28125 0.513671875 0.28125
2 0.48828125 0.5104166666666666 0.490234375 0.5138888888888888 0.490234375 0.5277777777777778 0.48828125 0.5347222222222222 0.486328125 0.5347222222222222 0.482421875 0.5416666666666666 0.482421875 0.5486111111111112 0.470703125 0.5659722222222222 0.451171875 0.5694444444444444 0.447265625 0.5763888888888888 0.447265625 0.5833333333333334 0.443359375 0.5868055555555556 0.431640625 0.5868055555555556 0.4296875 0.5833333333333334 0.42578125 0.5833333333333334 0.41796875 0.59375 0.4140625 0.59375 0.412109375 0.5798611111111112 0.4140625 0.5763888888888888 0.427734375 0.5763888888888888 0.4296875 0.5729166666666666 0.43359375 0.5729166666666666 0.4375 0.5659722222222222 0.435546875 0.5590277777777778 0.435546875 0.5381944444444444 0.44140625 0.5277777777777778 0.4453125 0.5243055555555556 0.451171875 0.5243055555555556 0.453125 0.5208333333333334 0.462890625 0.5208333333333334 0.46484375 0.5173611111111112 0.47265625 0.5173611111111112 0.48046875 0.5104166666666666 0.486328125 0.5104166666666666
2 0.51171875 0 0.51953125 0 0.521484375 0.013888888888888888 0.51953125 0.020833333333333332 0.515625 0.020833333333333332 0.513671875 0.024305555555555556 0.509765625 0.041666666666666664 0.509765625 0.0625 0.51171875 0.06597222222222222 0.51171875 0.0763888888888889 0.505859375 0.08333333333333333 0.505859375 0.09375 0.5078125 0.09722222222222222 0.5078125 0.1076388888888889 0.505859375 0.1111111111111111 0.498046875 0.1111111111111111 0.49609375 0.1076388888888889 0.498046875 0.06597222222222222 0.490234375 0.059027777777777776 0.48828125 0.052083333333333336 0.48828125 0.041666666666666664 0.486328125 0.03819444444444445 0.486328125 0.034722222222222224 0.4921875 0.024305555555555556 0.509765625 0.010416666666666666 0.51171875 0.003472222222222222
2 0.572265625 0.3993055555555556 0.58203125 0.40625 0.5859375 0.4131944444444444 0.595703125 0.4166666666666667 0.599609375 0.4270833333333333 0.599609375 0.4375 0.595703125 0.4479166666666667 0.587890625 0.4548611111111111 0.58984375 0.4652777777777778 0.59765625 0.4791666666666667 0.59765625 0.4826388888888889 0.58984375 0.4826388888888889 0.580078125 0.4618055555555556 0.576171875 0.4618055555555556 0.56640625 0.4479166666666667 0.56640625 0.4305555555555556 0.552734375 0.40625 0.552734375 0.3923611111111111 0.55859375 0.3854166666666667 0.564453125 0.3854166666666667 0.5703125 0.3993055555555556
2 0.439453125 0.11805555555555555 0.443359375 0.125 0.443359375 0.1388888888888889 0.44140625 0.1388888888888889 0.43359375 0.1527777777777778 0.427734375 0.1701388888888889 0.427734375 0.1875 0.431640625 0.2013888888888889 0.427734375 0.2152777777777778 0.427734375 0.2326388888888889 0.421875 0.2326388888888889 0.419921875 0.22916666666666666 0.421875 0.21180555555555555 0.416015625 0.19444444444444445 0.41015625 0.1875 0.41015625 0.17708333333333334 0.4140625 0.1597222222222222 0.421875 0.1388888888888889 0.427734375 0.13541666666666666 0.431640625 0.125 0.4375 0.11805555555555555
2 0.41796875 0.2361111111111111 0.423828125 0.2326388888888889 0.4296875 0.23958333333333334 0.4296875 0.2534722222222222 0.42578125 0.2604166666666667 0.42578125 0.2743055555555556 0.423828125 0.2777777777777778 0.42578125 0.2986111111111111 0.423828125 0.3020833333333333 0.423828125 0.3333333333333333 0.419921875 0.3472222222222222 0.421875 0.3576388888888889 0.4140625 0.3576388888888889 0.41015625 0.3645833333333333 0.412109375 0.3784722222222222 0.40625 0.3784722222222222 0.40234375 0.3715277777777778 0.40234375 0.3645833333333333 0.4140625 0.3368055555555556 0.41015625 0.3263888888888889 0.41015625 0.3159722222222222 0.40625 0.3020833333333333 0.40625 0.2881944444444444 0.41796875 0.23958333333333334
2 0.3203125 0.4652777777777778 0.322265625 0.4618055555555556 0.322265625 0.4548611111111111 0.345703125 0.4166666666666667 0.34765625 0.4166666666666667 0.3515625 0.40625 0.361328125 0.40625 0.36328125 0.4097222222222222 0.36328125 0.4236111111111111 0.35546875 0.4340277777777778 0.34765625 0.4548611111111111 0.34765625 0.4618055555555556 0.3515625 0.4722222222222222 0.3515625 0.4895833333333333 0.34375 0.5069444444444444 0.34375 0.5138888888888888 0.34765625 0.5277777777777778 0.333984375 0.5208333333333334 0.328125 0.5347222222222222 0.33203125 0.5486111111111112 0.326171875 0.5486111111111112 0.31640625 0.5416666666666666 0.31640625 0.53125 0.318359375 0.5277777777777778 0.322265625 0.5277777777777778 0.333984375 0.5034722222222222 0.333984375 0.4965277777777778 0.328125 0.4861111111111111 0.322265625 0.46875
2 0.609375 0.1111111111111111 0.61328125 0.1076388888888889 0.619140625 0.1111111111111111 0.619140625 0.11458333333333333 0.626953125 0.1284722222222222 0.630859375 0.1388888888888889 0.630859375 0.14583333333333334 0.634765625 0.1527777777777778 0.634765625 0.16319444444444445 0.640625 0.18055555555555555 0.642578125 0.2048611111111111 0.654296875 0.22569444444444445 0.654296875 0.2361111111111111 0.650390625 0.2326388888888889 0.640625 0.2152777777777778 0.638671875 0.2152777777777778 0.634765625 0.2013888888888889 0.62890625 0.2013888888888889 0.62109375 0.21180555555555555 0.62109375 0.2222222222222222 0.6171875 0.2361111111111111 0.6171875 0.2465277777777778 0.615234375 0.25 0.607421875 0.25 0.60546875 0.2465277777777778 0.61328125 0.2361111111111111 0.61328125 0.22569444444444445 0.615234375 0.2222222222222222 0.615234375 0.1875 0.6171875 0.1840277777777778 0.615234375 0.18055555555555555 0.615234375 0.1423611111111111 0.607421875 0.12152777777777778 0.609375 0.11458333333333333
2 0.525390625 0.4236111111111111 0.53125 0.4305555555555556 0.54296875 0.4340277777777778 0.548828125 0.4409722222222222 0.552734375 0.4409722222222222 0.548828125 0.4479166666666667 0.548828125 0.46875 0.54296875 0.4756944444444444 0.546875 0.4930555555555556 0.544921875 0.5 0.544921875 0.5243055555555556 0.54296875 0.5277777777777778 0.5390625 0.5277777777777778 0.5390625 0.5034722222222222 0.537109375 0.5 0.537109375 0.4930555555555556 0.533203125 0.4861111111111111 0.529296875 0.4861111111111111 0.525390625 0.4930555555555556 0.521484375 0.5069444444444444 0.5234375 0.5138888888888888 0.5234375 0.5208333333333334 0.521484375 0.5243055555555556 0.517578125 0.5243055555555556 0.513671875 0.5173611111111112 0.513671875 0.5104166666666666 0.5234375 0.4826388888888889 0.5234375 0.46875 0.525390625 0.4652777777777778 0.513671875 0.4375 0.513671875 0.4305555555555556 0.517578125 0.4236111111111111 0.5234375 0.4236111111111111
2 0.55078125 0.4409722222222222 0.560546875 0.4409722222222222 0.564453125 0.4444444444444444 0.564453125 0.4479166666666667 0.5703125 0.4583333333333333 0.572265625 0.4583333333333333 0.5859375 0.4791666666666667 0.591796875 0.4965277777777778 0.578125 0.4895833333333333 0.5625 0.4722222222222222 0.560546875 0.4791666666666667 0.5546875 0.4791666666666667 0.552734375 0.4826388888888889 0.552734375 0.4930555555555556 0.548828125 0.5 0.548828125 0.5069444444444444 0.546875 0.5104166666666666 0.548828125 0.53125 0.541015625 0.5381944444444444 0.533203125 0.5381944444444444 0.53125 0.5347222222222222 0.533203125 0.5347222222222222 0.541015625 0.5208333333333334 0.5390625 0.4965277777777778 0.53515625 0.4826388888888889 0.546875 0.4618055555555556 0.55078125 0.4444444444444444
2 0.7265625 0.3784722222222222 0.73046875 0.375 0.740234375 0.375 0.751953125 0.40625 0.751953125 0.4131944444444444 0.76171875 0.4375 0.76171875 0.4444444444444444 0.763671875 0.4479166666666667 0.759765625 0.4652777777777778 0.759765625 0.4826388888888889 0.763671875 0.4895833333333333 0.767578125 0.5034722222222222 0.767578125 0.5104166666666666 0.771484375 0.5208333333333334 0.771484375 0.5277777777777778 0.763671875 0.5277777777777778 0.76171875 0.5243055555555556 0.763671875 0.5208333333333334 0.763671875 0.5104166666666666 0.76171875 0.5034722222222222 0.75 0.4826388888888889 0.74609375 0.4826388888888889 0.744140625 0.4861111111111111 0.744140625 0.5034722222222222 0.7421875 0.5069444444444444 0.7421875 0.5208333333333334 0.740234375 0.5243055555555556 0.7421875 0.53125 0.740234375 0.5347222222222222 0.734375 0.5347222222222222 0.734375 0.5277777777777778 0.73828125 0.5173611111111112 0.73828125 0.5034722222222222 0.736328125 0.5 0.73828125 0.4965277777777778 0.73828125 0.4722222222222222 0.740234375 0.46875 0.7421875 0.4513888888888889 0.740234375 0.4479166666666667 0.724609375 0.4479166666666667 0.720703125 0.4375 0.724609375 0.4340277777777778 0.734375 0.4340277777777778 0.736328125 0.4305555555555556 0.734375 0.40625 0.7265625 0.3923611111111111 0.7265625 0.3819444444444444
2 0.572265625 0.4826388888888889 0.5859375 0.4965277777777778 0.58984375 0.4965277777777778 0.599609375 0.5173611111111112 0.599609375 0.5381944444444444 0.595703125 0.5486111111111112 0.591796875 0.5520833333333334 0.58984375 0.5659722222222222 0.595703125 0.5763888888888888 0.603515625 0.5833333333333334 0.607421875 0.5833333333333334 0.607421875 0.5972222222222222 0.60546875 0.6041666666666666 0.6015625 0.6076388888888888 0.599609375 0.6076388888888888 0.599609375 0.59375 0.595703125 0.5868055555555556 0.580078125 0.5763888888888888 0.572265625 0.5555555555555556 0.568359375 0.5590277777777778 0.568359375 0.5694444444444444 0.56640625 0.5729166666666666 0.56640625 0.59375 0.5625 0.5972222222222222 0.5546875 0.5972222222222222 0.552734375 0.59375 0.556640625 0.5902777777777778 0.560546875 0.5798611111111112 0.560546875 0.5520833333333334 0.556640625 0.5416666666666666 0.55078125 0.53125 0.548828125 0.53125 0.55078125 0.5243055555555556 0.55078125 0.5034722222222222 0.5546875 0.4930555555555556 0.552734375 0.4861111111111111 0.5546875 0.4826388888888889 0.5546875 0.4756944444444444 0.55859375 0.46875 0.564453125 0.46875 0.5703125 0.4826388888888889
2 0.474609375 0.3611111111111111 0.4765625 0.3645833333333333 0.498046875 0.3645833333333333 0.505859375 0.375 0.50390625 0.3854166666666667 0.49609375 0.3923611111111111 0.490234375 0.4027777777777778 0.490234375 0.4270833333333333 0.4921875 0.4305555555555556 0.494140625 0.4479166666666667 0.498046875 0.4583333333333333 0.49609375 0.4618055555555556 0.490234375 0.4548611111111111 0.490234375 0.4479166666666667 0.482421875 0.4201388888888889 0.478515625 0.4236111111111111 0.478515625 0.4340277777777778 0.48046875 0.4375 0.478515625 0.4409722222222222 0.47265625 0.4409722222222222 0.46875 0.4375 0.46484375 0.4270833333333333 0.458984375 0.4270833333333333 0.45703125 0.4305555555555556 0.443359375 0.4305555555555556 0.439453125 0.4444444444444444 0.435546875 0.4409722222222222 0.43359375 0.4340277777777778 0.43359375 0.4236111111111111 0.4375 0.4201388888888889 0.453125 0.4201388888888889 0.455078125 0.4166666666666667 0.455078125 0.3784722222222222 0.45703125 0.3715277777777778 0.46875 0.3576388888888889 0.47265625 0.3611111111111111
2 0.421875 0.6770833333333334 0.44140625 0.6631944444444444 0.447265625 0.6527777777777778 0.447265625 0.6458333333333334 0.44140625 0.6215277777777778 0.443359375 0.5972222222222222 0.458984375 0.5729166666666666 0.462890625 0.5694444444444444 0.470703125 0.5694444444444444 0.48046875 0.5555555555555556 0.486328125 0.5555555555555556 0.48828125 0.5590277777777778 0.48828125 0.5729166666666666 0.482421875 0.5833333333333334 0.482421875 0.5902777777777778 0.486328125 0.6041666666666666 0.4765625 0.6041666666666666 0.470703125 0.6145833333333334 0.470703125 0.6215277777777778 0.4765625 0.6388888888888888 0.4765625 0.6458333333333334 0.470703125 0.6458333333333334 0.46484375 0.6631944444444444 0.46484375 0.6701388888888888 0.470703125 0.6805555555555556 0.46875 0.6840277777777778 0.455078125 0.6805555555555556 0.45703125 0.6736111111111112 0.455078125 0.6666666666666666 0.435546875 0.6770833333333334 0.43359375 0.6805555555555556 0.43359375 0.6944444444444444 0.4296875 0.6944444444444444 0.423828125 0.6805555555555556
2 0.533203125 0.8229166666666666 0.537109375 0.8298611111111112 0.5390625 0.8402777777777778 0.548828125 0.8541666666666666 0.552734375 0.8680555555555556 0.564453125 0.8923611111111112 0.56640625 0.8993055555555556 0.56640625 0.9236111111111112 0.568359375 0.9270833333333334 0.5703125 0.9513888888888888 0.58203125 0.9722222222222222 0.591796875 0.9965277777777778 0.583984375 0.9965277777777778 0.56640625 0.9652777777777778 0.5625 0.9618055555555556 0.55859375 0.9513888888888888 0.55859375 0.9444444444444444 0.552734375 0.9340277777777778 0.544921875 0.9375 0.541015625 0.9479166666666666 0.541015625 0.9652777777777778 0.537109375 0.9791666666666666 0.537109375 0.9965277777777778 0.52734375 0.9965277777777778 0.53125 0.9895833333333334 0.53125 0.9791666666666666 0.533203125 0.9756944444444444 0.533203125 0.9548611111111112 0.529296875 0.9444444444444444 0.529296875 0.9340277777777778 0.53515625 0.9097222222222222 0.53515625 0.8854166666666666 0.53125 0.8784722222222222 0.53125 0.8715277777777778 0.5234375 0.8611111111111112 0.5234375 0.8472222222222222 0.521484375 0.8402777777777778 0.5234375 0.8368055555555556 0.5234375 0.8263888888888888 0.525390625 0.8229166666666666 0.53125 0.8229166666666666
2 0.580078125 0.3402777777777778 0.58203125 0.34375 0.595703125 0.3472222222222222 0.61328125 0.3680555555555556 0.615234375 0.375 0.615234375 0.3854166666666667 0.609375 0.40625 0.6171875 0.4201388888888889 0.623046875 0.4236111111111111 0.625 0.4340277777777778 0.62109375 0.4409722222222222 0.6171875 0.4375 0.6171875 0.4305555555555556 0.61328125 0.4236111111111111 0.609375 0.4236111111111111 0.59765625 0.4131944444444444 0.58984375 0.4131944444444444 0.578125 0.3993055555555556 0.58203125 0.3923611111111111 0.58203125 0.3819444444444444 0.56640625 0.3506944444444444 0.56640625 0.34375 0.5703125 0.3368055555555556 0.576171875 0.3368055555555556 0.578125 0.3402777777777778
2 0.42578125 0.8229166666666666 0.4296875 0.8298611111111112 0.4296875 0.8472222222222222 0.412109375 0.875 0.408203125 0.8923611111111112 0.408203125 0.9166666666666666 0.404296875 0.9340277777777778 0.404296875 0.9583333333333334 0.408203125 0.9652777777777778 0.412109375 0.9652777777777778 0.4140625 0.96875 0.412109375 0.9722222222222222 0.40234375 0.9722222222222222 0.400390625 0.9756944444444444 0.40625 0.9826388888888888 0.408203125 0.9895833333333334 0.392578125 0.9895833333333334 0.392578125 0.9791666666666666 0.39453125 0.9756944444444444 0.39453125 0.96875 0.392578125 0.9652777777777778 0.392578125 0.9409722222222222 0.39453125 0.9375 0.39453125 0.9305555555555556 0.388671875 0.9201388888888888 0.388671875 0.9131944444444444 0.380859375 0.8993055555555556 0.37890625 0.8784722222222222 0.388671875 0.8541666666666666 0.412109375 0.8333333333333334 0.41796875 0.8229166666666666 0.423828125 0.8229166666666666
2 0.654296875 0.24305555555555555 0.65625 0.2465277777777778 0.65625 0.2604166666666667 0.662109375 0.2777777777777778 0.662109375 0.2951388888888889 0.66796875 0.3125 0.66796875 0.3506944444444444 0.673828125 0.3645833333333333 0.673828125 0.3715277777777778 0.677734375 0.3819444444444444 0.677734375 0.3923611111111111 0.673828125 0.3993055555555556 0.671875 0.3993055555555556 0.671875 0.3923611111111111 0.669921875 0.3888888888888889 0.662109375 0.3923611111111111 0.66015625 0.3819444444444444 0.654296875 0.3715277777777778 0.65234375 0.3611111111111111 0.6484375 0.3541666666666667 0.6484375 0.3333333333333333 0.64453125 0.3263888888888889 0.6484375 0.3125 0.6484375 0.2986111111111111 0.646484375 0.2951388888888889 0.64453125 0.2708333333333333 0.640625 0.2569444444444444 0.64453125 0.25 0.65234375 0.2465277777777778