0 0.873046875 0.16319444444444445 0.888671875 0.14930555555555555 0.8984375 0.14930555555555555 0.904296875 0.16319444444444445 0.904296875 0.18055555555555555 0.900390625 0.19444444444444445 0.89453125 0.2048611111111111 0.890625 0.2048611111111111 0.888671875 0.20833333333333334 0.880859375 0.20833333333333334 0.873046875 0.19791666666666666 0.87109375 0.1909722222222222 0.87109375 0.1701388888888889 0.873046875 0.16666666666666666
0 0.087890625 0.6180555555555556 0.095703125 0.625 0.09765625 0.6319444444444444 0.09765625 0.6701388888888888 0.087890625 0.6840277777777778 0.07421875 0.6840277777777778 0.06640625 0.6770833333333334 0.060546875 0.6631944444444444 0.0625 0.6354166666666666 0.068359375 0.625 0.076171875 0.6180555555555556 0.0859375 0.6180555555555556
0 0.62890625 0.4305555555555556 0.64453125 0.4444444444444444 0.64453125 0.4722222222222222 0.642578125 0.4791666666666667 0.63671875 0.4895833333333333 0.62890625 0.4965277777777778 0.623046875 0.4965277777777778 0.6171875 0.4895833333333333 0.609375 0.46875 0.61328125 0.4583333333333333 0.61328125 0.4444444444444444 0.6171875 0.4444444444444444 0.625 0.4305555555555556 0.626953125 0.4305555555555556
0 0.30859375 0.3159722222222222 0.31640625 0.3333333333333333 0.31640625 0.3576388888888889 0.314453125 0.3645833333333333 0.310546875 0.3680555555555556 0.294921875 0.3680555555555556 0.28515625 0.3611111111111111 0.28125 0.3506944444444444 0.283203125 0.3333333333333333 0.2890625 0.3194444444444444 0.306640625 0.3159722222222222
0 0.541015625 0.5347222222222222 0.54296875 0.5381944444444444 0.54296875 0.5555555555555556 0.537109375 0.5763888888888888 0.529296875 0.5833333333333334 0.525390625 0.5798611111111112 0.51953125 0.5798611111111112 0.513671875 0.5729166666666666 0.51171875 0.5486111111111112 0.521484375 0.5347222222222222 0.529296875 0.5347222222222222 0.53125 0.53125 0.537109375 0.53125 0.5390625 0.5347222222222222
0 0.5859375 0.6979166666666666 0.5859375 0.6909722222222222 0.583984375 0.6875 0.583984375 0.6631944444444444 0.59375 0.6458333333333334 0.603515625 0.6388888888888888 0.61328125 0.6388888888888888 0.619140625 0.6493055555555556 0.619140625 0.6805555555555556 0.6171875 0.6840277777777778 0.6171875 0.6909722222222222 0.611328125 0.7013888888888888 0.591796875 0.7013888888888888 0.587890625 0.6979166666666666
1 0.6171875 0.6388888888888888 0.619140625 0.6423611111111112 0.623046875 0.6388888888888888 0.630859375 0.6388888888888888 0.63671875 0.6458333333333334 0.654296875 0.6458333333333334 0.65625 0.6493055555555556 0.654296875 0.6805555555555556 0.658203125 0.6909722222222222 0.650390625 0.6979166666666666 0.63671875 0.6979166666666666 0.634765625 0.7013888888888888 0.626953125 0.7013888888888888 0.625 0.6979166666666666 0.615234375 0.6979166666666666 0.61328125 0.7013888888888888 0.5859375 0.7013888888888888 0.58203125 0.6979166666666666 0.58203125 0.6875 0.583984375 0.6840277777777778 0.583984375 0.6631944444444444 0.595703125 0.6493055555555556 0.6015625 0.6493055555555556 0.603515625 0.6458333333333334 0.6015625 0.6423611111111112 0.60546875 0.6388888888888888 0.615234375 0.6388888888888888
1 0.54296875 0.5625 0.548828125 0.5625 0.568359375 0.5763888888888888 0.576171875 0.5763888888888888 0.580078125 0.5798611111111112 0.578125 0.5833333333333334 0.580078125 0.5902777777777778 0.572265625 0.6041666666666666 0.578125 0.625 0.578125 0.6423611111111112 0.580078125 0.6458333333333334 0.580078125 0.6527777777777778 0.576171875 0.6597222222222222 0.572265625 0.6597222222222222 0.564453125 0.6493055555555556 0.560546875 0.6493055555555556 0.552734375 0.6423611111111112 0.5390625 0.6423611111111112 0.537109375 0.6388888888888888 0.537109375 0.6284722222222222 0.53125 0.6111111111111112 0.53125 0.5972222222222222 0.529296875 0.59375 0.53515625 0.5868055555555556 0.54296875 0.5659722222222222
1 0.630859375 0.6388888888888888 0.63671875 0.6458333333333334 0.654296875 0.6458333333333334 0.658203125 0.6597222222222222 0.654296875 0.6666666666666666 0.654296875 0.6805555555555556 0.658203125 0.6909722222222222 0.650390625 0.6979166666666666 0.634765625 0.6979166666666666 0.6328125 0.7013888888888888 0.62890625 0.6979166666666666 0.6171875 0.6979166666666666 0.619140625 0.6909722222222222 0.62109375 0.6458333333333334 0.62890625 0.6388888888888888
1 0.302734375 0.3819444444444444 0.310546875 0.3923611111111111 0.314453125 0.4097222222222222 0.314453125 0.4305555555555556 0.318359375 0.4444444444444444 0.318359375 0.4791666666666667 0.310546875 0.4861111111111111 0.310546875 0.4826388888888889 0.3046875 0.4722222222222222 0.302734375 0.4652777777777778 0.30078125 0.4270833333333333 0.296875 0.4201388888888889 0.2890625 0.4201388888888889 0.287109375 0.4236111111111111 0.287109375 0.4409722222222222 0.2890625 0.4444444444444444 0.291015625 0.46875 0.296875 0.4861111111111111 0.29296875 0.4861111111111111 0.28515625 0.4756944444444444 0.28515625 0.4652777777777778 0.279296875 0.4479166666666667 0.279296875 0.4201388888888889 0.27734375 0.4166666666666667 0.279296875 0.4131944444444444 0.279296875 0.40625 0.2890625 0.3888888888888889 0.30078125 0.3854166666666667
1 0.056640625 0.6770833333333334 0.05859375 0.6805555555555556 0.0625 0.6805555555555556 0.06640625 0.6875 0.072265625 0.6875 0.07421875 0.6909722222222222 0.08984375 0.6909722222222222 0.09765625 0.7083333333333334 0.09765625 0.7222222222222222 0.09375 0.7256944444444444 0.08984375 0.7361111111111112 0.091796875 0.7777777777777778 0.087890625 0.7847222222222222 0.087890625 0.8194444444444444 0.064453125 0.8194444444444444 0.0625 0.8159722222222222 0.0546875 0.8159722222222222 0.046875 0.8090277777777778 0.046875 0.78125 0.04296875 0.7673611111111112 0.04296875 0.7083333333333334 0.044921875 0.7048611111111112 0.044921875 0.6875 0.046875 0.6805555555555556 0.0546875 0.6770833333333334
1 0.5861979166666667 0.4972222222222222 0.06927083333333334 0.10185185185185185
1 0.87890625 0.3194444444444444 0.8828125 0.3055555555555556 0.880859375 0.3020833333333333 0.869140625 0.3020833333333333 0.8671875 0.2986111111111111 0.8671875 0.2881944444444444 0.87109375 0.2708333333333333 0.87109375 0.22569444444444445 0.875 0.21180555555555555 0.880859375 0.21180555555555555 0.8828125 0.2152777777777778 0.884765625 0.21180555555555555 0.888671875 0.21180555555555555 0.896484375 0.2048611111111111 0.90234375 0.1909722222222222 0.908203125 0.19791666666666666 0.912109375 0.2152777777777778 0.912109375 0.2465277777777778 0.908203125 0.2534722222222222 0.908203125 0.2604166666666667 0.904296875 0.2673611111111111 0.900390625 0.2847222222222222 0.900390625 0.3125 0.896484375 0.3125 0.890625 0.3194444444444444 0.880859375 0.3194444444444444
2 0.30859375 0.3159722222222222 0.31640625 0.3333333333333333 0.31640625 0.3576388888888889 0.314453125 0.3645833333333333 0.3125 0.3645833333333333 0.306640625 0.375 0.306640625 0.3819444444444444 0.314453125 0.4097222222222222 0.314453125 0.4270833333333333 0.318359375 0.4444444444444444 0.318359375 0.4756944444444444 0.32421875 0.4930555555555556 0.32421875 0.5 0.330078125 0.5104166666666666 0.33203125 0.5104166666666666 0.337890625 0.5243055555555556 0.337890625 0.5277777777777778 0.33203125 0.5381944444444444 0.33203125 0.6180555555555556 0.330078125 0.6215277777777778 0.330078125 0.6458333333333334 0.33984375 0.6597222222222222 0.3515625 0.6631944444444444 0.353515625 0.6701388888888888 0.349609375 0.6736111111111112 0.318359375 0.6736111111111112 0.31640625 0.6701388888888888 0.31640625 0.65625 0.318359375 0.6527777777777778 0.318359375 0.6180555555555556 0.314453125 0.6041666666666666 0.279296875 0.6284722222222222 0.275390625 0.6354166666666666 0.275390625 0.6423611111111112 0.271484375 0.65625 0.2734375 0.6631944444444444 0.2734375 0.6770833333333334 0.267578125 0.6770833333333334 0.26171875 0.6666666666666666 0.26171875 0.6458333333333334 0.255859375 0.625 0.2578125 0.6180555555555556 0.26953125 0.6180555555555556 0.27734375 0.6111111111111112 0.287109375 0.5972222222222222 0.294921875 0.5902777777777778 0.298828125 0.5902777777777778 0.302734375 0.5833333333333334 0.302734375 0.5763888888888888 0.294921875 0.5416666666666666 0.291015625 0.5347222222222222 0.279296875 0.5347222222222222 0.279296875 0.5243055555555556 0.283203125 0.5138888888888888 0.283203125 0.5 0.28515625 0.4965277777777778 0.28515625 0.46875 0.279296875 0.4479166666666667 0.279296875 0.4236111111111111 0.27734375 0.4166666666666667 0.26953125 0.40625 0.26953125 0.3923611111111111 0.267578125 0.3888888888888889 0.26953125 0.3854166666666667 0.26953125 0.375 0.28125 0.3506944444444444 0.28515625 0.3263888888888889 0.296875 0.3159722222222222 0.306640625 0.3159722222222222
2 0.548828125 0 0.591796875 0 0.591796875 0.020833333333333332 0.58984375 0.024305555555555556 0.587890625 0.06597222222222222 0.58203125 0.08333333333333333 0.58203125 0.09027777777777778 0.583984375 0.09375 0.583984375 0.12152777777777778 0.58203125 0.125 0.576171875 0.125 0.57421875 0.12152777777777778 0.57421875 0.09027777777777778 0.572265625 0.08333333333333333 0.576171875 0.06597222222222222 0.576171875 0.034722222222222224 0.57421875 0.03125 0.57421875 0.024305555555555556 0.5703125 0.017361111111111112 0.56640625 0.024305555555555556 0.564453125 0.04861111111111111 0.560546875 0.05555555555555555 0.560546875 0.09027777777777778 0.55859375 0.09375 0.55859375 0.1076388888888889 0.556640625 0.1111111111111111 0.55859375 0.1527777777777778 0.552734375 0.16319444444444445 0.544921875 0.16319444444444445 0.544921875 0.1527777777777778 0.55078125 0.13194444444444445 0.55078125 0.11805555555555555 0.548828125 0.11458333333333333 0.55078125 0.013888888888888888 0.548828125 0.010416666666666666 0.548828125 0.003472222222222222
2 0.537109375 0.53125 0.544921875 0.5416666666666666 0.544921875 0.5590277777777778 0.55859375 0.5694444444444444 0.564453125 0.5694444444444444 0.572265625 0.5763888888888888 0.5859375 0.5763888888888888 0.587890625 0.5798611111111112 0.60546875 0.5798611111111112 0.607421875 0.5833333333333334 0.625 0.5798611111111112 0.626953125 0.5833333333333334 0.626953125 0.5902777777777778 0.623046875 0.59375 0.578125 0.59375 0.572265625 0.6041666666666666 0.576171875 0.6180555555555556 0.578125 0.6423611111111112 0.580078125 0.6458333333333334 0.580078125 0.6875 0.578125 0.6875 0.57421875 0.6979166666666666 0.560546875 0.6979166666666666 0.556640625 0.7048611111111112 0.560546875 0.71875 0.560546875 0.7256944444444444 0.564453125 0.7326388888888888 0.564453125 0.7465277777777778 0.552734375 0.7569444444444444 0.541015625 0.7569444444444444 0.5390625 0.7534722222222222 0.5390625 0.75 0.546875 0.7395833333333334 0.548828125 0.7326388888888888 0.548828125 0.7222222222222222 0.54296875 0.7013888888888888 0.537109375 0.6944444444444444 0.525390625 0.6909722222222222 0.51953125 0.6840277777777778 0.517578125 0.6875 0.51953125 0.7222222222222222 0.490234375 0.7222222222222222 0.486328125 0.7152777777777778 0.486328125 0.7118055555555556 0.4921875 0.7048611111111112 0.501953125 0.7048611111111112 0.50390625 0.7013888888888888 0.50390625 0.6944444444444444 0.5 0.6840277777777778 0.5 0.6736111111111112 0.498046875 0.6701388888888888 0.498046875 0.6597222222222222 0.5 0.6527777777777778 0.505859375 0.6458333333333334 0.52734375 0.6458333333333334 0.529296875 0.6423611111111112 0.533203125 0.6423611111111112 0.537109375 0.6319444444444444 0.52734375 0.59375 0.513671875 0.5659722222222222 0.513671875 0.5486111111111112 0.517578125 0.5416666666666666 0.53515625 0.53125
2 0.091796875 0.6215277777777778 0.09765625 0.6319444444444444 0.09765625 0.6701388888888888 0.08984375 0.6840277777777778 0.08984375 0.6909722222222222 0.09765625 0.7083333333333334 0.09765625 0.7291666666666666 0.10546875 0.7465277777777778 0.10546875 0.7569444444444444 0.109375 0.7638888888888888 0.119140625 0.7604166666666666 0.123046875 0.7534722222222222 0.125 0.7430555555555556 0.130859375 0.7326388888888888 0.1328125 0.7361111111111112 0.138671875 0.7361111111111112 0.140625 0.7326388888888888 0.14453125 0.7395833333333334 0.14453125 0.7569444444444444 0.130859375 0.7638888888888888 0.119140625 0.78125 0.111328125 0.7881944444444444 0.09765625 0.7916666666666666 0.08984375 0.78125 0.087890625 0.7847222222222222 0.087890625 0.8194444444444444 0.1015625 0.8472222222222222 0.111328125 0.8819444444444444 0.111328125 0.90625 0.11328125 0.9097222222222222 0.11328125 0.9236111111111112 0.115234375 0.9270833333333334 0.115234375 0.9826388888888888 0.119140625 0.9895833333333334 0.12890625 0.9895833333333334 0.130859375 0.9930555555555556 0.134765625 0.9930555555555556 0.134765625 0.9965277777777778 0.10546875 0.9965277777777778 0.10546875 0.9791666666666666 0.099609375 0.9548611111111112 0.09765625 0.90625 0.080078125 0.8819444444444444 0.076171875 0.8819444444444444 0.07421875 0.8784722222222222 0.0625 0.8784722222222222 0.05859375 0.8854166666666666 0.05859375 0.8923611111111112 0.05078125 0.9201388888888888 0.033203125 0.9583333333333334 0.0234375 0.9895833333333334 0.01953125 0.9965277777777778 0.0078125 0.9965277777777778 0.0078125 0.9895833333333334 0.01171875 0.9791666666666666 0.01171875 0.9722222222222222 0.015625 0.9583333333333334 0.03125 0.9166666666666666 0.03125 0.8993055555555556 0.033203125 0.8958333333333334 0.03515625 0.875 0.037109375 0.8715277777777778 0.037109375 0.8611111111111112 0.0390625 0.8576388888888888 0.0390625 0.8298611111111112 0.046875 0.8090277777777778 0.046875 0.7847222222222222 0.044921875 0.78125 0.044921875 0.7708333333333334 0.041015625 0.7638888888888888 0.04296875 0.7604166666666666 0.04296875 0.7083333333333334 0.044921875 0.7048611111111112 0.044921875 0.6875 0.046875 0.6805555555555556 0.05859375 0.6770833333333334 0.060546875 0.6736111111111112 0.060546875 0.6631944444444444 0.0625 0.6597222222222222 0.0625 0.6354166666666666 0.068359375 0.625 0.078125 0.6180555555555556 0.08984375 0.6215277777777778
2 0.62890625 0.4305555555555556 0.64453125 0.4444444444444444 0.64453125 0.4756944444444444 0.626953125 0.5034722222222222 0.626953125 0.5277777777777778 0.62890625 0.53125 0.630859375 0.5520833333333334 0.634765625 0.5659722222222222 0.634765625 0.5763888888888888 0.630859375 0.5833333333333334 0.625 0.5763888888888888 0.623046875 0.5694444444444444 0.623046875 0.5555555555555556 0.619140625 0.5486111111111112 0.619140625 0.5416666666666666 0.61328125 0.53125 0.611328125 0.5347222222222222 0.611328125 0.5590277777777778 0.615234375 0.5694444444444444 0.615234375 0.5763888888888888 0.61328125 0.5798611111111112 0.609375 0.5798611111111112 0.607421875 0.5763888888888888 0.59765625 0.5763888888888888 0.595703125 0.5729166666666666 0.595703125 0.5555555555555556 0.591796875 0.5416666666666666 0.587890625 0.5416666666666666 0.58203125 0.5486111111111112 0.5859375 0.5729166666666666 0.572265625 0.5729166666666666 0.5703125 0.5694444444444444 0.564453125 0.5694444444444444 0.5625 0.5659722222222222 0.556640625 0.5659722222222222 0.546875 0.5590277777777778 0.546875 0.5416666666666666 0.544921875 0.5381944444444444 0.544921875 0.5277777777777778 0.580078125 0.46875 0.6015625 0.4479166666666667 0.615234375 0.4444444444444444 0.626953125 0.4305555555555556
2 0.765625 0.5902777777777778 0.76953125 0.6006944444444444 0.76171875 0.6111111111111112 0.740234375 0.6215277777777778 0.73828125 0.625 0.7421875 0.6319444444444444 0.748046875 0.6319444444444444 0.75 0.6354166666666666 0.78125 0.6354166666666666 0.7890625 0.6284722222222222 0.80078125 0.6284722222222222 0.810546875 0.6354166666666666 0.810546875 0.6423611111111112 0.806640625 0.6493055555555556 0.80078125 0.6493055555555556 0.798828125 0.6527777777777778 0.775390625 0.6527777777777778 0.7734375 0.65625 0.75 0.6597222222222222 0.748046875 0.6631944444444444 0.7421875 0.6631944444444444 0.740234375 0.6597222222222222 0.708984375 0.6631944444444444 0.69921875 0.6701388888888888 0.6953125 0.6770833333333334 0.685546875 0.6770833333333334 0.669921875 0.6909722222222222 0.658203125 0.6909722222222222 0.650390625 0.6979166666666666 0.61328125 0.6979166666666666 0.611328125 0.7013888888888888 0.587890625 0.7013888888888888 0.5859375 0.6979166666666666 0.580078125 0.6979166666666666 0.580078125 0.6909722222222222 0.58203125 0.6875 0.58203125 0.6666666666666666 0.583984375 0.6597222222222222 0.603515625 0.6388888888888888 0.611328125 0.6388888888888888 0.615234375 0.6319444444444444 0.6171875 0.6180555555555556 0.62109375 0.6180555555555556 0.62890625 0.6111111111111112 0.638671875 0.6111111111111112 0.64453125 0.6180555555555556 0.65625 0.6215277777777778 0.658203125 0.625 0.6796875 0.5972222222222222 0.69140625 0.5972222222222222 0.693359375 0.59375 0.748046875 0.5972222222222222 0.75 0.59375 0.763671875 0.5902777777777778
2 0.900390625 0.1527777777777778 0.904296875 0.16319444444444445 0.904296875 0.1909722222222222 0.908203125 0.19791666666666666 0.91015625 0.2048611111111111 0.91015625 0.2152777777777778 0.912109375 0.21875 0.912109375 0.2465277777777778 0.90625 0.2673611111111111 0.90234375 0.2743055555555556 0.90234375 0.2847222222222222 0.900390625 0.2881944444444444 0.900390625 0.3229166666666667 0.90234375 0.3263888888888889 0.900390625 0.3472222222222222 0.892578125 0.3645833333333333 0.8828125 0.375 0.876953125 0.3958333333333333 0.869140625 0.4097222222222222 0.869140625 0.4236111111111111 0.873046875 0.4409722222222222 0.873046875 0.4618055555555556 0.87890625 0.4895833333333333 0.884765625 0.5 0.884765625 0.5104166666666666 0.87890625 0.5173611111111112 0.873046875 0.5173611111111112 0.87109375 0.5208333333333334 0.853515625 0.5208333333333334 0.8515625 0.5138888888888888 0.857421875 0.5069444444444444 0.8515625 0.4965277777777778 0.83984375 0.4895833333333333 0.853515625 0.4791666666666667 0.857421875 0.4652777777777778 0.85546875 0.4375 0.849609375 0.4166666666666667 0.849609375 0.3888888888888889 0.84765625 0.3854166666666667 0.8515625 0.3680555555555556 0.8515625 0.3576388888888889 0.85546875 0.3472222222222222 0.85546875 0.3402777777777778 0.853515625 0.3368055555555556 0.845703125 0.3368055555555556 0.83984375 0.3263888888888889 0.83984375 0.3159722222222222 0.84375 0.3055555555555556 0.85546875 0.3055555555555556 0.857421875 0.3020833333333333 0.86328125 0.3020833333333333 0.8671875 0.2951388888888889 0.869140625 0.2743055555555556 0.87109375 0.2708333333333333 0.865234375 0.2638888888888889 0.84375 0.2638888888888889 0.841796875 0.2673611111111111 0.837890625 0.2673611111111111 0.8359375 0.2569444444444444 0.837890625 0.25 0.841796875 0.2465277777777778 0.869140625 0.2465277777777778 0.87109375 0.24305555555555555 0.87109375 0.22569444444444445 0.875 0.20833333333333334 0.875 0.2013888888888889 0.87109375 0.1875 0.87109375 0.1736111111111111 0.873046875 0.16666666666666666 0.876953125 0.1597222222222222 0.890625 0.14930555555555555 0.896484375 0.14930555555555555 0.8984375 0.1527777777777778