0 0.564453125 0.6493055555555556 0.56640625 0.6527777777777778 0.5703125 0.6493055555555556 0.576171875 0.6527777777777778 0.580078125 0.6597222222222222 0.580078125 0.6736111111111112 0.58203125 0.6770833333333334 0.58203125 0.6909722222222222 0.580078125 0.6944444444444444 0.580078125 0.7256944444444444 0.564453125 0.7395833333333334 0.552734375 0.7395833333333334 0.54296875 0.7256944444444444 0.54296875 0.7152777777777778 0.541015625 0.7118055555555556 0.541015625 0.6979166666666666 0.54296875 0.6944444444444444 0.546875 0.6666666666666666 0.5546875 0.6527777777777778 0.5625 0.6493055555555556
0 0.337890625 0.1875 0.341796875 0.2048611111111111 0.33984375 0.22916666666666666 0.333984375 0.24305555555555555 0.330078125 0.24305555555555555 0.322265625 0.2534722222222222 0.318359375 0.2534722222222222 0.310546875 0.2465277777777778 0.298828125 0.22569444444444445 0.296875 0.2152777777777778 0.30078125 0.2048611111111111 0.30078125 0.1909722222222222 0.30859375 0.18055555555555555 0.318359375 0.18055555555555555 0.3203125 0.17708333333333334 0.32421875 0.18055555555555555 0.33203125 0.18055555555555555 0.3359375 0.1875
0 0.6640625 0 0.69140625 0 0.6953125 0.010416666666666666 0.6953125 0.03819444444444445 0.693359375 0.041666666666666664 0.693359375 0.059027777777777776 0.69140625 0.06597222222222222 0.6875 0.07291666666666667 0.67578125 0.08333333333333333 0.66796875 0.08333333333333333 0.66015625 0.06944444444444445 0.65625 0.052083333333333336 0.658203125 0.020833333333333332 0.6640625 0.003472222222222222
0 0 0.5138888888888888 0.01953125 0.5138888888888888 0.0234375 0.5173611111111112 0.029296875 0.5277777777777778 0.03515625 0.5486111111111112 0.03515625 0.5729166666666666 0.02734375 0.59375 0 0.5902777777777778 0 0.5173611111111112
0 0.29296875 0.22916666666666666 0.30078125 0.2465277777777778 0.302734375 0.2708333333333333 0.30078125 0.2743055555555556 0.298828125 0.2986111111111111 0.29296875 0.3090277777777778 0.29296875 0.3125 0.2890625 0.3159722222222222 0.28515625 0.3125 0.279296875 0.3125 0.265625 0.2916666666666667 0.265625 0.2777777777777778 0.26171875 0.2708333333333333 0.26171875 0.25 0.265625 0.2361111111111111 0.271484375 0.22569444444444445 0.283203125 0.2222222222222222 0.291015625 0.22916666666666666
0 0.26953125 0.9027777777777778 0.271484375 0.90625 0.275390625 0.90625 0.27734375 0.9131944444444444 0.28515625 0.9236111111111112 0.28515625 0.9340277777777778 0.287109375 0.9375 0.28515625 0.9444444444444444 0.28515625 0.9756944444444444 0.2734375 0.9861111111111112 0.25390625 0.9861111111111112 0.24609375 0.9756944444444444 0.24609375 0.9270833333333334 0.248046875 0.9236111111111112 0.248046875 0.9166666666666666 0.25390625 0.9131944444444444 0.2578125 0.90625 0.267578125 0.90625
0 0.564453125 0.2326388888888889 0.57421875 0.2465277777777778 0.578125 0.2638888888888889 0.578125 0.3125 0.564453125 0.3263888888888889 0.552734375 0.3263888888888889 0.548828125 0.3229166666666667 0.544921875 0.3125 0.54296875 0.2951388888888889 0.5390625 0.2881944444444444 0.541015625 0.2638888888888889 0.546875 0.24305555555555555 0.548828125 0.24305555555555555 0.552734375 0.2326388888888889 0.5625 0.2326388888888889
1 0.2734375 0.3055555555555556 0.27734375 0.3125 0.287109375 0.3194444444444444 0.29296875 0.3194444444444444 0.296875 0.3298611111111111 0.30078125 0.3298611111111111 0.30078125 0.34375 0.302734375 0.3472222222222222 0.302734375 0.3611111111111111 0.30078125 0.3645833333333333 0.30078125 0.4166666666666667 0.298828125 0.4201388888888889 0.298828125 0.4375 0.29296875 0.4444444444444444 0.27734375 0.4444444444444444 0.275390625 0.4409722222222222 0.267578125 0.4409722222222222 0.263671875 0.4340277777777778 0.26171875 0.4270833333333333 0.26171875 0.40625 0.265625 0.3888888888888889 0.265625 0.3611111111111111 0.2578125 0.3506944444444444 0.251953125 0.3506944444444444 0.244140625 0.34375 0.244140625 0.3194444444444444 0.251953125 0.3020833333333333 0.255859375 0.3020833333333333 0.2578125 0.2986111111111111 0.267578125 0.2986111111111111 0.271484375 0.3055555555555556
1 0.626953125 0.6284722222222222 0.634765625 0.6354166666666666 0.63671875 0.6493055555555556 0.634765625 0.6527777777777778 0.634765625 0.6631944444444444 0.630859375 0.6770833333333334 0.62890625 0.6979166666666666 0.626953125 0.6979166666666666 0.62109375 0.7083333333333334 0.62109375 0.7291666666666666 0.6171875 0.7326388888888888 0.583984375 0.7326388888888888 0.58203125 0.7291666666666666 0.58203125 0.6944444444444444 0.583984375 0.6909722222222222 0.58203125 0.6666666666666666 0.587890625 0.6458333333333334 0.59765625 0.6319444444444444 0.6015625 0.6319444444444444 0.603515625 0.6284722222222222 0.625 0.6284722222222222
1 0.630859375 0.6319444444444444 0.634765625 0.6354166666666666 0.63671875 0.6423611111111112 0.634765625 0.6666666666666666 0.630859375 0.6770833333333334 0.62890625 0.6979166666666666 0.626953125 0.6979166666666666 0.62109375 0.7083333333333334 0.62109375 0.7291666666666666 0.6171875 0.7326388888888888 0.58203125 0.7326388888888888 0.580078125 0.7291666666666666 0.580078125 0.7118055555555556 0.578125 0.7048611111111112 0.580078125 0.7013888888888888 0.580078125 0.6875 0.58203125 0.6840277777777778 0.58203125 0.6597222222222222 0.58984375 0.6388888888888888 0.59765625 0.6284722222222222 0.626953125 0.6284722222222222 0.62890625 0.6319444444444444
1 0.65625 0.0763888888888889 0.662109375 0.0763888888888889 0.669921875 0.08680555555555555 0.67578125 0.08680555555555555 0.689453125 0.07291666666666667 0.69921875 0.07291666666666667 0.708984375 0.08680555555555555 0.71484375 0.10416666666666667 0.71484375 0.11805555555555555 0.708984375 0.13541666666666666 0.705078125 0.16666666666666666 0.703125 0.16666666666666666 0.701171875 0.1597222222222222 0.693359375 0.1597222222222222 0.6875 0.1736111111111111 0.689453125 0.17708333333333334 0.689453125 0.2048611111111111 0.677734375 0.22916666666666666 0.669921875 0.2361111111111111 0.662109375 0.2361111111111111 0.658203125 0.23958333333333334 0.65234375 0.2326388888888889 0.65234375 0.2222222222222222 0.654296875 0.21875 0.65234375 0.2152777777777778 0.65234375 0.125 0.654296875 0.12152777777777778 0.654296875 0.08680555555555555 0.65625 0.0798611111111111
1 0.240234375 0.9791666666666666 0.25 0.9930555555555556 0.271484375 0.9930555555555556 0.283203125 0.9826388888888888 0.296875 0.9826388888888888 0.298828125 0.9861111111111112 0.302734375 0.9861111111111112 0.306640625 0.9965277777777778 0.21484375 0.9965277777777778 0.21484375 0.9930555555555556 0.224609375 0.9791666666666666 0.23828125 0.9791666666666666
1 0.30078125 0.2361111111111111 0.3203125 0.2569444444444444 0.326171875 0.2708333333333333 0.326171875 0.3125 0.318359375 0.3298611111111111 0.318359375 0.3368055555555556 0.314453125 0.3472222222222222 0.314453125 0.3715277777777778 0.310546875 0.3819444444444444 0.306640625 0.3819444444444444 0.302734375 0.375 0.302734375 0.3333333333333333 0.294921875 0.3194444444444444 0.296875 0.3055555555555556 0.30078125 0.2986111111111111 0.302734375 0.2777777777777778 0.3046875 0.2743055555555556 0.3046875 0.2604166666666667 0.302734375 0.2569444444444444 0.30078125 0.23958333333333334
1 0 0.59375 0.00390625 0.5972222222222222 0.01171875 0.5972222222222222 0.03515625 0.625 0.037109375 0.6493055555555556 0.033203125 0.6631944444444444 0.033203125 0.6840277777777778 0.037109375 0.6944444444444444 0.037109375 0.7083333333333334 0.041015625 0.71875 0.041015625 0.7291666666666666 0.05078125 0.75 0.0546875 0.7638888888888888 0.05078125 0.7743055555555556 0.044921875 0.7743055555555556 0.041015625 0.7708333333333334 0.037109375 0.7638888888888888 0.03515625 0.7534722222222222 0.03125 0.75 0.029296875 0.7534722222222222 0.029296875 0.7708333333333334 0.02734375 0.7777777777777778 0.0234375 0.78125 0 0.78125 0 0.5972222222222222
1 0.59375 0.2708333333333333 0.595703125 0.2743055555555556 0.599609375 0.3020833333333333 0.595703125 0.3159722222222222 0.5859375 0.3368055555555556 0.5859375 0.34375 0.58203125 0.3506944444444444 0.576171875 0.3715277777777778 0.576171875 0.3888888888888889 0.57421875 0.3958333333333333 0.572265625 0.3993055555555556 0.5546875 0.3993055555555556 0.552734375 0.4027777777777778 0.546875 0.3958333333333333 0.54296875 0.3958333333333333 0.533203125 0.375 0.533203125 0.3472222222222222 0.51953125 0.3263888888888889 0.51953125 0.3090277777777778 0.517578125 0.3055555555555556 0.51953125 0.2916666666666667 0.525390625 0.2847222222222222 0.53515625 0.2847222222222222 0.53515625 0.2881944444444444 0.54296875 0.3020833333333333 0.544921875 0.3159722222222222 0.552734375 0.3298611111111111 0.564453125 0.3298611111111111 0.580078125 0.3090277777777778 0.580078125 0.2951388888888889 0.578125 0.2916666666666667 0.578125 0.2638888888888889 0.58203125 0.2604166666666667 0.583984375 0.2638888888888889 0.587890625 0.2638888888888889 0.591796875 0.2708333333333333
2 0.248046875 0.9166666666666666 0.259765625 0.90625 0.2734375 0.90625 0.28515625 0.9236111111111112 0.28515625 0.9340277777777778 0.287109375 0.9375 0.287109375 0.9444444444444444 0.28515625 0.9479166666666666 0.28515625 0.96875 0.29296875 0.9826388888888888 0.302734375 0.9861111111111112 0.306640625 0.9930555555555556 0.306640625 0.9965277777777778 0.21484375 0.9965277777777778 0.21484375 0.9930555555555556 0.220703125 0.9826388888888888 0.224609375 0.9791666666666666 0.240234375 0.9791666666666666 0.24609375 0.96875 0.24609375 0.9270833333333334 0.248046875 0.9201388888888888
2 0.46875 0 0.509765625 0 0.5078125 0.013888888888888888 0.501953125 0.024305555555555556 0.501953125 0.027777777777777776 0.490234375 0.04513888888888889 0.48828125 0.052083333333333336 0.490234375 0.09722222222222222 0.484375 0.1076388888888889 0.486328125 0.1111111111111111 0.486328125 0.1527777777777778 0.48046875 0.1597222222222222 0.47265625 0.15625 0.47265625 0.14583333333333334 0.474609375 0.1423611111111111 0.474609375 0.10416666666666667 0.470703125 0.08680555555555555 0.46875 0.04513888888888889 0.466796875 0.041666666666666664 0.466796875 0.034722222222222224 0.46875 0.03125 0.46875 0.003472222222222222
2 0.56640625 0.2361111111111111 0.576171875 0.25 0.576171875 0.2569444444444444 0.578125 0.2604166666666667 0.587890625 0.2638888888888889 0.595703125 0.2777777777777778 0.59765625 0.2847222222222222 0.59765625 0.2951388888888889 0.599609375 0.2986111111111111 0.595703125 0.3194444444444444 0.59765625 0.3229166666666667 0.59765625 0.3368055555555556 0.6015625 0.3472222222222222 0.6015625 0.3541666666666667 0.60546875 0.3680555555555556 0.607421875 0.4409722222222222 0.609375 0.4444444444444444 0.607421875 0.4791666666666667 0.611328125 0.4861111111111111 0.615234375 0.5069444444444444 0.61328125 0.5104166666666666 0.611328125 0.53125 0.607421875 0.5416666666666666 0.60546875 0.5659722222222222 0.599609375 0.5798611111111112 0.599609375 0.5868055555555556 0.59765625 0.5902777777777778 0.59765625 0.6111111111111112 0.5859375 0.6076388888888888 0.583984375 0.6041666666666666 0.583984375 0.5972222222222222 0.587890625 0.5833333333333334 0.5859375 0.5520833333333334 0.587890625 0.5486111111111112 0.59375 0.5104166666666666 0.587890625 0.5 0.578125 0.4930555555555556 0.556640625 0.4583333333333333 0.552734375 0.4583333333333333 0.544921875 0.46875 0.537109375 0.4965277777777778 0.53515625 0.5138888888888888 0.529296875 0.53125 0.52734375 0.53125 0.51953125 0.5486111111111112 0.517578125 0.5486111111111112 0.51171875 0.5590277777777778 0.505859375 0.5625 0.49609375 0.5798611111111112 0.494140625 0.5798611111111112 0.47265625 0.6180555555555556 0.46875 0.6319444444444444 0.46875 0.6388888888888888 0.462890625 0.65625 0.462890625 0.6666666666666666 0.458984375 0.6701388888888888 0.453125 0.6666666666666666 0.44921875 0.65625 0.44921875 0.6319444444444444 0.451171875 0.625 0.46875 0.59375 0.48046875 0.5625 0.482421875 0.5520833333333334 0.5078125 0.5138888888888888 0.509765625 0.4930555555555556 0.51171875 0.4895833333333333 0.51171875 0.4791666666666667 0.517578125 0.4548611111111111 0.517578125 0.4444444444444444 0.513671875 0.4375 0.513671875 0.4305555555555556 0.515625 0.4270833333333333 0.515625 0.4097222222222222 0.517578125 0.40625 0.509765625 0.3854166666666667 0.51171875 0.3506944444444444 0.517578125 0.3263888888888889 0.517578125 0.3020833333333333 0.521484375 0.2881944444444444 0.525390625 0.2847222222222222 0.53125 0.2847222222222222 0.541015625 0.2708333333333333 0.541015625 0.2638888888888889 0.544921875 0.25 0.552734375 0.2326388888888889 0.5625 0.2326388888888889 0.564453125 0.2361111111111111
2 0.6640625 0 0.69140625 0 0.693359375 0.003472222222222222 0.6953125 0.010416666666666666 0.693359375 0.0625 0.708984375 0.08680555555555555 0.71484375 0.10416666666666667 0.71484375 0.11805555555555555 0.712890625 0.12152777777777778 0.712890625 0.13194444444444445 0.708984375 0.1423611111111111 0.708984375 0.1597222222222222 0.70703125 0.16319444444444445 0.70703125 0.20833333333333334 0.697265625 0.2534722222222222 0.697265625 0.2708333333333333 0.6953125 0.2743055555555556 0.6953125 0.2951388888888889 0.693359375 0.2986111111111111 0.693359375 0.3090277777777778 0.6875 0.3194444444444444 0.6875 0.3298611111111111 0.685546875 0.3333333333333333 0.685546875 0.3645833333333333 0.6875 0.3680555555555556 0.6875 0.3819444444444444 0.689453125 0.3854166666666667 0.689453125 0.3958333333333333 0.6875 0.3993055555555556 0.6875 0.4236111111111111 0.689453125 0.4270833333333333 0.693359375 0.4270833333333333 0.6953125 0.4340277777777778 0.6953125 0.4409722222222222 0.69140625 0.4479166666666667 0.6875 0.4479166666666667 0.68359375 0.4583333333333333 0.685546875 0.4791666666666667 0.6875 0.4826388888888889 0.6875 0.4930555555555556 0.677734375 0.5 0.658203125 0.5 0.65625 0.5034722222222222 0.65234375 0.5034722222222222 0.64453125 0.4965277777777778 0.64453125 0.4930555555555556 0.654296875 0.4826388888888889 0.658203125 0.4826388888888889 0.662109375 0.4756944444444444 0.662109375 0.46875 0.669921875 0.4409722222222222 0.669921875 0.4305555555555556 0.6640625 0.4166666666666667 0.6640625 0.3993055555555556 0.662109375 0.3923611111111111 0.650390625 0.3784722222222222 0.64453125 0.3611111111111111 0.6328125 0.3402777777777778 0.62890625 0.3229166666666667 0.62890625 0.3090277777777778 0.63671875 0.28125 0.638671875 0.2638888888888889 0.65234375 0.2326388888888889 0.65234375 0.1909722222222222 0.6484375 0.1875 0.642578125 0.19791666666666666 0.640625 0.19791666666666666 0.630859375 0.2222222222222222 0.626953125 0.2222222222222222 0.625 0.21875 0.625 0.2048611111111111 0.640625 0.1736111111111111 0.65234375 0.1597222222222222 0.654296875 0.08680555555555555 0.65625 0.08333333333333333 0.65625 0.0763888888888889 0.66015625 0.06944444444444445 0.65625 0.041666666666666664 0.658203125 0.03819444444444445 0.66015625 0.013888888888888888 0.6640625 0.003472222222222222
2 0.29296875 0.22916666666666666 0.298828125 0.23958333333333334 0.302734375 0.2569444444444444 0.30078125 0.2916666666666667 0.29296875 0.3194444444444444 0.296875 0.3263888888888889 0.30078125 0.3263888888888889 0.30078125 0.3333333333333333 0.302734375 0.3368055555555556 0.302734375 0.3611111111111111 0.30078125 0.3645833333333333 0.30078125 0.375 0.302734375 0.3784722222222222 0.302734375 0.40625 0.30078125 0.4097222222222222 0.298828125 0.4409722222222222 0.3125 0.4756944444444444 0.31640625 0.4895833333333333 0.318359375 0.5069444444444444 0.322265625 0.5138888888888888 0.322265625 0.5208333333333334 0.32421875 0.5243055555555556 0.32421875 0.5451388888888888 0.314453125 0.5659722222222222 0.314453125 0.5729166666666666 0.30078125 0.5972222222222222 0.30078125 0.6006944444444444 0.294921875 0.6076388888888888 0.28515625 0.6319444444444444 0.28515625 0.6527777777777778 0.291015625 0.6631944444444444 0.291015625 0.6701388888888888 0.298828125 0.6840277777777778 0.298828125 0.6909722222222222 0.296875 0.6944444444444444 0.3046875 0.7083333333333334 0.30078125 0.7152777777777778 0.279296875 0.7152777777777778 0.27734375 0.7118055555555556 0.265625 0.7118055555555556 0.263671875 0.7083333333333334 0.259765625 0.7083333333333334 0.255859375 0.7013888888888888 0.255859375 0.6944444444444444 0.259765625 0.6840277777777778 0.259765625 0.6076388888888888 0.26171875 0.6041666666666666 0.26171875 0.5833333333333334 0.265625 0.5659722222222222 0.265625 0.5520833333333334 0.263671875 0.5486111111111112 0.263671875 0.53125 0.26171875 0.5277777777777778 0.26171875 0.5104166666666666 0.259765625 0.5069444444444444 0.259765625 0.5 0.25 0.4722222222222222 0.25 0.4409722222222222 0.24609375 0.4305555555555556 0.24609375 0.3472222222222222 0.244140625 0.34375 0.244140625 0.3194444444444444 0.2421875 0.3159722222222222 0.2421875 0.2986111111111111 0.244140625 0.2916666666666667 0.248046875 0.28125 0.26171875 0.2604166666666667 0.26171875 0.25 0.265625 0.2361111111111111 0.271484375 0.22569444444444445 0.275390625 0.22569444444444445 0.27734375 0.2222222222222222 0.283203125 0.2222222222222222 0.291015625 0.22916666666666666
2 0 0.5138888888888888 0.017578125 0.5138888888888888 0.025390625 0.5208333333333334 0.033203125 0.5381944444444444 0.033203125 0.5486111111111112 0.03515625 0.5520833333333334 0.03515625 0.5694444444444444 0.033203125 0.5729166666666666 0.033203125 0.5798611111111112 0.029296875 0.5902777777777778 0.0234375 0.59375 0.01953125 0.6041666666666666 0.03515625 0.625 0.03515625 0.6319444444444444 0.037109375 0.6354166666666666 0.037109375 0.6875 0.041015625 0.7013888888888888 0.041015625 0.7118055555555556 0.046875 0.7256944444444444 0.05078125 0.7395833333333334 0.05078125 0.75 0.05859375 0.7673611111111112 0.0625 0.7847222222222222 0.0625 0.7986111111111112 0.060546875 0.8055555555555556 0.05859375 0.8090277777777778 0.052734375 0.8090277777777778 0.052734375 0.7916666666666666 0.05078125 0.7847222222222222 0.037109375 0.7638888888888888 0.033203125 0.75 0.029296875 0.7569444444444444 0.029296875 0.7673611111111112 0.02734375 0.7708333333333334 0.02734375 0.7777777777777778 0.03125 0.7847222222222222 0.033203125 0.7951388888888888 0.044921875 0.8159722222222222 0.05078125 0.8368055555555556 0.05078125 0.8506944444444444 0.056640625 0.8784722222222222 0.056640625 0.8993055555555556 0.0546875 0.9027777777777778 0.044921875 0.9618055555555556 0.041015625 0.96875 0.041015625 0.9756944444444444 0.037109375 0.9826388888888888 0.03515625 0.9930555555555556 0.033203125 0.9965277777777778 0.01953125 0.9965277777777778 0.01953125 0.9861111111111112 0.021484375 0.9826388888888888 0.021484375 0.9479166666666666 0.03515625 0.8993055555555556 0.025390625 0.8784722222222222 0.013671875 0.8645833333333334 0.009765625 0.8680555555555556 0.0078125 0.875 0.0078125 0.8888888888888888 0.005859375 0.8923611111111112 0.005859375 0.9097222222222222 0.00390625 0.9131944444444444 0.001953125 0.9375 0 0.9375 0 0.5173611111111112
2 0.337890625 0.1875 0.341796875 0.2013888888888889 0.341796875 0.2152777777777778 0.33984375 0.21875 0.33984375 0.2326388888888889 0.337890625 0.23958333333333334 0.330078125 0.2465277777777778 0.32421875 0.2569444444444444 0.32421875 0.2638888888888889 0.326171875 0.2673611111111111 0.326171875 0.2951388888888889 0.333984375 0.3020833333333333 0.345703125 0.3020833333333333 0.3515625 0.2951388888888889 0.36328125 0.2951388888888889 0.369140625 0.3055555555555556 0.37109375 0.3194444444444444 0.369140625 0.3229166666666667 0.361328125 0.3229166666666667 0.359375 0.3194444444444444 0.330078125 0.3229166666666667 0.328125 0.3194444444444444 0.326171875 0.3229166666666667 0.322265625 0.3229166666666667 0.318359375 0.3298611111111111 0.318359375 0.3368055555555556 0.314453125 0.3506944444444444 0.314453125 0.3854166666666667 0.326171875 0.4131944444444444 0.328125 0.4340277777777778 0.330078125 0.4375 0.330078125 0.4548611111111111 0.33203125 0.4583333333333333 0.33203125 0.5 0.330078125 0.5034722222222222 0.330078125 0.5208333333333334 0.328125 0.5243055555555556 0.328125 0.53125 0.3203125 0.5104166666666666 0.3203125 0.5 0.31640625 0.4895833333333333 0.31640625 0.4826388888888889 0.30078125 0.4409722222222222 0.30078125 0.4305555555555556 0.302734375 0.4270833333333333 0.302734375 0.3993055555555556 0.3046875 0.3923611111111111 0.302734375 0.3888888888888889 0.302734375 0.3298611111111111 0.296875 0.3229166666666667 0.296875 0.3090277777777778 0.30078125 0.3020833333333333 0.30078125 0.2951388888888889 0.302734375 0.2916666666666667 0.3046875 0.2604166666666667 0.298828125 0.2361111111111111 0.294921875 0.22916666666666666 0.294921875 0.2222222222222222 0.30078125 0.2048611111111111 0.30078125 0.1909722222222222 0.30859375 0.18055555555555555 0.318359375 0.18055555555555555 0.322265625 0.17708333333333334 0.32421875 0.18055555555555555 0.33203125 0.18055555555555555 0.3359375 0.1875
2 0.595703125 0.6180555555555556 0.599609375 0.625 0.603515625 0.625 0.60546875 0.6284722222222222 0.619140625 0.6284722222222222 0.62890625 0.6111111111111112 0.638671875 0.6041666666666666 0.646484375 0.6041666666666666 0.6484375 0.6006944444444444 0.673828125 0.6006944444444444 0.67578125 0.6041666666666666 0.6796875 0.6006944444444444 0.693359375 0.6006944444444444 0.703125 0.59375 0.716796875 0.5694444444444444 0.716796875 0.5625 0.72265625 0.5520833333333334 0.728515625 0.5520833333333334 0.732421875 0.5590277777777778 0.732421875 0.5694444444444444 0.7265625 0.5833333333333334 0.724609375 0.6145833333333334 0.716796875 0.625 0.720703125 0.6354166666666666 0.724609375 0.6388888888888888 0.732421875 0.6388888888888888 0.734375 0.6423611111111112 0.744140625 0.6423611111111112 0.74609375 0.6458333333333334 0.771484375 0.6458333333333334 0.7734375 0.6423611111111112 0.78125 0.6423611111111112 0.7890625 0.6354166666666666 0.814453125 0.6354166666666666 0.81640625 0.6388888888888888 0.81640625 0.6493055555555556 0.814453125 0.65625 0.810546875 0.6597222222222222 0.8046875 0.6597222222222222 0.802734375 0.6631944444444444 0.779296875 0.6631944444444444 0.77734375 0.6666666666666666 0.75390625 0.6701388888888888 0.751953125 0.6736111111111112 0.716796875 0.6736111111111112 0.708984375 0.6666666666666666 0.705078125 0.6666666666666666 0.703125 0.6701388888888888 0.69140625 0.6701388888888888 0.689453125 0.6736111111111112 0.67578125 0.6770833333333334 0.669921875 0.6875 0.671875 0.7013888888888888 0.67578125 0.7048611111111112 0.671875 0.7291666666666666 0.6640625 0.7291666666666666 0.658203125 0.7222222222222222 0.654296875 0.7222222222222222 0.6484375 0.7291666666666666 0.642578125 0.7291666666666666 0.640625 0.7326388888888888 0.625 0.7326388888888888 0.623046875 0.7291666666666666 0.619140625 0.7326388888888888 0.583984375 0.7326388888888888 0.58203125 0.7291666666666666 0.57421875 0.7291666666666666 0.568359375 0.7361111111111112 0.5625 0.7361111111111112 0.560546875 0.7395833333333334 0.5546875 0.7395833333333334 0.54296875 0.7256944444444444 0.541015625 0.6979166666666666 0.54296875 0.6944444444444444 0.54296875 0.6840277777777778 0.546875 0.6736111111111112 0.546875 0.6666666666666666 0.552734375 0.6527777777777778 0.568359375 0.6388888888888888 0.576171875 0.6180555555555556 0.583984375 0.6111111111111112 0.59375 0.6180555555555556