0 0.7421875 0.5173611111111112 0.748046875 0.5243055555555556 0.748046875 0.5381944444444444 0.744140625 0.5451388888888888 0.734375 0.5451388888888888 0.732421875 0.5416666666666666 0.728515625 0.5416666666666666 0.724609375 0.5347222222222222 0.728515625 0.5208333333333334 0.740234375 0.5173611111111112
0 0.609375 0.375 0.61328125 0.3819444444444444 0.61328125 0.4027777777777778 0.609375 0.40625 0.599609375 0.40625 0.591796875 0.3993055555555556 0.591796875 0.3888888888888889 0.59765625 0.3784722222222222 0.6015625 0.375 0.607421875 0.375
0 0.556640625 0.3298611111111111 0.560546875 0.3368055555555556 0.560546875 0.34375 0.556640625 0.3506944444444444 0.55078125 0.3506944444444444 0.548828125 0.3541666666666667 0.544921875 0.3541666666666667 0.54296875 0.3506944444444444 0.54296875 0.3333333333333333 0.55078125 0.3263888888888889 0.5546875 0.3298611111111111
0 0.755859375 0.5 0.767578125 0.5104166666666666 0.763671875 0.5208333333333334 0.763671875 0.53125 0.751953125 0.53125 0.74609375 0.5173611111111112 0.74609375 0.5104166666666666 0.75390625 0.5034722222222222
0 0.599609375 0.4826388888888889 0.611328125 0.4791666666666667 0.615234375 0.4826388888888889 0.62109375 0.4965277777777778 0.619140625 0.5034722222222222 0.615234375 0.5034722222222222 0.61328125 0.5069444444444444 0.603515625 0.5069444444444444 0.59765625 0.5 0.599609375 0.4965277777777778 0.599609375 0.4861111111111111
0 0.484375 0.3263888888888889 0.494140625 0.3263888888888889 0.498046875 0.3368055555555556 0.49609375 0.3472222222222222 0.490234375 0.3576388888888889 0.484375 0.3472222222222222 0.484375 0.3368055555555556 0.482421875 0.3333333333333333 0.484375 0.3298611111111111
0 0.29296875 0.125 0.294921875 0.13194444444444445 0.294921875 0.14583333333333334 0.29296875 0.14930555555555555 0.283203125 0.14930555555555555 0.28125 0.14583333333333334 0.28125 0.13194444444444445 0.28515625 0.125 0.291015625 0.125
0 0.6158854166666666 0.35555555555555557 0.018229166666666668 0.03518518518518518
0 0.59765625 0.3715277777777778 0.59765625 0.3645833333333333 0.6015625 0.3576388888888889 0.607421875 0.3576388888888889 0.609375 0.3611111111111111 0.609375 0.3715277777777778 0.599609375 0.3715277777777778 0.59765625 0.375
0 0.755859375 0.4930555555555556 0.7578125 0.4965277777777778 0.7578125 0.5034722222222222 0.748046875 0.5104166666666666 0.744140625 0.5104166666666666 0.7421875 0.5069444444444444 0.744140625 0.5034722222222222 0.744140625 0.4965277777777778 0.75 0.4895833333333333 0.75390625 0.4930555555555556
0 0.611328125 0.4791666666666667 0.623046875 0.4965277777777778 0.62109375 0.5104166666666666 0.615234375 0.5208333333333334 0.609375 0.5208333333333334 0.595703125 0.5034722222222222 0.599609375 0.4895833333333333 0.599609375 0.4826388888888889 0.60546875 0.4826388888888889 0.609375 0.4791666666666667
0 0.546875 0.5451388888888888 0.552734375 0.5590277777777778 0.552734375 0.5659722222222222 0.55078125 0.5694444444444444 0.541015625 0.5694444444444444 0.537109375 0.5659722222222222 0.537109375 0.5520833333333334 0.544921875 0.5451388888888888
0 0.65546875 0.43472222222222223 0.021354166666666667 0.03240740740740741
0 0.46484375 0.3090277777777778 0.470703125 0.3159722222222222 0.470703125 0.3263888888888889 0.462890625 0.3333333333333333 0.453125 0.3333333333333333 0.451171875 0.3298611111111111 0.451171875 0.3194444444444444 0.453125 0.3125 0.45703125 0.3090277777777778 0.462890625 0.3090277777777778
1 0.72265625 0.5347222222222222 0.7265625 0.5416666666666666 0.734375 0.5486111111111112 0.73828125 0.5486111111111112 0.7421875 0.5590277777777778 0.73046875 0.5833333333333334 0.7265625 0.5833333333333334 0.71875 0.59375 0.71484375 0.59375 0.70703125 0.6006944444444444 0.703125 0.6006944444444444 0.697265625 0.5902777777777778 0.6953125 0.5902777777777778 0.693359375 0.5868055555555556 0.693359375 0.5763888888888888 0.69921875 0.5625 0.69921875 0.5555555555555556 0.701171875 0.5520833333333334 0.703125 0.5520833333333334 0.708984375 0.5416666666666666 0.720703125 0.5347222222222222
1 0.59765625 0.4652777777777778 0.59375 0.4513888888888889 0.59375 0.4409722222222222 0.58984375 0.4236111111111111 0.58984375 0.4097222222222222 0.591796875 0.40625 0.60546875 0.4097222222222222 0.61328125 0.4027777777777778 0.623046875 0.4027777777777778 0.623046875 0.4201388888888889 0.62109375 0.4236111111111111 0.623046875 0.4652777777777778 0.599609375 0.4652777777777778
1 0.765625 0.5104166666666666 0.763671875 0.5243055555555556 0.7734375 0.5416666666666666 0.7734375 0.5555555555555556 0.76953125 0.5659722222222222 0.76953125 0.5729166666666666 0.759765625 0.5729166666666666 0.751953125 0.5659722222222222 0.751953125 0.5347222222222222 0.74609375 0.5173611111111112 0.74609375 0.5138888888888888 0.751953125 0.5069444444444444 0.76171875 0.5069444444444444 0.763671875 0.5104166666666666
1 0.5703125 0.3506944444444444 0.576171875 0.3611111111111111 0.576171875 0.3784722222222222 0.583984375 0.3923611111111111 0.583984375 0.3993055555555556 0.5859375 0.4027777777777778 0.5859375 0.4097222222222222 0.583984375 0.4131944444444444 0.57421875 0.4201388888888889 0.5625 0.4201388888888889 0.55078125 0.3958333333333333 0.55078125 0.3888888888888889 0.541015625 0.3715277777777778 0.541015625 0.3645833333333333 0.548828125 0.3541666666666667 0.568359375 0.3506944444444444
1 0.28125 0.1527777777777778 0.298828125 0.1527777777777778 0.3046875 0.16319444444444445 0.306640625 0.1840277777777778 0.310546875 0.1909722222222222 0.3046875 0.19444444444444445 0.30078125 0.17708333333333334 0.296875 0.17708333333333334 0.29296875 0.1909722222222222 0.283203125 0.1701388888888889 0.28125 0.15625
1 0.591796875 0.5069444444444444 0.6015625 0.5069444444444444 0.607421875 0.5138888888888888 0.611328125 0.5138888888888888 0.615234375 0.5069444444444444 0.626953125 0.5034722222222222 0.630859375 0.5104166666666666 0.630859375 0.5173611111111112 0.6328125 0.5208333333333334 0.6328125 0.5347222222222222 0.62890625 0.5486111111111112 0.62890625 0.5590277777777778 0.619140625 0.5729166666666666 0.60546875 0.5729166666666666 0.599609375 0.5625 0.59765625 0.5625 0.59375 0.5486111111111112 0.59375 0.5347222222222222 0.58984375 0.5243055555555556 0.58984375 0.5138888888888888 0.591796875 0.5104166666666666
1 0.541015625 0.5694444444444444 0.54296875 0.5729166666666666 0.556640625 0.5729166666666666 0.55859375 0.5763888888888888 0.5625 0.5763888888888888 0.5703125 0.59375 0.5703125 0.6006944444444444 0.5625 0.6006944444444444 0.55859375 0.6076388888888888 0.556640625 0.6145833333333334 0.556640625 0.6284722222222222 0.552734375 0.6284722222222222 0.55078125 0.625 0.529296875 0.6284722222222222 0.52734375 0.6041666666666666 0.525390625 0.6006944444444444 0.521484375 0.6006944444444444 0.521484375 0.5868055555555556 0.525390625 0.5729166666666666 0.529296875 0.5694444444444444 0.5390625 0.5694444444444444
1 0.625 0.3506944444444444 0.626953125 0.3506944444444444 0.6328125 0.3680555555555556 0.630859375 0.3715277777777778 0.630859375 0.4027777777777778 0.619140625 0.3993055555555556 0.6171875 0.3958333333333333 0.615234375 0.3784722222222222 0.611328125 0.3715277777777778 0.599609375 0.3715277777777778 0.599609375 0.3611111111111111 0.603515625 0.3576388888888889 0.607421875 0.3576388888888889 0.609375 0.3645833333333333 0.615234375 0.3715277777777778 0.625 0.3541666666666667
1 0.478515625 0.3333333333333333 0.482421875 0.3402777777777778 0.482421875 0.3472222222222222 0.474609375 0.3576388888888889 0.474609375 0.3819444444444444 0.478515625 0.3923611111111111 0.46484375 0.3923611111111111 0.462890625 0.3958333333333333 0.447265625 0.3958333333333333 0.447265625 0.3888888888888889 0.4453125 0.3854166666666667 0.4453125 0.3645833333333333 0.443359375 0.3611111111111111 0.443359375 0.3402777777777778 0.451171875 0.3333333333333333 0.4765625 0.3333333333333333
1 0.67578125 0.4479166666666667 0.68359375 0.4652777777777778 0.685546875 0.4895833333333333 0.689453125 0.5 0.689453125 0.5104166666666666 0.681640625 0.5208333333333334 0.671875 0.5208333333333334 0.66796875 0.5138888888888888 0.66015625 0.5138888888888888 0.658203125 0.5104166666666666 0.66015625 0.5069444444444444 0.66015625 0.4930555555555556 0.654296875 0.4756944444444444 0.654296875 0.4548611111111111 0.65625 0.4513888888888889 0.66015625 0.4479166666666667 0.673828125 0.4479166666666667
2 0.4921875 0.6354166666666666 0.501953125 0.6319444444444444 0.5078125 0.6215277777777778 0.51171875 0.6076388888888888 0.521484375 0.5902777777777778 0.5234375 0.5763888888888888 0.529296875 0.5694444444444444 0.533203125 0.5694444444444444 0.541015625 0.5486111111111112 0.546875 0.5486111111111112 0.552734375 0.5590277777777778 0.552734375 0.5659722222222222 0.55859375 0.5763888888888888 0.5625 0.5763888888888888 0.572265625 0.5972222222222222 0.572265625 0.6006944444444444 0.564453125 0.6006944444444444 0.55859375 0.6076388888888888 0.556640625 0.6145833333333334 0.556640625 0.6319444444444444 0.572265625 0.65625 0.57421875 0.6736111111111112 0.580078125 0.6840277777777778 0.58203125 0.6979166666666666 0.591796875 0.7256944444444444 0.587890625 0.7326388888888888 0.583984375 0.7326388888888888 0.5703125 0.6979166666666666 0.568359375 0.6840277777777778 0.5625 0.6736111111111112 0.55078125 0.6631944444444444 0.54296875 0.6631944444444444 0.53125 0.6770833333333334 0.5234375 0.6909722222222222 0.5234375 0.71875 0.51953125 0.7326388888888888 0.513671875 0.7326388888888888 0.513671875 0.7256944444444444 0.515625 0.7222222222222222 0.513671875 0.6840277777777778 0.52734375 0.6354166666666666 0.52734375 0.6180555555555556 0.525390625 0.6145833333333334 0.505859375 0.6388888888888888 0.5 0.6388888888888888 0.498046875 0.6423611111111112 0.494140625 0.6423611111111112 0.4921875 0.6388888888888888
2 0.701171875 0.5520833333333334 0.712890625 0.5381944444444444 0.72265625 0.5347222222222222 0.724609375 0.5277777777777778 0.73046875 0.5208333333333334 0.736328125 0.5208333333333334 0.740234375 0.5173611111111112 0.748046875 0.5243055555555556 0.748046875 0.5555555555555556 0.74609375 0.5625 0.75390625 0.5798611111111112 0.73828125 0.5798611111111112 0.736328125 0.5833333333333334 0.724609375 0.5868055555555556 0.720703125 0.59375 0.720703125 0.6006944444444444 0.73046875 0.6180555555555556 0.73046875 0.6319444444444444 0.71875 0.6631944444444444 0.720703125 0.6666666666666666 0.720703125 0.6736111111111112 0.728515625 0.6805555555555556 0.7265625 0.6840277777777778 0.716796875 0.6840277777777778 0.70703125 0.6770833333333334 0.71484375 0.6493055555555556 0.71484375 0.6388888888888888 0.716796875 0.6354166666666666 0.71484375 0.6284722222222222 0.705078125 0.6145833333333334 0.69921875 0.6145833333333334 0.689453125 0.6319444444444444 0.673828125 0.6493055555555556 0.662109375 0.6527777777777778 0.66015625 0.65625 0.654296875 0.65625 0.650390625 0.6527777777777778 0.640625 0.6631944444444444 0.634765625 0.6770833333333334 0.62890625 0.6770833333333334 0.62890625 0.6666666666666666 0.6328125 0.65625 0.6328125 0.6493055555555556 0.6484375 0.6493055555555556 0.654296875 0.6354166666666666 0.66796875 0.6354166666666666 0.67578125 0.6180555555555556 0.68359375 0.5833333333333334 0.693359375 0.5763888888888888 0.701171875 0.5555555555555556
2 0.544921875 0.3298611111111111 0.548828125 0.3298611111111111 0.55078125 0.3263888888888889 0.556640625 0.3298611111111111 0.564453125 0.3506944444444444 0.5703125 0.3506944444444444 0.57421875 0.3541666666666667 0.57421875 0.3576388888888889 0.58203125 0.3715277777777778 0.5859375 0.3819444444444444 0.5859375 0.4027777777777778 0.587890625 0.40625 0.5859375 0.4097222222222222 0.5859375 0.4166666666666667 0.58984375 0.4305555555555556 0.58984375 0.4513888888888889 0.580078125 0.46875 0.578125 0.46875 0.578125 0.4583333333333333 0.57421875 0.4479166666666667 0.560546875 0.4479166666666667 0.5546875 0.4548611111111111 0.556640625 0.4861111111111111 0.55859375 0.4895833333333333 0.5546875 0.4895833333333333 0.54296875 0.46875 0.54296875 0.4618055555555556 0.5390625 0.4548611111111111 0.5390625 0.4479166666666667 0.546875 0.4340277777777778 0.556640625 0.4270833333333333 0.560546875 0.4201388888888889 0.55859375 0.4097222222222222 0.546875 0.3923611111111111 0.533203125 0.40625 0.521484375 0.40625 0.517578125 0.3993055555555556 0.525390625 0.3993055555555556 0.53515625 0.3888888888888889 0.541015625 0.3784722222222222 0.54296875 0.3368055555555556 0.544921875 0.3333333333333333
2 0.474609375 0.3194444444444444 0.4765625 0.3229166666666667 0.486328125 0.3229166666666667 0.49609375 0.3298611111111111 0.49609375 0.34375 0.490234375 0.3680555555555556 0.490234375 0.3819444444444444 0.486328125 0.3819444444444444 0.48828125 0.375 0.486328125 0.3715277777777778 0.484375 0.34375 0.4765625 0.3298611111111111 0.474609375 0.3298611111111111 0.47265625 0.3229166666666667
2 0.609375 0.375 0.61328125 0.3819444444444444 0.615234375 0.3958333333333333 0.6171875 0.3993055555555556 0.62109375 0.3993055555555556 0.626953125 0.4097222222222222 0.623046875 0.4201388888888889 0.623046875 0.4652777777777778 0.630859375 0.4895833333333333 0.630859375 0.4965277777777778 0.625 0.4965277777777778 0.615234375 0.4826388888888889 0.609375 0.4826388888888889 0.60546875 0.4930555555555556 0.59375 0.4930555555555556 0.59375 0.4826388888888889 0.591796875 0.4791666666666667 0.58984375 0.4826388888888889 0.58203125 0.4826388888888889 0.5703125 0.5 0.568359375 0.5 0.568359375 0.4895833333333333 0.59375 0.4513888888888889 0.591796875 0.4444444444444444 0.591796875 0.4340277777777778 0.58984375 0.4305555555555556 0.58984375 0.4201388888888889 0.587890625 0.4166666666666667 0.591796875 0.4027777777777778 0.591796875 0.3854166666666667 0.6015625 0.375 0.607421875 0.375
2 0.7578125 0.4965277777777778 0.7578125 0.5 0.767578125 0.5138888888888888 0.763671875 0.5243055555555556 0.7734375 0.5416666666666666 0.771484375 0.5763888888888888 0.783203125 0.5902777777777778 0.787109375 0.6041666666666666 0.798828125 0.625 0.8046875 0.6423611111111112 0.8203125 0.6666666666666666 0.810546875 0.6736111111111112 0.802734375 0.6736111111111112 0.80078125 0.6597222222222222 0.791015625 0.6423611111111112 0.791015625 0.6388888888888888 0.779296875 0.6180555555555556 0.775390625 0.6180555555555556 0.7734375 0.6145833333333334 0.767578125 0.6215277777777778 0.767578125 0.6284722222222222 0.763671875 0.6423611111111112 0.763671875 0.6736111111111112 0.76171875 0.6736111111111112 0.7578125 0.6631944444444444 0.7578125 0.6423611111111112 0.755859375 0.6388888888888888 0.755859375 0.625 0.7578125 0.6180555555555556 0.74609375 0.6006944444444444 0.74609375 0.5902777777777778 0.7578125 0.5902777777777778 0.76171875 0.5833333333333334 0.75 0.5659722222222222 0.751953125 0.5347222222222222 0.75 0.53125 0.75 0.5243055555555556 0.744140625 0.5104166666666666 0.744140625 0.5 0.748046875 0.4930555555555556 0.75390625 0.4930555555555556 0.755859375 0.4965277777777778
2 0.29296875 0.125 0.296875 0.14930555555555555 0.30078125 0.1527777777777778 0.3046875 0.16319444444444445 0.3046875 0.1736111111111111 0.314453125 0.19791666666666666 0.314453125 0.2048611111111111 0.30859375 0.21875 0.306640625 0.2465277777777778 0.318359375 0.2673611111111111 0.3203125 0.2673611111111111 0.326171875 0.28125 0.3203125 0.2986111111111111 0.318359375 0.2951388888888889 0.31640625 0.2743055555555556 0.302734375 0.2604166666666667 0.298828125 0.2777777777777778 0.287109375 0.2777777777777778 0.287109375 0.2708333333333333 0.29296875 0.2638888888888889 0.29296875 0.2465277777777778 0.2890625 0.2326388888888889 0.2890625 0.21180555555555555 0.291015625 0.2048611111111111 0.287109375 0.19791666666666666 0.283203125 0.19791666666666666 0.28125 0.2013888888888889 0.27734375 0.2013888888888889 0.275390625 0.19791666666666666 0.275390625 0.1909722222222222 0.28125 0.1840277777777778 0.279296875 0.17708333333333334 0.275390625 0.17708333333333334 0.271484375 0.1840277777777778 0.267578125 0.1840277777777778 0.271484375 0.1736111111111111 0.27734375 0.1701388888888889 0.28125 0.16319444444444445 0.28125 0.13194444444444445 0.28515625 0.125 0.291015625 0.125
2 0.462890625 0.3090277777777778 0.470703125 0.3159722222222222 0.47265625 0.3263888888888889 0.484375 0.34375 0.482421875 0.3506944444444444 0.486328125 0.3576388888888889 0.486328125 0.3645833333333333 0.48828125 0.3680555555555556 0.48828125 0.3784722222222222 0.48046875 0.3958333333333333 0.482421875 0.3993055555555556 0.482421875 0.4166666666666667 0.484375 0.4201388888888889 0.484375 0.4340277777777778 0.486328125 0.4375 0.486328125 0.4513888888888889 0.484375 0.4548611111111111 0.484375 0.4826388888888889 0.486328125 0.4861111111111111 0.486328125 0.4930555555555556 0.48046875 0.4930555555555556 0.47265625 0.4826388888888889 0.474609375 0.4756944444444444 0.474609375 0.4375 0.47265625 0.4340277777777778 0.462890625 0.4340277777777778 0.45703125 0.4444444444444444 0.45703125 0.4618055555555556 0.453125 0.4791666666666667 0.453125 0.4965277777777778 0.44921875 0.5069444444444444 0.4453125 0.5069444444444444 0.4453125 0.4722222222222222 0.443359375 0.46875 0.443359375 0.4340277777777778 0.4453125 0.4305555555555556 0.4453125 0.4027777777777778 0.447265625 0.3993055555555556 0.447265625 0.3923611111111111 0.4453125 0.3888888888888889 0.4453125 0.3645833333333333 0.443359375 0.3611111111111111 0.443359375 0.3402777777777778 0.451171875 0.3298611111111111 0.453125 0.3125 0.4609375 0.3090277777777778
2 0.615234375 0.4826388888888889 0.619140625 0.4930555555555556 0.626953125 0.4965277777777778 0.63671875 0.5208333333333334 0.63671875 0.5381944444444444 0.630859375 0.5520833333333334 0.630859375 0.5625 0.638671875 0.5798611111111112 0.638671875 0.5868055555555556 0.64453125 0.6076388888888888 0.650390625 0.6180555555555556 0.65234375 0.6319444444444444 0.650390625 0.6354166666666666 0.646484375 0.6319444444444444 0.62109375 0.5902777777777778 0.609375 0.5868055555555556 0.6015625 0.5972222222222222 0.595703125 0.6145833333333334 0.587890625 0.6215277777777778 0.58203125 0.6319444444444444 0.5703125 0.6423611111111112 0.568359375 0.6354166666666666 0.572265625 0.625 0.5859375 0.6041666666666666 0.5859375 0.5972222222222222 0.58984375 0.5833333333333334 0.587890625 0.5763888888888888 0.578125 0.5798611111111112 0.583984375 0.5694444444444444 0.583984375 0.5520833333333334 0.578125 0.5451388888888888 0.578125 0.5347222222222222 0.603515625 0.4826388888888889 0.61328125 0.4826388888888889
2 0.61328125 0.3402777777777778 0.615234375 0.34375 0.62109375 0.34375 0.630859375 0.3506944444444444 0.67578125 0.3506944444444444 0.673828125 0.3645833333333333 0.669921875 0.3680555555555556 0.66015625 0.3611111111111111 0.646484375 0.3611111111111111 0.64453125 0.3645833333333333 0.634765625 0.3680555555555556 0.630859375 0.375 0.630859375 0.3958333333333333 0.6328125 0.3993055555555556 0.6328125 0.4097222222222222 0.630859375 0.4131944444444444 0.630859375 0.4548611111111111 0.62890625 0.4583333333333333 0.62890625 0.4652777777777778 0.625 0.4583333333333333 0.625 0.4513888888888889 0.623046875 0.4479166666666667 0.625 0.4236111111111111 0.62890625 0.4131944444444444 0.626953125 0.40625 0.6171875 0.3923611111111111 0.6171875 0.3854166666666667 0.609375 0.3715277777777778 0.59765625 0.3715277777777778 0.599609375 0.3611111111111111 0.6015625 0.3611111111111111 0.607421875 0.3506944444444444 0.607421875 0.34375 0.611328125 0.3402777777777778
2 0.669921875 0.4444444444444444 0.671875 0.4479166666666667 0.67578125 0.4479166666666667 0.681640625 0.4583333333333333 0.685546875 0.4756944444444444 0.685546875 0.4861111111111111 0.69140625 0.5069444444444444 0.69140625 0.5173611111111112 0.701171875 0.5451388888888888 0.697265625 0.5520833333333334 0.685546875 0.5520833333333334 0.68359375 0.5486111111111112 0.6796875 0.5486111111111112 0.67578125 0.5555555555555556 0.67578125 0.5625 0.685546875 0.5763888888888888 0.681640625 0.5833333333333334 0.66796875 0.5763888888888888 0.66015625 0.5590277777777778 0.662109375 0.5451388888888888 0.66796875 0.53125 0.66796875 0.5243055555555556 0.669921875 0.5208333333333334 0.66796875 0.5173611111111112 0.6640625 0.5173611111111112 0.65625 0.5104166666666666 0.65234375 0.5104166666666666 0.64453125 0.5208333333333334 0.642578125 0.5173611111111112 0.642578125 0.5138888888888888 0.650390625 0.5069444444444444 0.654296875 0.4965277777777778 0.654296875 0.4548611111111111 0.646484375 0.4375 0.646484375 0.4270833333333333 0.654296875 0.4201388888888889 0.66015625 0.4201388888888889 0.6640625 0.4270833333333333 0.6640625 0.4340277777777778 0.66796875 0.4444444444444444