0 0.8783854166666667 0.19444444444444445 0.0203125 0.025925925925925925
0 0.796875 0.2534722222222222 0.80078125 0.2708333333333333 0.79296875 0.28125 0.7890625 0.28125 0.783203125 0.2708333333333333 0.783203125 0.2604166666666667 0.7890625 0.2534722222222222 0.794921875 0.2534722222222222
0 0.7734375 0.3298611111111111 0.77734375 0.3333333333333333 0.77734375 0.3541666666666667 0.771484375 0.3680555555555556 0.76171875 0.3611111111111111 0.76171875 0.3402777777777778 0.765625 0.3333333333333333 0.771484375 0.3298611111111111
0 0.201171875 0.4513888888888889 0.19921875 0.4444444444444444 0.19921875 0.4340277777777778 0.203125 0.4270833333333333 0.212890625 0.4270833333333333 0.216796875 0.4375 0.216796875 0.4444444444444444 0.212890625 0.4513888888888889 0.208984375 0.4548611111111111 0.205078125 0.4548611111111111 0.203125 0.4513888888888889
0 0.6666666666666666 0.6722222222222222 0.02395833333333333 0.037037037037037035
0 0.43671875 0.5430555555555556 0.01614583333333333 0.03796296296296296
1 0.88671875 0.2048611111111111 0.888671875 0.20833333333333334 0.892578125 0.20833333333333334 0.89453125 0.2152777777777778 0.892578125 0.2222222222222222 0.892578125 0.2326388888888889 0.89453125 0.2361111111111111 0.89453125 0.2569444444444444 0.8828125 0.2708333333333333 0.869140625 0.2708333333333333 0.8671875 0.2673611111111111 0.86328125 0.2673611111111111 0.859375 0.2743055555555556 0.85546875 0.2743055555555556 0.861328125 0.2152777777777778 0.865234375 0.20833333333333334 0.884765625 0.20833333333333334
1 0.783203125 0.2743055555555556 0.791015625 0.28125 0.80078125 0.2743055555555556 0.806640625 0.28125 0.806640625 0.3090277777777778 0.8046875 0.3125 0.7890625 0.3159722222222222 0.783203125 0.2951388888888889 0.783203125 0.2777777777777778
1 0.779296875 0.3472222222222222 0.787109375 0.3472222222222222 0.791015625 0.3541666666666667 0.796875 0.3576388888888889 0.806640625 0.375 0.80859375 0.375 0.8125 0.3854166666666667 0.814453125 0.3854166666666667 0.81640625 0.3958333333333333 0.8203125 0.4027777777777778 0.8203125 0.4097222222222222 0.810546875 0.4097222222222222 0.802734375 0.3958333333333333 0.794921875 0.3958333333333333 0.79296875 0.3993055555555556 0.783203125 0.4027777777777778 0.779296875 0.3958333333333333 0.7734375 0.3923611111111111 0.767578125 0.3715277777777778 0.76953125 0.3715277777777778 0.779296875 0.3506944444444444
1 0.46484375 0.5416666666666666 0.466796875 0.5451388888888888 0.474609375 0.5451388888888888 0.4765625 0.5486111111111112 0.486328125 0.5520833333333334 0.494140625 0.5590277777777778 0.5 0.5694444444444444 0.498046875 0.6180555555555556 0.494140625 0.6215277777777778 0.486328125 0.6180555555555556 0.484375 0.6145833333333334 0.484375 0.6076388888888888 0.458984375 0.5694444444444444 0.451171875 0.5694444444444444 0.44921875 0.5659722222222222 0.447265625 0.5590277777777778 0.447265625 0.5451388888888888 0.451171875 0.5381944444444444 0.462890625 0.5416666666666666
1 0.462890625 0.5798611111111112 0.474609375 0.6111111111111112 0.474609375 0.625 0.47265625 0.6284722222222222 0.46484375 0.6284722222222222 0.462890625 0.6319444444444444 0.455078125 0.6319444444444444 0.4296875 0.5868055555555556 0.4296875 0.5729166666666666 0.435546875 0.5659722222222222 0.4453125 0.5659722222222222 0.44921875 0.5729166666666666 0.45703125 0.5729166666666666 0.4609375 0.5798611111111112
1 0.19921875 0.4444444444444444 0.19921875 0.4479166666666667 0.20703125 0.4583333333333333 0.21484375 0.4479166666666667 0.220703125 0.4548611111111111 0.21875 0.4583333333333333 0.21875 0.46875 0.216796875 0.4756944444444444 0.2109375 0.4791666666666667 0.20703125 0.4895833333333333 0.193359375 0.4895833333333333 0.19140625 0.4861111111111111 0.19140625 0.4791666666666667 0.18359375 0.4652777777777778 0.18359375 0.4513888888888889 0.19140625 0.4444444444444444 0.197265625 0.4444444444444444
1 0.810546875 0.3159722222222222 0.814453125 0.3194444444444444 0.818359375 0.3298611111111111 0.818359375 0.3576388888888889 0.80859375 0.3715277777777778 0.802734375 0.3680555555555556 0.79296875 0.3506944444444444 0.7890625 0.3506944444444444 0.78515625 0.34375 0.779296875 0.34375 0.779296875 0.3368055555555556 0.787109375 0.3298611111111111 0.794921875 0.3159722222222222 0.80859375 0.3159722222222222
1 0.66015625 0.6493055555555556 0.662109375 0.65625 0.65234375 0.6631944444444444 0.650390625 0.6840277777777778 0.63671875 0.6840277777777778 0.625 0.6736111111111112 0.62109375 0.6666666666666666 0.62109375 0.6527777777777778 0.623046875 0.6493055555555556 0.630859375 0.6493055555555556 0.63671875 0.6423611111111112 0.6484375 0.6423611111111112 0.650390625 0.6388888888888888 0.65625 0.6388888888888888 0.65625 0.6458333333333334 0.658203125 0.6493055555555556
2 0.884765625 0.1840277777777778 0.88671875 0.1875 0.88671875 0.2013888888888889 0.892578125 0.20833333333333334 0.89453125 0.2152777777777778 0.89453125 0.2222222222222222 0.892578125 0.22569444444444445 0.892578125 0.2326388888888889 0.89453125 0.2361111111111111 0.89453125 0.2638888888888889 0.888671875 0.2777777777777778 0.888671875 0.3055555555555556 0.880859375 0.3333333333333333 0.880859375 0.3506944444444444 0.87890625 0.3541666666666667 0.880859375 0.3576388888888889 0.880859375 0.3680555555555556 0.875 0.3680555555555556 0.873046875 0.3645833333333333 0.86328125 0.3680555555555556 0.86328125 0.3576388888888889 0.865234375 0.3541666666666667 0.865234375 0.3020833333333333 0.861328125 0.2916666666666667 0.85546875 0.2916666666666667 0.853515625 0.2986111111111111 0.84765625 0.2986111111111111 0.84765625 0.2951388888888889 0.849609375 0.2881944444444444 0.85546875 0.28125 0.85546875 0.2673611111111111 0.857421875 0.2638888888888889 0.857421875 0.2465277777777778 0.859375 0.24305555555555555 0.861328125 0.2152777777777778 0.869140625 0.2013888888888889 0.873046875 0.1875 0.876953125 0.1840277777777778 0.8828125 0.1840277777777778
2 0.787109375 0.3194444444444444 0.78515625 0.2986111111111111 0.783203125 0.2951388888888889 0.783203125 0.2604166666666667 0.791015625 0.2534722222222222 0.796875 0.2534722222222222 0.798828125 0.2569444444444444 0.80078125 0.2708333333333333 0.806640625 0.28125 0.80859375 0.2951388888888889 0.806640625 0.2986111111111111 0.806640625 0.3125 0.7890625 0.3194444444444444
2 0.787109375 0.3472222222222222 0.798828125 0.3611111111111111 0.806640625 0.375 0.80859375 0.375 0.822265625 0.4027777777777778 0.82421875 0.4097222222222222 0.82421875 0.4201388888888889 0.818359375 0.4201388888888889 0.80859375 0.4131944444444444 0.8046875 0.4236111111111111 0.82421875 0.4548611111111111 0.8125 0.4722222222222222 0.80859375 0.4722222222222222 0.8125 0.4618055555555556 0.810546875 0.4479166666666667 0.80078125 0.4340277777777778 0.79296875 0.4340277777777778 0.7890625 0.4375 0.787109375 0.4409722222222222 0.787109375 0.4548611111111111 0.78515625 0.4583333333333333 0.783203125 0.4861111111111111 0.779296875 0.5034722222222222 0.765625 0.5034722222222222 0.765625 0.4965277777777778 0.7734375 0.4895833333333333 0.77734375 0.4722222222222222 0.77734375 0.4270833333333333 0.76953125 0.4201388888888889 0.763671875 0.4027777777777778 0.763671875 0.3958333333333333 0.76171875 0.3923611111111111 0.76171875 0.34375 0.767578125 0.3333333333333333 0.77734375 0.3333333333333333 0.77734375 0.3402777777777778 0.78125 0.3472222222222222 0.78515625 0.3472222222222222
2 0.44140625 0.5277777777777778 0.4453125 0.5347222222222222 0.453125 0.5347222222222222 0.4609375 0.5416666666666666 0.466796875 0.5416666666666666 0.46875 0.5451388888888888 0.474609375 0.5451388888888888 0.4765625 0.5486111111111112 0.486328125 0.5520833333333334 0.494140625 0.5590277777777778 0.501953125 0.5729166666666666 0.501953125 0.6215277777777778 0.513671875 0.6388888888888888 0.525390625 0.6388888888888888 0.525390625 0.6493055555555556 0.521484375 0.65625 0.51953125 0.65625 0.513671875 0.6458333333333334 0.494140625 0.6458333333333334 0.4921875 0.6493055555555556 0.49609375 0.6597222222222222 0.49609375 0.6666666666666666 0.50390625 0.6805555555555556 0.50390625 0.6875 0.501953125 0.6909722222222222 0.498046875 0.6909722222222222 0.48828125 0.6736111111111112 0.48828125 0.6666666666666666 0.470703125 0.6388888888888888 0.470703125 0.6319444444444444 0.4765625 0.625 0.4765625 0.6111111111111112 0.47265625 0.5972222222222222 0.46875 0.59375 0.46875 0.5902777777777778 0.458984375 0.5729166666666666 0.44921875 0.5729166666666666 0.4453125 0.5625 0.4296875 0.5625 0.427734375 0.5590277777777778 0.4296875 0.5555555555555556 0.4296875 0.5347222222222222 0.43359375 0.5277777777777778 0.439453125 0.5277777777777778
2 0.427734375 0.5590277777777778 0.431640625 0.5625 0.443359375 0.5625 0.447265625 0.5659722222222222 0.44921875 0.5729166666666666 0.458984375 0.5729166666666666 0.47265625 0.6006944444444444 0.4765625 0.6145833333333334 0.474609375 0.6388888888888888 0.4921875 0.6736111111111112 0.494140625 0.6701388888888888 0.501953125 0.6770833333333334 0.501953125 0.6875 0.5 0.6909722222222222 0.498046875 0.6909722222222222 0.5 0.6840277777777778 0.49609375 0.6770833333333334 0.4921875 0.6909722222222222 0.484375 0.6909722222222222 0.48046875 0.6805555555555556 0.46484375 0.65625 0.45703125 0.6354166666666666 0.453125 0.6319444444444444 0.453125 0.6284722222222222 0.4453125 0.6145833333333334 0.443359375 0.6145833333333334 0.443359375 0.6111111111111112 0.431640625 0.5902777777777778 0.427734375 0.5729166666666666 0.427734375 0.5625
2 0.19661458333333334 0.5106481481481482 0.05260416666666667 0.16574074074074074
2 0.58203125 0.5833333333333334 0.5859375 0.5902777777777778 0.58984375 0.5902777777777778 0.591796875 0.59375 0.595703125 0.5902777777777778 0.6171875 0.5902777777777778 0.623046875 0.5833333333333334 0.626953125 0.5833333333333334 0.626953125 0.5902777777777778 0.634765625 0.6076388888888888 0.63671875 0.6180555555555556 0.64453125 0.6319444444444444 0.658203125 0.6388888888888888 0.67578125 0.6631944444444444 0.67578125 0.6770833333333334 0.6640625 0.6875 0.642578125 0.6875 0.640625 0.6840277777777778 0.6328125 0.6840277777777778 0.62109375 0.6736111111111112 0.6171875 0.6736111111111112 0.609375 0.6527777777777778 0.609375 0.625 0.611328125 0.6215277777777778 0.609375 0.6180555555555556 0.609375 0.6111111111111112 0.60546875 0.6041666666666666 0.59375 0.6006944444444444 0.58203125 0.5902777777777778 0.58203125 0.5868055555555556
2 0.78515625 0.2569444444444444 0.791015625 0.2569444444444444 0.79296875 0.2534722222222222 0.798828125 0.2569444444444444 0.798828125 0.2638888888888889 0.80859375 0.2916666666666667 0.80859375 0.3090277777777778 0.818359375 0.3298611111111111 0.8203125 0.3576388888888889 0.83203125 0.375 0.830078125 0.3819444444444444 0.818359375 0.3819444444444444 0.81640625 0.3784722222222222 0.8125 0.3784722222222222 0.794921875 0.3506944444444444 0.779296875 0.3402777777777778 0.779296875 0.3368055555555556 0.787109375 0.3263888888888889 0.787109375 0.3090277777777778 0.783203125 0.2916666666666667 0.783203125 0.2638888888888889 0.78515625 0.2604166666666667
2 0.8125 0.3159722222222222 0.818359375 0.3298611111111111 0.8203125 0.3576388888888889 0.83203125 0.375 0.83203125 0.3819444444444444 0.814453125 0.3819444444444444 0.7890625 0.3472222222222222 0.78515625 0.34375 0.779296875 0.34375 0.779296875 0.3333333333333333 0.787109375 0.3298611111111111 0.79296875 0.3194444444444444 0.796875 0.3159722222222222 0.8046875 0.3159722222222222 0.806640625 0.3125 0.810546875 0.3159722222222222