0 0.16901041666666666 0.8296296296296296 0.030729166666666665 0.05
0 0.640625 0.5451388888888888 0.646484375 0.5555555555555556 0.646484375 0.5763888888888888 0.63671875 0.5868055555555556 0.6328125 0.5868055555555556 0.630859375 0.5833333333333334 0.630859375 0.5763888888888888 0.62890625 0.5729166666666666 0.62890625 0.5555555555555556 0.6328125 0.5451388888888888 0.638671875 0.5451388888888888
0 0.109375 0.5625 0.11328125 0.5659722222222222 0.115234375 0.5729166666666666 0.115234375 0.5972222222222222 0.11328125 0.6041666666666666 0.09765625 0.6041666666666666 0.095703125 0.6006944444444444 0.08984375 0.6006944444444444 0.0859375 0.59375 0.0859375 0.5729166666666666 0.08984375 0.5659722222222222 0.09375 0.5625 0.107421875 0.5625
0 0.244140625 0.4270833333333333 0.251953125 0.4375 0.251953125 0.4513888888888889 0.248046875 0.4583333333333333 0.248046875 0.46875 0.234375 0.46875 0.232421875 0.4652777777777778 0.2265625 0.4652777777777778 0.224609375 0.4583333333333333 0.224609375 0.4340277777777778 0.232421875 0.4270833333333333 0.2421875 0.4270833333333333
0 0.20703125 0.8611111111111112 0.208984375 0.8645833333333334 0.212890625 0.8645833333333334 0.212890625 0.8715277777777778 0.216796875 0.8819444444444444 0.216796875 0.8958333333333334 0.208984375 0.8958333333333334 0.20703125 0.8993055555555556 0.197265625 0.8993055555555556 0.1953125 0.8958333333333334 0.1953125 0.8784722222222222 0.197265625 0.8715277777777778 0.201171875 0.8645833333333334 0.205078125 0.8645833333333334
1 0.6640625 0.6076388888888888 0.66796875 0.6145833333333334 0.66796875 0.6354166666666666 0.6640625 0.6493055555555556 0.65625 0.65625 0.6484375 0.65625 0.646484375 0.6597222222222222 0.6171875 0.6597222222222222 0.615234375 0.6631944444444444 0.609375 0.6631944444444444 0.60546875 0.6597222222222222 0.60546875 0.6527777777777778 0.599609375 0.6423611111111112 0.6015625 0.6388888888888888 0.599609375 0.625 0.603515625 0.6180555555555556 0.609375 0.6111111111111112 0.6171875 0.6076388888888888 0.623046875 0.5972222222222222 0.626953125 0.5972222222222222 0.62890625 0.59375 0.654296875 0.59375 0.662109375 0.6076388888888888
1 0.154296875 0.8541666666666666 0.162109375 0.8541666666666666 0.1640625 0.8576388888888888 0.16796875 0.8576388888888888 0.169921875 0.8541666666666666 0.1796875 0.8541666666666666 0.18359375 0.8715277777777778 0.18359375 0.9027777777777778 0.17578125 0.9201388888888888 0.17578125 0.9270833333333334 0.173828125 0.9305555555555556 0.169921875 0.9305555555555556 0.166015625 0.9236111111111112 0.16796875 0.9201388888888888 0.16796875 0.9131944444444444 0.1640625 0.90625 0.15234375 0.9097222222222222 0.15234375 0.9027777777777778 0.150390625 0.8993055555555556 0.150390625 0.8784722222222222 0.15234375 0.875 0.15234375 0.8611111111111112 0.154296875 0.8576388888888888
1 0.62109375 0.5451388888888888 0.626953125 0.5520833333333334 0.626953125 0.5798611111111112 0.62890625 0.5833333333333334 0.62890625 0.5902777777777778 0.625 0.5902777777777778 0.62109375 0.6006944444444444 0.61328125 0.6041666666666666 0.603515625 0.6145833333333334 0.59765625 0.6145833333333334 0.591796875 0.6076388888888888 0.58984375 0.5798611111111112 0.591796875 0.5798611111111112 0.603515625 0.5555555555555556 0.61328125 0.5451388888888888 0.619140625 0.5451388888888888
1 0.095703125 0.6041666666666666 0.09765625 0.6076388888888888 0.1171875 0.6076388888888888 0.12109375 0.6111111111111112 0.123046875 0.6180555555555556 0.123046875 0.65625 0.134765625 0.6666666666666666 0.134765625 0.6701388888888888 0.126953125 0.6805555555555556 0.12890625 0.7013888888888888 0.126953125 0.7048611111111112 0.111328125 0.7083333333333334 0.109375 0.7118055555555556 0.09375 0.7118055555555556 0.08984375 0.7048611111111112 0.091796875 0.6805555555555556 0.087890625 0.6736111111111112 0.078125 0.6736111111111112 0.07421875 0.6701388888888888 0.07421875 0.6493055555555556 0.076171875 0.6458333333333334 0.076171875 0.625 0.078125 0.6215277777777778 0.078125 0.6111111111111112 0.083984375 0.6041666666666666 0.09375 0.6041666666666666
1 0.224609375 0.4652777777777778 0.2265625 0.46875 0.244140625 0.4722222222222222 0.25390625 0.4826388888888889 0.251953125 0.5069444444444444 0.248046875 0.5104166666666666 0.248046875 0.5208333333333334 0.244140625 0.5347222222222222 0.24609375 0.5416666666666666 0.2421875 0.5486111111111112 0.220703125 0.5416666666666666 0.212890625 0.5347222222222222 0.2109375 0.5277777777777778 0.212890625 0.5208333333333334 0.212890625 0.5069444444444444 0.2109375 0.5034722222222222 0.2109375 0.4722222222222222 0.216796875 0.4652777777777778 0.22265625 0.4652777777777778
1 0.21484375 0.8993055555555556 0.2265625 0.9097222222222222 0.23046875 0.9097222222222222 0.234375 0.9201388888888888 0.234375 0.9305555555555556 0.2109375 0.9305555555555556 0.208984375 0.9340277777777778 0.177734375 0.9340277777777778 0.177734375 0.9236111111111112 0.1796875 0.9166666666666666 0.1875 0.90625 0.212890625 0.8993055555555556
2 0.181640625 0.8125 0.18359375 0.8194444444444444 0.18359375 0.8506944444444444 0.181640625 0.8541666666666666 0.181640625 0.8645833333333334 0.18359375 0.8680555555555556 0.18359375 0.9027777777777778 0.17578125 0.9201388888888888 0.17578125 0.9270833333333334 0.173828125 0.9305555555555556 0.16796875 0.9305555555555556 0.166015625 0.9236111111111112 0.16796875 0.9201388888888888 0.16796875 0.9131944444444444 0.166015625 0.9097222222222222 0.15625 0.9097222222222222 0.154296875 0.9131944444444444 0.15234375 0.9097222222222222 0.15234375 0.9027777777777778 0.150390625 0.8993055555555556 0.150390625 0.875 0.15234375 0.8715277777777778 0.15234375 0.8611111111111112 0.15625 0.8506944444444444 0.154296875 0.8194444444444444 0.166015625 0.8055555555555556 0.17578125 0.8055555555555556 0.1796875 0.8125
2 0.62109375 0.5451388888888888 0.623046875 0.5486111111111112 0.6328125 0.5486111111111112 0.634765625 0.5451388888888888 0.642578125 0.5486111111111112 0.646484375 0.5555555555555556 0.646484375 0.5763888888888888 0.640625 0.5868055555555556 0.623046875 0.59375 0.619140625 0.6006944444444444 0.611328125 0.6076388888888888 0.607421875 0.6076388888888888 0.603515625 0.6145833333333334 0.591796875 0.625 0.583984375 0.6284722222222222 0.578125 0.6354166666666666 0.576171875 0.6423611111111112 0.572265625 0.6423611111111112 0.560546875 0.6527777777777778 0.55859375 0.6493055555555556 0.51953125 0.6493055555555556 0.517578125 0.6458333333333334 0.490234375 0.6493055555555556 0.48828125 0.6458333333333334 0.490234375 0.6388888888888888 0.501953125 0.6284722222222222 0.509765625 0.6284722222222222 0.51171875 0.6319444444444444 0.548828125 0.6319444444444444 0.5546875 0.6215277777777778 0.556640625 0.6215277777777778 0.564453125 0.6076388888888888 0.564453125 0.6041666666666666 0.560546875 0.5972222222222222 0.541015625 0.5972222222222222 0.5390625 0.6006944444444444 0.53515625 0.5972222222222222 0.529296875 0.5972222222222222 0.525390625 0.59375 0.52734375 0.5868055555555556 0.541015625 0.5868055555555556 0.54296875 0.5902777777777778 0.55859375 0.5763888888888888 0.5625 0.5694444444444444 0.58203125 0.5694444444444444 0.583984375 0.5763888888888888 0.58984375 0.5798611111111112 0.59375 0.5763888888888888 0.603515625 0.5555555555555556 0.61328125 0.5451388888888888 0.619140625 0.5451388888888888
2 0.109375 0.5625 0.11328125 0.5659722222222222 0.115234375 0.5729166666666666 0.115234375 0.6041666666666666 0.12109375 0.6111111111111112 0.123046875 0.6180555555555556 0.123046875 0.6527777777777778 0.126953125 0.6597222222222222 0.1328125 0.6597222222222222 0.134765625 0.65625 0.14453125 0.65625 0.1484375 0.6597222222222222 0.146484375 0.6666666666666666 0.140625 0.6666666666666666 0.12890625 0.6805555555555556 0.130859375 0.7118055555555556 0.134765625 0.7222222222222222 0.134765625 0.7638888888888888 0.138671875 0.7743055555555556 0.138671875 0.8020833333333334 0.140625 0.8055555555555556 0.140625 0.8506944444444444 0.130859375 0.8506944444444444 0.12890625 0.8472222222222222 0.126953125 0.8263888888888888 0.125 0.8229166666666666 0.125 0.8020833333333334 0.123046875 0.7986111111111112 0.123046875 0.7743055555555556 0.125 0.7708333333333334 0.119140625 0.75 0.119140625 0.7430555555555556 0.11328125 0.7326388888888888 0.109375 0.7326388888888888 0.103515625 0.7430555555555556 0.095703125 0.7673611111111112 0.091796875 0.7708333333333334 0.08984375 0.78125 0.0859375 0.7881944444444444 0.076171875 0.7951388888888888 0.068359375 0.8125 0.060546875 0.8159722222222222 0.056640625 0.8229166666666666 0.05078125 0.8229166666666666 0.05078125 0.8125 0.052734375 0.8125 0.05859375 0.8020833333333334 0.060546875 0.7916666666666666 0.0703125 0.7743055555555556 0.076171875 0.7708333333333334 0.080078125 0.7638888888888888 0.0859375 0.7395833333333334 0.087890625 0.71875 0.08984375 0.7152777777777778 0.08984375 0.6944444444444444 0.091796875 0.6909722222222222 0.091796875 0.6805555555555556 0.087890625 0.6736111111111112 0.078125 0.6736111111111112 0.07421875 0.6701388888888888 0.076171875 0.625 0.078125 0.6215277777777778 0.078125 0.6111111111111112 0.08203125 0.6076388888888888 0.0859375 0.5972222222222222 0.0859375 0.5729166666666666 0.09375 0.5625 0.107421875 0.5625
2 0.154296875 0.9131944444444444 0.166015625 0.9131944444444444 0.166015625 0.9201388888888888 0.1640625 0.9236111111111112 0.166015625 0.9340277777777778 0.1640625 0.9375 0.1640625 0.9548611111111112 0.162109375 0.9583333333333334 0.162109375 0.9965277777777778 0.140625 0.9965277777777778 0.140625 0.9583333333333334 0.15234375 0.9340277777777778 0.15234375 0.9201388888888888 0.154296875 0.9166666666666666
2 0.6484375 0.5868055555555556 0.65625 0.59375 0.66015625 0.6041666666666666 0.66796875 0.6111111111111112 0.669921875 0.625 0.66796875 0.6284722222222222 0.66796875 0.6388888888888888 0.662109375 0.6527777777777778 0.6484375 0.65625 0.646484375 0.6597222222222222 0.6328125 0.6597222222222222 0.630859375 0.6631944444444444 0.5859375 0.6631944444444444 0.583984375 0.6597222222222222 0.57421875 0.6597222222222222 0.56640625 0.6666666666666666 0.560546875 0.6666666666666666 0.560546875 0.6597222222222222 0.583984375 0.6319444444444444 0.591796875 0.6284722222222222 0.603515625 0.6180555555555556 0.607421875 0.6111111111111112 0.611328125 0.6111111111111112 0.619140625 0.6041666666666666 0.626953125 0.59375 0.638671875 0.59375 0.646484375 0.5868055555555556
2 0.22265625 0.9027777777777778 0.2265625 0.9097222222222222 0.23046875 0.9097222222222222 0.232421875 0.9131944444444444 0.234375 0.9201388888888888 0.234375 0.9305555555555556 0.177734375 0.9340277777777778 0.177734375 0.9236111111111112 0.1796875 0.9166666666666666 0.18359375 0.9097222222222222 0.19140625 0.90625 0.1953125 0.8993055555555556 0.193359375 0.8854166666666666 0.201171875 0.8645833333333334 0.2109375 0.8645833333333334 0.212890625 0.8680555555555556 0.220703125 0.9027777777777778
2 0.244140625 0.4270833333333333 0.248046875 0.4305555555555556 0.251953125 0.4409722222222222 0.25 0.4756944444444444 0.25390625 0.4826388888888889 0.25390625 0.4965277777777778 0.251953125 0.5 0.251953125 0.5069444444444444 0.248046875 0.5138888888888888 0.25 0.5208333333333334 0.248046875 0.5277777777777778 0.251953125 0.5347222222222222 0.251953125 0.5486111111111112 0.25390625 0.5555555555555556 0.263671875 0.5694444444444444 0.26171875 0.59375 0.263671875 0.5972222222222222 0.263671875 0.6180555555555556 0.267578125 0.6284722222222222 0.267578125 0.6388888888888888 0.26953125 0.6423611111111112 0.26953125 0.6909722222222222 0.271484375 0.6944444444444444 0.271484375 0.7013888888888888 0.27734375 0.7118055555555556 0.28515625 0.71875 0.279296875 0.71875 0.27734375 0.7222222222222222 0.2578125 0.7222222222222222 0.255859375 0.71875 0.25390625 0.6736111111111112 0.248046875 0.6458333333333334 0.24609375 0.6493055555555556 0.24609375 0.6840277777777778 0.25 0.6979166666666666 0.2421875 0.7048611111111112 0.234375 0.7048611111111112 0.232421875 0.7013888888888888 0.232421875 0.6805555555555556 0.23046875 0.6770833333333334 0.232421875 0.5972222222222222 0.220703125 0.5729166666666666 0.22265625 0.5694444444444444 0.22265625 0.5520833333333334 0.220703125 0.5451388888888888 0.21484375 0.5381944444444444 0.208984375 0.5243055555555556 0.208984375 0.5104166666666666 0.2109375 0.5069444444444444 0.2109375 0.4722222222222222 0.216796875 0.4652777777777778 0.22265625 0.4652777777777778 0.224609375 0.4618055555555556 0.224609375 0.4340277777777778 0.2265625 0.4305555555555556 0.23046875 0.4305555555555556 0.232421875 0.4270833333333333 0.2421875 0.4270833333333333
0 0.662109375 0.6041666666666666 0.666015625 0.6041666666666666 0.666015625 0.6111111111111112 0.669921875 0.6215277777777778 0.669921875 0.6354166666666666 0.66796875 0.6354166666666666 0.66796875 0.6284722222222222 0.662109375 0.6076388888888888