0 0.1953125 0.7430555555555556 0.203125 0.7534722222222222 0.203125 0.7638888888888888 0.201171875 0.7708333333333334 0.19921875 0.7743055555555556 0.19140625 0.7743055555555556 0.18359375 0.7638888888888888 0.18359375 0.7534722222222222 0.185546875 0.7465277777777778 0.193359375 0.7465277777777778
0 0.23828125 0.7673611111111112 0.244140625 0.7777777777777778 0.244140625 0.7881944444444444 0.23828125 0.7951388888888888 0.2265625 0.7951388888888888 0.220703125 0.7847222222222222 0.220703125 0.7777777777777778 0.2265625 0.7673611111111112 0.236328125 0.7673611111111112
0 0.48828125 0.3958333333333333 0.490234375 0.3993055555555556 0.494140625 0.3993055555555556 0.49609375 0.4131944444444444 0.482421875 0.4131944444444444 0.48046875 0.4166666666666667 0.478515625 0.4131944444444444 0.48046875 0.4027777777777778 0.482421875 0.3993055555555556 0.486328125 0.3993055555555556
0 0.3515625 0.3680555555555556 0.365234375 0.3680555555555556 0.3671875 0.375 0.365234375 0.3888888888888889 0.36328125 0.3923611111111111 0.359375 0.3923611111111111 0.349609375 0.3784722222222222 0.3515625 0.3715277777777778
0 0.501953125 0.2361111111111111 0.50390625 0.23958333333333334 0.50390625 0.25 0.4921875 0.25 0.490234375 0.2465277777777778 0.490234375 0.2361111111111111 0.4921875 0.2326388888888889 0.498046875 0.2326388888888889 0.5 0.2361111111111111
0 0.751953125 0.3958333333333333 0.75390625 0.3993055555555556 0.75390625 0.4131944444444444 0.75 0.4166666666666667 0.740234375 0.4166666666666667 0.73828125 0.4131944444444444 0.73828125 0.3993055555555556 0.740234375 0.3958333333333333 0.75 0.3958333333333333
0 0.478515625 0.4444444444444444 0.4765625 0.4375 0.4765625 0.4236111111111111 0.48046875 0.4166666666666667 0.494140625 0.4166666666666667 0.49609375 0.4201388888888889 0.49609375 0.4340277777777778 0.48046875 0.4444444444444444
0 0.4921875 0.4965277777777778 0.49609375 0.5 0.501953125 0.5138888888888888 0.498046875 0.5243055555555556 0.48828125 0.5243055555555556 0.482421875 0.5173611111111112 0.482421875 0.5034722222222222 0.490234375 0.4965277777777778
0 0.55078125 0.4895833333333333 0.5546875 0.4930555555555556 0.55859375 0.5034722222222222 0.556640625 0.5138888888888888 0.552734375 0.5208333333333334 0.544921875 0.5208333333333334 0.541015625 0.5034722222222222 0.54296875 0.4930555555555556 0.548828125 0.4895833333333333
0 0.376953125 0.3993055555555556 0.380859375 0.4097222222222222 0.376953125 0.4201388888888889 0.365234375 0.4201388888888889 0.36328125 0.4131944444444444 0.3671875 0.3993055555555556 0.37109375 0.3958333333333333 0.375 0.3993055555555556
0 0.55859375 0.5416666666666666 0.560546875 0.5486111111111112 0.560546875 0.5694444444444444 0.55859375 0.5729166666666666 0.552734375 0.5694444444444444 0.548828125 0.5625 0.548828125 0.5451388888888888 0.55078125 0.5416666666666666 0.556640625 0.5416666666666666
0 0.54296875 0.4930555555555556 0.54296875 0.5138888888888888 0.5390625 0.5243055555555556 0.53515625 0.5243055555555556 0.529296875 0.5173611111111112 0.52734375 0.5104166666666666 0.52734375 0.5 0.53125 0.4930555555555556 0.541015625 0.4930555555555556
1 0.498046875 0.4131944444444444 0.5078125 0.4131944444444444 0.509765625 0.4166666666666667 0.513671875 0.4166666666666667 0.517578125 0.4236111111111111 0.521484375 0.4270833333333333 0.52734375 0.4270833333333333 0.53515625 0.4375 0.53515625 0.4409722222222222 0.529296875 0.4513888888888889 0.521484375 0.4583333333333333 0.515625 0.4583333333333333 0.51171875 0.4444444444444444 0.498046875 0.4201388888888889 0.498046875 0.4166666666666667
1 0.501953125 0.4340277777777778 0.505859375 0.4375 0.505859375 0.4409722222222222 0.509765625 0.4444444444444444 0.513671875 0.4548611111111111 0.51953125 0.4895833333333333 0.515625 0.4930555555555556 0.509765625 0.4930555555555556 0.5078125 0.4965277777777778 0.49609375 0.4965277777777778 0.494140625 0.4930555555555556 0.490234375 0.4930555555555556 0.486328125 0.4791666666666667 0.4765625 0.4652777777777778 0.4765625 0.4548611111111111 0.482421875 0.4444444444444444 0.486328125 0.4409722222222222 0.4921875 0.4409722222222222 0.494140625 0.4375 0.5 0.4375
1 0.529296875 0.5173611111111112 0.53125 0.5208333333333334 0.54296875 0.5208333333333334 0.544921875 0.5243055555555556 0.55078125 0.5243055555555556 0.5546875 0.5347222222222222 0.552734375 0.5486111111111112 0.544921875 0.5625 0.541015625 0.5625 0.533203125 0.5763888888888888 0.52734375 0.5694444444444444 0.5234375 0.5694444444444444 0.515625 0.5625 0.51171875 0.5520833333333334 0.515625 0.5277777777777778 0.521484375 0.5173611111111112 0.52734375 0.5173611111111112
1 0.1875 0.7708333333333334 0.193359375 0.7777777777777778 0.1953125 0.7847222222222222 0.1953125 0.7986111111111112 0.19140625 0.8090277777777778 0.1796875 0.8194444444444444 0.16796875 0.8194444444444444 0.16015625 0.8090277777777778 0.171875 0.7777777777777778 0.181640625 0.7673611111111112 0.185546875 0.7708333333333334
1 0.208984375 0.7916666666666666 0.220703125 0.7847222222222222 0.2265625 0.7951388888888888 0.234375 0.7986111111111112 0.24609375 0.7881944444444444 0.251953125 0.7881944444444444 0.251953125 0.8055555555555556 0.2421875 0.8229166666666666 0.23828125 0.8402777777777778 0.232421875 0.8402777777777778 0.23046875 0.84375 0.21875 0.8402777777777778 0.21484375 0.8333333333333334 0.21484375 0.8263888888888888 0.208984375 0.8090277777777778 0.208984375 0.7951388888888888
1 0.361328125 0.3958333333333333 0.36328125 0.4027777777777778 0.359375 0.4166666666666667 0.353515625 0.4270833333333333 0.353515625 0.4444444444444444 0.3515625 0.4479166666666667 0.345703125 0.4409722222222222 0.337890625 0.4479166666666667 0.33203125 0.4583333333333333 0.32421875 0.4548611111111111 0.328125 0.4375 0.33203125 0.4305555555555556 0.33203125 0.4236111111111111 0.33984375 0.40625 0.341796875 0.3958333333333333 0.34765625 0.3854166666666667 0.353515625 0.3854166666666667 0.359375 0.3958333333333333
1 0.501953125 0.2534722222222222 0.513671875 0.2708333333333333 0.517578125 0.2847222222222222 0.517578125 0.2986111111111111 0.51953125 0.3020833333333333 0.515625 0.3020833333333333 0.509765625 0.3090277777777778 0.501953125 0.3090277777777778 0.49609375 0.2847222222222222 0.4921875 0.2777777777777778 0.4921875 0.2569444444444444 0.494140625 0.2534722222222222 0.5 0.2534722222222222
1 0.759765625 0.4201388888888889 0.763671875 0.4236111111111111 0.765625 0.4305555555555556 0.765625 0.4375 0.763671875 0.4409722222222222 0.763671875 0.46875 0.767578125 0.4861111111111111 0.763671875 0.4930555555555556 0.755859375 0.4930555555555556 0.75390625 0.4965277777777778 0.748046875 0.4965277777777778 0.744140625 0.4861111111111111 0.740234375 0.4618055555555556 0.73828125 0.4583333333333333 0.736328125 0.4618055555555556 0.732421875 0.4583333333333333 0.732421875 0.4409722222222222 0.740234375 0.4236111111111111 0.74609375 0.4236111111111111 0.75390625 0.4166666666666667 0.7578125 0.4201388888888889
1 0.48046875 0.5173611111111112 0.4921875 0.5347222222222222 0.494140625 0.5347222222222222 0.5 0.5208333333333334 0.50390625 0.5208333333333334 0.501953125 0.5347222222222222 0.5 0.5347222222222222 0.4921875 0.5555555555555556 0.48828125 0.5590277777777778 0.486328125 0.5659722222222222 0.48828125 0.5694444444444444 0.486328125 0.5729166666666666 0.48046875 0.5729166666666666 0.4765625 0.5763888888888888 0.458984375 0.5555555555555556 0.458984375 0.5520833333333334 0.4609375 0.5520833333333334 0.47265625 0.53125 0.47265625 0.5243055555555556 0.474609375 0.5208333333333334 0.478515625 0.5208333333333334
1 0.564453125 0.5798611111111112 0.56640625 0.5833333333333334 0.56640625 0.5902777777777778 0.5625 0.59375 0.55859375 0.6041666666666666 0.556640625 0.6388888888888888 0.55078125 0.6388888888888888 0.544921875 0.6319444444444444 0.53515625 0.6319444444444444 0.53515625 0.5972222222222222 0.537109375 0.59375 0.537109375 0.5868055555555556 0.546875 0.5763888888888888 0.560546875 0.5763888888888888 0.5625 0.5798611111111112
1 0.564453125 0.5104166666666666 0.572265625 0.5208333333333334 0.572265625 0.5451388888888888 0.576171875 0.5555555555555556 0.57421875 0.5625 0.5703125 0.5625 0.5703125 0.5381944444444444 0.568359375 0.5347222222222222 0.564453125 0.5381944444444444 0.5625 0.5451388888888888 0.55859375 0.5451388888888888 0.5546875 0.5347222222222222 0.5546875 0.5208333333333334 0.560546875 0.5104166666666666 0.5625 0.5104166666666666
1 0.384765625 0.4166666666666667 0.392578125 0.4305555555555556 0.388671875 0.4409722222222222 0.388671875 0.46875 0.390625 0.4722222222222222 0.388671875 0.4791666666666667 0.36328125 0.4791666666666667 0.359375 0.4652777777777778 0.359375 0.4513888888888889 0.35546875 0.4340277777777778 0.357421875 0.4236111111111111 0.361328125 0.4236111111111111 0.36328125 0.4201388888888889 0.365234375 0.4236111111111111 0.375 0.4236111111111111 0.3828125 0.4166666666666667
2 0.48046875 0.4131944444444444 0.48046875 0.4027777777777778 0.482421875 0.3993055555555556 0.4921875 0.3993055555555556 0.5 0.4131944444444444 0.5078125 0.4131944444444444 0.509765625 0.4166666666666667 0.513671875 0.4166666666666667 0.521484375 0.4270833333333333 0.533203125 0.4305555555555556 0.541015625 0.4479166666666667 0.541015625 0.4548611111111111 0.533203125 0.4756944444444444 0.53125 0.4756944444444444 0.52734375 0.4861111111111111 0.5234375 0.4861111111111111 0.517578125 0.4722222222222222 0.515625 0.4548611111111111 0.49609375 0.4131944444444444 0.482421875 0.4131944444444444 0.48046875 0.4166666666666667
2 0.751953125 0.3958333333333333 0.75390625 0.3993055555555556 0.75390625 0.4131944444444444 0.7578125 0.4201388888888889 0.763671875 0.4236111111111111 0.765625 0.4305555555555556 0.765625 0.4375 0.763671875 0.4409722222222222 0.763671875 0.46875 0.767578125 0.4861111111111111 0.765625 0.5173611111111112 0.775390625 0.5451388888888888 0.78125 0.5555555555555556 0.783203125 0.5555555555555556 0.783203125 0.5625 0.78125 0.5659722222222222 0.77734375 0.5659722222222222 0.7734375 0.5590277777777778 0.771484375 0.5486111111111112 0.765625 0.5416666666666666 0.76171875 0.5277777777777778 0.759765625 0.5243055555555556 0.75390625 0.5243055555555556 0.748046875 0.5347222222222222 0.748046875 0.5416666666666666 0.751953125 0.5486111111111112 0.75390625 0.5590277777777778 0.765625 0.5833333333333334 0.765625 0.5868055555555556 0.759765625 0.59375 0.748046875 0.59375 0.748046875 0.5902777777777778 0.751953125 0.5868055555555556 0.751953125 0.5729166666666666 0.736328125 0.5416666666666666 0.73828125 0.5173611111111112 0.74609375 0.4930555555555556 0.740234375 0.4722222222222222 0.732421875 0.4618055555555556 0.732421875 0.4409722222222222 0.73828125 0.4270833333333333 0.73828125 0.3993055555555556 0.740234375 0.3958333333333333 0.75 0.3958333333333333
2 0.49609375 0.4166666666666667 0.51171875 0.4479166666666667 0.515625 0.4618055555555556 0.515625 0.4722222222222222 0.525390625 0.4965277777777778 0.525390625 0.5104166666666666 0.517578125 0.5138888888888888 0.51171875 0.5243055555555556 0.5078125 0.5243055555555556 0.5078125 0.5208333333333334 0.49609375 0.4965277777777778 0.4921875 0.4930555555555556 0.484375 0.4930555555555556 0.4765625 0.46875 0.4765625 0.4548611111111111 0.484375 0.4409722222222222 0.484375 0.4236111111111111 0.482421875 0.4201388888888889 0.484375 0.4166666666666667 0.494140625 0.4166666666666667
2 0.19921875 0.7465277777777778 0.203125 0.7534722222222222 0.203125 0.7673611111111112 0.19921875 0.78125 0.203125 0.7986111111111112 0.201171875 0.7986111111111112 0.1953125 0.8125 0.19140625 0.8125 0.189453125 0.8159722222222222 0.189453125 0.8229166666666666 0.1953125 0.8333333333333334 0.19921875 0.8472222222222222 0.19921875 0.8611111111111112 0.193359375 0.8680555555555556 0.189453125 0.8645833333333334 0.181640625 0.8784722222222222 0.169921875 0.8784722222222222 0.162109375 0.8680555555555556 0.1640625 0.8541666666666666 0.15625 0.8368055555555556 0.15625 0.8229166666666666 0.1640625 0.7951388888888888 0.171875 0.78125 0.171875 0.7777777777777778 0.173828125 0.7777777777777778 0.18359375 0.7604166666666666 0.18359375 0.7534722222222222 0.1875 0.7465277777777778 0.197265625 0.7465277777777778
2 0.23828125 0.7673611111111112 0.24609375 0.7847222222222222 0.251953125 0.7881944444444444 0.251953125 0.7951388888888888 0.255859375 0.8055555555555556 0.25390625 0.8472222222222222 0.251953125 0.8506944444444444 0.248046875 0.8472222222222222 0.25 0.8229166666666666 0.24609375 0.8194444444444444 0.23828125 0.8402777777777778 0.23828125 0.8784722222222222 0.236328125 0.8819444444444444 0.236328125 0.8888888888888888 0.23046875 0.8958333333333334 0.224609375 0.8958333333333334 0.216796875 0.8854166666666666 0.2109375 0.8888888888888888 0.20703125 0.8958333333333334 0.20703125 0.9097222222222222 0.2109375 0.9166666666666666 0.208984375 0.9201388888888888 0.203125 0.9201388888888888 0.197265625 0.9305555555555556 0.193359375 0.9270833333333334 0.193359375 0.9166666666666666 0.19921875 0.8958333333333334 0.201171875 0.8715277777777778 0.205078125 0.8611111111111112 0.20703125 0.8402777777777778 0.208984375 0.8368055555555556 0.20703125 0.7986111111111112 0.208984375 0.7916666666666666 0.21484375 0.7881944444444444 0.2265625 0.7673611111111112 0.236328125 0.7673611111111112
2 0.34375 0.3888888888888889 0.349609375 0.3819444444444444 0.353515625 0.3680555555555556 0.36328125 0.3680555555555556 0.3671875 0.375 0.3671875 0.3854166666666667 0.36328125 0.3958333333333333 0.361328125 0.4131944444444444 0.353515625 0.4270833333333333 0.35546875 0.4583333333333333 0.357421875 0.4652777777777778 0.35546875 0.46875 0.353515625 0.4652777777777778 0.341796875 0.4652777777777778 0.337890625 0.46875 0.333984375 0.4756944444444444 0.33203125 0.4861111111111111 0.326171875 0.4965277777777778 0.32421875 0.4965277777777778 0.3046875 0.5347222222222222 0.302734375 0.53125 0.302734375 0.5208333333333334 0.30859375 0.5104166666666666 0.310546875 0.5 0.3203125 0.4826388888888889 0.3203125 0.4618055555555556 0.33203125 0.4305555555555556 0.333984375 0.4166666666666667 0.33984375 0.40625 0.34375 0.3923611111111111
2 0.474609375 0.4652777777777778 0.4765625 0.4756944444444444 0.48046875 0.4826388888888889 0.48046875 0.5034722222222222 0.478515625 0.5069444444444444 0.478515625 0.5138888888888888 0.4765625 0.5138888888888888 0.470703125 0.5243055555555556 0.462890625 0.5451388888888888 0.4609375 0.5451388888888888 0.447265625 0.5659722222222222 0.44921875 0.5729166666666666 0.44140625 0.5729166666666666 0.435546875 0.5625 0.435546875 0.5555555555555556 0.43359375 0.5520833333333334 0.4296875 0.5520833333333334 0.42578125 0.5625 0.421875 0.5590277777777778 0.423828125 0.5520833333333334 0.423828125 0.5381944444444444 0.43359375 0.5381944444444444 0.435546875 0.5347222222222222 0.439453125 0.5347222222222222 0.443359375 0.5277777777777778 0.451171875 0.5243055555555556 0.455078125 0.5138888888888888 0.455078125 0.4930555555555556 0.45703125 0.4895833333333333 0.45703125 0.4826388888888889 0.47265625 0.4652777777777778
2 0.54296875 0.4930555555555556 0.552734375 0.4930555555555556 0.556640625 0.4965277777777778 0.556640625 0.5138888888888888 0.552734375 0.5208333333333334 0.556640625 0.5451388888888888 0.55078125 0.5590277777777778 0.5390625 0.5694444444444444 0.529296875 0.5868055555555556 0.53125 0.5902777777777778 0.529296875 0.59375 0.529296875 0.6041666666666666 0.525390625 0.6041666666666666 0.517578125 0.6111111111111112 0.513671875 0.625 0.513671875 0.6319444444444444 0.505859375 0.6527777777777778 0.505859375 0.6666666666666666 0.501953125 0.6736111111111112 0.498046875 0.6736111111111112 0.49609375 0.6701388888888888 0.498046875 0.6493055555555556 0.5 0.6458333333333334 0.5 0.6354166666666666 0.5078125 0.6180555555555556 0.509765625 0.5833333333333334 0.513671875 0.5694444444444444 0.51171875 0.5659722222222222 0.51171875 0.5416666666666666 0.515625 0.5277777777777778 0.521484375 0.5173611111111112 0.52734375 0.5173611111111112 0.529296875 0.5138888888888888 0.529296875 0.5069444444444444 0.53125 0.5104166666666666 0.53515625 0.5104166666666666 0.54296875 0.4965277777777778
2 0.490234375 0.4965277777777778 0.4921875 0.5 0.49609375 0.5 0.50390625 0.5173611111111112 0.50390625 0.53125 0.494140625 0.5486111111111112 0.49609375 0.5659722222222222 0.498046875 0.5694444444444444 0.5078125 0.5659722222222222 0.505859375 0.5694444444444444 0.498046875 0.5694444444444444 0.49609375 0.5729166666666666 0.486328125 0.5729166666666666 0.482421875 0.5798611111111112 0.484375 0.6111111111111112 0.48046875 0.6215277777777778 0.46875 0.6388888888888888 0.466796875 0.6458333333333334 0.470703125 0.6631944444444444 0.466796875 0.6666666666666666 0.46484375 0.6631944444444444 0.4609375 0.6631944444444444 0.45703125 0.65625 0.458984375 0.6493055555555556 0.458984375 0.6388888888888888 0.46484375 0.6319444444444444 0.46484375 0.625 0.462890625 0.6215277777777778 0.458984375 0.6215277777777778 0.447265625 0.6423611111111112 0.443359375 0.6423611111111112 0.4375 0.6493055555555556 0.43359375 0.6666666666666666 0.427734375 0.6666666666666666 0.42578125 0.6631944444444444 0.42578125 0.6527777777777778 0.44921875 0.6145833333333334 0.451171875 0.5902777777777778 0.453125 0.5868055555555556 0.453125 0.5659722222222222 0.45703125 0.5555555555555556 0.4609375 0.5520833333333334 0.466796875 0.5416666666666666 0.466796875 0.5381944444444444 0.48046875 0.5173611111111112 0.482421875 0.5034722222222222 0.48828125 0.4965277777777778
2 0.546875 0.5694444444444444 0.548828125 0.5729166666666666 0.560546875 0.5763888888888888 0.56640625 0.5833333333333334 0.56640625 0.6041666666666666 0.560546875 0.6111111111111112 0.556640625 0.625 0.556640625 0.6423611111111112 0.564453125 0.65625 0.56640625 0.6631944444444444 0.56640625 0.6736111111111112 0.568359375 0.6770833333333334 0.568359375 0.6979166666666666 0.56640625 0.7013888888888888 0.56640625 0.7152777777777778 0.564453125 0.71875 0.564453125 0.7465277777777778 0.568359375 0.7569444444444444 0.560546875 0.7569444444444444 0.552734375 0.75 0.552734375 0.7430555555555556 0.556640625 0.7326388888888888 0.556640625 0.7048611111111112 0.552734375 0.6909722222222222 0.546875 0.6909722222222222 0.54296875 0.6979166666666666 0.537109375 0.6979166666666666 0.525390625 0.7118055555555556 0.51953125 0.7118055555555556 0.517578125 0.7083333333333334 0.517578125 0.7048611111111112 0.5234375 0.7013888888888888 0.537109375 0.6840277777777778 0.537109375 0.6631944444444444 0.533203125 0.65625 0.533203125 0.6493055555555556 0.53125 0.6458333333333334 0.53125 0.6388888888888888 0.53515625 0.6284722222222222 0.53515625 0.5972222222222222 0.533203125 0.59375 0.533203125 0.5868055555555556 0.5390625 0.5729166666666666 0.544921875 0.5694444444444444
2 0.490234375 0.2361111111111111 0.494140625 0.2361111111111111 0.49609375 0.2326388888888889 0.501953125 0.2361111111111111 0.505859375 0.25 0.505859375 0.2569444444444444 0.51171875 0.2638888888888889 0.521484375 0.3055555555555556 0.521484375 0.3159722222222222 0.517578125 0.3263888888888889 0.517578125 0.3506944444444444 0.53125 0.3819444444444444 0.53125 0.3888888888888889 0.529296875 0.3923611111111111 0.51953125 0.3923611111111111 0.515625 0.3819444444444444 0.515625 0.375 0.509765625 0.3645833333333333 0.505859375 0.3645833333333333 0.4921875 0.3506944444444444 0.4921875 0.34375 0.490234375 0.3402777777777778 0.4921875 0.3368055555555556 0.4921875 0.3298611111111111 0.5 0.3125 0.5 0.2986111111111111 0.490234375 0.2708333333333333 0.490234375 0.2604166666666667 0.4921875 0.2569444444444444 0.490234375 0.2534722222222222 0.490234375 0.23958333333333334
2 0.376953125 0.3993055555555556 0.380859375 0.4131944444444444 0.392578125 0.4270833333333333 0.392578125 0.4340277777777778 0.400390625 0.4479166666666667 0.400390625 0.4583333333333333 0.396484375 0.4583333333333333 0.39453125 0.4548611111111111 0.390625 0.4548611111111111 0.388671875 0.4583333333333333 0.388671875 0.4652777777777778 0.396484375 0.4861111111111111 0.39453125 0.5173611111111112 0.388671875 0.53125 0.38671875 0.5520833333333334 0.3828125 0.5520833333333334 0.37890625 0.5451388888888888 0.384765625 0.5243055555555556 0.384765625 0.5104166666666666 0.380859375 0.5034722222222222 0.373046875 0.5034722222222222 0.365234375 0.5104166666666666 0.36328125 0.5173611111111112 0.361328125 0.5173611111111112 0.35546875 0.5277777777777778 0.34375 0.5729166666666666 0.3359375 0.5729166666666666 0.3359375 0.5659722222222222 0.341796875 0.5520833333333334 0.341796875 0.5381944444444444 0.3515625 0.5069444444444444 0.3515625 0.5 0.361328125 0.4791666666666667 0.359375 0.4583333333333333 0.357421875 0.4548611111111111 0.357421875 0.4375 0.35546875 0.4340277777777778 0.35546875 0.4270833333333333 0.36328125 0.4166666666666667 0.36328125 0.40625 0.3671875 0.3993055555555556 0.37109375 0.3958333333333333 0.375 0.3993055555555556
2 0.56640625 0.5104166666666666 0.572265625 0.5208333333333334 0.572265625 0.5416666666666666 0.576171875 0.5520833333333334 0.576171875 0.5590277777777778 0.5859375 0.5798611111111112 0.58984375 0.59375 0.58984375 0.6006944444444444 0.59765625 0.6145833333333334 0.59765625 0.625 0.607421875 0.6493055555555556 0.607421875 0.6597222222222222 0.6015625 0.6597222222222222 0.59765625 0.6493055555555556 0.59375 0.6493055555555556 0.5859375 0.6423611111111112 0.580078125 0.6319444444444444 0.576171875 0.6319444444444444 0.568359375 0.6180555555555556 0.568359375 0.6111111111111112 0.572265625 0.6076388888888888 0.57421875 0.6006944444444444 0.5703125 0.59375 0.56640625 0.5763888888888888 0.5625 0.5729166666666666 0.560546875 0.5659722222222222 0.560546875 0.5486111111111112 0.5546875 0.53125 0.5546875 0.5173611111111112 0.55859375 0.5104166666666666 0.564453125 0.5104166666666666