0 0.220703125 0.7291666666666666 0.224609375 0.7395833333333334 0.22265625 0.7465277777777778 0.21484375 0.7465277777777778 0.212890625 0.7430555555555556 0.212890625 0.7361111111111112 0.21875 0.7291666666666666
0 0.3953125 0.5314814814814814 0.0125 0.025925925925925925
0 0.666015625 0.5104166666666666 0.673828125 0.5104166666666666 0.67578125 0.5138888888888888 0.67578125 0.5243055555555556 0.671875 0.53125 0.666015625 0.5243055555555556 0.666015625 0.5138888888888888
0 0.021484375 0.7326388888888888 0.021484375 0.7222222222222222 0.02734375 0.7152777777777778 0.033203125 0.7152777777777778 0.03515625 0.71875 0.03515625 0.7326388888888888 0.03125 0.7361111111111112 0.0234375 0.7326388888888888
0 0.09375 0.19791666666666666 0.099609375 0.19444444444444445 0.107421875 0.2013888888888889 0.107421875 0.20833333333333334 0.10546875 0.21180555555555555 0.095703125 0.21180555555555555 0.09375 0.20833333333333334 0.09375 0.2013888888888889
0 0 0.1875 0.005859375 0.1875 0.009765625 0.19444444444444445 0.009765625 0.2013888888888889 0.005859375 0.2048611111111111 0 0.2048611111111111 0 0.1909722222222222
0 0.154296875 0.19444444444444445 0.162109375 0.19444444444444445 0.166015625 0.19791666666666666 0.166015625 0.20833333333333334 0.1640625 0.21180555555555555 0.158203125 0.21180555555555555 0.154296875 0.20833333333333334 0.154296875 0.19791666666666666
0 0.2703125 0.6231481481481481 0.014583333333333334 0.025925925925925925
0 0.025390625 0.20833333333333334 0.02734375 0.2152777777777778 0.021484375 0.2222222222222222 0.017578125 0.21875 0.01171875 0.21875 0.009765625 0.2152777777777778 0.009765625 0.20833333333333334 0.01171875 0.2048611111111111 0.021484375 0.2048611111111111 0.0234375 0.20833333333333334
0 0.22265625 0.19444444444444445 0.22265625 0.2048611111111111 0.21875 0.20833333333333334 0.21484375 0.20833333333333334 0.2109375 0.2013888888888889 0.2109375 0.19444444444444445 0.212890625 0.1909722222222222 0.21875 0.1909722222222222 0.220703125 0.19444444444444445
0 0.013671875 0.4826388888888889 0.017578125 0.4861111111111111 0.017578125 0.4965277777777778 0.009765625 0.5034722222222222 0.00390625 0.4965277777777778 0.00390625 0.4861111111111111 0.005859375 0.4826388888888889 0.01171875 0.4826388888888889
0 0.490234375 0.5277777777777778 0.498046875 0.5277777777777778 0.5 0.5347222222222222 0.498046875 0.5486111111111112 0.49609375 0.5451388888888888 0.4921875 0.5451388888888888 0.48828125 0.5381944444444444 0.490234375 0.53125
0 0.064453125 0.16319444444444445 0.064453125 0.1736111111111111 0.060546875 0.17708333333333334 0.052734375 0.17708333333333334 0.05078125 0.16666666666666666 0.052734375 0.16319444444444445 0.0625 0.16319444444444445
0 0.185546875 0.7118055555555556 0.189453125 0.71875 0.189453125 0.7326388888888888 0.1875 0.7361111111111112 0.17578125 0.7326388888888888 0.17578125 0.71875 0.18359375 0.7118055555555556
1 0.8203125 0.13194444444444445 0.828125 0.125 0.833984375 0.13541666666666666 0.833984375 0.14583333333333334 0.8359375 0.14930555555555555 0.8359375 0.15625 0.833984375 0.1597222222222222 0.830078125 0.16319444444444445 0.82421875 0.16319444444444445 0.8203125 0.1527777777777778 0.8203125 0.13541666666666666
1 0.025390625 0.2222222222222222 0.02734375 0.22916666666666666 0.02734375 0.24305555555555555 0.029296875 0.2465277777777778 0.029296875 0.2743055555555556 0.025390625 0.28125 0.009765625 0.28125 0.005859375 0.2777777777777778 0.005859375 0.2708333333333333 0.00390625 0.2673611111111111 0.00390625 0.2604166666666667 0.005859375 0.2569444444444444 0.00390625 0.2361111111111111 0.005859375 0.22916666666666666 0.009765625 0.2222222222222222 0.0234375 0.2222222222222222
1 0.189453125 0.2048611111111111 0.19140625 0.20833333333333334 0.19921875 0.20833333333333334 0.203125 0.21875 0.203125 0.22916666666666666 0.201171875 0.2326388888888889 0.201171875 0.2534722222222222 0.19921875 0.2569444444444444 0.185546875 0.2569444444444444 0.18359375 0.25 0.181640625 0.21180555555555555 0.18359375 0.20833333333333334 0.1875 0.20833333333333334
1 0.658203125 0.5277777777777778 0.662109375 0.5243055555555556 0.66796875 0.5243055555555556 0.671875 0.53125 0.669921875 0.5625 0.66015625 0.5625 0.658203125 0.5659722222222222 0.65625 0.5625 0.65625 0.5347222222222222 0.658203125 0.53125
1 0.01953125 0.7361111111111112 0.025390625 0.7326388888888888 0.033203125 0.7395833333333334 0.033203125 0.7569444444444444 0.029296875 0.7708333333333334 0.03125 0.7881944444444444 0.0234375 0.7881944444444444 0.013671875 0.7777777777777778 0.015625 0.7465277777777778 0.01953125 0.7395833333333334
1 0 0.1875 0.005859375 0.1875 0.009765625 0.19444444444444445 0.009765625 0.2152777777777778 0.00390625 0.22916666666666666 0 0.22916666666666666 0 0.1909722222222222
1 0.38671875 0.5451388888888888 0.390625 0.5416666666666666 0.396484375 0.5416666666666666 0.400390625 0.5486111111111112 0.40234375 0.5555555555555556 0.40234375 0.5763888888888888 0.40625 0.5833333333333334 0.40625 0.5868055555555556 0.38671875 0.5868055555555556 0.3828125 0.5798611111111112 0.3828125 0.5625 0.38671875 0.5486111111111112
1 0.2265625 0.75 0.232421875 0.7604166666666666 0.232421875 0.7881944444444444 0.224609375 0.8055555555555556 0.2109375 0.8020833333333334 0.208984375 0.7777777777777778 0.203125 0.7673611111111112 0.203125 0.7569444444444444 0.20703125 0.75 0.21484375 0.75 0.216796875 0.7465277777777778 0.22265625 0.7465277777777778 0.224609375 0.75
1 0.2734375 0.6354166666666666 0.27734375 0.6423611111111112 0.27734375 0.6666666666666666 0.279296875 0.6701388888888888 0.279296875 0.6840277777777778 0.275390625 0.6875 0.265625 0.6875 0.263671875 0.6840277777777778 0.263671875 0.6701388888888888 0.26171875 0.6666666666666666 0.26171875 0.6458333333333334 0.263671875 0.6388888888888888 0.265625 0.6354166666666666 0.271484375 0.6354166666666666
1 0.16796875 0.2152777777777778 0.171875 0.22569444444444445 0.169921875 0.2326388888888889 0.169921875 0.2638888888888889 0.16796875 0.2708333333333333 0.15234375 0.2673611111111111 0.150390625 0.2638888888888889 0.150390625 0.24305555555555555 0.146484375 0.2326388888888889 0.146484375 0.21875 0.1484375 0.2152777777777778 0.15234375 0.2152777777777778 0.154296875 0.21180555555555555 0.166015625 0.2152777777777778
1 0.224609375 0.20833333333333334 0.228515625 0.21875 0.228515625 0.2569444444444444 0.224609375 0.2638888888888889 0.21484375 0.2638888888888889 0.2109375 0.2569444444444444 0.2109375 0.25 0.20703125 0.23958333333333334 0.20703125 0.2152777777777778 0.208984375 0.21180555555555555 0.21875 0.21180555555555555 0.22265625 0.20833333333333334
1 0.109375 0.2152777777777778 0.109375 0.22569444444444445 0.1015625 0.25 0.1015625 0.2638888888888889 0.091796875 0.2638888888888889 0.08984375 0.2604166666666667 0.091796875 0.2569444444444444 0.091796875 0.24305555555555555 0.087890625 0.22916666666666666 0.087890625 0.21875 0.08984375 0.2152777777777778 0.107421875 0.2152777777777778
1 0 0.5277777777777778 0 0.5138888888888888 0.00390625 0.5069444444444444 0.009765625 0.5069444444444444 0.015625 0.5 0.021484375 0.5 0.029296875 0.5138888888888888 0.029296875 0.5277777777777778 0.025390625 0.5347222222222222 0.025390625 0.5555555555555556 0.0234375 0.5590277777777778 0.01171875 0.5590277777777778 0.0078125 0.5555555555555556 0.001953125 0.5277777777777778
1 0.236328125 0.1909722222222222 0.23828125 0.19444444444444445 0.23828125 0.21875 0.234375 0.2361111111111111 0.23046875 0.2326388888888889 0.228515625 0.22569444444444445 0.228515625 0.2152777777777778 0.2265625 0.21180555555555555 0.2265625 0.2013888888888889 0.232421875 0.1909722222222222 0.234375 0.1909722222222222
1 0.494140625 0.5451388888888888 0.49609375 0.5520833333333334 0.490234375 0.5763888888888888 0.486328125 0.5763888888888888 0.484375 0.5729166666666666 0.48046875 0.5798611111111112 0.474609375 0.5798611111111112 0.474609375 0.5694444444444444 0.486328125 0.5451388888888888 0.4921875 0.5451388888888888
1 0.048828125 0.21875 0.046875 0.2013888888888889 0.048828125 0.19791666666666666 0.048828125 0.1840277777777778 0.05078125 0.18055555555555555 0.068359375 0.18055555555555555 0.072265625 0.1909722222222222 0.072265625 0.19791666666666666 0.06640625 0.19791666666666666 0.064453125 0.2013888888888889 0.064453125 0.21180555555555555 0.060546875 0.21180555555555555 0.052734375 0.2222222222222222 0.05078125 0.21875
1 0.408203125 0.1701388888888889 0.412109375 0.18055555555555555 0.412109375 0.19444444444444445 0.408203125 0.21180555555555555 0.404296875 0.2152777777777778 0.400390625 0.21180555555555555 0.39453125 0.21180555555555555 0.390625 0.2048611111111111 0.390625 0.1736111111111111 0.392578125 0.1701388888888889 0.40625 0.1701388888888889
1 0.18359375 0.7361111111111112 0.189453125 0.7465277777777778 0.189453125 0.7534722222222222 0.1875 0.7604166666666666 0.18359375 0.7638888888888888 0.185546875 0.7673611111111112 0.185546875 0.7743055555555556 0.181640625 0.7881944444444444 0.177734375 0.7881944444444444 0.169921875 0.78125 0.169921875 0.75 0.171875 0.7465277777777778 0.171875 0.7361111111111112 0.173828125 0.7326388888888888 0.181640625 0.7361111111111112
2 0.3984375 0.1597222222222222 0.40234375 0.1597222222222222 0.412109375 0.18055555555555555 0.412109375 0.19791666666666666 0.40625 0.21875 0.40625 0.2604166666666667 0.404296875 0.2638888888888889 0.40625 0.2673611111111111 0.404296875 0.2708333333333333 0.3984375 0.2638888888888889 0.392578125 0.2673611111111111 0.390625 0.2604166666666667 0.390625 0.2465277777777778 0.392578125 0.24305555555555555 0.390625 0.1736111111111111 0.3984375 0.16319444444444445
2 0.025390625 0.20833333333333334 0.02734375 0.21180555555555555 0.02734375 0.22916666666666666 0.029296875 0.2326388888888889 0.029296875 0.2569444444444444 0.033203125 0.2708333333333333 0.029296875 0.28125 0.029296875 0.3159722222222222 0.03125 0.3194444444444444 0.03125 0.3263888888888889 0.029296875 0.3298611111111111 0.017578125 0.3263888888888889 0.01171875 0.3333333333333333 0.0078125 0.3263888888888889 0.0078125 0.3020833333333333 0.005859375 0.2986111111111111 0.005859375 0.2847222222222222 0.00390625 0.28125 0.00390625 0.2361111111111111 0.0078125 0.22569444444444445 0.0078125 0.2152777777777778 0.01171875 0.2048611111111111 0.021484375 0.2048611111111111 0.0234375 0.20833333333333334
2 0.189453125 0.19444444444444445 0.193359375 0.19444444444444445 0.193359375 0.19791666666666666 0.19921875 0.20833333333333334 0.201171875 0.20833333333333334 0.201171875 0.2152777777777778 0.203125 0.21875 0.203125 0.24305555555555555 0.201171875 0.2465277777777778 0.201171875 0.2534722222222222 0.203125 0.2569444444444444 0.203125 0.2708333333333333 0.201171875 0.2743055555555556 0.201171875 0.2986111111111111 0.203125 0.3020833333333333 0.203125 0.3090277777777778 0.19921875 0.3159722222222222 0.193359375 0.3055555555555556 0.189453125 0.3159722222222222 0.185546875 0.3159722222222222 0.18359375 0.3125 0.18359375 0.2847222222222222 0.1796875 0.2777777777777778 0.1796875 0.2604166666666667 0.181640625 0.2569444444444444 0.181640625 0.21180555555555555 0.189453125 0.19791666666666666
2 0.666015625 0.5104166666666666 0.671875 0.5104166666666666 0.67578125 0.5138888888888888 0.67578125 0.5277777777777778 0.669921875 0.5486111111111112 0.669921875 0.5590277777777778 0.673828125 0.5694444444444444 0.673828125 0.59375 0.66796875 0.6111111111111112 0.669921875 0.6284722222222222 0.6640625 0.6284722222222222 0.662109375 0.6180555555555556 0.65234375 0.5972222222222222 0.65234375 0.5868055555555556 0.654296875 0.5833333333333334 0.65625 0.5625 0.654296875 0.5590277777777778 0.654296875 0.5451388888888888 0.6484375 0.53125 0.6484375 0.5173611111111112 0.65234375 0.5208333333333334 0.65234375 0.53125 0.654296875 0.5347222222222222 0.65625 0.5277777777777778 0.662109375 0.5243055555555556 0.666015625 0.5138888888888888
2 0 0.18055555555555555 0.005859375 0.1840277777777778 0.009765625 0.19444444444444445 0.0078125 0.21875 0.005859375 0.22569444444444445 0 0.2326388888888889 0 0.1840277777777778
2 0.39609375 0.5851851851851851 0.03802083333333333 0.13148148148148148
2 0.0078125 0.78125 0.013671875 0.7743055555555556 0.015625 0.7465277777777778 0.021484375 0.7291666666666666 0.021484375 0.7222222222222222 0.0234375 0.71875 0.033203125 0.71875 0.03515625 0.7222222222222222 0.03515625 0.7326388888888888 0.033203125 0.7361111111111112 0.033203125 0.7569444444444444 0.029296875 0.7673611111111112 0.029296875 0.7777777777777778 0.03515625 0.7916666666666666 0.037109375 0.8159722222222222 0.041015625 0.8229166666666666 0.044921875 0.84375 0.046875 0.8472222222222222 0.052734375 0.8472222222222222 0.052734375 0.8541666666666666 0.04296875 0.8645833333333334 0.0390625 0.8472222222222222 0.03515625 0.8402777777777778 0.033203125 0.8194444444444444 0.029296875 0.8125 0.025390625 0.8125 0.0234375 0.8090277777777778 0.017578125 0.8090277777777778 0.013671875 0.8263888888888888 0.0078125 0.8368055555555556 0.001953125 0.8368055555555556 0 0.8402777777777778 0 0.8263888888888888 0.00390625 0.8229166666666666 0.00390625 0.7916666666666666 0.0078125 0.7847222222222222
2 0.220703125 0.7291666666666666 0.224609375 0.7395833333333334 0.224609375 0.7465277777777778 0.228515625 0.75 0.234375 0.7708333333333334 0.234375 0.7916666666666666 0.2265625 0.7986111111111112 0.224609375 0.8125 0.232421875 0.8298611111111112 0.232421875 0.8368055555555556 0.23828125 0.8576388888888888 0.23828125 0.8680555555555556 0.248046875 0.8819444444444444 0.24609375 0.8888888888888888 0.23828125 0.8888888888888888 0.236328125 0.8784722222222222 0.23046875 0.8645833333333334 0.228515625 0.8472222222222222 0.224609375 0.8368055555555556 0.2109375 0.8576388888888888 0.1875 0.8645833333333334 0.185546875 0.8715277777777778 0.18359375 0.8715277777777778 0.18359375 0.8576388888888888 0.185546875 0.8506944444444444 0.189453125 0.8506944444444444 0.19140625 0.8472222222222222 0.203125 0.8472222222222222 0.20703125 0.8402777777777778 0.2109375 0.7951388888888888 0.208984375 0.7916666666666666 0.208984375 0.78125 0.20703125 0.7743055555555556 0.19921875 0.7673611111111112 0.19921875 0.7638888888888888 0.201171875 0.7569444444444444 0.208984375 0.75 0.212890625 0.7430555555555556 0.212890625 0.7361111111111112 0.21875 0.7291666666666666
2 0.26171875 0.7256944444444444 0.26171875 0.71875 0.265625 0.7118055555555556 0.265625 0.7013888888888888 0.263671875 0.6979166666666666 0.263671875 0.6701388888888888 0.26171875 0.6666666666666666 0.26171875 0.6458333333333334 0.263671875 0.6423611111111112 0.263671875 0.6180555555555556 0.267578125 0.6111111111111112 0.2734375 0.6111111111111112 0.27734375 0.6180555555555556 0.27734375 0.6284722222222222 0.275390625 0.6319444444444444 0.27734375 0.6354166666666666 0.27734375 0.65625 0.283203125 0.6701388888888888 0.283203125 0.6805555555555556 0.279296875 0.6909722222222222 0.283203125 0.6979166666666666 0.287109375 0.71875 0.279296875 0.7395833333333334 0.27734375 0.7638888888888888 0.271484375 0.7638888888888888 0.271484375 0.7291666666666666 0.26953125 0.7256944444444444 0.263671875 0.7256944444444444
2 0.154296875 0.19444444444444445 0.1640625 0.19444444444444445 0.171875 0.2222222222222222 0.171875 0.24305555555555555 0.169921875 0.2465277777777778 0.169921875 0.2916666666666667 0.16796875 0.2951388888888889 0.16796875 0.3159722222222222 0.166015625 0.3194444444444444 0.166015625 0.3298611111111111 0.16015625 0.3298611111111111 0.16015625 0.3090277777777778 0.158203125 0.3055555555555556 0.15625 0.3125 0.15234375 0.3159722222222222 0.15234375 0.3229166666666667 0.14453125 0.3298611111111111 0.142578125 0.3263888888888889 0.146484375 0.3159722222222222 0.146484375 0.3055555555555556 0.1484375 0.3020833333333333 0.1484375 0.2361111111111111 0.146484375 0.2326388888888889 0.146484375 0.2152777777777778 0.15234375 0.20833333333333334 0.15234375 0.2013888888888889 0.154296875 0.19791666666666666
2 0.22265625 0.19444444444444445 0.224609375 0.20833333333333334 0.228515625 0.21875 0.228515625 0.2743055555555556 0.2265625 0.2777777777777778 0.2265625 0.3090277777777778 0.224609375 0.3125 0.21875 0.3125 0.21484375 0.3229166666666667 0.208984375 0.3229166666666667 0.208984375 0.2881944444444444 0.2109375 0.2847222222222222 0.2109375 0.2777777777777778 0.208984375 0.2743055555555556 0.208984375 0.2465277777777778 0.20703125 0.24305555555555555 0.205078125 0.2222222222222222 0.2109375 0.2048611111111111 0.2109375 0.19444444444444445 0.212890625 0.1909722222222222 0.21875 0.1909722222222222 0.220703125 0.19444444444444445
2 0.09375 0.19791666666666666 0.099609375 0.19444444444444445 0.103515625 0.19791666666666666 0.109375 0.21180555555555555 0.109375 0.22916666666666666 0.103515625 0.23958333333333334 0.103515625 0.2881944444444444 0.099609375 0.2951388888888889 0.095703125 0.3125 0.08984375 0.3159722222222222 0.08984375 0.3090277777777778 0.0859375 0.3020833333333333 0.0859375 0.2916666666666667 0.087890625 0.2881944444444444 0.087890625 0.25 0.08984375 0.2465277777777778 0.087890625 0.21875 0.09375 0.2013888888888889
2 0.01171875 0.4826388888888889 0.015625 0.4861111111111111 0.0234375 0.5034722222222222 0.025390625 0.5034722222222222 0.03125 0.5208333333333334 0.03125 0.5243055555555556 0.025390625 0.5347222222222222 0.025390625 0.5520833333333334 0.033203125 0.5694444444444444 0.03515625 0.5902777777777778 0.041015625 0.6076388888888888 0.033203125 0.6076388888888888 0.0234375 0.5833333333333334 0.017578125 0.59375 0.009765625 0.6006944444444444 0 0.6006944444444444 0 0.59375 0.0078125 0.5902777777777778 0.01171875 0.5833333333333334 0.01171875 0.5659722222222222 0.009765625 0.5625 0.00390625 0.5625 0.005859375 0.5590277777777778 0.00390625 0.5520833333333334 0.00390625 0.5381944444444444 0 0.53125 0 0.5104166666666666 0.005859375 0.5034722222222222 0.00390625 0.4895833333333333 0.009765625 0.4826388888888889
2 0.01953125 0.16319444444444445 0.01953125 0.16666666666666666 0.029296875 0.18055555555555555 0.029296875 0.19791666666666666 0.02734375 0.2013888888888889 0.029296875 0.21180555555555555 0.025390625 0.2048611111111111 0.01171875 0.2013888888888889 0.0078125 0.1875 0.0078125 0.17708333333333334 0.009765625 0.17708333333333334 0.013671875 0.16666666666666666 0.017578125 0.16319444444444445
2 0.234375 0.17708333333333334 0.23828125 0.1909722222222222 0.23828125 0.22569444444444445 0.236328125 0.22916666666666666 0.236328125 0.2534722222222222 0.23828125 0.2604166666666667 0.232421875 0.28125 0.232421875 0.2916666666666667 0.228515625 0.2916666666666667 0.228515625 0.2847222222222222 0.23046875 0.28125 0.23046875 0.22569444444444445 0.2265625 0.21180555555555555 0.2265625 0.18055555555555555 0.232421875 0.17708333333333334
2 0.8203125 0.13194444444444445 0.828125 0.125 0.8359375 0.1388888888888889 0.8359375 0.1701388888888889 0.833984375 0.1736111111111111 0.833984375 0.1875 0.83203125 0.1909722222222222 0.83203125 0.19791666666666666 0.828125 0.2048611111111111 0.828125 0.2152777777777778 0.82421875 0.2152777777777778 0.822265625 0.20833333333333334 0.822265625 0.19791666666666666 0.8203125 0.19444444444444445 0.8203125 0.18055555555555555 0.818359375 0.17708333333333334 0.8203125 0.1736111111111111 0.8203125 0.13541666666666666
2 0.49609375 0.5277777777777778 0.5 0.5347222222222222 0.5 0.5416666666666666 0.498046875 0.5451388888888888 0.498046875 0.5520833333333334 0.494140625 0.5590277777777778 0.4921875 0.5833333333333334 0.49609375 0.59375 0.49609375 0.6284722222222222 0.494140625 0.6319444444444444 0.494140625 0.6388888888888888 0.498046875 0.6493055555555556 0.48828125 0.6493055555555556 0.48828125 0.6388888888888888 0.490234375 0.6354166666666666 0.490234375 0.6076388888888888 0.48828125 0.6041666666666666 0.478515625 0.6041666666666666 0.474609375 0.6180555555555556 0.45703125 0.6180555555555556 0.453125 0.625 0.44921875 0.625 0.453125 0.6111111111111112 0.45703125 0.6076388888888888 0.458984375 0.6111111111111112 0.466796875 0.6111111111111112 0.47265625 0.6041666666666666 0.47265625 0.5763888888888888 0.48046875 0.5555555555555556 0.48828125 0.5416666666666666 0.48828125 0.5347222222222222 0.494140625 0.5277777777777778
2 0.064453125 0.16319444444444445 0.072265625 0.19444444444444445 0.064453125 0.2013888888888889 0.064453125 0.22569444444444445 0.056640625 0.2465277777777778 0.056640625 0.2743055555555556 0.052734375 0.2743055555555556 0.05078125 0.2777777777777778 0.046875 0.2743055555555556 0.048828125 0.2465277777777778 0.044921875 0.23958333333333334 0.044921875 0.2222222222222222 0.046875 0.21875 0.046875 0.1875 0.052734375 0.1736111111111111 0.05078125 0.1701388888888889 0.052734375 0.16319444444444445 0.0625 0.16319444444444445
2 0.185546875 0.7118055555555556 0.189453125 0.71875 0.1875 0.7430555555555556 0.19140625 0.75 0.193359375 0.7638888888888888 0.185546875 0.7708333333333334 0.185546875 0.78125 0.18359375 0.7847222222222222 0.193359375 0.8020833333333334 0.193359375 0.8159722222222222 0.1953125 0.8194444444444444 0.197265625 0.84375 0.193359375 0.84375 0.19140625 0.8402777777777778 0.1875 0.8263888888888888 0.1875 0.8194444444444444 0.181640625 0.8090277777777778 0.171875 0.8090277777777778 0.169921875 0.8125 0.169921875 0.8229166666666666 0.16015625 0.8298611111111112 0.154296875 0.8298611111111112 0.146484375 0.8368055555555556 0.140625 0.8472222222222222 0.138671875 0.8472222222222222 0.138671875 0.8333333333333334 0.15625 0.8194444444444444 0.162109375 0.8090277777777778 0.162109375 0.8020833333333334 0.166015625 0.7916666666666666 0.16796875 0.7708333333333334 0.169921875 0.7673611111111112 0.171875 0.7361111111111112 0.17578125 0.7256944444444444 0.17578125 0.71875 0.18359375 0.7118055555555556