0 0.04296875 0.21180555555555555 0.05078125 0.2222222222222222 0.056640625 0.2222222222222222 0.060546875 0.22916666666666666 0.0625 0.2638888888888889 0.056640625 0.2743055555555556 0.041015625 0.2743055555555556 0.0390625 0.2708333333333333 0.033203125 0.2708333333333333 0.029296875 0.2569444444444444 0.029296875 0.2326388888888889 0.03125 0.22916666666666666 0.03125 0.2222222222222222 0.03515625 0.2152777777777778 0.041015625 0.21180555555555555
0 0.8671875 0.9444444444444444 0.876953125 0.9583333333333334 0.876953125 0.9791666666666666 0.87890625 0.9826388888888888 0.87890625 0.9930555555555556 0.875 0.9930555555555556 0.873046875 0.9965277777777778 0.837890625 0.9965277777777778 0.8359375 0.9895833333333334 0.8359375 0.9583333333333334 0.841796875 0.9444444444444444 0.845703125 0.9409722222222222 0.86328125 0.9409722222222222 0.865234375 0.9444444444444444
0 0.3046875 0.5277777777777778 0.314453125 0.5347222222222222 0.32421875 0.5555555555555556 0.32421875 0.5694444444444444 0.318359375 0.5798611111111112 0.318359375 0.5833333333333334 0.310546875 0.59375 0.3046875 0.59375 0.298828125 0.5868055555555556 0.30078125 0.5659722222222222 0.296875 0.5625 0.296875 0.5486111111111112 0.294921875 0.5416666666666666 0.296875 0.5381944444444444 0.296875 0.53125 0.302734375 0.5277777777777778
0 0.29296875 0.5243055555555556 0.296875 0.5277777777777778 0.296875 0.5590277777777778 0.298828125 0.5625 0.298828125 0.5729166666666666 0.296875 0.5798611111111112 0.291015625 0.5868055555555556 0.2734375 0.5868055555555556 0.259765625 0.5659722222222222 0.26171875 0.5381944444444444 0.267578125 0.5243055555555556 0.27734375 0.5173611111111112 0.283203125 0.5173611111111112 0.291015625 0.5243055555555556
0 0.75390625 0.375 0.7578125 0.3819444444444444 0.76171875 0.3819444444444444 0.76953125 0.3923611111111111 0.771484375 0.3993055555555556 0.771484375 0.4166666666666667 0.765625 0.4305555555555556 0.75390625 0.4305555555555556 0.744140625 0.4375 0.734375 0.4375 0.732421875 0.4305555555555556 0.732421875 0.3958333333333333 0.7421875 0.375 0.751953125 0.375
0 0.158203125 0.19791666666666666 0.169921875 0.20833333333333334 0.177734375 0.22569444444444445 0.177734375 0.2361111111111111 0.171875 0.2534722222222222 0.16796875 0.2604166666666667 0.1640625 0.2604166666666667 0.15625 0.2673611111111111 0.150390625 0.2673611111111111 0.13671875 0.2465277777777778 0.13671875 0.2361111111111111 0.142578125 0.2152777777777778 0.15234375 0.2013888888888889 0.15625 0.2013888888888889
0 0.14453125 0.3159722222222222 0.146484375 0.3194444444444444 0.15234375 0.3194444444444444 0.158203125 0.3263888888888889 0.158203125 0.3333333333333333 0.16015625 0.3368055555555556 0.158203125 0.3784722222222222 0.154296875 0.3854166666666667 0.150390625 0.3854166666666667 0.138671875 0.3715277777777778 0.12109375 0.3576388888888889 0.126953125 0.3333333333333333 0.134765625 0.3194444444444444 0.142578125 0.3159722222222222
0 0.34765625 0.71875 0.35546875 0.7326388888888888 0.35546875 0.7395833333333334 0.357421875 0.7430555555555556 0.35546875 0.7673611111111112 0.34765625 0.7881944444444444 0.326171875 0.7881944444444444 0.31640625 0.7777777777777778 0.31640625 0.7638888888888888 0.318359375 0.7604166666666666 0.318359375 0.7326388888888888 0.33203125 0.71875 0.345703125 0.71875
0 0.349609375 0.5243055555555556 0.3671875 0.5243055555555556 0.376953125 0.53125 0.37890625 0.5381944444444444 0.37890625 0.5451388888888888 0.376953125 0.5520833333333334 0.373046875 0.5555555555555556 0.373046875 0.5590277777777778 0.3671875 0.5625 0.361328125 0.5763888888888888 0.357421875 0.5798611111111112 0.3515625 0.5798611111111112 0.34765625 0.5763888888888888 0.34375 0.5659722222222222 0.345703125 0.5625 0.345703125 0.5520833333333334 0.34765625 0.5486111111111112 0.349609375 0.5277777777777778
0 0.8351562499999999 0.07592592592592592 0.03177083333333333 0.05925925925925926
1 0.76015625 0.5208333333333334 0.10052083333333334 0.1712962962962963
1 0.05078125 0.04513888888888889 0.052734375 0.06944444444444445 0.05078125 0.07291666666666667 0.046875 0.10069444444444445 0.04296875 0.1111111111111111 0.04296875 0.1284722222222222 0.041015625 0.13541666666666666 0.033203125 0.13541666666666666 0.03125 0.13194444444444445 0.03125 0.09027777777777778 0.025390625 0.0763888888888889 0.025390625 0.06597222222222222 0.029296875 0.059027777777777776 0.03125 0.04861111111111111 0.048828125 0.04513888888888889
1 0.263671875 0.5763888888888888 0.26953125 0.5902777777777778 0.2734375 0.5902777777777778 0.275390625 0.59375 0.29296875 0.59375 0.296875 0.5972222222222222 0.302734375 0.6041666666666666 0.302734375 0.6076388888888888 0.30859375 0.6180555555555556 0.30859375 0.6319444444444444 0.30078125 0.6527777777777778 0.294921875 0.6597222222222222 0.287109375 0.6631944444444444 0.28125 0.6736111111111112 0.28125 0.6979166666666666 0.283203125 0.7013888888888888 0.283203125 0.7118055555555556 0.287109375 0.7291666666666666 0.283203125 0.7395833333333334 0.279296875 0.7430555555555556 0.255859375 0.7430555555555556 0.240234375 0.7326388888888888 0.234375 0.7326388888888888 0.232421875 0.7256944444444444 0.234375 0.7013888888888888 0.23828125 0.6909722222222222 0.23828125 0.6805555555555556 0.236328125 0.6770833333333334 0.23828125 0.65625 0.228515625 0.6354166666666666 0.224609375 0.6215277777777778 0.224609375 0.5972222222222222 0.232421875 0.5798611111111112 0.236328125 0.5798611111111112 0.23828125 0.5763888888888888 0.244140625 0.5763888888888888 0.24609375 0.5729166666666666 0.259765625 0.5729166666666666 0.26171875 0.5763888888888888
1 0.12890625 0.027777777777777776 0.130859375 0.034722222222222224 0.130859375 0.04513888888888889 0.134765625 0.052083333333333336 0.142578125 0.05555555555555555 0.142578125 0.059027777777777776 0.1484375 0.06597222222222222 0.154296875 0.06597222222222222 0.16796875 0.052083333333333336 0.169921875 0.04861111111111111 0.162109375 0.041666666666666664 0.1640625 0.03819444444444445 0.16796875 0.03819444444444445 0.171875 0.027777777777777776 0.177734375 0.03125 0.181640625 0.03819444444444445 0.18359375 0.04513888888888889 0.18359375 0.06944444444444445 0.173828125 0.09027777777777778 0.171875 0.10416666666666667 0.158203125 0.125 0.138671875 0.125 0.130859375 0.11458333333333333 0.12890625 0.09722222222222222 0.125 0.09027777777777778 0.125 0.08333333333333333 0.123046875 0.0798611111111111 0.123046875 0.059027777777777776 0.1171875 0.04513888888888889 0.119140625 0.034722222222222224 0.126953125 0.027777777777777776
1 0.13671875 0.3784722222222222 0.1484375 0.3923611111111111 0.150390625 0.4340277777777778 0.15234375 0.4375 0.15234375 0.4756944444444444 0.150390625 0.4791666666666667 0.150390625 0.4930555555555556 0.142578125 0.4756944444444444 0.1328125 0.4652777777777778 0.1328125 0.4409722222222222 0.126953125 0.4305555555555556 0.12109375 0.4375 0.119140625 0.4791666666666667 0.126953125 0.4930555555555556 0.142578125 0.5069444444444444 0.146484375 0.5069444444444444 0.150390625 0.5138888888888888 0.154296875 0.5243055555555556 0.154296875 0.5416666666666666 0.146484375 0.5520833333333334 0.115234375 0.5520833333333334 0.111328125 0.5451388888888888 0.111328125 0.5381944444444444 0.109375 0.5347222222222222 0.111328125 0.5173611111111112 0.115234375 0.5069444444444444 0.115234375 0.4861111111111111 0.109375 0.4756944444444444 0.109375 0.4479166666666667 0.10546875 0.4375 0.10546875 0.4097222222222222 0.107421875 0.40625 0.107421875 0.3958333333333333 0.11328125 0.3854166666666667 0.11328125 0.3819444444444444 0.119140625 0.375 0.134765625 0.3784722222222222
1 0.267578125 0 0.2734375 0.010416666666666666 0.28125 0.013888888888888888 0.2890625 0.024305555555555556 0.291015625 0.024305555555555556 0.296875 0.013888888888888888 0.30078125 0 0.3046875 0 0.3125 0.006944444444444444 0.318359375 0.006944444444444444 0.322265625 0.017361111111111112 0.322265625 0.03125 0.310546875 0.059027777777777776 0.30859375 0.07291666666666667 0.302734375 0.08333333333333333 0.302734375 0.08680555555555555 0.296875 0.09722222222222222 0.28125 0.09722222222222222 0.279296875 0.10069444444444445 0.267578125 0.08680555555555555 0.267578125 0.06597222222222222 0.265625 0.0625 0.265625 0.05555555555555555 0.25390625 0.041666666666666664 0.25390625 0.027777777777777776 0.2578125 0.010416666666666666 0.263671875 0 0.265625 0
1 0.328125 0.7881944444444444 0.330078125 0.7916666666666666 0.333984375 0.7916666666666666 0.337890625 0.7986111111111112 0.337890625 0.8055555555555556 0.33203125 0.8333333333333334 0.33203125 0.8680555555555556 0.330078125 0.8715277777777778 0.330078125 0.8888888888888888 0.328125 0.8923611111111112 0.328125 0.90625 0.326171875 0.9097222222222222 0.322265625 0.90625 0.3203125 0.8993055555555556 0.3203125 0.8888888888888888 0.310546875 0.8715277777777778 0.310546875 0.8611111111111112 0.30859375 0.8576388888888888 0.30859375 0.8090277777777778 0.310546875 0.8055555555555556 0.310546875 0.7986111111111112 0.3125 0.7916666666666666 0.318359375 0.7847222222222222 0.32421875 0.7847222222222222 0.326171875 0.7881944444444444
1 0.3984375 0.5381944444444444 0.41015625 0.5486111111111112 0.416015625 0.5625 0.423828125 0.5694444444444444 0.423828125 0.5798611111111112 0.421875 0.5868055555555556 0.419921875 0.5902777777777778 0.404296875 0.5972222222222222 0.3984375 0.6076388888888888 0.396484375 0.6076388888888888 0.392578125 0.6215277777777778 0.384765625 0.6319444444444444 0.359375 0.6180555555555556 0.35546875 0.6111111111111112 0.35546875 0.5902777777777778 0.357421875 0.5833333333333334 0.359375 0.5833333333333334 0.36328125 0.5729166666666666 0.376953125 0.5520833333333334 0.3828125 0.5520833333333334 0.396484375 0.5416666666666666
1 0.349609375 0 0.40234375 0 0.40625 0.006944444444444444 0.40625 0.013888888888888888 0.400390625 0.034722222222222224 0.38671875 0.06597222222222222 0.384765625 0.0798611111111111 0.373046875 0.09027777777777778 0.37109375 0.08333333333333333 0.3671875 0.0763888888888889 0.361328125 0.07291666666666667 0.35546875 0.059027777777777776 0.35546875 0.041666666666666664 0.3515625 0.034722222222222224 0.3515625 0.027777777777777776 0.349609375 0.024305555555555556 0.349609375 0.003472222222222222
2 0.58203125 0 0.654296875 0 0.669921875 0.03819444444444445 0.66796875 0.04513888888888889 0.66796875 0.08680555555555555 0.666015625 0.09027777777777778 0.666015625 0.10069444444444445 0.662109375 0.1076388888888889 0.662109375 0.12152777777777778 0.658203125 0.13194444444444445 0.658203125 0.1597222222222222 0.654296875 0.1701388888888889 0.654296875 0.17708333333333334 0.646484375 0.18055555555555555 0.64453125 0.17708333333333334 0.640625 0.17708333333333334 0.638671875 0.16319444444444445 0.646484375 0.1388888888888889 0.646484375 0.125 0.6484375 0.12152777777777778 0.6484375 0.06944444444444445 0.650390625 0.06597222222222222 0.650390625 0.05555555555555555 0.640625 0.04513888888888889 0.63671875 0.04861111111111111 0.609375 0.04861111111111111 0.607421875 0.04513888888888889 0.6015625 0.04513888888888889 0.583984375 0.020833333333333332 0.58203125 0.013888888888888888 0.58203125 0.003472222222222222
2 0.03125 0.04861111111111111 0.048828125 0.04513888888888889 0.0546875 0.03125 0.0546875 0.020833333333333332 0.060546875 0.013888888888888888 0.0703125 0.013888888888888888 0.076171875 0.024305555555555556 0.076171875 0.034722222222222224 0.07421875 0.041666666666666664 0.06640625 0.04861111111111111 0.052734375 0.06944444444444445 0.048828125 0.08333333333333333 0.046875 0.10069444444444445 0.04296875 0.1111111111111111 0.041015625 0.1423611111111111 0.04296875 0.14930555555555555 0.052734375 0.1597222222222222 0.05859375 0.1701388888888889 0.05859375 0.1736111111111111 0.056640625 0.18055555555555555 0.046875 0.18055555555555555 0.03515625 0.19791666666666666 0.029296875 0.19791666666666666 0.0234375 0.1909722222222222 0.017578125 0.17708333333333334 0.01171875 0.1736111111111111 0.005859375 0.16319444444444445 0.005859375 0.14930555555555555 0.01171875 0.1388888888888889 0.01171875 0.11805555555555555 0.025390625 0.08680555555555555 0.025390625 0.06597222222222222 0.03125 0.052083333333333336
2 0.751953125 0.375 0.7578125 0.3819444444444444 0.765625 0.3854166666666667 0.76953125 0.3923611111111111 0.771484375 0.3993055555555556 0.76953125 0.4375 0.771484375 0.4409722222222222 0.783203125 0.4409722222222222 0.78515625 0.4444444444444444 0.7890625 0.4444444444444444 0.79296875 0.4513888888888889 0.794921875 0.4652777777777778 0.798828125 0.4722222222222222 0.798828125 0.4791666666666667 0.802734375 0.4930555555555556 0.814453125 0.5138888888888888 0.826171875 0.5243055555555556 0.830078125 0.5381944444444444 0.830078125 0.5451388888888888 0.8203125 0.5451388888888888 0.818359375 0.5416666666666666 0.814453125 0.5416666666666666 0.80859375 0.53125 0.798828125 0.5243055555555556 0.787109375 0.5069444444444444 0.775390625 0.53125 0.77734375 0.5625 0.779296875 0.5694444444444444 0.794921875 0.59375 0.794921875 0.6006944444444444 0.798828125 0.6076388888888888 0.802734375 0.625 0.806640625 0.6319444444444444 0.8125 0.6527777777777778 0.8125 0.6736111111111112 0.80859375 0.6840277777777778 0.810546875 0.7118055555555556 0.8046875 0.7395833333333334 0.8046875 0.7604166666666666 0.810546875 0.7708333333333334 0.810546875 0.7743055555555556 0.8046875 0.7743055555555556 0.798828125 0.7847222222222222 0.7890625 0.7847222222222222 0.787109375 0.78125 0.787109375 0.75 0.78515625 0.7465277777777778 0.76953125 0.7465277777777778 0.76171875 0.7361111111111112 0.76171875 0.6875 0.765625 0.6736111111111112 0.76953125 0.6701388888888888 0.765625 0.6597222222222222 0.767578125 0.6527777777777778 0.763671875 0.6458333333333334 0.75 0.6423611111111112 0.73828125 0.6284722222222222 0.732421875 0.6076388888888888 0.732421875 0.5798611111111112 0.728515625 0.5729166666666666 0.720703125 0.5694444444444444 0.716796875 0.5625 0.716796875 0.5555555555555556 0.7109375 0.5451388888888888 0.7109375 0.5138888888888888 0.712890625 0.5104166666666666 0.7109375 0.4583333333333333 0.716796875 0.4513888888888889 0.72265625 0.4513888888888889 0.732421875 0.4409722222222222 0.732421875 0.3958333333333333 0.73828125 0.3819444444444444 0.744140625 0.375 0.75 0.375
2 0.8671875 0.9444444444444444 0.876953125 0.9583333333333334 0.87890625 0.9861111111111112 0.8828125 0.9930555555555556 0.880859375 0.9965277777777778 0.833984375 0.9965277777777778 0.8359375 0.9930555555555556 0.8359375 0.9583333333333334 0.841796875 0.9444444444444444 0.845703125 0.9409722222222222 0.86328125 0.9409722222222222 0.865234375 0.9444444444444444
2 0.341796875 0.71875 0.34375 0.7222222222222222 0.349609375 0.7222222222222222 0.349609375 0.7256944444444444 0.353515625 0.7291666666666666 0.35546875 0.7361111111111112 0.35546875 0.7604166666666666 0.353515625 0.7638888888888888 0.349609375 0.7916666666666666 0.33984375 0.7986111111111112 0.3359375 0.8090277777777778 0.333984375 0.8333333333333334 0.33203125 0.8368055555555556 0.330078125 0.8888888888888888 0.326171875 0.90625 0.32421875 0.90625 0.326171875 0.9027777777777778 0.310546875 0.8645833333333334 0.310546875 0.8506944444444444 0.30859375 0.8472222222222222 0.30859375 0.8125 0.310546875 0.8090277777777778 0.310546875 0.7986111111111112 0.31640625 0.7847222222222222 0.31640625 0.7743055555555556 0.318359375 0.7708333333333334 0.318359375 0.7395833333333334 0.3203125 0.7326388888888888 0.328125 0.7222222222222222 0.33984375 0.71875
2 0 0.3194444444444444 0.001953125 0.3229166666666667 0.00390625 0.40625 0.013671875 0.4305555555555556 0.013671875 0.4409722222222222 0 0.4409722222222222 0 0.3229166666666667
2 0.162109375 0 0.16796875 0.017361111111111112 0.181640625 0.03819444444444445 0.18359375 0.04513888888888889 0.18359375 0.06944444444444445 0.19140625 0.10069444444444445 0.19140625 0.12152777777777778 0.193359375 0.1284722222222222 0.201171875 0.1388888888888889 0.205078125 0.1527777777777778 0.205078125 0.1701388888888889 0.203125 0.1736111111111111 0.201171875 0.2013888888888889 0.19921875 0.2048611111111111 0.19921875 0.21875 0.197265625 0.2222222222222222 0.197265625 0.24305555555555555 0.2109375 0.2638888888888889 0.2109375 0.2708333333333333 0.1953125 0.2708333333333333 0.193359375 0.2673611111111111 0.1875 0.2673611111111111 0.18359375 0.2604166666666667 0.18359375 0.2326388888888889 0.185546875 0.22916666666666666 0.185546875 0.1840277777777778 0.181640625 0.17708333333333334 0.177734375 0.18055555555555555 0.154296875 0.18055555555555555 0.15234375 0.1840277777777778 0.140625 0.1840277777777778 0.138671875 0.18055555555555555 0.1328125 0.18055555555555555 0.130859375 0.1840277777777778 0.1328125 0.25 0.130859375 0.25 0.126953125 0.23958333333333334 0.125 0.21875 0.123046875 0.2152777777777778 0.123046875 0.19791666666666666 0.12109375 0.19444444444444445 0.12109375 0.1875 0.125 0.18055555555555555 0.12890625 0.18055555555555555 0.130859375 0.17708333333333334 0.130859375 0.1701388888888889 0.1328125 0.16666666666666666 0.1328125 0.14583333333333334 0.13671875 0.1388888888888889 0.13671875 0.1284722222222222 0.1328125 0.12152777777777778 0.12890625 0.09722222222222222 0.123046875 0.0798611111111111 0.123046875 0.059027777777777776 0.119140625 0.04861111111111111 0.119140625 0.03819444444444445 0.138671875 0 0.16015625 0
2 0.287109375 0.5208333333333334 0.298828125 0.53125 0.298828125 0.5451388888888888 0.306640625 0.5625 0.306640625 0.5659722222222222 0.294921875 0.5902777777777778 0.302734375 0.6041666666666666 0.306640625 0.6041666666666666 0.30859375 0.6076388888888888 0.30859375 0.6215277777777778 0.314453125 0.6354166666666666 0.314453125 0.6631944444444444 0.302734375 0.6736111111111112 0.302734375 0.6979166666666666 0.306640625 0.7048611111111112 0.310546875 0.7048611111111112 0.3125 0.7083333333333334 0.330078125 0.7083333333333334 0.330078125 0.7118055555555556 0.32421875 0.7222222222222222 0.3203125 0.7222222222222222 0.318359375 0.71875 0.314453125 0.7256944444444444 0.30078125 0.7256944444444444 0.298828125 0.7291666666666666 0.29296875 0.7291666666666666 0.287109375 0.7430555555555556 0.287109375 0.7569444444444444 0.294921875 0.7847222222222222 0.294921875 0.8055555555555556 0.30078125 0.8298611111111112 0.30078125 0.8402777777777778 0.3046875 0.8472222222222222 0.3046875 0.8680555555555556 0.302734375 0.8715277777777778 0.2890625 0.8715277777777778 0.287109375 0.8680555555555556 0.28125 0.8680555555555556 0.275390625 0.8611111111111112 0.271484375 0.8611111111111112 0.259765625 0.8784722222222222 0.251953125 0.8854166666666666 0.248046875 0.8854166666666666 0.244140625 0.8923611111111112 0.244140625 0.9166666666666666 0.2421875 0.9236111111111112 0.224609375 0.9618055555555556 0.220703125 0.9756944444444444 0.216796875 0.9791666666666666 0.21484375 0.9895833333333334 0.208984375 0.9965277777777778 0.1875 0.9965277777777778 0.1875 0.9930555555555556 0.20703125 0.9479166666666666 0.212890625 0.9236111111111112 0.2265625 0.8993055555555556 0.2265625 0.8923611111111112 0.232421875 0.8715277777777778 0.232421875 0.8472222222222222 0.234375 0.84375 0.234375 0.8263888888888888 0.23828125 0.8159722222222222 0.23828125 0.7916666666666666 0.236328125 0.7881944444444444 0.234375 0.7604166666666666 0.232421875 0.7569444444444444 0.232421875 0.7118055555555556 0.236328125 0.6944444444444444 0.234375 0.6701388888888888 0.23046875 0.6631944444444444 0.208984375 0.6631944444444444 0.205078125 0.6493055555555556 0.20703125 0.6458333333333334 0.20703125 0.6388888888888888 0.224609375 0.6145833333333334 0.224609375 0.5972222222222222 0.232421875 0.5798611111111112 0.236328125 0.5798611111111112 0.244140625 0.5729166666666666 0.25390625 0.5729166666666666 0.2578125 0.5694444444444444 0.259765625 0.5659722222222222 0.259765625 0.5486111111111112 0.265625 0.5277777777777778 0.271484375 0.5208333333333334 0.28515625 0.5208333333333334
2 0.154296875 0.3229166666666667 0.158203125 0.3298611111111111 0.16015625 0.3472222222222222 0.158203125 0.3506944444444444 0.158203125 0.3715277777777778 0.150390625 0.3993055555555556 0.150390625 0.4305555555555556 0.15234375 0.4340277777777778 0.15234375 0.4895833333333333 0.154296875 0.4965277777777778 0.166015625 0.5138888888888888 0.166015625 0.5243055555555556 0.162109375 0.53125 0.162109375 0.5416666666666666 0.166015625 0.5520833333333334 0.166015625 0.5625 0.16796875 0.5659722222222222 0.169921875 0.6076388888888888 0.173828125 0.6180555555555556 0.173828125 0.6319444444444444 0.185546875 0.6597222222222222 0.185546875 0.6805555555555556 0.18359375 0.6840277777777778 0.185546875 0.6944444444444444 0.193359375 0.7048611111111112 0.197265625 0.7048611111111112 0.19921875 0.7083333333333334 0.208984375 0.7083333333333334 0.212890625 0.7118055555555556 0.21484375 0.7152777777777778 0.21484375 0.7256944444444444 0.20703125 0.7326388888888888 0.1796875 0.7326388888888888 0.17578125 0.7291666666666666 0.173828125 0.7083333333333334 0.15625 0.6527777777777778 0.15625 0.6319444444444444 0.150390625 0.6215277777777778 0.14453125 0.6215277777777778 0.138671875 0.6354166666666666 0.109375 0.6701388888888888 0.095703125 0.6944444444444444 0.095703125 0.6979166666666666 0.08984375 0.7083333333333334 0.08984375 0.7152777777777778 0.091796875 0.71875 0.08984375 0.7430555555555556 0.083984375 0.7430555555555556 0.076171875 0.7291666666666666 0.07421875 0.7222222222222222 0.07421875 0.6979166666666666 0.083984375 0.6840277777777778 0.08984375 0.6666666666666666 0.111328125 0.625 0.119140625 0.6215277777777778 0.123046875 0.6145833333333334 0.123046875 0.5798611111111112 0.1171875 0.5555555555555556 0.109375 0.5381944444444444 0.109375 0.5243055555555556 0.115234375 0.5069444444444444 0.115234375 0.4895833333333333 0.109375 0.4756944444444444 0.109375 0.4652777777777778 0.111328125 0.4583333333333333 0.109375 0.4548611111111111 0.109375 0.4444444444444444 0.10546875 0.4375 0.10546875 0.3993055555555556 0.12109375 0.3680555555555556 0.12109375 0.3541666666666667 0.125 0.3472222222222222 0.126953125 0.3333333333333333 0.1328125 0.3229166666666667 0.13671875 0.3194444444444444 0.150390625 0.3194444444444444 0.15234375 0.3229166666666667
2 0.693359375 0 0.76953125 0 0.76953125 0.003472222222222222 0.775390625 0.010416666666666666 0.77734375 0.017361111111111112 0.77734375 0.027777777777777776 0.78125 0.04513888888888889 0.78125 0.10416666666666667 0.779296875 0.1076388888888889 0.77734375 0.14583333333333334 0.79296875 0.16666666666666666 0.79296875 0.1701388888888889 0.775390625 0.1701388888888889 0.76953125 0.16319444444444445 0.763671875 0.16319444444444445 0.76171875 0.1597222222222222 0.76171875 0.14930555555555555 0.763671875 0.14583333333333334 0.763671875 0.1076388888888889 0.76171875 0.10416666666666667 0.76171875 0.09027777777777778 0.759765625 0.08680555555555555 0.759765625 0.07291666666666667 0.7578125 0.06944444444444445 0.7578125 0.0625 0.759765625 0.059027777777777776 0.759765625 0.041666666666666664 0.755859375 0.034722222222222224 0.75 0.034722222222222224 0.748046875 0.03819444444444445 0.74609375 0.059027777777777776 0.73828125 0.059027777777777776 0.728515625 0.041666666666666664 0.7265625 0.041666666666666664 0.720703125 0.052083333333333336 0.720703125 0.08333333333333333 0.716796875 0.09375 0.716796875 0.1111111111111111 0.71484375 0.11458333333333333 0.716796875 0.11805555555555555 0.716796875 0.13541666666666666 0.720703125 0.14583333333333334 0.720703125 0.15625 0.72265625 0.16319444444444445 0.720703125 0.16666666666666666 0.720703125 0.1736111111111111 0.716796875 0.17708333333333334 0.70703125 0.17708333333333334 0.703125 0.16666666666666666 0.705078125 0.16319444444444445 0.703125 0.11805555555555555 0.701171875 0.11458333333333333 0.701171875 0.10416666666666667 0.6953125 0.0798611111111111 0.6953125 0.04513888888888889 0.697265625 0.03819444444444445 0.693359375 0.027777777777777776 0.693359375 0.003472222222222222
2 0.26171875 0 0.310546875 0 0.3203125 0.006944444444444444 0.322265625 0.013888888888888888 0.322265625 0.03125 0.31640625 0.041666666666666664 0.31640625 0.04861111111111111 0.310546875 0.059027777777777776 0.310546875 0.06597222222222222 0.302734375 0.0798611111111111 0.296875 0.10069444444444445 0.296875 0.1111111111111111 0.291015625 0.13541666666666666 0.2890625 0.17708333333333334 0.287109375 0.18055555555555555 0.287109375 0.2013888888888889 0.291015625 0.20833333333333334 0.294921875 0.20833333333333334 0.294921875 0.21180555555555555 0.291015625 0.2152777777777778 0.2890625 0.2222222222222222 0.296875 0.2326388888888889 0.298828125 0.2569444444444444 0.287109375 0.2569444444444444 0.283203125 0.24305555555555555 0.283203125 0.22569444444444445 0.28515625 0.21875 0.279296875 0.2013888888888889 0.279296875 0.1875 0.27734375 0.1840277777777778 0.27734375 0.15625 0.275390625 0.1527777777777778 0.275390625 0.14583333333333334 0.271484375 0.13541666666666666 0.265625 0.13194444444444445 0.26171875 0.1111111111111111 0.25390625 0.10069444444444445 0.25390625 0.05555555555555555 0.255859375 0.052083333333333336 0.25390625 0.04513888888888889 0.25390625 0.027777777777777776 0.2578125 0.017361111111111112 0.2578125 0.010416666666666666 0.26171875 0.003472222222222222
2 0.814453125 0 0.865234375 0 0.8671875 0.006944444444444444 0.865234375 0.03125 0.86328125 0.034722222222222224 0.857421875 0.034722222222222224 0.853515625 0.041666666666666664 0.853515625 0.04861111111111111 0.84765625 0.0625 0.84765625 0.06597222222222222 0.861328125 0.08680555555555555 0.861328125 0.09375 0.857421875 0.09722222222222222 0.845703125 0.09722222222222222 0.84375 0.09375 0.84375 0.06597222222222222 0.841796875 0.0625 0.845703125 0.05555555555555555 0.84375 0.052083333333333336 0.830078125 0.05555555555555555 0.828125 0.059027777777777776 0.826171875 0.05555555555555555 0.82421875 0.03819444444444445 0.8203125 0.034722222222222224 0.81640625 0.024305555555555556 0.81640625 0.003472222222222222
2 0.36328125 0.53125 0.376953125 0.5416666666666666 0.380859375 0.5486111111111112 0.388671875 0.5486111111111112 0.392578125 0.5416666666666666 0.396484375 0.5416666666666666 0.3984375 0.5381944444444444 0.41015625 0.5486111111111112 0.416015625 0.5625 0.421875 0.5659722222222222 0.423828125 0.5694444444444444 0.423828125 0.5763888888888888 0.43359375 0.5902777777777778 0.439453125 0.59375 0.443359375 0.6076388888888888 0.453125 0.625 0.45703125 0.6388888888888888 0.45703125 0.6527777777777778 0.462890625 0.6736111111111112 0.46875 0.6840277777777778 0.474609375 0.6840277777777778 0.4765625 0.6875 0.490234375 0.6875 0.4921875 0.6909722222222222 0.498046875 0.6909722222222222 0.501953125 0.6944444444444444 0.505859375 0.7118055555555556 0.51171875 0.7222222222222222 0.51171875 0.75 0.5078125 0.7534722222222222 0.505859375 0.7534722222222222 0.494140625 0.7291666666666666 0.490234375 0.7291666666666666 0.48828125 0.7256944444444444 0.4609375 0.7256944444444444 0.458984375 0.7222222222222222 0.451171875 0.7222222222222222 0.44921875 0.7256944444444444 0.4296875 0.7256944444444444 0.421875 0.71875 0.41796875 0.7083333333333334 0.41015625 0.6979166666666666 0.40234375 0.6736111111111112 0.396484375 0.6666666666666666 0.392578125 0.6666666666666666 0.392578125 0.6597222222222222 0.38671875 0.6527777777777778 0.3828125 0.6527777777777778 0.380859375 0.65625 0.380859375 0.6631944444444444 0.376953125 0.6631944444444444 0.37109375 0.6736111111111112 0.369140625 0.6840277777777778 0.361328125 0.6909722222222222 0.35546875 0.6875 0.34765625 0.6736111111111112 0.345703125 0.6736111111111112 0.345703125 0.6666666666666666 0.35546875 0.6527777777777778 0.35546875 0.6388888888888888 0.353515625 0.6354166666666666 0.353515625 0.6041666666666666 0.3515625 0.6006944444444444 0.3515625 0.5902777777777778 0.34375 0.5625 0.34765625 0.5520833333333334 0.349609375 0.5347222222222222 0.361328125 0.53125
2 0.349609375 0 0.404296875 0 0.408203125 0.017361111111111112 0.408203125 0.027777777777777776 0.40625 0.034722222222222224 0.400390625 0.041666666666666664 0.408203125 0.05555555555555555 0.408203125 0.09027777777777778 0.416015625 0.1076388888888889 0.416015625 0.13194444444444445 0.41796875 0.13541666666666666 0.416015625 0.14930555555555555 0.408203125 0.16319444444444445 0.404296875 0.1909722222222222 0.41015625 0.2048611111111111 0.421875 0.2152777777777778 0.421875 0.2222222222222222 0.408203125 0.2222222222222222 0.40625 0.21875 0.3984375 0.21875 0.390625 0.21180555555555555 0.390625 0.19444444444444445 0.39453125 0.17708333333333334 0.39453125 0.1527777777777778 0.390625 0.1423611111111111 0.376953125 0.1423611111111111 0.375 0.1388888888888889 0.375 0.1111111111111111 0.373046875 0.1076388888888889 0.37109375 0.08333333333333333 0.365234375 0.07291666666666667 0.361328125 0.07291666666666667 0.35546875 0.059027777777777776 0.35546875 0.04513888888888889 0.3515625 0.03819444444444445 0.349609375 0.013888888888888888 0.34765625 0.010416666666666666 0.349609375 0.003472222222222222
2 0.787109375 0 0.814453125 0 0.810546875 0 0.80859375 0.003472222222222222 0.810546875 0.010416666666666666 0.80859375 0.04861111111111111 0.810546875 0.052083333333333336 0.810546875 0.07291666666666667 0.8125 0.0763888888888889 0.8125 0.08680555555555555 0.810546875 0.09027777777777778 0.810546875 0.1284722222222222 0.814453125 0.1388888888888889 0.814453125 0.16666666666666666 0.80078125 0.16319444444444445 0.798828125 0.15625 0.798828125 0.1423611111111111 0.796875 0.13541666666666666 0.79296875 0.13194444444444445 0.7890625 0.11805555555555555 0.7890625 0.1076388888888889 0.79296875 0.09722222222222222 0.79296875 0.06944444444444445 0.791015625 0.06597222222222222 0.791015625 0.027777777777777776 0.787109375 0.013888888888888888 0.787109375 0.003472222222222222
2 0.326171875 0.9201388888888888 0.369140625 0.9201388888888888 0.37109375 0.9236111111111112 0.376953125 0.9236111111111112 0.3828125 0.9305555555555556 0.392578125 0.9340277777777778 0.400390625 0.9444444444444444 0.400390625 0.9513888888888888 0.396484375 0.9548611111111112 0.38671875 0.9548611111111112 0.384765625 0.9583333333333334 0.384765625 0.9618055555555556 0.39453125 0.9791666666666666 0.3984375 0.9965277777777778 0.3203125 0.9965277777777778 0.3203125 0.9895833333333334 0.318359375 0.9861111111111112 0.318359375 0.9479166666666666 0.32421875 0.9340277777777778 0.326171875 0.9236111111111112