0 0.87890625 0.20833333333333334 0.8828125 0.2048611111111111 0.888671875 0.2048611111111111 0.892578125 0.2152777777777778 0.892578125 0.2222222222222222 0.88671875 0.2326388888888889 0.87890625 0.2326388888888889 0.876953125 0.22916666666666666 0.876953125 0.2152777777777778 0.87890625 0.21180555555555555
0 0.876953125 0.3645833333333333 0.8828125 0.3715277777777778 0.8828125 0.3854166666666667 0.87890625 0.3854166666666667 0.876953125 0.3888888888888889 0.869140625 0.3888888888888889 0.8671875 0.3819444444444444 0.8671875 0.3715277777777778 0.875 0.3645833333333333
0 0.482421875 0.3993055555555556 0.490234375 0.3993055555555556 0.4921875 0.4027777777777778 0.4921875 0.4131944444444444 0.484375 0.4201388888888889 0.48046875 0.4097222222222222 0.482421875 0.4027777777777778
0 0.95703125 0.4201388888888889 0.958984375 0.4236111111111111 0.958984375 0.4340277777777778 0.953125 0.4409722222222222 0.9453125 0.4409722222222222 0.943359375 0.4375 0.943359375 0.4236111111111111 0.951171875 0.4166666666666667 0.955078125 0.4201388888888889
0 0.4609375 0.3333333333333333 0.46484375 0.3402777777777778 0.46484375 0.3506944444444444 0.45703125 0.3576388888888889 0.455078125 0.3576388888888889 0.451171875 0.3472222222222222 0.453125 0.3402777777777778 0.458984375 0.3333333333333333
0 0.75 0.7986111111111112 0.75390625 0.8055555555555556 0.75390625 0.8159722222222222 0.748046875 0.8229166666666666 0.740234375 0.8229166666666666 0.73828125 0.8194444444444444 0.73828125 0.8055555555555556 0.7421875 0.7986111111111112 0.748046875 0.7986111111111112
0 0.802734375 0.3645833333333333 0.80078125 0.3576388888888889 0.80078125 0.3472222222222222 0.806640625 0.3402777777777778 0.814453125 0.34375 0.81640625 0.3506944444444444 0.814453125 0.3541666666666667 0.814453125 0.3611111111111111 0.810546875 0.3645833333333333 0.8046875 0.3645833333333333
0 0.41015625 0.375 0.412109375 0.3784722222222222 0.412109375 0.3958333333333333 0.408203125 0.4027777777777778 0.3984375 0.3958333333333333 0.3984375 0.3819444444444444 0.40234375 0.375 0.408203125 0.375
0 0.46953125 0.5143518518518518 0.013020833333333334 0.0287037037037037
0 0.451171875 0.5069444444444444 0.4609375 0.5069444444444444 0.46484375 0.5243055555555556 0.462890625 0.53125 0.451171875 0.53125 0.44921875 0.5243055555555556 0.44921875 0.5138888888888888 0.451171875 0.5104166666666666
1 0.44921875 0.53125 0.451171875 0.5347222222222222 0.46484375 0.5347222222222222 0.470703125 0.5416666666666666 0.470703125 0.5625 0.474609375 0.5729166666666666 0.4765625 0.5902777777777778 0.470703125 0.5833333333333334 0.466796875 0.59375 0.451171875 0.59375 0.44921875 0.5902777777777778 0.44921875 0.5763888888888888 0.443359375 0.5555555555555556 0.443359375 0.5381944444444444 0.447265625 0.5347222222222222
1 0.994140625 0.006944444444444444 0.994140625 0.020833333333333332 0.990234375 0.020833333333333332 0.98828125 0.024305555555555556 0.98828125 0.04513888888888889 0.986328125 0.04861111111111111 0.98828125 0.052083333333333336 0.98046875 0.059027777777777776 0.978515625 0.05555555555555555 0.974609375 0.059027777777777776 0.97265625 0.03819444444444445 0.96875 0.034722222222222224 0.96875 0.010416666666666666 0.970703125 0.006944444444444444 0.9921875 0.006944444444444444
1 0.89453125 0.2222222222222222 0.8984375 0.22569444444444445 0.90234375 0.2361111111111111 0.90234375 0.23958333333333334 0.89453125 0.2534722222222222 0.89453125 0.28125 0.890625 0.28125 0.888671875 0.2847222222222222 0.876953125 0.28125 0.876953125 0.2569444444444444 0.875 0.2534722222222222 0.875 0.2326388888888889 0.880859375 0.2326388888888889 0.8828125 0.2361111111111111 0.892578125 0.22569444444444445
1 0.48046875 0.4895833333333333 0.486328125 0.5034722222222222 0.486328125 0.5208333333333334 0.478515625 0.53125 0.466796875 0.53125 0.458984375 0.5034722222222222 0.4609375 0.4930555555555556 0.478515625 0.4895833333333333
1 0.8768229166666667 0.42037037037037034 0.028645833333333332 0.06481481481481483
1 0.50390625 0.4131944444444444 0.5078125 0.4166666666666667 0.51171875 0.4270833333333333 0.513671875 0.4444444444444444 0.51171875 0.4479166666666667 0.51171875 0.4548611111111111 0.505859375 0.4548611111111111 0.498046875 0.4618055555555556 0.486328125 0.4340277777777778 0.486328125 0.4201388888888889 0.4921875 0.4131944444444444 0.501953125 0.4131944444444444
1 0.462890625 0.3541666666666667 0.46484375 0.3576388888888889 0.470703125 0.3576388888888889 0.47265625 0.3645833333333333 0.47265625 0.375 0.470703125 0.3784722222222222 0.470703125 0.3993055555555556 0.46875 0.4027777777777778 0.462890625 0.4027777777777778 0.451171875 0.3923611111111111 0.44921875 0.3645833333333333 0.451171875 0.3611111111111111 0.4609375 0.3576388888888889
1 0.9609375 0.4409722222222222 0.96484375 0.4513888888888889 0.96484375 0.5034722222222222 0.947265625 0.5034722222222222 0.947265625 0.4930555555555556 0.95703125 0.4756944444444444 0.95703125 0.46875 0.953125 0.4618055555555556 0.9453125 0.46875 0.9453125 0.4583333333333333 0.94921875 0.4444444444444444 0.953125 0.4409722222222222 0.958984375 0.4409722222222222
1 0.40234375 0.3993055555555556 0.408203125 0.4097222222222222 0.408203125 0.4166666666666667 0.404296875 0.4236111111111111 0.404296875 0.4375 0.400390625 0.4513888888888889 0.390625 0.4513888888888889 0.38671875 0.4479166666666667 0.38671875 0.4409722222222222 0.384765625 0.4375 0.384765625 0.4131944444444444 0.38671875 0.4097222222222222 0.38671875 0.4027777777777778 0.392578125 0.3958333333333333 0.3984375 0.3958333333333333 0.400390625 0.3993055555555556
1 0.7578125 0.8194444444444444 0.759765625 0.8229166666666666 0.765625 0.8229166666666666 0.767578125 0.8263888888888888 0.767578125 0.8333333333333334 0.76171875 0.8506944444444444 0.755859375 0.8506944444444444 0.75390625 0.8541666666666666 0.73828125 0.8541666666666666 0.736328125 0.8506944444444444 0.732421875 0.8506944444444444 0.732421875 0.8333333333333334 0.740234375 0.8263888888888888 0.74609375 0.8263888888888888 0.755859375 0.8194444444444444
1 0.900390625 0.13541666666666666 0.8984375 0.1111111111111111 0.900390625 0.10416666666666667 0.908203125 0.09375 0.9140625 0.09375 0.91796875 0.09722222222222222 0.916015625 0.1284722222222222 0.91015625 0.13541666666666666 0.90234375 0.13541666666666666
1 0.80078125 0.4201388888888889 0.80078125 0.375 0.8046875 0.3680555555555556 0.810546875 0.3680555555555556 0.8125 0.3645833333333333 0.822265625 0.3715277777777778 0.822265625 0.3854166666666667 0.818359375 0.3854166666666667 0.81640625 0.3888888888888889 0.81640625 0.4097222222222222 0.818359375 0.4131944444444444 0.814453125 0.4201388888888889 0.802734375 0.4201388888888889
2 0.45703125 0.5069444444444444 0.4609375 0.5138888888888888 0.46484375 0.5347222222222222 0.470703125 0.5416666666666666 0.470703125 0.5625 0.48046875 0.59375 0.478515625 0.6006944444444444 0.474609375 0.5902777777777778 0.470703125 0.5868055555555556 0.46875 0.5902777777777778 0.466796875 0.6736111111111112 0.470703125 0.6770833333333334 0.470703125 0.6805555555555556 0.466796875 0.6840277777777778 0.451171875 0.6805555555555556 0.451171875 0.6041666666666666 0.44921875 0.6006944444444444 0.44921875 0.5763888888888888 0.4453125 0.5659722222222222 0.443359375 0.5416666666666666 0.44921875 0.5277777777777778 0.451171875 0.5104166666666666 0.455078125 0.5069444444444444
2 0.994140625 0.006944444444444444 0.994140625 0.059027777777777776 0.984375 0.09027777777777778 0.984375 0.10416666666666667 0.98046875 0.12152777777777778 0.982421875 0.13541666666666666 0.97265625 0.13541666666666666 0.970703125 0.1388888888888889 0.966796875 0.13541666666666666 0.96875 0.1284722222222222 0.970703125 0.06944444444444445 0.97265625 0.06597222222222222 0.97265625 0.041666666666666664 0.96875 0.034722222222222224 0.96875 0.010416666666666666 0.974609375 0 0.98828125 0 0.9921875 0.006944444444444444
2 0.48828125 0.4826388888888889 0.48828125 0.4895833333333333 0.486328125 0.4930555555555556 0.486328125 0.5 0.48828125 0.5034722222222222 0.48828125 0.5208333333333334 0.484375 0.53125 0.466796875 0.53125 0.462890625 0.5138888888888888 0.45703125 0.5034722222222222 0.44921875 0.5069444444444444 0.44921875 0.4965277777777778 0.45703125 0.4895833333333333 0.47265625 0.4895833333333333 0.48046875 0.4826388888888889 0.486328125 0.4826388888888889
2 0.876953125 0.3645833333333333 0.880859375 0.3680555555555556 0.8828125 0.3819444444444444 0.890625 0.4027777777777778 0.890625 0.4305555555555556 0.892578125 0.4340277777777778 0.892578125 0.4826388888888889 0.8984375 0.4930555555555556 0.90625 0.5 0.916015625 0.5208333333333334 0.916015625 0.5347222222222222 0.9140625 0.5416666666666666 0.91015625 0.5381944444444444 0.91015625 0.5243055555555556 0.900390625 0.5069444444444444 0.890625 0.5034722222222222 0.884765625 0.4930555555555556 0.87890625 0.4930555555555556 0.876953125 0.4965277777777778 0.875 0.5243055555555556 0.873046875 0.5277777777777778 0.873046875 0.5381944444444444 0.87109375 0.5451388888888888 0.861328125 0.5451388888888888 0.861328125 0.5416666666666666 0.8671875 0.53125 0.8671875 0.4930555555555556 0.87109375 0.4756944444444444 0.87109375 0.4444444444444444 0.869140625 0.4409722222222222 0.8671875 0.4236111111111111 0.86328125 0.4166666666666667 0.84765625 0.4201388888888889 0.845703125 0.4131944444444444 0.84765625 0.4097222222222222 0.861328125 0.4097222222222222 0.8671875 0.3958333333333333 0.8671875 0.3715277777777778 0.869140625 0.3680555555555556 0.875 0.3680555555555556
2 0.978515625 0.5833333333333334 0.98046875 0.5902777777777778 0.978515625 0.5972222222222222 0.974609375 0.6006944444444444 0.966796875 0.6006944444444444 0.96484375 0.5972222222222222 0.96875 0.5902777777777778 0.96875 0.5833333333333334 0.95703125 0.5625 0.953125 0.5625 0.947265625 0.5798611111111112 0.94921875 0.5833333333333334 0.947265625 0.6006944444444444 0.931640625 0.6006944444444444 0.9296875 0.5972222222222222 0.935546875 0.59375 0.94140625 0.5833333333333334 0.94140625 0.5763888888888888 0.943359375 0.5729166666666666 0.943359375 0.5034722222222222 0.9453125 0.5 0.9453125 0.4930555555555556 0.939453125 0.4791666666666667 0.9375 0.46875 0.9453125 0.4583333333333333 0.943359375 0.4270833333333333 0.947265625 0.4201388888888889 0.95703125 0.4201388888888889 0.958984375 0.4236111111111111 0.958984375 0.4340277777777778 0.96484375 0.4513888888888889 0.96484375 0.5 0.966796875 0.5034722222222222 0.966796875 0.5208333333333334 0.962890625 0.53125 0.962890625 0.5520833333333334 0.970703125 0.5659722222222222 0.97265625 0.5763888888888888 0.9765625 0.5833333333333334
2 0.462890625 0.3368055555555556 0.46484375 0.3402777777777778 0.46484375 0.3506944444444444 0.47265625 0.3611111111111111 0.47265625 0.375 0.470703125 0.3784722222222222 0.470703125 0.3993055555555556 0.47265625 0.40625 0.46875 0.4097222222222222 0.466796875 0.4375 0.47265625 0.4444444444444444 0.4765625 0.4444444444444444 0.48046875 0.4513888888888889 0.484375 0.4513888888888889 0.484375 0.4583333333333333 0.486328125 0.4618055555555556 0.484375 0.46875 0.48046875 0.4548611111111111 0.470703125 0.4548611111111111 0.462890625 0.4479166666666667 0.45703125 0.4479166666666667 0.451171875 0.4375 0.44921875 0.4375 0.4453125 0.4444444444444444 0.443359375 0.4583333333333333 0.4375 0.4722222222222222 0.43359375 0.4722222222222222 0.43359375 0.4652777777777778 0.4375 0.4513888888888889 0.4375 0.4409722222222222 0.451171875 0.3923611111111111 0.451171875 0.3819444444444444 0.443359375 0.375 0.443359375 0.3715277777777778 0.451171875 0.3576388888888889 0.451171875 0.3472222222222222 0.453125 0.3402777777777778 0.45703125 0.3333333333333333 0.4609375 0.3368055555555556
2 0.41015625 0.375 0.412109375 0.3784722222222222 0.412109375 0.4270833333333333 0.41015625 0.4305555555555556 0.41015625 0.4375 0.40625 0.4409722222222222 0.40234375 0.4513888888888889 0.404296875 0.4652777777777778 0.40234375 0.46875 0.40234375 0.4791666666666667 0.396484375 0.5034722222222222 0.396484375 0.5347222222222222 0.404296875 0.5451388888888888 0.400390625 0.5451388888888888 0.3984375 0.5486111111111112 0.388671875 0.5451388888888888 0.38671875 0.5381944444444444 0.38671875 0.5069444444444444 0.390625 0.4895833333333333 0.390625 0.4722222222222222 0.384765625 0.4444444444444444 0.384765625 0.4131944444444444 0.38671875 0.4097222222222222 0.38671875 0.4027777777777778 0.390625 0.3993055555555556 0.40234375 0.375 0.408203125 0.375
2 0.88671875 0.2048611111111111 0.890625 0.20833333333333334 0.892578125 0.21875 0.8984375 0.22569444444444445 0.904296875 0.23958333333333334 0.908203125 0.23958333333333334 0.912109375 0.2465277777777778 0.908203125 0.2604166666666667 0.90625 0.2604166666666667 0.904296875 0.2673611111111111 0.90234375 0.2673611111111111 0.896484375 0.2777777777777778 0.896484375 0.2847222222222222 0.89453125 0.2881944444444444 0.89453125 0.3159722222222222 0.896484375 0.3194444444444444 0.896484375 0.3715277777777778 0.892578125 0.3715277777777778 0.888671875 0.3611111111111111 0.890625 0.3541666666666667 0.890625 0.3263888888888889 0.88671875 0.3194444444444444 0.8828125 0.3263888888888889 0.884765625 0.3611111111111111 0.880859375 0.3645833333333333 0.876953125 0.3611111111111111 0.876953125 0.3541666666666667 0.87890625 0.3506944444444444 0.876953125 0.3472222222222222 0.876953125 0.3333333333333333 0.875 0.3298611111111111 0.875 0.3229166666666667 0.876953125 0.3194444444444444 0.876953125 0.2881944444444444 0.875 0.2847222222222222 0.875 0.2777777777777778 0.876953125 0.2708333333333333 0.873046875 0.2534722222222222 0.873046875 0.2326388888888889 0.876953125 0.2222222222222222 0.876953125 0.2152777777777778 0.8828125 0.2048611111111111 0.884765625 0.2048611111111111
2 0.482421875 0.3993055555555556 0.490234375 0.3993055555555556 0.498046875 0.4131944444444444 0.505859375 0.4131944444444444 0.513671875 0.4340277777777778 0.513671875 0.4479166666666667 0.51171875 0.4513888888888889 0.513671875 0.4583333333333333 0.513671875 0.4722222222222222 0.509765625 0.4895833333333333 0.509765625 0.5347222222222222 0.51171875 0.5381944444444444 0.51171875 0.5520833333333334 0.5078125 0.5520833333333334 0.50390625 0.5451388888888888 0.5 0.5486111111111112 0.4921875 0.5486111111111112 0.490234375 0.5451388888888888 0.4921875 0.5381944444444444 0.4921875 0.53125 0.490234375 0.5277777777777778 0.490234375 0.4861111111111111 0.494140625 0.4756944444444444 0.494140625 0.46875 0.4921875 0.4652777777777778 0.494140625 0.4618055555555556 0.4921875 0.4583333333333333 0.4921875 0.4513888888888889 0.486328125 0.4375 0.484375 0.4201388888888889 0.48046875 0.4097222222222222 0.482421875 0.4027777777777778
2 0.75 0.7986111111111112 0.75390625 0.8055555555555556 0.75390625 0.8125 0.76171875 0.8229166666666666 0.765625 0.8159722222222222 0.76171875 0.8090277777777778 0.76171875 0.7986111111111112 0.765625 0.7986111111111112 0.76953125 0.8090277777777778 0.76953125 0.8159722222222222 0.77734375 0.8298611111111112 0.7734375 0.8402777777777778 0.767578125 0.8402777777777778 0.763671875 0.8506944444444444 0.755859375 0.8506944444444444 0.75390625 0.8541666666666666 0.736328125 0.8541666666666666 0.732421875 0.8506944444444444 0.732421875 0.8333333333333334 0.73828125 0.8263888888888888 0.73828125 0.8090277777777778 0.740234375 0.8020833333333334 0.7421875 0.7986111111111112 0.748046875 0.7986111111111112
2 0.908203125 0.09027777777777778 0.91015625 0.09375 0.916015625 0.09375 0.919921875 0.1111111111111111 0.923828125 0.11805555555555555 0.923828125 0.1388888888888889 0.919921875 0.1388888888888889 0.91796875 0.13194444444444445 0.916015625 0.13541666666666666 0.916015625 0.1701388888888889 0.91796875 0.1736111111111111 0.919921875 0.2048611111111111 0.916015625 0.20833333333333334 0.912109375 0.2048611111111111 0.90625 0.2048611111111111 0.904296875 0.20833333333333334 0.90234375 0.2048611111111111 0.90234375 0.17708333333333334 0.8984375 0.1597222222222222 0.8984375 0.1388888888888889 0.900390625 0.13194444444444445 0.8984375 0.1284722222222222 0.8984375 0.11805555555555555 0.89453125 0.11458333333333333 0.89453125 0.1111111111111111 0.896484375 0.1076388888888889 0.896484375 0.10069444444444445 0.900390625 0.09375 0.90625 0.09375
2 0.814453125 0.34375 0.81640625 0.3506944444444444 0.814453125 0.3576388888888889 0.81640625 0.3645833333333333 0.822265625 0.3715277777777778 0.822265625 0.4201388888888889 0.818359375 0.4305555555555556 0.818359375 0.5 0.814453125 0.5104166666666666 0.806640625 0.5104166666666666 0.8046875 0.5034722222222222 0.79296875 0.5034722222222222 0.79296875 0.5 0.80078125 0.4861111111111111 0.798828125 0.4826388888888889 0.798828125 0.4375 0.796875 0.4340277777777778 0.796875 0.4236111111111111 0.80078125 0.4131944444444444 0.80078125 0.3472222222222222 0.802734375 0.34375 0.8125 0.34375
2 0.875 0.03125 0.876953125 0.027777777777777776 0.876953125 0.003472222222222222 0.87890625 0 0.896484375 0 0.896484375 0.013888888888888888 0.900390625 0.027777777777777776 0.900390625 0.03819444444444445 0.896484375 0.03819444444444445 0.892578125 0.020833333333333332 0.88671875 0.010416666666666666 0.880859375 0.027777777777777776 0.880859375 0.03819444444444445 0.876953125 0.03819444444444445 0.876953125 0.034722222222222224