0 0.427734375 0.2743055555555556 0.427734375 0.2604166666666667 0.4296875 0.2569444444444444 0.435546875 0.2569444444444444 0.439453125 0.2638888888888889 0.43359375 0.2743055555555556 0.4296875 0.2743055555555556
0 0.412109375 0.2048611111111111 0.412109375 0.1909722222222222 0.4140625 0.1875 0.419921875 0.1875 0.421875 0.1909722222222222 0.421875 0.19791666666666666 0.4140625 0.2048611111111111
0 0.552734375 0.3576388888888889 0.5546875 0.3611111111111111 0.560546875 0.3611111111111111 0.564453125 0.3645833333333333 0.56640625 0.3715277777777778 0.564453125 0.375 0.55078125 0.375 0.548828125 0.3680555555555556 0.548828125 0.3611111111111111 0.55078125 0.3611111111111111
0 0.66484375 0.2916666666666667 0.015104166666666667 0.02037037037037037
0 0.837890625 0.7083333333333334 0.837890625 0.71875 0.841796875 0.7222222222222222 0.841796875 0.7326388888888888 0.837890625 0.7326388888888888 0.83203125 0.7430555555555556 0.826171875 0.7430555555555556 0.822265625 0.7361111111111112 0.8203125 0.7291666666666666 0.8203125 0.71875 0.826171875 0.7083333333333334 0.8359375 0.7083333333333334
0 0.697265625 0.5277777777777778 0.697265625 0.5208333333333334 0.69921875 0.5173611111111112 0.705078125 0.5173611111111112 0.70703125 0.5208333333333334 0.70703125 0.53125 0.705078125 0.5347222222222222 0.701171875 0.5347222222222222 0.69921875 0.5277777777777778
0 0.197265625 0.2951388888888889 0.1953125 0.2847222222222222 0.205078125 0.2708333333333333 0.2109375 0.2777777777777778 0.2109375 0.2881944444444444 0.205078125 0.2951388888888889 0.19921875 0.2951388888888889
0 0.34375 0.2465277777777778 0.349609375 0.2465277777777778 0.357421875 0.2534722222222222 0.357421875 0.2604166666666667 0.35546875 0.2638888888888889 0.34765625 0.2638888888888889 0.341796875 0.2569444444444444 0.34375 0.25
0 0.30859375 0.3368055555555556 0.310546875 0.3402777777777778 0.3125 0.3368055555555556 0.31640625 0.3368055555555556 0.318359375 0.34375 0.314453125 0.3506944444444444 0.306640625 0.3506944444444444 0.3046875 0.3472222222222222 0.306640625 0.3402777777777778
0 0.328125 0.3576388888888889 0.330078125 0.3611111111111111 0.330078125 0.3680555555555556 0.328125 0.3715277777777778 0.32421875 0.3680555555555556 0.318359375 0.3680555555555556 0.31640625 0.3645833333333333 0.31640625 0.3576388888888889 0.318359375 0.3541666666666667 0.326171875 0.3576388888888889
0 0.333984375 0.3333333333333333 0.337890625 0.3368055555555556 0.337890625 0.34375 0.341796875 0.3472222222222222 0.341796875 0.3576388888888889 0.337890625 0.3611111111111111 0.333984375 0.3541666666666667 0.328125 0.3541666666666667 0.328125 0.34375 0.33203125 0.3368055555555556
0 0.37890625 0.28125 0.380859375 0.2847222222222222 0.380859375 0.2916666666666667 0.373046875 0.2986111111111111 0.369140625 0.2986111111111111 0.3671875 0.2951388888888889 0.3671875 0.2881944444444444 0.376953125 0.28125
0 0.38203125 0.29583333333333334 0.015104166666666667 0.02314814814814815
0 0.38229166666666664 0.19907407407407407 0.009375 0.016666666666666666
1 0.203125 0.2881944444444444 0.212890625 0.2951388888888889 0.216796875 0.3090277777777778 0.216796875 0.3159722222222222 0.203125 0.3368055555555556 0.1953125 0.3333333333333333 0.19140625 0.3229166666666667 0.193359375 0.2916666666666667 0.1953125 0.2881944444444444 0.201171875 0.2881944444444444
1 0.712890625 0.5347222222222222 0.71484375 0.5381944444444444 0.724609375 0.5416666666666666 0.734375 0.5520833333333334 0.736328125 0.5590277777777778 0.736328125 0.5694444444444444 0.73828125 0.5729166666666666 0.73828125 0.5902777777777778 0.734375 0.6006944444444444 0.73046875 0.5972222222222222 0.712890625 0.59375 0.70703125 0.5868055555555556 0.70703125 0.5798611111111112 0.703125 0.5659722222222222 0.703125 0.5555555555555556 0.701171875 0.5520833333333334 0.701171875 0.5416666666666666 0.705078125 0.5347222222222222 0.7109375 0.5347222222222222
1 0.443359375 0.2673611111111111 0.453125 0.28125 0.45703125 0.2951388888888889 0.45703125 0.3125 0.453125 0.3125 0.451171875 0.3159722222222222 0.4453125 0.3159722222222222 0.44140625 0.3125 0.431640625 0.28125 0.43359375 0.2708333333333333 0.4375 0.2638888888888889 0.44140625 0.2673611111111111
1 0.748046875 0.1909722222222222 0.75390625 0.1909722222222222 0.76171875 0.2013888888888889 0.763671875 0.20833333333333334 0.763671875 0.22569444444444445 0.765625 0.22916666666666666 0.763671875 0.2361111111111111 0.759765625 0.2361111111111111 0.7578125 0.23958333333333334 0.75 0.23958333333333334 0.748046875 0.2361111111111111 0.744140625 0.21875 0.74609375 0.2152777777777778 0.74609375 0.19791666666666666 0.748046875 0.19444444444444445
1 0.3984375 0.2951388888888889 0.40234375 0.2986111111111111 0.41015625 0.3263888888888889 0.41015625 0.34375 0.40625 0.34375 0.400390625 0.3506944444444444 0.396484375 0.3506944444444444 0.39453125 0.3472222222222222 0.390625 0.3333333333333333 0.380859375 0.3125 0.388671875 0.2951388888888889 0.392578125 0.2916666666666667 0.396484375 0.2951388888888889
1 0.38671875 0.2048611111111111 0.392578125 0.2152777777777778 0.392578125 0.22569444444444445 0.39453125 0.22916666666666666 0.39453125 0.23958333333333334 0.392578125 0.24305555555555555 0.38671875 0.24305555555555555 0.384765625 0.23958333333333334 0.373046875 0.23958333333333334 0.37109375 0.2361111111111111 0.37109375 0.20833333333333334 0.376953125 0.2013888888888889 0.384765625 0.2048611111111111
1 0.314453125 0.3645833333333333 0.322265625 0.3715277777777778 0.328125 0.3854166666666667 0.328125 0.3888888888888889 0.326171875 0.3888888888888889 0.32421875 0.3958333333333333 0.314453125 0.4097222222222222 0.30078125 0.4097222222222222 0.2890625 0.3993055555555556 0.2890625 0.3854166666666667 0.29296875 0.3854166666666667 0.302734375 0.3680555555555556 0.306640625 0.3645833333333333 0.3125 0.3645833333333333
1 0.345703125 0.3541666666666667 0.345703125 0.3576388888888889 0.3515625 0.3680555555555556 0.353515625 0.375 0.353515625 0.3854166666666667 0.357421875 0.3958333333333333 0.35546875 0.4027777777777778 0.34765625 0.4027777777777778 0.345703125 0.40625 0.3359375 0.40625 0.33203125 0.3958333333333333 0.33203125 0.3819444444444444 0.330078125 0.3784722222222222 0.330078125 0.3645833333333333 0.337890625 0.3541666666666667 0.34375 0.3541666666666667
1 0.42578125 0.19791666666666666 0.431640625 0.20833333333333334 0.43359375 0.20833333333333334 0.43359375 0.22569444444444445 0.435546875 0.22916666666666666 0.435546875 0.2534722222222222 0.4296875 0.2534722222222222 0.427734375 0.2569444444444444 0.421875 0.25 0.419921875 0.24305555555555555 0.419921875 0.2326388888888889 0.416015625 0.22569444444444445 0.416015625 0.21875 0.4140625 0.2152777777777778 0.4140625 0.20833333333333334 0.423828125 0.19791666666666666
1 0.552734375 0.3784722222222222 0.564453125 0.3784722222222222 0.572265625 0.3854166666666667 0.583984375 0.4236111111111111 0.58203125 0.4340277777777778 0.568359375 0.4340277777777778 0.55859375 0.4270833333333333 0.556640625 0.4236111111111111 0.556640625 0.40625 0.5546875 0.4027777777777778 0.5546875 0.3888888888888889 0.552734375 0.3819444444444444
1 0.55859375 0.1909722222222222 0.560546875 0.19444444444444445 0.568359375 0.19444444444444445 0.572265625 0.2013888888888889 0.5703125 0.2048611111111111 0.5703125 0.22569444444444445 0.564453125 0.22569444444444445 0.55859375 0.21875 0.55078125 0.21875 0.546875 0.2152777777777778 0.546875 0.20833333333333334 0.55078125 0.19791666666666666 0.552734375 0.19444444444444445 0.556640625 0.19444444444444445
1 0.6684895833333333 0.32407407407407407 0.024479166666666666 0.05
1 0.333984375 0.2777777777777778 0.337890625 0.2743055555555556 0.34375 0.2743055555555556 0.345703125 0.2708333333333333 0.3515625 0.2708333333333333 0.353515625 0.2743055555555556 0.349609375 0.2847222222222222 0.349609375 0.2951388888888889 0.341796875 0.3090277777777778 0.333984375 0.3055555555555556 0.33203125 0.2986111111111111 0.33203125 0.2881944444444444 0.333984375 0.28125
1 0.36328125 0.3020833333333333 0.3671875 0.3020833333333333 0.37109375 0.3125 0.373046875 0.3090277777777778 0.376953125 0.3090277777777778 0.37890625 0.3125 0.37890625 0.3333333333333333 0.376953125 0.3402777777777778 0.37109375 0.34375 0.365234375 0.3541666666666667 0.361328125 0.3541666666666667 0.35546875 0.34375 0.35546875 0.3298611111111111 0.36328125 0.3194444444444444 0.361328125 0.3159722222222222 0.361328125 0.3090277777777778 0.36328125 0.3055555555555556
0 0.56640625 0.18055555555555555 0.568359375 0.1840277777777778 0.56640625 0.1909722222222222 0.5625 0.1909722222222222 0.560546875 0.1875 0.560546875 0.1840277777777778 0.564453125 0.18055555555555555
2 0.615234375 0.21180555555555555 0.6171875 0.2152777777777778 0.62109375 0.2152777777777778 0.626953125 0.22916666666666666 0.625 0.23958333333333334 0.6171875 0.2569444444444444 0.6171875 0.2673611111111111 0.62109375 0.2777777777777778 0.619140625 0.2847222222222222 0.61328125 0.2916666666666667 0.60546875 0.2916666666666667 0.603515625 0.2951388888888889 0.599609375 0.2916666666666667 0.595703125 0.2951388888888889 0.591796875 0.3020833333333333 0.591796875 0.3159722222222222 0.5859375 0.3159722222222222 0.583984375 0.3125 0.5859375 0.2881944444444444 0.591796875 0.2743055555555556 0.591796875 0.2673611111111111 0.587890625 0.2569444444444444 0.58984375 0.2361111111111111 0.59765625 0.2152777777777778 0.6015625 0.2152777777777778 0.603515625 0.21180555555555555 0.61328125 0.21180555555555555
2 0.203125 0.2708333333333333 0.208984375 0.2777777777777778 0.216796875 0.3055555555555556 0.216796875 0.3159722222222222 0.212890625 0.3263888888888889 0.212890625 0.3368055555555556 0.220703125 0.3645833333333333 0.216796875 0.375 0.21484375 0.3923611111111111 0.212890625 0.3958333333333333 0.20703125 0.3958333333333333 0.203125 0.3888888888888889 0.20703125 0.3819444444444444 0.208984375 0.3576388888888889 0.203125 0.3506944444444444 0.197265625 0.3611111111111111 0.193359375 0.375 0.18359375 0.3923611111111111 0.1796875 0.40625 0.177734375 0.40625 0.171875 0.3958333333333333 0.171875 0.3923611111111111 0.1796875 0.3784722222222222 0.1796875 0.375 0.189453125 0.3611111111111111 0.19140625 0.3020833333333333 0.193359375 0.2986111111111111 0.193359375 0.2916666666666667 0.197265625 0.2847222222222222 0.197265625 0.2743055555555556 0.201171875 0.2708333333333333
2 0.69921875 0.5173611111111112 0.703125 0.5208333333333334 0.712890625 0.5208333333333334 0.71484375 0.5243055555555556 0.71875 0.5243055555555556 0.72265625 0.53125 0.72265625 0.5381944444444444 0.734375 0.5520833333333334 0.740234375 0.5729166666666666 0.740234375 0.5902777777777778 0.73828125 0.59375 0.73828125 0.6006944444444444 0.734375 0.6076388888888888 0.73046875 0.6111111111111112 0.72265625 0.6111111111111112 0.71875 0.6076388888888888 0.712890625 0.6180555555555556 0.71484375 0.6423611111111112 0.716796875 0.6458333333333334 0.716796875 0.6736111111111112 0.708984375 0.6736111111111112 0.701171875 0.65625 0.701171875 0.6493055555555556 0.697265625 0.6388888888888888 0.689453125 0.6423611111111112 0.689453125 0.6284722222222222 0.69140625 0.625 0.693359375 0.6076388888888888 0.703125 0.5868055555555556 0.701171875 0.5520833333333334 0.69921875 0.5486111111111112 0.69921875 0.5416666666666666 0.703125 0.5347222222222222 0.69921875 0.5208333333333334
2 0.4375 0.2604166666666667 0.447265625 0.2708333333333333 0.453125 0.28125 0.45703125 0.2951388888888889 0.45703125 0.3229166666666667 0.458984375 0.3298611111111111 0.4609375 0.3333333333333333 0.47265625 0.3333333333333333 0.474609375 0.3368055555555556 0.47265625 0.3402777777777778 0.466796875 0.3402777777777778 0.4609375 0.3472222222222222 0.455078125 0.3472222222222222 0.451171875 0.3541666666666667 0.44921875 0.3680555555555556 0.4453125 0.3645833333333333 0.44140625 0.3541666666666667 0.44140625 0.3472222222222222 0.4375 0.3333333333333333 0.4375 0.3055555555555556 0.435546875 0.3020833333333333 0.435546875 0.2916666666666667 0.427734375 0.2743055555555556 0.427734375 0.2638888888888889 0.4296875 0.2604166666666667 0.435546875 0.2604166666666667
2 0.833984375 0.71875 0.8359375 0.7222222222222222 0.841796875 0.7222222222222222 0.845703125 0.7256944444444444 0.845703125 0.7395833333333334 0.849609375 0.7465277777777778 0.85546875 0.75 0.86328125 0.7708333333333334 0.86328125 0.7951388888888888 0.859375 0.7951388888888888 0.857421875 0.7986111111111112 0.85546875 0.8159722222222222 0.84765625 0.8263888888888888 0.84765625 0.8333333333333334 0.845703125 0.8368055555555556 0.845703125 0.8715277777777778 0.84375 0.875 0.8359375 0.875 0.828125 0.8645833333333334 0.826171875 0.8576388888888888 0.826171875 0.84375 0.822265625 0.8333333333333334 0.818359375 0.8333333333333334 0.814453125 0.8402777777777778 0.814453125 0.8576388888888888 0.810546875 0.8611111111111112 0.8125 0.8125 0.818359375 0.7951388888888888 0.818359375 0.7673611111111112 0.81640625 0.7638888888888888 0.81640625 0.7569444444444444 0.822265625 0.7291666666666666 0.8203125 0.7222222222222222 0.822265625 0.71875 0.83203125 0.71875
2 0.498046875 0.7881944444444444 0.498046875 0.7638888888888888 0.501953125 0.75 0.5078125 0.7430555555555556 0.52734375 0.7430555555555556 0.533203125 0.7361111111111112 0.5390625 0.7361111111111112 0.541015625 0.7430555555555556 0.541015625 0.7673611111111112 0.5390625 0.7743055555555556 0.544921875 0.7847222222222222 0.544921875 0.7881944444444444 0.517578125 0.7881944444444444 0.515625 0.7916666666666666 0.501953125 0.7916666666666666 0.5 0.7881944444444444
2 0.669921875 0.2881944444444444 0.677734375 0.3090277777777778 0.6796875 0.3298611111111111 0.66796875 0.34375 0.6640625 0.34375 0.662109375 0.3333333333333333 0.65234375 0.3194444444444444 0.65234375 0.3159722222222222 0.654296875 0.3159722222222222 0.658203125 0.3055555555555556 0.658203125 0.2881944444444444 0.66015625 0.2847222222222222 0.666015625 0.2847222222222222 0.66796875 0.2881944444444444
2 0.3984375 0.2951388888888889 0.404296875 0.3055555555555556 0.408203125 0.3159722222222222 0.408203125 0.3229166666666667 0.412109375 0.3298611111111111 0.412109375 0.3506944444444444 0.41015625 0.3541666666666667 0.41015625 0.3715277777777778 0.412109375 0.375 0.412109375 0.3819444444444444 0.423828125 0.3958333333333333 0.431640625 0.4097222222222222 0.4296875 0.4236111111111111 0.42578125 0.4236111111111111 0.42578125 0.4166666666666667 0.4140625 0.3993055555555556 0.404296875 0.3958333333333333 0.400390625 0.40625 0.400390625 0.4131944444444444 0.3984375 0.4131944444444444 0.39453125 0.4027777777777778 0.39453125 0.3888888888888889 0.392578125 0.3854166666666667 0.396484375 0.3680555555555556 0.39453125 0.3645833333333333 0.39453125 0.34375 0.388671875 0.3333333333333333 0.388671875 0.3298611111111111 0.380859375 0.3194444444444444 0.373046875 0.2916666666666667 0.375 0.2881944444444444 0.384765625 0.2881944444444444 0.38671875 0.2916666666666667 0.39453125 0.2916666666666667 0.396484375 0.2951388888888889
2 0.380859375 0.19791666666666666 0.390625 0.20833333333333334 0.39453125 0.22569444444444445 0.39453125 0.2465277777777778 0.396484375 0.25 0.396484375 0.2673611111111111 0.39453125 0.2708333333333333 0.390625 0.2708333333333333 0.38671875 0.2777777777777778 0.375 0.2777777777777778 0.373046875 0.2743055555555556 0.373046875 0.2569444444444444 0.37109375 0.2534722222222222 0.37109375 0.2465277777777778 0.373046875 0.24305555555555555 0.37109375 0.23958333333333334 0.37109375 0.20833333333333334 0.373046875 0.2013888888888889 0.37890625 0.19791666666666666
2 0.314453125 0.34375 0.322265625 0.3506944444444444 0.330078125 0.3854166666666667 0.326171875 0.3993055555555556 0.322265625 0.40625 0.318359375 0.40625 0.31640625 0.4097222222222222 0.31640625 0.4201388888888889 0.3125 0.4305555555555556 0.314453125 0.4375 0.310546875 0.4375 0.2890625 0.4756944444444444 0.2890625 0.4861111111111111 0.287109375 0.4895833333333333 0.28125 0.4861111111111111 0.27734375 0.4791666666666667 0.27734375 0.4722222222222222 0.279296875 0.46875 0.279296875 0.4479166666666667 0.287109375 0.4236111111111111 0.287109375 0.3819444444444444 0.294921875 0.3611111111111111 0.302734375 0.3472222222222222 0.306640625 0.34375 0.3125 0.34375
2 0.33984375 0.34375 0.34375 0.3472222222222222 0.349609375 0.3611111111111111 0.353515625 0.375 0.353515625 0.3819444444444444 0.359375 0.3993055555555556 0.359375 0.40625 0.365234375 0.4236111111111111 0.365234375 0.4340277777777778 0.373046875 0.4513888888888889 0.373046875 0.4583333333333333 0.369140625 0.4652777777777778 0.365234375 0.4652777777777778 0.36328125 0.46875 0.365234375 0.4756944444444444 0.36328125 0.4791666666666667 0.357421875 0.4791666666666667 0.35546875 0.4722222222222222 0.3515625 0.46875 0.341796875 0.4409722222222222 0.33984375 0.4166666666666667 0.330078125 0.40625 0.330078125 0.3993055555555556 0.33203125 0.3958333333333333 0.330078125 0.3888888888888889 0.33203125 0.3854166666666667 0.328125 0.3680555555555556 0.328125 0.3472222222222222 0.333984375 0.3402777777777778 0.337890625 0.34375
2 0.345703125 0.25 0.353515625 0.25 0.357421875 0.2638888888888889 0.357421875 0.2916666666666667 0.359375 0.2986111111111111 0.345703125 0.3125 0.341796875 0.3090277777777778 0.33984375 0.3020833333333333 0.3359375 0.3020833333333333 0.328125 0.2951388888888889 0.328125 0.2916666666666667 0.333984375 0.28125 0.3359375 0.2708333333333333 0.345703125 0.2534722222222222
2 0.751953125 0.1840277777777778 0.751953125 0.1875 0.76171875 0.2013888888888889 0.763671875 0.2152777777777778 0.767578125 0.22569444444444445 0.767578125 0.2326388888888889 0.771484375 0.24305555555555555 0.76953125 0.25 0.7734375 0.2638888888888889 0.771484375 0.2708333333333333 0.771484375 0.28125 0.7734375 0.2847222222222222 0.771484375 0.2881944444444444 0.771484375 0.3020833333333333 0.765625 0.3020833333333333 0.763671875 0.2986111111111111 0.763671875 0.2916666666666667 0.759765625 0.2847222222222222 0.751953125 0.28125 0.74609375 0.2743055555555556 0.74609375 0.2465277777777778 0.748046875 0.24305555555555555 0.74609375 0.23958333333333334 0.74609375 0.19791666666666666 0.744140625 0.1909722222222222 0.75 0.1840277777777778
2 0.431640625 0.2048611111111111 0.435546875 0.2152777777777778 0.43359375 0.21875 0.43359375 0.22569444444444445 0.435546875 0.22916666666666666 0.4375 0.2534722222222222 0.435546875 0.2569444444444444 0.4296875 0.2569444444444444 0.419921875 0.2743055555555556 0.41796875 0.2847222222222222 0.4140625 0.28125 0.4140625 0.2743055555555556 0.412109375 0.2708333333333333 0.4140625 0.25 0.41796875 0.2465277777777778 0.41796875 0.22916666666666666 0.4140625 0.21875 0.412109375 0.1909722222222222 0.4140625 0.1875 0.419921875 0.1875 0.4296875 0.2048611111111111
2 0.5859375 0.5243055555555556 0.591796875 0.53125 0.59375 0.5277777777777778 0.599609375 0.5277777777777778 0.6015625 0.53125 0.599609375 0.5520833333333334 0.595703125 0.5625 0.595703125 0.5729166666666666 0.59765625 0.5763888888888888 0.59765625 0.5833333333333334 0.595703125 0.5868055555555556 0.59765625 0.6145833333333334 0.595703125 0.6180555555555556 0.595703125 0.625 0.591796875 0.6319444444444444 0.591796875 0.6527777777777778 0.59375 0.65625 0.591796875 0.6597222222222222 0.580078125 0.6493055555555556 0.580078125 0.6284722222222222 0.578125 0.625 0.576171875 0.625 0.572265625 0.6354166666666666 0.568359375 0.6319444444444444 0.541015625 0.6319444444444444 0.53125 0.6388888888888888 0.525390625 0.6527777777777778 0.521484375 0.6458333333333334 0.5234375 0.6319444444444444 0.53515625 0.6215277777777778 0.544921875 0.6041666666666666 0.546875 0.5833333333333334 0.55078125 0.5694444444444444 0.556640625 0.5625 0.55859375 0.5520833333333334 0.56640625 0.5381944444444444 0.572265625 0.5381944444444444 0.576171875 0.5347222222222222 0.578125 0.5277777777777778 0.583984375 0.5243055555555556
2 0.548828125 0.3611111111111111 0.560546875 0.3611111111111111 0.56640625 0.3715277777777778 0.56640625 0.3784722222222222 0.57421875 0.3888888888888889 0.583984375 0.4236111111111111 0.583984375 0.4340277777777778 0.576171875 0.4444444444444444 0.5703125 0.4618055555555556 0.57421875 0.4861111111111111 0.56640625 0.4895833333333333 0.560546875 0.5 0.560546875 0.5104166666666666 0.55859375 0.5138888888888888 0.55078125 0.5138888888888888 0.548828125 0.5104166666666666 0.537109375 0.5069444444444444 0.53515625 0.5034722222222222 0.537109375 0.5 0.541015625 0.5 0.546875 0.4895833333333333 0.548828125 0.4652777777777778 0.55078125 0.4618055555555556 0.55078125 0.4444444444444444 0.556640625 0.4270833333333333 0.5546875 0.4236111111111111 0.5546875 0.4131944444444444 0.556640625 0.40625 0.5546875 0.4027777777777778 0.5546875 0.3923611111111111 0.55078125 0.3819444444444444 0.548828125 0.3645833333333333
2 0.5703125 0.5694444444444444 0.57421875 0.5659722222222222 0.587890625 0.5659722222222222 0.591796875 0.5729166666666666 0.591796875 0.5868055555555556 0.59765625 0.6041666666666666 0.59765625 0.6076388888888888 0.58984375 0.6180555555555556 0.587890625 0.6354166666666666 0.583984375 0.6319444444444444 0.58203125 0.6354166666666666 0.58203125 0.6527777777777778 0.580078125 0.6458333333333334 0.58203125 0.6388888888888888 0.578125 0.6319444444444444 0.576171875 0.6354166666666666 0.576171875 0.6458333333333334 0.568359375 0.6458333333333334 0.56640625 0.6423611111111112 0.5625 0.6423611111111112 0.55859375 0.6354166666666666 0.537109375 0.6354166666666666 0.525390625 0.6527777777777778 0.521484375 0.6458333333333334 0.521484375 0.6354166666666666 0.529296875 0.625 0.5390625 0.6180555555555556 0.544921875 0.6180555555555556 0.546875 0.6111111111111112 0.552734375 0.6111111111111112 0.556640625 0.6076388888888888 0.5625 0.5972222222222222 0.5625 0.5868055555555556 0.56640625 0.5763888888888888 0.5703125 0.5729166666666666
2 0.5625 0.1840277777777778 0.57421875 0.19791666666666666 0.572265625 0.2013888888888889 0.572265625 0.2465277777777778 0.56640625 0.2569444444444444 0.56640625 0.2604166666666667 0.5546875 0.2777777777777778 0.55078125 0.2777777777777778 0.548828125 0.2743055555555556 0.548828125 0.2638888888888889 0.55078125 0.2569444444444444 0.546875 0.25 0.5390625 0.25 0.5390625 0.2465277777777778 0.548828125 0.23958333333333334 0.548828125 0.2326388888888889 0.544921875 0.22569444444444445 0.544921875 0.2152777777777778 0.55078125 0.19791666666666666 0.55859375 0.1840277777777778 0.560546875 0.1840277777777778
2 0.689453125 0.34375 0.689453125 0.3506944444444444 0.69140625 0.3541666666666667 0.689453125 0.3611111111111111 0.689453125 0.4201388888888889 0.685546875 0.4201388888888889 0.685546875 0.4166666666666667 0.6796875 0.40625 0.671875 0.4097222222222222 0.671875 0.3993055555555556 0.666015625 0.3819444444444444 0.66796875 0.34375 0.6796875 0.3333333333333333 0.681640625 0.3333333333333333 0.6875 0.34375
2 0.65234375 0.3159722222222222 0.654296875 0.3159722222222222 0.658203125 0.3055555555555556 0.658203125 0.2881944444444444 0.66015625 0.2847222222222222 0.666015625 0.2847222222222222 0.67578125 0.3055555555555556 0.677734375 0.3194444444444444 0.681640625 0.3298611111111111 0.681640625 0.3368055555555556 0.67578125 0.3368055555555556 0.669921875 0.3472222222222222 0.669921875 0.3923611111111111 0.666015625 0.3923611111111111 0.65625 0.375 0.65625 0.3611111111111111 0.662109375 0.3506944444444444 0.662109375 0.34375 0.6640625 0.3402777777777778 0.65234375 0.3194444444444444
2 0.755859375 0.1701388888888889 0.7578125 0.1736111111111111 0.765625 0.1736111111111111 0.7734375 0.1875 0.775390625 0.19791666666666666 0.783203125 0.20833333333333334 0.78515625 0.2152777777777778 0.78515625 0.22569444444444445 0.7890625 0.2326388888888889 0.7890625 0.2534722222222222 0.791015625 0.2569444444444444 0.791015625 0.2638888888888889 0.7890625 0.2673611111111111 0.77734375 0.2673611111111111 0.7734375 0.2604166666666667 0.771484375 0.2534722222222222 0.771484375 0.23958333333333334 0.763671875 0.2152777777777778 0.763671875 0.20833333333333334 0.751953125 0.18055555555555555 0.75390625 0.1736111111111111
2 0.37109375 0.2881944444444444 0.37109375 0.2951388888888889 0.376953125 0.3055555555555556 0.376953125 0.3125 0.384765625 0.3298611111111111 0.384765625 0.3333333333333333 0.380859375 0.3298611111111111 0.376953125 0.3402777777777778 0.380859375 0.3541666666666667 0.384765625 0.3576388888888889 0.390625 0.3819444444444444 0.390625 0.3958333333333333 0.396484375 0.4097222222222222 0.392578125 0.4131944444444444 0.384765625 0.40625 0.380859375 0.3784722222222222 0.3671875 0.3576388888888889 0.36328125 0.3611111111111111 0.35546875 0.3784722222222222 0.345703125 0.34375 0.349609375 0.3333333333333333 0.34765625 0.3298611111111111 0.34765625 0.3125 0.3515625 0.3055555555555556 0.35546875 0.3055555555555556 0.359375 0.2986111111111111 0.36328125 0.2986111111111111 0.369140625 0.2916666666666667