0 0.654296875 0.3090277777777778 0.658203125 0.3125 0.658203125 0.3229166666666667 0.65625 0.3263888888888889 0.650390625 0.3263888888888889 0.6484375 0.3229166666666667 0.6484375 0.3125 0.65234375 0.3090277777777778
0 0.5078125 0.4652777777777778 0.51171875 0.4548611111111111 0.517578125 0.4548611111111111 0.517578125 0.4722222222222222 0.515625 0.4756944444444444 0.509765625 0.46875
0 0.6640625 0.3194444444444444 0.666015625 0.3159722222222222 0.671875 0.3159722222222222 0.673828125 0.3194444444444444 0.673828125 0.3263888888888889 0.66796875 0.3263888888888889 0.666015625 0.3229166666666667
0 0.34765625 0.15625 0.34765625 0.14930555555555555 0.349609375 0.14583333333333334 0.35546875 0.14583333333333334 0.35546875 0.15625 0.349609375 0.15625
0 0.2734375 0.3298611111111111 0.279296875 0.3298611111111111 0.283203125 0.3333333333333333 0.283203125 0.3402777777777778 0.279296875 0.3472222222222222 0.271484375 0.3402777777777778 0.2734375 0.3333333333333333
0 0.533203125 0.4027777777777778 0.537109375 0.4131944444444444 0.533203125 0.4236111111111111 0.529296875 0.4236111111111111 0.525390625 0.4166666666666667 0.52734375 0.40625 0.53125 0.4027777777777778
0 0.69140625 0.3576388888888889 0.69140625 0.3680555555555556 0.689453125 0.3715277777777778 0.68359375 0.3715277777777778 0.681640625 0.3680555555555556 0.681640625 0.3611111111111111 0.685546875 0.3541666666666667 0.689453125 0.3576388888888889
0 0.578125 0.3541666666666667 0.578125 0.34375 0.580078125 0.3402777777777778 0.5859375 0.3402777777777778 0.58984375 0.3472222222222222 0.5859375 0.3576388888888889 0.58203125 0.3576388888888889 0.580078125 0.3541666666666667
0 0.322265625 0.2604166666666667 0.326171875 0.2638888888888889 0.322265625 0.2743055555555556 0.31640625 0.2673611111111111 0.31640625 0.2638888888888889 0.3203125 0.2604166666666667
0 0.166015625 0.21875 0.169921875 0.22569444444444445 0.166015625 0.2326388888888889 0.16015625 0.2326388888888889 0.16015625 0.2222222222222222 0.1640625 0.21875
0 0.14322916666666666 0.7324074074074074 0.015625 0.024074074074074074
0 0.220703125 0.6909722222222222 0.22265625 0.6944444444444444 0.22265625 0.7048611111111112 0.220703125 0.7083333333333334 0.208984375 0.7048611111111112 0.212890625 0.6909722222222222 0.21875 0.6909722222222222
0 0.482421875 0.13194444444444445 0.486328125 0.13541666666666666 0.486328125 0.14930555555555555 0.478515625 0.14583333333333334 0.478515625 0.13541666666666666 0.48046875 0.13541666666666666
0 0.353515625 0.2847222222222222 0.35546875 0.2881944444444444 0.35546875 0.3055555555555556 0.3515625 0.3055555555555556 0.34765625 0.2986111111111111 0.34765625 0.2881944444444444 0.3515625 0.2847222222222222
0 0.01171875 0.5381944444444444 0.01171875 0.5486111111111112 0.009765625 0.5520833333333334 0.005859375 0.5520833333333334 0 0.5451388888888888 0.00390625 0.5381944444444444 0.009765625 0.5381944444444444
0 0.076171875 0.4340277777777778 0.083984375 0.4340277777777778 0.0859375 0.4375 0.0859375 0.4444444444444444 0.08203125 0.4513888888888889 0.07421875 0.4409722222222222 0.076171875 0.4375
0 0.591796875 0.3958333333333333 0.599609375 0.40625 0.59765625 0.4131944444444444 0.58984375 0.4131944444444444 0.5859375 0.4097222222222222 0.5859375 0.3993055555555556 0.58984375 0.3958333333333333
0 0.60546875 0.3993055555555556 0.609375 0.40625 0.607421875 0.4131944444444444 0.6015625 0.4131944444444444 0.599609375 0.4097222222222222 0.599609375 0.4027777777777778 0.603515625 0.3993055555555556
0 0.603515625 0.3472222222222222 0.607421875 0.3541666666666667 0.60546875 0.3576388888888889 0.59765625 0.3576388888888889 0.59765625 0.3506944444444444 0.6015625 0.3472222222222222
0 0.20859375 0.24629629629629632 0.009895833333333333 0.02037037037037037
1 0.677734375 0.3333333333333333 0.681640625 0.3402777777777778 0.68359375 0.3541666666666667 0.67578125 0.3680555555555556 0.671875 0.3680555555555556 0.666015625 0.3506944444444444 0.666015625 0.3402777777777778 0.67578125 0.3333333333333333
1 0.525390625 0.4166666666666667 0.53125 0.4270833333333333 0.533203125 0.4270833333333333 0.537109375 0.4166666666666667 0.541015625 0.4201388888888889 0.54296875 0.4270833333333333 0.541015625 0.4479166666666667 0.533203125 0.4548611111111111 0.52734375 0.4548611111111111 0.5234375 0.4479166666666667 0.5234375 0.4409722222222222 0.517578125 0.4340277777777778 0.51953125 0.4201388888888889 0.5234375 0.4166666666666667
1 0.662109375 0.3194444444444444 0.666015625 0.3368055555555556 0.658203125 0.3541666666666667 0.65234375 0.3472222222222222 0.6484375 0.3472222222222222 0.646484375 0.3402777777777778 0.646484375 0.3263888888888889 0.654296875 0.3263888888888889 0.66015625 0.3194444444444444
1 0.328125 0.2708333333333333 0.33203125 0.2777777777777778 0.33203125 0.2847222222222222 0.3203125 0.2951388888888889 0.310546875 0.2916666666666667 0.310546875 0.2743055555555556 0.3125 0.2708333333333333 0.326171875 0.2708333333333333
1 0.677734375 0.375 0.693359375 0.3715277777777778 0.697265625 0.3784722222222222 0.697265625 0.3888888888888889 0.693359375 0.3958333333333333 0.69140625 0.40625 0.67578125 0.40625 0.67578125 0.3923611111111111 0.677734375 0.3888888888888889 0.67578125 0.3819444444444444 0.677734375 0.3784722222222222
1 0.580078125 0.3541666666666667 0.58203125 0.3576388888888889 0.58984375 0.3506944444444444 0.595703125 0.3541666666666667 0.595703125 0.3715277777777778 0.591796875 0.3854166666666667 0.578125 0.3854166666666667 0.572265625 0.3784722222222222 0.57421875 0.3576388888888889 0.578125 0.3541666666666667
1 0 0.5520833333333334 0.009765625 0.5520833333333334 0.013671875 0.5625 0.013671875 0.5729166666666666 0.009765625 0.5833333333333334 0.01171875 0.5868055555555556 0.009765625 0.5902777777777778 0 0.5902777777777778 0 0.5555555555555556
1 0.625 0.4340277777777778 0.630859375 0.4409722222222222 0.634765625 0.4548611111111111 0.634765625 0.4618055555555556 0.630859375 0.4618055555555556 0.625 0.46875 0.6171875 0.4652777777777778 0.611328125 0.4548611111111111 0.611328125 0.4479166666666667 0.609375 0.4444444444444444 0.61328125 0.4340277777777778 0.6171875 0.4340277777777778 0.619140625 0.4305555555555556 0.623046875 0.4340277777777778
1 0.142578125 0.7395833333333334 0.14453125 0.75 0.138671875 0.7638888888888888 0.1328125 0.7916666666666666 0.126953125 0.7916666666666666 0.119140625 0.7847222222222222 0.1171875 0.78125 0.1171875 0.7673611111111112 0.12109375 0.7569444444444444 0.123046875 0.7569444444444444 0.1328125 0.7395833333333334 0.13671875 0.7361111111111112 0.140625 0.7395833333333334
1 0.4765625 0.14930555555555555 0.482421875 0.14930555555555555 0.486328125 0.1527777777777778 0.486328125 0.16319444444444445 0.482421875 0.1701388888888889 0.482421875 0.18055555555555555 0.474609375 0.17708333333333334 0.474609375 0.1597222222222222 0.4765625 0.1527777777777778
1 0.208984375 0.24305555555555555 0.21484375 0.2569444444444444 0.21484375 0.2673611111111111 0.2109375 0.2673611111111111 0.203125 0.2743055555555556 0.19921875 0.2638888888888889 0.19921875 0.2465277777777778 0.201171875 0.24305555555555555 0.20703125 0.24305555555555555
1 0.26171875 0.3819444444444444 0.265625 0.3506944444444444 0.26953125 0.34375 0.275390625 0.34375 0.279296875 0.3506944444444444 0.279296875 0.3611111111111111 0.275390625 0.3715277777777778 0.275390625 0.3819444444444444 0.263671875 0.3819444444444444
1 0.07239583333333333 0.47129629629629627 0.021875 0.05555555555555555
1 0.34869791666666666 0.1787037037037037 0.0171875 0.044444444444444446
1 0.33984375 0.2916666666666667 0.349609375 0.2916666666666667 0.349609375 0.2986111111111111 0.3515625 0.3020833333333333 0.35546875 0.2951388888888889 0.35546875 0.3090277777777778 0.34765625 0.3159722222222222 0.34375 0.3159722222222222 0.337890625 0.3090277777777778 0.33984375 0.2951388888888889
1 0.5078125 0.4652777777777778 0.51171875 0.46875 0.517578125 0.4826388888888889 0.517578125 0.4861111111111111 0.51171875 0.4965277777777778 0.509765625 0.5069444444444444 0.4921875 0.5069444444444444 0.490234375 0.5034722222222222 0.494140625 0.4791666666666667 0.49609375 0.4791666666666667 0.498046875 0.4722222222222222 0.505859375 0.46875
1 0.171875 0.22916666666666666 0.173828125 0.2361111111111111 0.171875 0.23958333333333334 0.171875 0.25 0.169921875 0.2569444444444444 0.166015625 0.2569444444444444 0.158203125 0.2638888888888889 0.154296875 0.2465277777777778 0.154296875 0.2361111111111111 0.15625 0.2326388888888889 0.169921875 0.22916666666666666
1 0.583984375 0.4166666666666667 0.59375 0.4166666666666667 0.595703125 0.4201388888888889 0.59765625 0.4166666666666667 0.6015625 0.4166666666666667 0.60546875 0.4201388888888889 0.60546875 0.4270833333333333 0.599609375 0.4479166666666667 0.595703125 0.4513888888888889 0.58203125 0.4444444444444444 0.58203125 0.4236111111111111 0.583984375 0.4201388888888889
1 0.6015625 0.3576388888888889 0.60546875 0.3541666666666667 0.611328125 0.3541666666666667 0.626953125 0.3680555555555556 0.626953125 0.3784722222222222 0.62109375 0.3854166666666667 0.615234375 0.3854166666666667 0.60546875 0.3784722222222222 0.60546875 0.3715277777777778 0.6015625 0.3611111111111111
1 0.58203125 0.4375 0.5859375 0.4375 0.59375 0.4513888888888889 0.591796875 0.4861111111111111 0.580078125 0.4861111111111111 0.580078125 0.4791666666666667 0.57421875 0.4722222222222222 0.57421875 0.4583333333333333 0.58203125 0.4409722222222222
1 0.212890625 0.7048611111111112 0.220703125 0.7118055555555556 0.2109375 0.7465277777777778 0.203125 0.7465277777777778 0.201171875 0.7430555555555556 0.201171875 0.7256944444444444 0.203125 0.7222222222222222 0.203125 0.7152777777777778 0.208984375 0.7048611111111112 0.2109375 0.7048611111111112
2 0.671875 0.3159722222222222 0.6796875 0.3333333333333333 0.68359375 0.3472222222222222 0.68359375 0.3541666666666667 0.67578125 0.375 0.67578125 0.3923611111111111 0.669921875 0.4027777777777778 0.669921875 0.40625 0.66796875 0.40625 0.6640625 0.3923611111111111 0.6640625 0.3715277777777778 0.666015625 0.3680555555555556 0.666015625 0.3472222222222222 0.6640625 0.3402777777777778 0.666015625 0.3368055555555556 0.666015625 0.3194444444444444 0.669921875 0.3159722222222222
2 0.16015625 0.2222222222222222 0.166015625 0.21875 0.173828125 0.22916666666666666 0.171875 0.2569444444444444 0.18359375 0.2916666666666667 0.18359375 0.2986111111111111 0.181640625 0.3020833333333333 0.16796875 0.2743055555555556 0.1640625 0.2847222222222222 0.1640625 0.2986111111111111 0.162109375 0.3020833333333333 0.158203125 0.3020833333333333 0.158203125 0.2743055555555556 0.15625 0.2708333333333333 0.158203125 0.2673611111111111 0.154296875 0.25 0.154296875 0.2361111111111111 0.16015625 0.22569444444444445
2 0.51953125 0.4791666666666667 0.517578125 0.4652777777777778 0.513671875 0.4548611111111111 0.513671875 0.4444444444444444 0.515625 0.4409722222222222 0.515625 0.4305555555555556 0.529296875 0.4027777777777778 0.53125 0.4027777777777778 0.54296875 0.4236111111111111 0.54296875 0.4409722222222222 0.544921875 0.4444444444444444 0.544921875 0.4826388888888889 0.55078125 0.4965277777777778 0.55078125 0.5173611111111112 0.546875 0.5173611111111112 0.544921875 0.5138888888888888 0.544921875 0.5034722222222222 0.533203125 0.46875 0.529296875 0.46875 0.521484375 0.4791666666666667
2 0.31640625 0.2638888888888889 0.322265625 0.2604166666666667 0.326171875 0.2638888888888889 0.326171875 0.2673611111111111 0.33203125 0.2777777777777778 0.33203125 0.2916666666666667 0.328125 0.2986111111111111 0.326171875 0.3125 0.310546875 0.34375 0.30859375 0.34375 0.30859375 0.3333333333333333 0.310546875 0.3263888888888889 0.3046875 0.3194444444444444 0.296875 0.3194444444444444 0.296875 0.3125 0.298828125 0.3090277777777778 0.302734375 0.3090277777777778 0.30859375 0.2986111111111111 0.310546875 0.2743055555555556 0.31640625 0.2673611111111111
2 0.685546875 0.3541666666666667 0.69140625 0.3611111111111111 0.693359375 0.3715277777777778 0.69921875 0.3819444444444444 0.703125 0.3819444444444444 0.708984375 0.3645833333333333 0.70703125 0.3854166666666667 0.69921875 0.3888888888888889 0.69140625 0.4097222222222222 0.693359375 0.4166666666666667 0.693359375 0.4340277777777778 0.69921875 0.4548611111111111 0.705078125 0.4652777777777778 0.705078125 0.4756944444444444 0.69921875 0.4756944444444444 0.69921875 0.4652777777777778 0.6953125 0.4618055555555556 0.69140625 0.4444444444444444 0.68359375 0.4270833333333333 0.673828125 0.4375 0.673828125 0.4513888888888889 0.671875 0.4548611111111111 0.671875 0.4652777777777778 0.673828125 0.4722222222222222 0.671875 0.4756944444444444 0.6640625 0.4756944444444444 0.6640625 0.46875 0.66796875 0.4583333333333333 0.66796875 0.4479166666666667 0.666015625 0.4444444444444444 0.66796875 0.4409722222222222 0.66796875 0.4270833333333333 0.671875 0.4131944444444444 0.671875 0.4027777777777778 0.67578125 0.3958333333333333 0.67578125 0.375 0.68359375 0.3576388888888889
2 0.58984375 0.34375 0.595703125 0.3541666666666667 0.59765625 0.3680555555555556 0.595703125 0.3715277777777778 0.595703125 0.3784722222222222 0.58203125 0.40625 0.580078125 0.4131944444444444 0.580078125 0.4270833333333333 0.578125 0.4305555555555556 0.572265625 0.4166666666666667 0.568359375 0.4166666666666667 0.560546875 0.4270833333333333 0.55859375 0.4270833333333333 0.55859375 0.4236111111111111 0.56640625 0.40625 0.56640625 0.3923611111111111 0.572265625 0.3715277777777778 0.57421875 0.3541666666666667 0.580078125 0.3402777777777778 0.5859375 0.3402777777777778 0.587890625 0.34375
2 0.58984375 0.3958333333333333 0.58984375 0.4027777777777778 0.595703125 0.4166666666666667 0.59765625 0.4131944444444444 0.59765625 0.4027777777777778 0.6015625 0.3993055555555556 0.60546875 0.3993055555555556 0.609375 0.40625 0.609375 0.4131944444444444 0.611328125 0.4166666666666667 0.599609375 0.4444444444444444 0.60546875 0.4548611111111111 0.607421875 0.4548611111111111 0.603515625 0.46875 0.60546875 0.4756944444444444 0.60546875 0.4930555555555556 0.599609375 0.4861111111111111 0.595703125 0.4861111111111111 0.595703125 0.4791666666666667 0.59375 0.4756944444444444 0.59375 0.4444444444444444 0.58984375 0.4375 0.58203125 0.4340277777777778 0.58203125 0.4166666666666667 0.587890625 0.3993055555555556
2 0 0.5416666666666666 0.00390625 0.5381944444444444 0.009765625 0.5381944444444444 0.01171875 0.5416666666666666 0.01171875 0.5590277777777778 0.013671875 0.5625 0.01171875 0.5902777777777778 0.005859375 0.5972222222222222 0.00390625 0.6041666666666666 0.00390625 0.6215277777777778 0.001953125 0.6284722222222222 0 0.6284722222222222 0 0.5451388888888888
2 0.609375 0.4236111111111111 0.62109375 0.4270833333333333 0.6328125 0.4409722222222222 0.6328125 0.4479166666666667 0.638671875 0.4652777777777778 0.638671875 0.4722222222222222 0.634765625 0.4826388888888889 0.634765625 0.4930555555555556 0.640625 0.5173611111111112 0.640625 0.5277777777777778 0.63671875 0.5277777777777778 0.63671875 0.5173611111111112 0.630859375 0.5069444444444444 0.626953125 0.5104166666666666 0.630859375 0.5243055555555556 0.630859375 0.5416666666666666 0.62890625 0.5451388888888888 0.626953125 0.5451388888888888 0.6171875 0.5277777777777778 0.6171875 0.5173611111111112 0.619140625 0.5138888888888888 0.619140625 0.4722222222222222 0.611328125 0.4583333333333333 0.611328125 0.4513888888888889 0.607421875 0.4444444444444444 0.607421875 0.4305555555555556 0.609375 0.4270833333333333
2 0.591796875 0.3958333333333333 0.599609375 0.4027777777777778 0.599609375 0.4270833333333333 0.6015625 0.4305555555555556 0.6015625 0.4409722222222222 0.607421875 0.4513888888888889 0.609375 0.4513888888888889 0.609375 0.4548611111111111 0.599609375 0.4548611111111111 0.59765625 0.4583333333333333 0.59375 0.4756944444444444 0.59375 0.4930555555555556 0.591796875 0.5 0.58203125 0.5138888888888888 0.5859375 0.53125 0.578125 0.53125 0.576171875 0.5277777777777778 0.572265625 0.53125 0.560546875 0.53125 0.55859375 0.5277777777777778 0.55859375 0.5208333333333334 0.56640625 0.5104166666666666 0.572265625 0.4895833333333333 0.57421875 0.4583333333333333 0.58203125 0.4375 0.5859375 0.4027777777777778 0.58984375 0.3993055555555556
2 0.13307291666666665 0.7805555555555554 0.0359375 0.11851851851851852
2 0.2734375 0.3298611111111111 0.279296875 0.3298611111111111 0.283203125 0.3368055555555556 0.279296875 0.3506944444444444 0.27734375 0.3784722222222222 0.28515625 0.3923611111111111 0.28515625 0.4027777777777778 0.279296875 0.4131944444444444 0.279296875 0.4236111111111111 0.28125 0.4270833333333333 0.2734375 0.4270833333333333 0.26953125 0.4131944444444444 0.26953125 0.4027777777777778 0.271484375 0.3993055555555556 0.26171875 0.3888888888888889 0.26171875 0.375 0.263671875 0.3715277777777778 0.265625 0.3506944444444444 0.2734375 0.3333333333333333
2 0.20703125 0.2361111111111111 0.212890625 0.2465277777777778 0.216796875 0.2604166666666667 0.216796875 0.2916666666666667 0.220703125 0.2986111111111111 0.22265625 0.2951388888888889 0.2265625 0.2986111111111111 0.228515625 0.3020833333333333 0.2265625 0.3090277777777778 0.22265625 0.3125 0.216796875 0.3125 0.21484375 0.3159722222222222 0.205078125 0.3159722222222222 0.203125 0.3194444444444444 0.201171875 0.3159722222222222 0.193359375 0.3159722222222222 0.189453125 0.3229166666666667 0.18359375 0.3229166666666667 0.185546875 0.3125 0.19140625 0.3020833333333333 0.193359375 0.2881944444444444 0.201171875 0.2743055555555556 0.197265625 0.2569444444444444 0.197265625 0.2465277777777778 0.201171875 0.23958333333333334 0.205078125 0.23958333333333334
2 0.0859375 0.4965277777777778 0.087890625 0.5034722222222222 0.08203125 0.5173611111111112 0.080078125 0.5486111111111112 0.072265625 0.5486111111111112 0.072265625 0.5277777777777778 0.0703125 0.5243055555555556 0.064453125 0.5243055555555556 0.0625 0.5208333333333334 0.0546875 0.5277777777777778 0.05078125 0.5243055555555556 0.052734375 0.5243055555555556 0.0625 0.5069444444444444 0.0625 0.4930555555555556 0.060546875 0.4861111111111111 0.06640625 0.4722222222222222 0.0703125 0.4583333333333333 0.0703125 0.4513888888888889 0.078125 0.4340277777777778 0.083984375 0.4340277777777778 0.0859375 0.4375 0.0859375 0.4444444444444444 0.08203125 0.4548611111111111 0.08203125 0.4756944444444444 0.080078125 0.4791666666666667 0.080078125 0.4895833333333333 0.083984375 0.4965277777777778
2 0.353515625 0.14583333333333334 0.35546875 0.14930555555555555 0.35546875 0.1840277777777778 0.361328125 0.19791666666666666 0.361328125 0.2048611111111111 0.359375 0.20833333333333334 0.365234375 0.2222222222222222 0.365234375 0.2326388888888889 0.359375 0.2326388888888889 0.35546875 0.2152777777777778 0.349609375 0.2048611111111111 0.345703125 0.2048611111111111 0.33984375 0.2152777777777778 0.33984375 0.21875 0.326171875 0.23958333333333334 0.32421875 0.23958333333333334 0.32421875 0.22916666666666666 0.326171875 0.2222222222222222 0.3359375 0.20833333333333334 0.3359375 0.19791666666666666 0.337890625 0.19444444444444445 0.337890625 0.1875 0.341796875 0.18055555555555555 0.345703125 0.1527777777777778 0.3515625 0.14583333333333334
2 0.353515625 0.2847222222222222 0.35546875 0.2881944444444444 0.357421875 0.3125 0.361328125 0.3263888888888889 0.359375 0.3298611111111111 0.357421875 0.3194444444444444 0.3515625 0.3125 0.34765625 0.3194444444444444 0.349609375 0.3229166666666667 0.34765625 0.34375 0.34375 0.3472222222222222 0.33984375 0.3576388888888889 0.3359375 0.3576388888888889 0.3359375 0.3506944444444444 0.33203125 0.3402777777777778 0.330078125 0.3472222222222222 0.32421875 0.3541666666666667 0.3203125 0.3541666666666667 0.31640625 0.3402777777777778 0.326171875 0.3229166666666667 0.328125 0.3125 0.3359375 0.3020833333333333 0.33203125 0.2881944444444444 0.333984375 0.2847222222222222 0.341796875 0.2916666666666667 0.3515625 0.2847222222222222
2 0.4921875 0.53125 0.490234375 0.5243055555555556 0.490234375 0.4930555555555556 0.4921875 0.4895833333333333 0.4921875 0.4826388888888889 0.498046875 0.4722222222222222 0.51171875 0.4618055555555556 0.513671875 0.4618055555555556 0.517578125 0.4791666666666667 0.517578125 0.4861111111111111 0.513671875 0.4965277777777778 0.513671875 0.5104166666666666 0.51953125 0.5243055555555556 0.51953125 0.53125 0.517578125 0.53125 0.515625 0.5381944444444444 0.521484375 0.5451388888888888 0.521484375 0.5486111111111112 0.51171875 0.5555555555555556 0.51171875 0.5659722222222222 0.515625 0.5694444444444444 0.513671875 0.5729166666666666 0.505859375 0.5729166666666666 0.50390625 0.5694444444444444 0.50390625 0.5486111111111112 0.494140625 0.53125
2 0.4921875 0.16319444444444445 0.494140625 0.16666666666666666 0.4921875 0.1701388888888889 0.486328125 0.1701388888888889 0.484375 0.1736111111111111 0.48828125 0.1875 0.486328125 0.1909722222222222 0.486328125 0.20833333333333334 0.482421875 0.2222222222222222 0.484375 0.2465277777777778 0.48046875 0.2465277777777778 0.474609375 0.2326388888888889 0.474609375 0.20833333333333334 0.470703125 0.19791666666666666 0.470703125 0.18055555555555555 0.474609375 0.1701388888888889 0.4765625 0.1423611111111111 0.48046875 0.13541666666666666 0.486328125 0.13541666666666666 0.48828125 0.1597222222222222 0.490234375 0.16319444444444445
2 0.654296875 0.3090277777777778 0.658203125 0.3125 0.66015625 0.3194444444444444 0.666015625 0.3194444444444444 0.666015625 0.3368055555555556 0.6640625 0.3402777777777778 0.6640625 0.3819444444444444 0.654296875 0.3715277777777778 0.646484375 0.3854166666666667 0.642578125 0.3819444444444444 0.642578125 0.375 0.646484375 0.3611111111111111 0.646484375 0.3263888888888889 0.6484375 0.3229166666666667 0.6484375 0.3125 0.65234375 0.3090277777777778
2 0.61328125 0.3541666666666667 0.626953125 0.3680555555555556 0.6328125 0.3784722222222222 0.630859375 0.3993055555555556 0.626953125 0.40625 0.626953125 0.4131944444444444 0.62890625 0.4166666666666667 0.62890625 0.4340277777777778 0.6171875 0.4201388888888889 0.6171875 0.3888888888888889 0.611328125 0.3819444444444444 0.599609375 0.3819444444444444 0.59765625 0.3784722222222222 0.59765625 0.3715277777777778 0.599609375 0.3680555555555556 0.59765625 0.3541666666666667 0.599609375 0.3506944444444444 0.611328125 0.3541666666666667
2 0.220703125 0.6909722222222222 0.22265625 0.6944444444444444 0.220703125 0.7222222222222222 0.224609375 0.7326388888888888 0.22265625 0.7534722222222222 0.2265625 0.7673611111111112 0.220703125 0.78125 0.220703125 0.7881944444444444 0.21875 0.7916666666666666 0.2109375 0.7916666666666666 0.208984375 0.7881944444444444 0.203125 0.7604166666666666 0.203125 0.75 0.201171875 0.7465277777777778 0.201171875 0.7222222222222222 0.203125 0.7152777777777778 0.212890625 0.6909722222222222 0.21875 0.6909722222222222