0 0.5078125 0.3472222222222222 0.51171875 0.34375 0.517578125 0.34375 0.51953125 0.3402777777777778 0.5234375 0.34375 0.53125 0.34375 0.53515625 0.3541666666666667 0.53515625 0.3645833333333333 0.537109375 0.3680555555555556 0.533203125 0.3819444444444444 0.51953125 0.3993055555555556 0.509765625 0.3993055555555556 0.50390625 0.3923611111111111 0.50390625 0.3715277777777778 0.505859375 0.3680555555555556 0.505859375 0.3541666666666667 0.5078125 0.3506944444444444
0 0.927734375 0.7048611111111112 0.931640625 0.7083333333333334 0.9375 0.7222222222222222 0.935546875 0.7534722222222222 0.93359375 0.7569444444444444 0.919921875 0.7569444444444444 0.91796875 0.7604166666666666 0.908203125 0.7604166666666666 0.904296875 0.7534722222222222 0.904296875 0.7222222222222222 0.908203125 0.7083333333333334 0.912109375 0.7048611111111112 0.916015625 0.7048611111111112 0.91796875 0.7013888888888888 0.923828125 0.7013888888888888 0.92578125 0.7048611111111112
0 0.501953125 0.6145833333333334 0.51171875 0.625 0.515625 0.6423611111111112 0.513671875 0.6666666666666666 0.505859375 0.6770833333333334 0.484375 0.6770833333333334 0.484375 0.65625 0.48828125 0.6458333333333334 0.490234375 0.6180555555555556 0.494140625 0.6145833333333334 0.5 0.6145833333333334
0 0.181640625 0.7291666666666666 0.181640625 0.7118055555555556 0.18359375 0.7083333333333334 0.18359375 0.7013888888888888 0.1875 0.6909722222222222 0.19140625 0.6909722222222222 0.193359375 0.6875 0.203125 0.6875 0.2109375 0.7013888888888888 0.212890625 0.7083333333333334 0.212890625 0.7256944444444444 0.2109375 0.7326388888888888 0.203125 0.7326388888888888 0.197265625 0.7256944444444444 0.185546875 0.7256944444444444 0.18359375 0.7291666666666666
0 0.501953125 0.3958333333333333 0.505859375 0.3993055555555556 0.509765625 0.4097222222222222 0.509765625 0.4166666666666667 0.51171875 0.4201388888888889 0.51171875 0.4479166666666667 0.49609375 0.4583333333333333 0.48828125 0.4583333333333333 0.484375 0.4548611111111111 0.482421875 0.4479166666666667 0.482421875 0.4375 0.48046875 0.4340277777777778 0.48046875 0.4166666666666667 0.490234375 0.3958333333333333 0.5 0.3958333333333333
0 0.849609375 0.6770833333333334 0.8515625 0.6805555555555556 0.85546875 0.6805555555555556 0.861328125 0.6944444444444444 0.861328125 0.71875 0.857421875 0.7326388888888888 0.833984375 0.7326388888888888 0.830078125 0.71875 0.83203125 0.6875 0.841796875 0.6770833333333334 0.84765625 0.6770833333333334
0 0.337890625 0.4305555555555556 0.341796875 0.4270833333333333 0.35546875 0.4270833333333333 0.359375 0.4340277777777778 0.359375 0.4444444444444444 0.361328125 0.4479166666666667 0.361328125 0.4583333333333333 0.359375 0.4618055555555556 0.34375 0.4618055555555556 0.33984375 0.46875 0.3359375 0.46875 0.333984375 0.4618055555555556 0.333984375 0.4409722222222222 0.337890625 0.4340277777777778
1 0.546875 0.3854166666666667 0.5546875 0.4027777777777778 0.5546875 0.4201388888888889 0.556640625 0.4236111111111111 0.556640625 0.4375 0.55859375 0.4409722222222222 0.560546875 0.4895833333333333 0.556640625 0.4965277777777778 0.552734375 0.4965277777777778 0.548828125 0.4861111111111111 0.55078125 0.4583333333333333 0.546875 0.4444444444444444 0.5390625 0.4409722222222222 0.53515625 0.4479166666666667 0.533203125 0.4444444444444444 0.53125 0.4479166666666667 0.525390625 0.4479166666666667 0.51953125 0.4409722222222222 0.51953125 0.4166666666666667 0.53125 0.3958333333333333 0.533203125 0.3819444444444444 0.537109375 0.3784722222222222 0.544921875 0.3854166666666667
1 0.837890625 0.7465277777777778 0.83984375 0.75 0.8515625 0.75 0.853515625 0.7465277777777778 0.859375 0.7465277777777778 0.861328125 0.75 0.873046875 0.75 0.876953125 0.7534722222222222 0.880859375 0.7638888888888888 0.880859375 0.78125 0.869140625 0.8020833333333334 0.869140625 0.8125 0.86328125 0.8298611111111112 0.86328125 0.8368055555555556 0.865234375 0.8402777777777778 0.865234375 0.8680555555555556 0.8671875 0.8715277777777778 0.8671875 0.8923611111111112 0.865234375 0.8958333333333334 0.865234375 0.9131944444444444 0.86328125 0.9166666666666666 0.837890625 0.9166666666666666 0.8359375 0.9131944444444444 0.828125 0.9131944444444444 0.82421875 0.9097222222222222 0.82421875 0.9027777777777778 0.830078125 0.8993055555555556 0.833984375 0.8854166666666666 0.826171875 0.875 0.826171875 0.8645833333333334 0.828125 0.8576388888888888 0.826171875 0.8541666666666666 0.826171875 0.8298611111111112 0.82421875 0.8263888888888888 0.82421875 0.8159722222222222 0.8203125 0.8090277777777778 0.8125 0.8055555555555556 0.8125 0.7777777777777778 0.810546875 0.7743055555555556 0.810546875 0.7604166666666666 0.814453125 0.7534722222222222 0.818359375 0.7534722222222222 0.8203125 0.75 0.8359375 0.7465277777777778
1 0.9453125 0.7673611111111112 0.955078125 0.7743055555555556 0.958984375 0.7847222222222222 0.958984375 0.8020833333333334 0.95703125 0.8055555555555556 0.95703125 0.8645833333333334 0.953125 0.8784722222222222 0.951171875 0.8993055555555556 0.94140625 0.90625 0.9296875 0.90625 0.927734375 0.9097222222222222 0.91796875 0.9097222222222222 0.916015625 0.9131944444444444 0.91015625 0.9131944444444444 0.91015625 0.8715277777777778 0.912109375 0.8680555555555556 0.91015625 0.8368055555555556 0.908203125 0.8333333333333334 0.90234375 0.8333333333333334 0.90234375 0.8263888888888888 0.89453125 0.8159722222222222 0.89453125 0.7986111111111112 0.90234375 0.78125 0.91015625 0.7743055555555556 0.91796875 0.7743055555555556 0.919921875 0.7708333333333334 0.927734375 0.7708333333333334 0.9296875 0.7673611111111112 0.943359375 0.7673611111111112
1 0.484375 0.7638888888888888 0.48828125 0.7604166666666666 0.48828125 0.7326388888888888 0.48046875 0.7152777777777778 0.474609375 0.7152777777777778 0.470703125 0.7083333333333334 0.46875 0.7013888888888888 0.46875 0.6909722222222222 0.474609375 0.6840277777777778 0.505859375 0.6805555555555556 0.521484375 0.6631944444444444 0.53515625 0.6631944444444444 0.541015625 0.6770833333333334 0.541015625 0.6875 0.537109375 0.6944444444444444 0.537109375 0.7291666666666666 0.53515625 0.7326388888888888 0.533203125 0.7604166666666666 0.53125 0.7638888888888888 0.533203125 0.7673611111111112 0.53125 0.7743055555555556 0.53125 0.7881944444444444 0.529296875 0.7916666666666666 0.498046875 0.7916666666666666 0.490234375 0.7708333333333334 0.486328125 0.7673611111111112
1 0.18359375 0.7361111111111112 0.185546875 0.7395833333333334 0.19140625 0.7395833333333334 0.193359375 0.7361111111111112 0.2109375 0.7361111111111112 0.212890625 0.7395833333333334 0.21875 0.7395833333333334 0.224609375 0.7465277777777778 0.224609375 0.7569444444444444 0.2265625 0.7604166666666666 0.2265625 0.7673611111111112 0.21875 0.7708333333333334 0.21484375 0.7777777777777778 0.208984375 0.8020833333333334 0.20703125 0.8680555555555556 0.2109375 0.8784722222222222 0.2109375 0.8993055555555556 0.20703125 0.90625 0.201171875 0.90625 0.19921875 0.9097222222222222 0.1796875 0.9097222222222222 0.177734375 0.90625 0.169921875 0.90625 0.16796875 0.9027777777777778 0.158203125 0.8993055555555556 0.158203125 0.875 0.1640625 0.8611111111111112 0.1640625 0.8506944444444444 0.166015625 0.8472222222222222 0.166015625 0.8125 0.1640625 0.8090277777777778 0.1640625 0.7951388888888888 0.16015625 0.7777777777777778 0.15234375 0.7673611111111112 0.15234375 0.7465277777777778 0.15625 0.7395833333333334 0.181640625 0.7361111111111112
1 0.533203125 0.4513888888888889 0.541015625 0.4618055555555556 0.541015625 0.4756944444444444 0.54296875 0.4791666666666667 0.54296875 0.4895833333333333 0.537109375 0.5 0.537109375 0.5104166666666666 0.53515625 0.5138888888888888 0.53515625 0.5486111111111112 0.541015625 0.5625 0.541015625 0.5798611111111112 0.546875 0.59375 0.546875 0.6006944444444444 0.53515625 0.6145833333333334 0.53125 0.6145833333333334 0.5234375 0.6215277777777778 0.513671875 0.6215277777777778 0.50390625 0.6111111111111112 0.49609375 0.6111111111111112 0.4921875 0.6041666666666666 0.4921875 0.59375 0.49609375 0.5798611111111112 0.49609375 0.5625 0.498046875 0.5590277777777778 0.498046875 0.5243055555555556 0.48828125 0.5069444444444444 0.484375 0.5034722222222222 0.478515625 0.5034722222222222 0.4765625 0.4965277777777778 0.4765625 0.4756944444444444 0.48828125 0.4652777777777778 0.5078125 0.4652777777777778 0.513671875 0.4548611111111111 0.53125 0.4513888888888889
1 0.373046875 0.4618055555555556 0.376953125 0.4652777777777778 0.3828125 0.4791666666666667 0.3828125 0.4930555555555556 0.37890625 0.5104166666666666 0.380859375 0.5138888888888888 0.380859375 0.5277777777777778 0.38671875 0.5416666666666666 0.38671875 0.5590277777777778 0.3828125 0.5590277777777778 0.380859375 0.5555555555555556 0.36328125 0.5590277777777778 0.357421875 0.5659722222222222 0.353515625 0.5659722222222222 0.349609375 0.5729166666666666 0.34765625 0.5729166666666666 0.34375 0.5520833333333334 0.33203125 0.53125 0.328125 0.53125 0.32421875 0.5243055555555556 0.322265625 0.5173611111111112 0.32421875 0.5 0.330078125 0.4930555555555556 0.341796875 0.46875 0.345703125 0.46875 0.34765625 0.4652777777777778 0.36328125 0.4652777777777778 0.365234375 0.4618055555555556 0.37109375 0.4618055555555556
2 0.849609375 0.6770833333333334 0.8515625 0.6805555555555556 0.85546875 0.6805555555555556 0.861328125 0.6944444444444444 0.861328125 0.71875 0.859375 0.7222222222222222 0.857421875 0.7430555555555556 0.86328125 0.75 0.873046875 0.75 0.876953125 0.7534722222222222 0.880859375 0.7638888888888888 0.87890625 0.8055555555555556 0.888671875 0.8402777777777778 0.890625 0.8784722222222222 0.892578125 0.8819444444444444 0.892578125 0.8958333333333334 0.890625 0.8958333333333334 0.88671875 0.8888888888888888 0.88671875 0.8819444444444444 0.8828125 0.8784722222222222 0.8828125 0.8715277777777778 0.875 0.8506944444444444 0.875 0.8402777777777778 0.873046875 0.8333333333333334 0.8671875 0.8229166666666666 0.86328125 0.8298611111111112 0.86328125 0.8402777777777778 0.865234375 0.84375 0.865234375 0.8645833333333334 0.8671875 0.8680555555555556 0.8671875 0.9097222222222222 0.865234375 0.9131944444444444 0.865234375 0.9340277777777778 0.861328125 0.9513888888888888 0.859375 0.9965277777777778 0.845703125 0.9965277777777778 0.845703125 0.9861111111111112 0.841796875 0.9756944444444444 0.837890625 0.9826388888888888 0.837890625 0.9965277777777778 0.822265625 0.9965277777777778 0.822265625 0.9826388888888888 0.8203125 0.9791666666666666 0.8203125 0.9201388888888888 0.822265625 0.9166666666666666 0.822265625 0.9027777777777778 0.83203125 0.8888888888888888 0.826171875 0.8784722222222222 0.826171875 0.8333333333333334 0.8203125 0.8263888888888888 0.80859375 0.8506944444444444 0.802734375 0.8506944444444444 0.80078125 0.8541666666666666 0.796875 0.8506944444444444 0.796875 0.8368055555555556 0.8046875 0.8229166666666666 0.8125 0.7951388888888888 0.810546875 0.7604166666666666 0.814453125 0.7534722222222222 0.826171875 0.75 0.83203125 0.7430555555555556 0.83203125 0.7222222222222222 0.830078125 0.71875 0.830078125 0.7013888888888888 0.83203125 0.6979166666666666 0.83203125 0.6909722222222222 0.837890625 0.6805555555555556 0.841796875 0.6770833333333334 0.84765625 0.6770833333333334
2 0.353515625 0.4270833333333333 0.359375 0.4375 0.361328125 0.4583333333333333 0.365234375 0.4652777777777778 0.37109375 0.4652777777777778 0.373046875 0.46875 0.376953125 0.4652777777777778 0.376953125 0.4722222222222222 0.3828125 0.4791666666666667 0.3828125 0.4930555555555556 0.38671875 0.5069444444444444 0.392578125 0.5173611111111112 0.384765625 0.5243055555555556 0.384765625 0.5381944444444444 0.388671875 0.5520833333333334 0.38671875 0.5590277777777778 0.390625 0.5659722222222222 0.408203125 0.5694444444444444 0.41015625 0.5729166666666666 0.4296875 0.5833333333333334 0.43359375 0.5902777777777778 0.43359375 0.6006944444444444 0.44140625 0.6319444444444444 0.443359375 0.6631944444444444 0.455078125 0.6736111111111112 0.458984375 0.6805555555555556 0.466796875 0.6840277777777778 0.466796875 0.6875 0.453125 0.6979166666666666 0.439453125 0.6979166666666666 0.4375 0.6944444444444444 0.435546875 0.6701388888888888 0.4296875 0.6493055555555556 0.42578125 0.6423611111111112 0.421875 0.6284722222222222 0.421875 0.6215277777777778 0.419921875 0.6180555555555556 0.41015625 0.6180555555555556 0.400390625 0.625 0.396484375 0.6319444444444444 0.40234375 0.6701388888888888 0.412109375 0.6840277777777778 0.412109375 0.6909722222222222 0.41015625 0.6944444444444444 0.404296875 0.6944444444444444 0.400390625 0.6909722222222222 0.396484375 0.6840277777777778 0.39453125 0.6701388888888888 0.3828125 0.6388888888888888 0.376953125 0.6319444444444444 0.373046875 0.6319444444444444 0.369140625 0.6388888888888888 0.369140625 0.6666666666666666 0.361328125 0.6875 0.357421875 0.6909722222222222 0.34375 0.6875 0.3359375 0.7013888888888888 0.328125 0.7083333333333334 0.322265625 0.7013888888888888 0.32421875 0.6979166666666666 0.32421875 0.6875 0.326171875 0.6805555555555556 0.330078125 0.6701388888888888 0.337890625 0.6597222222222222 0.345703125 0.6597222222222222 0.34765625 0.65625 0.34765625 0.6458333333333334 0.349609375 0.6423611111111112 0.349609375 0.6006944444444444 0.345703125 0.5902777777777778 0.34765625 0.5833333333333334 0.33203125 0.5590277777777778 0.328125 0.5625 0.326171875 0.5555555555555556 0.328125 0.5347222222222222 0.32421875 0.5243055555555556 0.322265625 0.5104166666666666 0.326171875 0.4965277777777778 0.330078125 0.4930555555555556 0.3359375 0.4791666666666667 0.3359375 0.4583333333333333 0.333984375 0.4548611111111111 0.3359375 0.4375 0.341796875 0.4270833333333333 0.3515625 0.4270833333333333
2 0.33203125 0.5625 0.333984375 0.5659722222222222 0.337890625 0.5659722222222222 0.34375 0.5833333333333334 0.34375 0.59375 0.333984375 0.6354166666666666 0.333984375 0.6458333333333334 0.337890625 0.65625 0.33203125 0.6631944444444444 0.328125 0.6527777777777778 0.326171875 0.65625 0.326171875 0.6770833333333334 0.318359375 0.6770833333333334 0.31640625 0.6805555555555556 0.310546875 0.6770833333333334 0.326171875 0.6458333333333334 0.326171875 0.5659722222222222 0.330078125 0.5625
2 0.337890625 0.5659722222222222 0.337890625 0.5694444444444444 0.345703125 0.5833333333333334 0.333984375 0.6354166666666666 0.333984375 0.6423611111111112 0.337890625 0.65625 0.33203125 0.6631944444444444 0.328125 0.65625 0.326171875 0.6597222222222222 0.326171875 0.6736111111111112 0.32421875 0.6770833333333334 0.310546875 0.6770833333333334 0.32421875 0.6527777777777778 0.32421875 0.6458333333333334 0.326171875 0.6423611111111112 0.326171875 0.6041666666666666 0.32421875 0.6006944444444444 0.32421875 0.59375 0.326171875 0.5902777777777778 0.326171875 0.5659722222222222 0.328125 0.5625 0.333984375 0.5625 0.3359375 0.5659722222222222
2 0.908203125 0.7083333333333334 0.921875 0.7013888888888888 0.931640625 0.7083333333333334 0.935546875 0.7152777777777778 0.9375 0.7222222222222222 0.935546875 0.7604166666666666 0.939453125 0.7673611111111112 0.947265625 0.7673611111111112 0.95703125 0.7777777777777778 0.958984375 0.7847222222222222 0.958984375 0.8159722222222222 0.962890625 0.8263888888888888 0.962890625 0.8402777777777778 0.966796875 0.8576388888888888 0.966796875 0.8958333333333334 0.962890625 0.9097222222222222 0.962890625 0.9409722222222222 0.94921875 0.9652777777777778 0.9453125 0.9965277777777778 0.91015625 0.9965277777777778 0.90625 0.9791666666666666 0.900390625 0.96875 0.8984375 0.9722222222222222 0.890625 0.96875 0.890625 0.9409722222222222 0.892578125 0.9375 0.892578125 0.9236111111111112 0.89453125 0.9201388888888888 0.89453125 0.9027777777777778 0.8984375 0.8923611111111112 0.8984375 0.84375 0.900390625 0.8402777777777778 0.900390625 0.8333333333333334 0.89453125 0.8159722222222222 0.89453125 0.7986111111111112 0.900390625 0.7881944444444444 0.900390625 0.7847222222222222 0.91015625 0.7708333333333334 0.91015625 0.7638888888888888 0.904296875 0.75 0.904296875 0.7222222222222222 0.908203125 0.7118055555555556
2 0.501953125 0.6145833333333334 0.513671875 0.6284722222222222 0.513671875 0.6354166666666666 0.515625 0.6388888888888888 0.515625 0.6597222222222222 0.517578125 0.6631944444444444 0.53125 0.6597222222222222 0.5390625 0.6666666666666666 0.541015625 0.6909722222222222 0.544921875 0.7048611111111112 0.544921875 0.7222222222222222 0.546875 0.7256944444444444 0.546875 0.7638888888888888 0.548828125 0.7673611111111112 0.548828125 0.7881944444444444 0.546875 0.7916666666666666 0.5390625 0.7916666666666666 0.5390625 0.7534722222222222 0.53515625 0.7465277777777778 0.53125 0.7534722222222222 0.53125 0.7881944444444444 0.529296875 0.7916666666666666 0.5078125 0.7916666666666666 0.505859375 0.7951388888888888 0.498046875 0.7916666666666666 0.4921875 0.78125 0.490234375 0.7708333333333334 0.484375 0.7638888888888888 0.48046875 0.7708333333333334 0.478515625 0.78125 0.47265625 0.7916666666666666 0.453125 0.7916666666666666 0.453125 0.7847222222222222 0.4609375 0.7708333333333334 0.46875 0.7430555555555556 0.46875 0.71875 0.470703125 0.7152777777777778 0.46875 0.6909722222222222 0.474609375 0.6840277777777778 0.48046875 0.6840277777777778 0.484375 0.6770833333333334 0.482421875 0.6736111111111112 0.482421875 0.6597222222222222 0.484375 0.65625 0.486328125 0.6388888888888888 0.490234375 0.6284722222222222 0.490234375 0.6215277777777778 0.494140625 0.6145833333333334 0.5 0.6145833333333334
2 0.201171875 0.6875 0.2109375 0.7013888888888888 0.2109375 0.7083333333333334 0.212890625 0.7118055555555556 0.2109375 0.7152777777777778 0.212890625 0.7361111111111112 0.224609375 0.7465277777777778 0.2265625 0.7743055555555556 0.232421875 0.7916666666666666 0.232421875 0.7986111111111112 0.236328125 0.8055555555555556 0.236328125 0.8159722222222222 0.23828125 0.8194444444444444 0.23828125 0.8715277777777778 0.234375 0.8854166666666666 0.23046875 0.8888888888888888 0.220703125 0.8888888888888888 0.21875 0.8854166666666666 0.21875 0.875 0.23046875 0.8506944444444444 0.228515625 0.8472222222222222 0.2265625 0.8298611111111112 0.22265625 0.8194444444444444 0.21875 0.8159722222222222 0.21484375 0.8020833333333334 0.2109375 0.8020833333333334 0.20703125 0.8159722222222222 0.20703125 0.8298611111111112 0.208984375 0.8333333333333334 0.208984375 0.8402777777777778 0.20703125 0.84375 0.20703125 0.8680555555555556 0.2109375 0.875 0.2109375 0.9375 0.208984375 0.9409722222222222 0.208984375 0.9583333333333334 0.20703125 0.9618055555555556 0.20703125 0.9965277777777778 0.19140625 0.9965277777777778 0.19140625 0.9722222222222222 0.189453125 0.96875 0.189453125 0.9548611111111112 0.185546875 0.9444444444444444 0.18359375 0.9444444444444444 0.17578125 0.9618055555555556 0.173828125 0.9930555555555556 0.171875 0.9965277777777778 0.15625 0.9965277777777778 0.15625 0.9826388888888888 0.154296875 0.9791666666666666 0.154296875 0.9305555555555556 0.15625 0.9270833333333334 0.15625 0.9027777777777778 0.158203125 0.8993055555555556 0.158203125 0.8715277777777778 0.15234375 0.8645833333333334 0.15234375 0.8576388888888888 0.14453125 0.84375 0.142578125 0.84375 0.13671875 0.8298611111111112 0.13671875 0.8055555555555556 0.15234375 0.7673611111111112 0.15234375 0.7465277777777778 0.15625 0.7395833333333334 0.17578125 0.7361111111111112 0.181640625 0.7256944444444444 0.18359375 0.7013888888888888 0.189453125 0.6909722222222222 0.193359375 0.6875 0.19921875 0.6875
2 0.5078125 0.4027777777777778 0.51171875 0.4166666666666667 0.513671875 0.4513888888888889 0.515625 0.4548611111111111 0.53515625 0.4513888888888889 0.541015625 0.4618055555555556 0.541015625 0.4722222222222222 0.546875 0.4826388888888889 0.546875 0.4895833333333333 0.55078125 0.4965277777777778 0.55078125 0.5034722222222222 0.556640625 0.5243055555555556 0.556640625 0.5590277777777778 0.548828125 0.5763888888888888 0.548828125 0.5972222222222222 0.5390625 0.6145833333333334 0.5390625 0.6284722222222222 0.541015625 0.6319444444444444 0.541015625 0.65625 0.5390625 0.6631944444444444 0.537109375 0.6597222222222222 0.525390625 0.65625 0.51953125 0.6458333333333334 0.515625 0.6284722222222222 0.509765625 0.6180555555555556 0.501953125 0.6111111111111112 0.4921875 0.6111111111111112 0.48828125 0.6180555555555556 0.48828125 0.625 0.48046875 0.6458333333333334 0.478515625 0.6423611111111112 0.478515625 0.6215277777777778 0.48046875 0.6180555555555556 0.48046875 0.5138888888888888 0.4765625 0.5 0.4765625 0.4756944444444444 0.486328125 0.4618055555555556 0.482421875 0.4513888888888889 0.48046875 0.4166666666666667 0.482421875 0.4097222222222222 0.4921875 0.3958333333333333 0.501953125 0.3958333333333333 0.505859375 0.4027777777777778
2 0.54296875 0.3819444444444444 0.546875 0.3854166666666667 0.5546875 0.4027777777777778 0.5546875 0.4201388888888889 0.556640625 0.4236111111111111 0.556640625 0.4375 0.55859375 0.4409722222222222 0.55859375 0.4652777777777778 0.560546875 0.46875 0.560546875 0.4895833333333333 0.564453125 0.4965277777777778 0.56640625 0.5104166666666666 0.576171875 0.5381944444444444 0.578125 0.5555555555555556 0.6015625 0.5972222222222222 0.607421875 0.5972222222222222 0.61328125 0.6111111111111112 0.61328125 0.6354166666666666 0.609375 0.6423611111111112 0.60546875 0.6423611111111112 0.603515625 0.6388888888888888 0.599609375 0.6180555555555556 0.591796875 0.6041666666666666 0.578125 0.5902777777777778 0.57421875 0.5902777777777778 0.55859375 0.5763888888888888 0.55859375 0.5243055555555556 0.556640625 0.5208333333333334 0.5546875 0.5034722222222222 0.548828125 0.4895833333333333 0.548828125 0.4826388888888889 0.54296875 0.4722222222222222 0.54296875 0.4618055555555556 0.53515625 0.4479166666666667 0.521484375 0.4479166666666667 0.515625 0.4340277777777778 0.515625 0.4131944444444444 0.50390625 0.3888888888888889 0.50390625 0.3715277777777778 0.505859375 0.3680555555555556 0.505859375 0.3576388888888889 0.5078125 0.3506944444444444 0.51953125 0.3402777777777778 0.5234375 0.34375 0.53125 0.34375 0.53515625 0.3541666666666667 0.537109375 0.375 0.541015625 0.3819444444444444