0 0.921875 0.3090277777777778 0.92578125 0.3159722222222222 0.92578125 0.3298611111111111 0.923828125 0.3368055555555556 0.916015625 0.3472222222222222 0.908203125 0.3472222222222222 0.90625 0.3402777777777778 0.90625 0.3194444444444444 0.9140625 0.3090277777777778 0.919921875 0.3090277777777778
0 0.478515625 0.5173611111111112 0.48046875 0.5173611111111112 0.478515625 0.5208333333333334 0.478515625 0.53125 0.482421875 0.5381944444444444 0.48046875 0.5486111111111112 0.4765625 0.5520833333333334 0.466796875 0.5520833333333334 0.45703125 0.5451388888888888 0.45703125 0.53125 0.462890625 0.5138888888888888 0.4765625 0.5138888888888888
0 0.73828125 0.7013888888888888 0.744140625 0.7152777777777778 0.744140625 0.7256944444444444 0.740234375 0.7326388888888888 0.7265625 0.7326388888888888 0.724609375 0.7291666666666666 0.7265625 0.7083333333333334 0.73046875 0.7013888888888888 0.736328125 0.7013888888888888
0 0.490234375 0.3680555555555556 0.4921875 0.3715277777777778 0.4921875 0.3854166666666667 0.48828125 0.3958333333333333 0.48046875 0.3958333333333333 0.4765625 0.3923611111111111 0.4765625 0.3715277777777778 0.478515625 0.3680555555555556 0.48828125 0.3680555555555556
0 0.44166666666666665 0.29583333333333334 0.01875 0.04722222222222222
0 0.9921875 0.3541666666666667 0.99609375 0.3576388888888889 0.99609375 0.3784722222222222 0.9921875 0.3819444444444444 0.978515625 0.3819444444444444 0.9765625 0.3784722222222222 0.9765625 0.3611111111111111 0.98046875 0.3541666666666667 0.990234375 0.3541666666666667
0 0.7578125 0.3263888888888889 0.771484375 0.3263888888888889 0.775390625 0.3298611111111111 0.775390625 0.3506944444444444 0.771484375 0.3541666666666667 0.7578125 0.3541666666666667 0.755859375 0.3472222222222222 0.755859375 0.3368055555555556 0.7578125 0.3298611111111111
0 0.38671875 0.3368055555555556 0.390625 0.34375 0.390625 0.3611111111111111 0.38671875 0.3680555555555556 0.376953125 0.3680555555555556 0.373046875 0.3611111111111111 0.375 0.3402777777777778 0.380859375 0.3333333333333333 0.384765625 0.3368055555555556
1 0.92578125 0.3402777777777778 0.93359375 0.3472222222222222 0.935546875 0.3576388888888889 0.931640625 0.3680555555555556 0.92578125 0.3680555555555556 0.923828125 0.3715277777777778 0.923828125 0.3923611111111111 0.92578125 0.3958333333333333 0.92578125 0.4027777777777778 0.923828125 0.40625 0.900390625 0.40625 0.90234375 0.375 0.904296875 0.3715277777777778 0.904296875 0.3541666666666667 0.908203125 0.3472222222222222 0.912109375 0.3506944444444444 0.923828125 0.3402777777777778
1 0.48046875 0.5520833333333334 0.48828125 0.5590277777777778 0.48828125 0.5694444444444444 0.494140625 0.5868055555555556 0.494140625 0.59375 0.48828125 0.6041666666666666 0.4765625 0.6145833333333334 0.4609375 0.6145833333333334 0.458984375 0.6111111111111112 0.458984375 0.6041666666666666 0.453125 0.5902777777777778 0.451171875 0.5590277777777778 0.455078125 0.5520833333333334 0.478515625 0.5555555555555556
1 0.751953125 0.7326388888888888 0.755859375 0.7395833333333334 0.755859375 0.7534722222222222 0.75390625 0.7569444444444444 0.755859375 0.7986111111111112 0.751953125 0.8020833333333334 0.740234375 0.8020833333333334 0.734375 0.8090277777777778 0.73046875 0.8055555555555556 0.732421875 0.7986111111111112 0.73046875 0.7743055555555556 0.728515625 0.7708333333333334 0.724609375 0.7708333333333334 0.720703125 0.7638888888888888 0.72265625 0.7395833333333334 0.724609375 0.7361111111111112 0.740234375 0.7361111111111112 0.74609375 0.7291666666666666 0.75 0.7326388888888888
1 0.49609375 0.375 0.5 0.375 0.501953125 0.3715277777777778 0.509765625 0.375 0.521484375 0.4097222222222222 0.521484375 0.4201388888888889 0.51171875 0.4340277777777778 0.501953125 0.4236111111111111 0.4921875 0.3958333333333333 0.4921875 0.3854166666666667 0.49609375 0.3784722222222222
1 0.998046875 0.3854166666666667 0.998046875 0.4548611111111111 0.98828125 0.4618055555555556 0.982421875 0.4618055555555556 0.98046875 0.4548611111111111 0.98046875 0.4444444444444444 0.9765625 0.4340277777777778 0.9765625 0.4097222222222222 0.974609375 0.4027777777777778 0.978515625 0.3888888888888889 0.982421875 0.3854166666666667 0.99609375 0.3854166666666667
1 0.375 0.3680555555555556 0.376953125 0.3715277777777778 0.388671875 0.3715277777777778 0.392578125 0.375 0.392578125 0.3923611111111111 0.384765625 0.4027777777777778 0.384765625 0.4166666666666667 0.38671875 0.4201388888888889 0.388671875 0.4375 0.375 0.4375 0.37109375 0.4340277777777778 0.365234375 0.4166666666666667 0.365234375 0.3819444444444444 0.3671875 0.3784722222222222 0.3671875 0.3715277777777778 0.373046875 0.3680555555555556
1 0.779296875 0.3541666666666667 0.78125 0.3576388888888889 0.78515625 0.3576388888888889 0.7890625 0.3680555555555556 0.783203125 0.3819444444444444 0.783203125 0.40625 0.78515625 0.4097222222222222 0.78515625 0.4201388888888889 0.783203125 0.4236111111111111 0.775390625 0.4236111111111111 0.767578125 0.4305555555555556 0.763671875 0.4305555555555556 0.76171875 0.4270833333333333 0.76171875 0.4201388888888889 0.765625 0.40625 0.765625 0.3958333333333333 0.7578125 0.3888888888888889 0.755859375 0.3819444444444444 0.755859375 0.3715277777777778 0.765625 0.3576388888888889 0.77734375 0.3541666666666667
1 0.4921875 0.4965277777777778 0.501953125 0.5069444444444444 0.50390625 0.5138888888888888 0.50390625 0.5243055555555556 0.505859375 0.5277777777777778 0.49609375 0.5451388888888888 0.4921875 0.5451388888888888 0.490234375 0.5486111111111112 0.482421875 0.5486111111111112 0.48046875 0.5347222222222222 0.4765625 0.5277777777777778 0.4765625 0.5173611111111112 0.47265625 0.5104166666666666 0.466796875 0.5104166666666666 0.466796875 0.5069444444444444 0.47265625 0.4965277777777778 0.490234375 0.4965277777777778
1 0.431640625 0.3020833333333333 0.43359375 0.3090277777777778 0.44140625 0.3194444444444444 0.443359375 0.3194444444444444 0.451171875 0.3020833333333333 0.455078125 0.3020833333333333 0.458984375 0.3090277777777778 0.458984375 0.3333333333333333 0.453125 0.3472222222222222 0.453125 0.3645833333333333 0.431640625 0.3645833333333333 0.4296875 0.3611111111111111 0.4296875 0.3402777777777778 0.427734375 0.3368055555555556 0.427734375 0.3298611111111111 0.421875 0.3229166666666667 0.421875 0.3159722222222222 0.42578125 0.3055555555555556 0.4296875 0.3020833333333333
2 0.921875 0.3090277777777778 0.92578125 0.3159722222222222 0.92578125 0.3368055555555556 0.931640625 0.3472222222222222 0.93359375 0.3472222222222222 0.935546875 0.3541666666666667 0.935546875 0.3645833333333333 0.93359375 0.3680555555555556 0.93359375 0.40625 0.9296875 0.4166666666666667 0.9296875 0.4270833333333333 0.92578125 0.4444444444444444 0.92578125 0.4895833333333333 0.923828125 0.4930555555555556 0.923828125 0.5069444444444444 0.919921875 0.5138888888888888 0.91796875 0.5243055555555556 0.91015625 0.5243055555555556 0.908203125 0.5208333333333334 0.91015625 0.5173611111111112 0.91015625 0.5104166666666666 0.908203125 0.5069444444444444 0.89453125 0.5173611111111112 0.892578125 0.5173611111111112 0.890625 0.5104166666666666 0.892578125 0.5104166666666666 0.900390625 0.4930555555555556 0.8984375 0.4861111111111111 0.8984375 0.4340277777777778 0.89453125 0.4236111111111111 0.896484375 0.4201388888888889 0.896484375 0.4097222222222222 0.8984375 0.40625 0.8984375 0.3993055555555556 0.90234375 0.3854166666666667 0.90234375 0.375 0.904296875 0.3715277777777778 0.904296875 0.3541666666666667 0.90625 0.3506944444444444 0.90625 0.3194444444444444 0.9140625 0.3090277777777778 0.919921875 0.3090277777777778
2 0.48046875 0.5138888888888888 0.486328125 0.5277777777777778 0.48046875 0.5451388888888888 0.48828125 0.5590277777777778 0.48828125 0.5694444444444444 0.49609375 0.5902777777777778 0.494140625 0.5972222222222222 0.48046875 0.6180555555555556 0.482421875 0.6493055555555556 0.48046875 0.6527777777777778 0.48046875 0.6701388888888888 0.478515625 0.6736111111111112 0.478515625 0.6944444444444444 0.4765625 0.6979166666666666 0.474609375 0.7256944444444444 0.482421875 0.7326388888888888 0.482421875 0.7361111111111112 0.474609375 0.7430555555555556 0.466796875 0.7430555555555556 0.462890625 0.7361111111111112 0.4609375 0.7395833333333334 0.45703125 0.7395833333333334 0.455078125 0.7361111111111112 0.455078125 0.71875 0.45703125 0.7152777777777778 0.455078125 0.7048611111111112 0.45703125 0.7013888888888888 0.45703125 0.6805555555555556 0.458984375 0.6770833333333334 0.458984375 0.6319444444444444 0.45703125 0.6284722222222222 0.45703125 0.6145833333333334 0.453125 0.6041666666666666 0.439453125 0.5833333333333334 0.439453125 0.5763888888888888 0.44140625 0.5694444444444444 0.447265625 0.5659722222222222 0.451171875 0.5590277777777778 0.453125 0.5486111111111112 0.45703125 0.5416666666666666 0.45703125 0.53125 0.46484375 0.5138888888888888 0.478515625 0.5138888888888888
2 0.4921875 0.4930555555555556 0.49609375 0.4965277777777778 0.50390625 0.5138888888888888 0.50390625 0.53125 0.501953125 0.5381944444444444 0.4921875 0.5486111111111112 0.482421875 0.5486111111111112 0.482421875 0.5416666666666666 0.486328125 0.53125 0.484375 0.5277777777777778 0.484375 0.5208333333333334 0.48046875 0.5138888888888888 0.466796875 0.5104166666666666 0.462890625 0.5138888888888888 0.45703125 0.5277777777777778 0.462890625 0.5104166666666666 0.462890625 0.5 0.47265625 0.4930555555555556 0.490234375 0.4930555555555556
2 0.4765625 0.3715277777777778 0.48046875 0.3680555555555556 0.490234375 0.3680555555555556 0.494140625 0.375 0.498046875 0.375 0.5 0.3715277777777778 0.505859375 0.3715277777777778 0.509765625 0.375 0.521484375 0.40625 0.521484375 0.4131944444444444 0.52734375 0.4305555555555556 0.525390625 0.4375 0.525390625 0.4479166666666667 0.521484375 0.4548611111111111 0.521484375 0.46875 0.51953125 0.4722222222222222 0.51953125 0.5104166666666666 0.517578125 0.5173611111111112 0.521484375 0.5347222222222222 0.51953125 0.5416666666666666 0.513671875 0.5486111111111112 0.509765625 0.5486111111111112 0.5078125 0.5520833333333334 0.498046875 0.5520833333333334 0.505859375 0.53125 0.505859375 0.5138888888888888 0.501953125 0.4965277777777778 0.501953125 0.4722222222222222 0.50390625 0.46875 0.50390625 0.4583333333333333 0.5078125 0.4409722222222222 0.50390625 0.4340277777777778 0.498046875 0.4097222222222222 0.4921875 0.3993055555555556 0.4765625 0.3923611111111111 0.4765625 0.375
2 0.73828125 0.7013888888888888 0.744140625 0.7152777777777778 0.744140625 0.7256944444444444 0.755859375 0.7395833333333334 0.755859375 0.75 0.76171875 0.7743055555555556 0.76171875 0.7881944444444444 0.755859375 0.7951388888888888 0.755859375 0.8125 0.7578125 0.8159722222222222 0.7578125 0.8506944444444444 0.728515625 0.8506944444444444 0.728515625 0.8263888888888888 0.720703125 0.8159722222222222 0.72265625 0.8090277777777778 0.72265625 0.7673611111111112 0.720703125 0.7638888888888888 0.720703125 0.7569444444444444 0.72265625 0.7534722222222222 0.72265625 0.7326388888888888 0.724609375 0.7291666666666666 0.7265625 0.7083333333333334 0.73046875 0.7013888888888888 0.736328125 0.7013888888888888
2 0.9921875 0.3541666666666667 0.99609375 0.3576388888888889 0.99609375 0.3715277777777778 0.998046875 0.375 0.998046875 0.5243055555555556 0.99609375 0.53125 0.990234375 0.5347222222222222 0.986328125 0.5416666666666666 0.98046875 0.5590277777777778 0.98046875 0.5694444444444444 0.974609375 0.5868055555555556 0.958984375 0.5833333333333334 0.95703125 0.5798611111111112 0.95703125 0.5729166666666666 0.958984375 0.5694444444444444 0.96484375 0.5694444444444444 0.966796875 0.5729166666666666 0.97265625 0.5625 0.97265625 0.5347222222222222 0.974609375 0.53125 0.974609375 0.5104166666666666 0.9765625 0.5069444444444444 0.9765625 0.4826388888888889 0.98046875 0.4722222222222222 0.98046875 0.4513888888888889 0.97265625 0.4444444444444444 0.97265625 0.4340277777777778 0.974609375 0.4305555555555556 0.974609375 0.4027777777777778 0.9765625 0.3993055555555556 0.9765625 0.3611111111111111 0.98046875 0.3541666666666667 0.990234375 0.3541666666666667
2 0.3671875 0.3715277777777778 0.373046875 0.3645833333333333 0.375 0.3402777777777778 0.376953125 0.3368055555555556 0.38671875 0.3368055555555556 0.390625 0.34375 0.390625 0.3645833333333333 0.388671875 0.3680555555555556 0.392578125 0.375 0.392578125 0.3819444444444444 0.39453125 0.3854166666666667 0.392578125 0.3888888888888889 0.392578125 0.4027777777777778 0.396484375 0.4131944444444444 0.40234375 0.4131944444444444 0.40625 0.4166666666666667 0.404296875 0.4270833333333333 0.396484375 0.4270833333333333 0.390625 0.4375 0.392578125 0.4409722222222222 0.392578125 0.4548611111111111 0.39453125 0.4583333333333333 0.39453125 0.4930555555555556 0.392578125 0.4965277777777778 0.392578125 0.5069444444444444 0.388671875 0.5243055555555556 0.388671875 0.5381944444444444 0.38671875 0.5416666666666666 0.388671875 0.5451388888888888 0.388671875 0.5520833333333334 0.396484375 0.5659722222222222 0.392578125 0.5694444444444444 0.388671875 0.5659722222222222 0.37890625 0.5659722222222222 0.37109375 0.5555555555555556 0.37109375 0.5486111111111112 0.373046875 0.5451388888888888 0.373046875 0.5 0.375 0.4965277777777778 0.375 0.46875 0.373046875 0.4652777777777778 0.37109375 0.4409722222222222 0.365234375 0.4166666666666667 0.365234375 0.3819444444444444 0.3671875 0.375
2 0.771484375 0.3263888888888889 0.775390625 0.3333333333333333 0.77734375 0.3472222222222222 0.7890625 0.3645833333333333 0.79296875 0.3784722222222222 0.79296875 0.3923611111111111 0.78515625 0.4097222222222222 0.78515625 0.4201388888888889 0.787109375 0.4236111111111111 0.787109375 0.4409722222222222 0.78515625 0.4444444444444444 0.78515625 0.4548611111111111 0.787109375 0.4583333333333333 0.787109375 0.4826388888888889 0.80859375 0.5173611111111112 0.8125 0.5347222222222222 0.8125 0.5486111111111112 0.80859375 0.5590277777777778 0.8046875 0.5590277777777778 0.802734375 0.5555555555555556 0.806640625 0.5451388888888888 0.806640625 0.5347222222222222 0.796875 0.5173611111111112 0.78515625 0.5069444444444444 0.7734375 0.4895833333333333 0.76953125 0.4895833333333333 0.767578125 0.4930555555555556 0.763671875 0.5208333333333334 0.751953125 0.5486111111111112 0.7421875 0.5486111111111112 0.740234375 0.5451388888888888 0.7421875 0.5381944444444444 0.75390625 0.5277777777777778 0.75390625 0.5138888888888888 0.755859375 0.5104166666666666 0.755859375 0.46875 0.76171875 0.4479166666666667 0.76171875 0.4305555555555556 0.7578125 0.4236111111111111 0.75 0.4236111111111111 0.748046875 0.4270833333333333 0.744140625 0.4270833333333333 0.7421875 0.4236111111111111 0.748046875 0.4131944444444444 0.751953125 0.4131944444444444 0.7578125 0.3993055555555556 0.7578125 0.3854166666666667 0.75390625 0.3784722222222222 0.7578125 0.3645833333333333 0.755859375 0.3368055555555556 0.759765625 0.3263888888888889 0.76953125 0.3263888888888889
2 0.45703125 0.3020833333333333 0.458984375 0.3090277777777778 0.458984375 0.3229166666666667 0.462890625 0.3333333333333333 0.462890625 0.3402777777777778 0.45703125 0.3402777777777778 0.453125 0.3472222222222222 0.453125 0.3645833333333333 0.455078125 0.3680555555555556 0.455078125 0.40625 0.453125 0.4097222222222222 0.455078125 0.4166666666666667 0.455078125 0.4375 0.453125 0.4409722222222222 0.453125 0.4513888888888889 0.455078125 0.4548611111111111 0.453125 0.4583333333333333 0.453125 0.4652777777777778 0.455078125 0.46875 0.455078125 0.4756944444444444 0.44921875 0.4756944444444444 0.447265625 0.46875 0.443359375 0.46875 0.4375 0.4756944444444444 0.43359375 0.4756944444444444 0.431640625 0.4722222222222222 0.435546875 0.4652777777777778 0.435546875 0.4444444444444444 0.43359375 0.4409722222222222 0.43359375 0.4236111111111111 0.431640625 0.4201388888888889 0.4296875 0.34375 0.42578125 0.3333333333333333 0.41796875 0.3402777777777778 0.416015625 0.3368055555555556 0.41796875 0.3229166666666667 0.42578125 0.3090277777777778 0.42578125 0.3055555555555556 0.435546875 0.2916666666666667 0.435546875 0.2847222222222222 0.439453125 0.2743055555555556 0.4453125 0.2743055555555556 0.44921875 0.2847222222222222 0.44921875 0.2916666666666667 0.455078125 0.3020833333333333