0 0.619140625 0.20833333333333334 0.623046875 0.21180555555555555 0.623046875 0.22916666666666666 0.6171875 0.22916666666666666 0.61328125 0.22569444444444445 0.61328125 0.21875 0.6171875 0.21180555555555555
0 0.3203125 0.3194444444444444 0.32421875 0.3298611111111111 0.322265625 0.3368055555555556 0.318359375 0.3368055555555556 0.310546875 0.3298611111111111 0.310546875 0.3229166666666667 0.3125 0.3194444444444444 0.318359375 0.3194444444444444
0 0.751953125 0.3888888888888889 0.7578125 0.3888888888888889 0.76171875 0.3958333333333333 0.76171875 0.40625 0.759765625 0.4097222222222222 0.751953125 0.4097222222222222 0.75 0.4027777777777778 0.75 0.3958333333333333 0.751953125 0.3923611111111111
0 0.5661458333333333 0.35787037037037034 0.013541666666666667 0.025
0 0.32421875 0.5659722222222222 0.328125 0.5729166666666666 0.328125 0.5798611111111112 0.32421875 0.5902777777777778 0.31640625 0.5798611111111112 0.31640625 0.5729166666666666 0.322265625 0.5659722222222222
0 0.841796875 0.4270833333333333 0.84375 0.4305555555555556 0.84375 0.4375 0.8359375 0.4479166666666667 0.830078125 0.4444444444444444 0.830078125 0.4340277777777778 0.833984375 0.4270833333333333 0.83984375 0.4270833333333333
0 0.49895833333333334 0.34398148148148144 0.014583333333333334 0.025
0 0.404296875 0.4375 0.41015625 0.4444444444444444 0.412109375 0.4513888888888889 0.41015625 0.4583333333333333 0.408203125 0.4618055555555556 0.3984375 0.4548611111111111 0.3984375 0.4444444444444444 0.40234375 0.4409722222222222
0 0.69140625 0.24305555555555555 0.69140625 0.25 0.693359375 0.2534722222222222 0.685546875 0.2638888888888889 0.6796875 0.2569444444444444 0.6796875 0.25 0.68359375 0.24305555555555555 0.689453125 0.24305555555555555
0 0.60546875 0.3541666666666667 0.607421875 0.3576388888888889 0.607421875 0.3645833333333333 0.599609375 0.375 0.59765625 0.3715277777777778 0.59375 0.3715277777777778 0.591796875 0.3680555555555556 0.591796875 0.3611111111111111 0.59765625 0.3541666666666667 0.603515625 0.3541666666666667
0 0.501953125 0.4722222222222222 0.509765625 0.4722222222222222 0.51171875 0.4791666666666667 0.51171875 0.4861111111111111 0.5078125 0.4930555555555556 0.5 0.4930555555555556 0.498046875 0.4861111111111111 0.501953125 0.4756944444444444
0 0.576171875 0.4027777777777778 0.578125 0.4097222222222222 0.57421875 0.4201388888888889 0.56640625 0.4201388888888889 0.564453125 0.4166666666666667 0.564453125 0.4027777777777778 0.56640625 0.3993055555555556 0.572265625 0.3993055555555556 0.57421875 0.4027777777777778
0 0.607421875 0.2569444444444444 0.609375 0.2638888888888889 0.609375 0.2708333333333333 0.607421875 0.2743055555555556 0.6015625 0.2743055555555556 0.59765625 0.2638888888888889 0.6015625 0.2534722222222222 0.60546875 0.2569444444444444
0 0.5924479166666666 0.38657407407407407 0.015104166666666667 0.0287037037037037
0 0.45703125 0.3715277777777778 0.4609375 0.375 0.462890625 0.3819444444444444 0.458984375 0.3958333333333333 0.453125 0.3958333333333333 0.44921875 0.3923611111111111 0.44921875 0.3819444444444444 0.451171875 0.375 0.455078125 0.3715277777777778
0 0.412109375 0.5694444444444444 0.419921875 0.5694444444444444 0.423828125 0.5763888888888888 0.423828125 0.5833333333333334 0.421875 0.5868055555555556 0.41796875 0.5902777777777778 0.412109375 0.5902777777777778 0.41015625 0.5868055555555556 0.41015625 0.5763888888888888 0.412109375 0.5729166666666666
0 0.70703125 0.3298611111111111 0.71484375 0.3298611111111111 0.716796875 0.3368055555555556 0.716796875 0.3472222222222222 0.70703125 0.3472222222222222 0.705078125 0.34375 0.70703125 0.3402777777777778 0.70703125 0.3333333333333333
0 0.59375 0.4340277777777778 0.595703125 0.4375 0.595703125 0.4513888888888889 0.591796875 0.4583333333333333 0.58984375 0.4548611111111111 0.5859375 0.4548611111111111 0.58203125 0.4479166666666667 0.58203125 0.4409722222222222 0.5859375 0.4340277777777778 0.591796875 0.4340277777777778
0 0.587890625 0.46875 0.591796875 0.4756944444444444 0.587890625 0.4861111111111111 0.587890625 0.4930555555555556 0.583984375 0.4930555555555556 0.578125 0.4861111111111111 0.578125 0.4722222222222222 0.580078125 0.46875 0.5859375 0.46875
0 0.541015625 0.4166666666666667 0.544921875 0.4236111111111111 0.544921875 0.4340277777777778 0.53515625 0.4340277777777778 0.53125 0.4270833333333333 0.53125 0.4201388888888889 0.533203125 0.4166666666666667 0.5390625 0.4166666666666667
1 0.753125 0.44027777777777777 0.028125 0.06018518518518518
1 0.037109375 0.3506944444444444 0.037109375 0.3472222222222222 0.03125 0.3402777777777778 0.02734375 0.3263888888888889 0.02734375 0.2986111111111111 0.03125 0.2916666666666667 0.037109375 0.2916666666666667 0.04296875 0.3055555555555556 0.04296875 0.3541666666666667 0.0390625 0.3506944444444444
1 0.54296875 0.4340277777777778 0.54296875 0.4548611111111111 0.537109375 0.4722222222222222 0.529296875 0.4826388888888889 0.5234375 0.4826388888888889 0.51953125 0.4756944444444444 0.517578125 0.46875 0.51953125 0.4618055555555556 0.51953125 0.4513888888888889 0.529296875 0.4305555555555556 0.5390625 0.4305555555555556 0.541015625 0.4340277777777778
1 0.6953125 0.2604166666666667 0.69921875 0.2673611111111111 0.705078125 0.2708333333333333 0.71484375 0.2881944444444444 0.716796875 0.2951388888888889 0.716796875 0.3090277777777778 0.70703125 0.3090277777777778 0.703125 0.3055555555555556 0.693359375 0.2847222222222222 0.6875 0.28125 0.685546875 0.2673611111111111 0.693359375 0.2604166666666667
1 0.20703125 0.08680555555555555 0.20703125 0.09375 0.208984375 0.09722222222222222 0.20703125 0.10416666666666667 0.20703125 0.11805555555555555 0.19921875 0.11458333333333333 0.197265625 0.11805555555555555 0.197265625 0.125 0.19140625 0.1111111111111111 0.19140625 0.08680555555555555 0.193359375 0.08333333333333333 0.19921875 0.08333333333333333 0.205078125 0.09027777777777778
1 0.849609375 0.4409722222222222 0.861328125 0.4548611111111111 0.86328125 0.4652777777777778 0.8671875 0.4722222222222222 0.8671875 0.4756944444444444 0.853515625 0.4965277777777778 0.849609375 0.4930555555555556 0.8359375 0.4583333333333333 0.8359375 0.4513888888888889 0.841796875 0.4409722222222222 0.84765625 0.4409722222222222
1 0.42578125 0.5868055555555556 0.435546875 0.6006944444444444 0.443359375 0.6215277777777778 0.4453125 0.6354166666666666 0.44140625 0.6388888888888888 0.431640625 0.6388888888888888 0.41796875 0.6145833333333334 0.4140625 0.6006944444444444 0.4140625 0.59375 0.423828125 0.5868055555555556
1 0.59375 0.4583333333333333 0.59765625 0.4548611111111111 0.603515625 0.4548611111111111 0.6171875 0.4791666666666667 0.619140625 0.4791666666666667 0.625 0.4930555555555556 0.623046875 0.4965277777777778 0.623046875 0.5069444444444444 0.62109375 0.5104166666666666 0.6171875 0.5104166666666666 0.611328125 0.5034722222222222 0.6015625 0.4826388888888889 0.591796875 0.4756944444444444 0.591796875 0.4652777777777778 0.59375 0.4618055555555556
1 0.2890625 0.6215277777777778 0.310546875 0.5833333333333334 0.31640625 0.5833333333333334 0.322265625 0.59375 0.322265625 0.5972222222222222 0.31640625 0.6145833333333334 0.314453125 0.6354166666666666 0.310546875 0.6284722222222222 0.30078125 0.6354166666666666 0.298828125 0.6319444444444444 0.294921875 0.6319444444444444 0.291015625 0.625
1 0.494140625 0.3506944444444444 0.498046875 0.3541666666666667 0.5 0.3611111111111111 0.498046875 0.3680555555555556 0.498046875 0.3819444444444444 0.4921875 0.3923611111111111 0.48046875 0.3923611111111111 0.478515625 0.3958333333333333 0.4765625 0.3958333333333333 0.474609375 0.3888888888888889 0.4765625 0.375 0.484375 0.3611111111111111 0.484375 0.3576388888888889 0.4921875 0.3506944444444444
1 0.30859375 0.3333333333333333 0.314453125 0.3333333333333333 0.318359375 0.3402777777777778 0.318359375 0.3506944444444444 0.3046875 0.3819444444444444 0.298828125 0.3819444444444444 0.29296875 0.375 0.29296875 0.3645833333333333 0.30078125 0.3506944444444444 0.30078125 0.3472222222222222 0.302734375 0.3472222222222222 0.30859375 0.3368055555555556
1 0.39453125 0.4583333333333333 0.400390625 0.4583333333333333 0.40625 0.4652777777777778 0.404296875 0.4895833333333333 0.400390625 0.5034722222222222 0.396484375 0.5069444444444444 0.38671875 0.5069444444444444 0.388671875 0.5 0.388671875 0.4791666666666667 0.390625 0.4756944444444444 0.390625 0.46875 0.39453125 0.4618055555555556
1 0.61328125 0.22569444444444445 0.623046875 0.2326388888888889 0.623046875 0.2534722222222222 0.625 0.2569444444444444 0.625 0.2673611111111111 0.623046875 0.2743055555555556 0.615234375 0.2777777777777778 0.609375 0.2673611111111111 0.609375 0.2604166666666667 0.60546875 0.2534722222222222 0.6015625 0.2534722222222222 0.6015625 0.2465277777777778 0.60546875 0.2361111111111111 0.611328125 0.22916666666666666
1 0.55859375 0.3611111111111111 0.564453125 0.3680555555555556 0.564453125 0.3819444444444444 0.560546875 0.3923611111111111 0.556640625 0.3958333333333333 0.5546875 0.40625 0.55078125 0.4097222222222222 0.5390625 0.3993055555555556 0.537109375 0.3854166666666667 0.548828125 0.3680555555555556 0.556640625 0.3611111111111111
1 0.599609375 0.2673611111111111 0.603515625 0.2743055555555556 0.609375 0.2743055555555556 0.611328125 0.2777777777777778 0.607421875 0.2847222222222222 0.609375 0.2881944444444444 0.609375 0.3125 0.60546875 0.3263888888888889 0.587890625 0.3263888888888889 0.583984375 0.3125 0.583984375 0.2951388888888889 0.5859375 0.2916666666666667 0.5859375 0.2847222222222222 0.591796875 0.2743055555555556 0.591796875 0.2708333333333333 0.59765625 0.2673611111111111
1 0.69921875 0.3541666666666667 0.703125 0.3506944444444444 0.716796875 0.3506944444444444 0.72265625 0.3576388888888889 0.72265625 0.3680555555555556 0.724609375 0.3715277777777778 0.724609375 0.3784722222222222 0.716796875 0.3993055555555556 0.70703125 0.3993055555555556 0.69921875 0.3715277777777778 0.693359375 0.3784722222222222 0.693359375 0.3715277777777778 0.69921875 0.3611111111111111 0.69921875 0.3576388888888889
1 0.451171875 0.3958333333333333 0.455078125 0.4097222222222222 0.44921875 0.4270833333333333 0.44921875 0.4375 0.443359375 0.4444444444444444 0.43359375 0.4444444444444444 0.431640625 0.4409722222222222 0.431640625 0.4270833333333333 0.44140625 0.4027777777777778 0.44921875 0.3958333333333333
1 0.4986979166666667 0.5138888888888888 0.019270833333333334 0.044444444444444446
1 0.572265625 0.4236111111111111 0.576171875 0.4236111111111111 0.578125 0.4270833333333333 0.580078125 0.4340277777777778 0.580078125 0.4479166666666667 0.58203125 0.4513888888888889 0.58203125 0.4583333333333333 0.576171875 0.4652777777777778 0.568359375 0.4618055555555556 0.568359375 0.4444444444444444 0.57421875 0.4340277777777778 0.572265625 0.4270833333333333
1 0.6015625 0.4131944444444444 0.611328125 0.4270833333333333 0.615234375 0.4409722222222222 0.607421875 0.4479166666666667 0.599609375 0.4479166666666667 0.59765625 0.4444444444444444 0.59765625 0.4340277777777778 0.591796875 0.4236111111111111 0.587890625 0.4236111111111111 0.5859375 0.4201388888888889 0.5859375 0.4131944444444444 0.587890625 0.4097222222222222 0.591796875 0.4097222222222222 0.59765625 0.4027777777777778 0.599609375 0.4027777777777778 0.59765625 0.4097222222222222 0.599609375 0.4131944444444444
1 0.599609375 0.3888888888888889 0.60546875 0.3923611111111111 0.6171875 0.4131944444444444 0.62109375 0.4097222222222222 0.62109375 0.4270833333333333 0.619140625 0.4305555555555556 0.611328125 0.4270833333333333 0.60546875 0.4131944444444444 0.599609375 0.4097222222222222 0.59765625 0.4027777777777778 0.59765625 0.3958333333333333 0.599609375 0.3923611111111111
1 0.61328125 0.3715277777777778 0.619140625 0.3854166666666667 0.630859375 0.3993055555555556 0.630859375 0.4027777777777778 0.626953125 0.4027777777777778 0.623046875 0.4097222222222222 0.611328125 0.40625 0.60546875 0.3958333333333333 0.607421875 0.3923611111111111 0.6015625 0.3854166666666667 0.6015625 0.3784722222222222 0.60546875 0.3715277777777778 0.611328125 0.3715277777777778
1 0.603515625 0.4895833333333333 0.60546875 0.4965277777777778 0.615234375 0.5104166666666666 0.615234375 0.5208333333333334 0.611328125 0.5243055555555556 0.599609375 0.5243055555555556 0.59765625 0.5208333333333334 0.59765625 0.5104166666666666 0.58984375 0.4965277777777778 0.587890625 0.4965277777777778 0.591796875 0.4826388888888889 0.59765625 0.4826388888888889 0.6015625 0.4895833333333333
2 0.6015625 0.2534722222222222 0.6015625 0.2465277777777778 0.60546875 0.2361111111111111 0.61328125 0.22569444444444445 0.61328125 0.21875 0.6171875 0.21180555555555555 0.623046875 0.21180555555555555 0.623046875 0.2534722222222222 0.626953125 0.2673611111111111 0.6171875 0.3055555555555556 0.6171875 0.3125 0.62109375 0.3229166666666667 0.615234375 0.3194444444444444 0.611328125 0.3125 0.611328125 0.3055555555555556 0.609375 0.3020833333333333 0.609375 0.2847222222222222 0.611328125 0.2777777777777778 0.609375 0.2743055555555556 0.609375 0.2638888888888889 0.603515625 0.2534722222222222
2 0.5078125 0.4722222222222222 0.51171875 0.4791666666666667 0.51171875 0.4895833333333333 0.501953125 0.5138888888888888 0.501953125 0.5208333333333334 0.5 0.5243055555555556 0.501953125 0.53125 0.501953125 0.5416666666666666 0.498046875 0.5486111111111112 0.49609375 0.5694444444444444 0.490234375 0.5798611111111112 0.4765625 0.59375 0.470703125 0.59375 0.466796875 0.5833333333333334 0.466796875 0.5798611111111112 0.46875 0.5798611111111112 0.478515625 0.5625 0.47265625 0.5347222222222222 0.474609375 0.5277777777777778 0.498046875 0.4895833333333333 0.5 0.4791666666666667 0.505859375 0.4722222222222222
2 0.3203125 0.3194444444444444 0.322265625 0.3229166666666667 0.322265625 0.3368055555555556 0.318359375 0.34375 0.318359375 0.3506944444444444 0.30859375 0.3715277777777778 0.306640625 0.3819444444444444 0.30078125 0.3958333333333333 0.302734375 0.4027777777777778 0.302734375 0.4131944444444444 0.294921875 0.4409722222222222 0.2890625 0.4409722222222222 0.291015625 0.4166666666666667 0.29296875 0.4131944444444444 0.291015625 0.3715277777777778 0.30078125 0.3472222222222222 0.306640625 0.3402777777777778 0.310546875 0.3298611111111111 0.310546875 0.3229166666666667 0.3125 0.3194444444444444 0.318359375 0.3194444444444444
2 0.56640625 0.3472222222222222 0.572265625 0.3541666666666667 0.572265625 0.3645833333333333 0.5625 0.3854166666666667 0.560546875 0.40625 0.552734375 0.4201388888888889 0.548828125 0.4201388888888889 0.546875 0.4236111111111111 0.54296875 0.4201388888888889 0.541015625 0.4131944444444444 0.533203125 0.4097222222222222 0.529296875 0.4027777777777778 0.529296875 0.3958333333333333 0.53125 0.3888888888888889 0.541015625 0.3819444444444444 0.548828125 0.3680555555555556 0.556640625 0.3611111111111111 0.5625 0.3472222222222222 0.564453125 0.3472222222222222
2 0.529296875 0.4166666666666667 0.533203125 0.4131944444444444 0.5390625 0.4166666666666667 0.546875 0.4375 0.546875 0.4479166666666667 0.537109375 0.4756944444444444 0.53515625 0.4756944444444444 0.52734375 0.4895833333333333 0.52734375 0.5034722222222222 0.529296875 0.5069444444444444 0.52734375 0.5208333333333334 0.521484375 0.53125 0.50390625 0.5347222222222222 0.50390625 0.5243055555555556 0.51171875 0.5138888888888888 0.509765625 0.5069444444444444 0.509765625 0.5 0.51171875 0.4965277777777778 0.51171875 0.4756944444444444 0.515625 0.46875 0.521484375 0.4479166666666667 0.521484375 0.4409722222222222 0.529296875 0.4270833333333333 0.529296875 0.4201388888888889
2 0.7578125 0.3888888888888889 0.76171875 0.3958333333333333 0.76171875 0.4097222222222222 0.765625 0.4166666666666667 0.763671875 0.4791666666666667 0.765625 0.4826388888888889 0.765625 0.5069444444444444 0.76953125 0.5208333333333334 0.771484375 0.5590277777777778 0.765625 0.5590277777777778 0.76171875 0.5104166666666666 0.75390625 0.4930555555555556 0.74609375 0.5034722222222222 0.744140625 0.5520833333333334 0.736328125 0.5520833333333334 0.73828125 0.5451388888888888 0.73828125 0.5347222222222222 0.740234375 0.53125 0.740234375 0.4930555555555556 0.74609375 0.4652777777777778 0.74609375 0.4479166666666667 0.7421875 0.4409722222222222 0.736328125 0.4409722222222222 0.734375 0.4340277777777778 0.73828125 0.4236111111111111 0.75 0.4097222222222222 0.75 0.3993055555555556 0.751953125 0.3923611111111111 0.755859375 0.3888888888888889
2 0.841796875 0.4270833333333333 0.84765625 0.4409722222222222 0.86328125 0.4583333333333333 0.873046875 0.4861111111111111 0.873046875 0.4965277777777778 0.87109375 0.4965277777777778 0.861328125 0.5173611111111112 0.861328125 0.5277777777777778 0.86328125 0.5347222222222222 0.875 0.5520833333333334 0.869140625 0.5659722222222222 0.865234375 0.5625 0.853515625 0.5625 0.857421875 0.5486111111111112 0.849609375 0.53125 0.849609375 0.5173611111111112 0.8515625 0.5138888888888888 0.849609375 0.4895833333333333 0.841796875 0.4756944444444444 0.83984375 0.4652777777777778 0.830078125 0.4444444444444444 0.830078125 0.4340277777777778 0.833984375 0.4270833333333333 0.83984375 0.4270833333333333
2 0.583984375 0.4375 0.595703125 0.4375 0.607421875 0.4583333333333333 0.607421875 0.4618055555555556 0.611328125 0.4652777777777778 0.61328125 0.4722222222222222 0.619140625 0.4756944444444444 0.625 0.4895833333333333 0.625 0.5069444444444444 0.623046875 0.5104166666666666 0.623046875 0.5173611111111112 0.619140625 0.5243055555555556 0.619140625 0.5173611111111112 0.615234375 0.5069444444444444 0.611328125 0.5034722222222222 0.6015625 0.4826388888888889 0.59765625 0.4791666666666667 0.58984375 0.4791666666666667 0.587890625 0.4756944444444444 0.587890625 0.4618055555555556 0.5859375 0.4583333333333333 0.583984375 0.4409722222222222
2 0.32421875 0.5659722222222222 0.328125 0.5729166666666666 0.328125 0.5833333333333334 0.326171875 0.5868055555555556 0.326171875 0.59375 0.318359375 0.6076388888888888 0.318359375 0.6180555555555556 0.31640625 0.6215277777777778 0.31640625 0.6319444444444444 0.318359375 0.6354166666666666 0.318359375 0.6493055555555556 0.31640625 0.6527777777777778 0.31640625 0.6875 0.3203125 0.6944444444444444 0.30859375 0.6944444444444444 0.3046875 0.7013888888888888 0.306640625 0.7152777777777778 0.30078125 0.7152777777777778 0.296875 0.7118055555555556 0.296875 0.7013888888888888 0.298828125 0.6979166666666666 0.298828125 0.6631944444444444 0.2890625 0.6319444444444444 0.2890625 0.6215277777777778 0.30078125 0.6006944444444444 0.30078125 0.5972222222222222 0.3125 0.5833333333333334 0.31640625 0.5729166666666666 0.322265625 0.5659722222222222
2 0.4875 0.4027777777777778 0.036458333333333336 0.14074074074074072
2 0.408203125 0.4409722222222222 0.412109375 0.4513888888888889 0.408203125 0.4618055555555556 0.408203125 0.46875 0.404296875 0.4791666666666667 0.404296875 0.4895833333333333 0.40234375 0.4930555555555556 0.40234375 0.5104166666666666 0.408203125 0.53125 0.408203125 0.5381944444444444 0.3984375 0.5590277777777778 0.3984375 0.5729166666666666 0.390625 0.5694444444444444 0.388671875 0.5625 0.388671875 0.5555555555555556 0.390625 0.5520833333333334 0.390625 0.53125 0.388671875 0.5277777777777778 0.384765625 0.5277777777777778 0.3828125 0.53125 0.37890625 0.53125 0.376953125 0.5277777777777778 0.380859375 0.5173611111111112 0.380859375 0.5069444444444444 0.38671875 0.4930555555555556 0.390625 0.46875 0.3984375 0.4513888888888889 0.3984375 0.4444444444444444 0.400390625 0.4409722222222222 0.40625 0.4409722222222222
2 0.591796875 0.3715277777777778 0.595703125 0.375 0.603515625 0.3923611111111111 0.599609375 0.4097222222222222 0.59375 0.4097222222222222 0.591796875 0.4166666666666667 0.583984375 0.3958333333333333 0.58203125 0.3993055555555556 0.58203125 0.40625 0.583984375 0.3888888888888889 0.58984375 0.375
2 0.611328125 0.3715277777777778 0.615234375 0.375 0.615234375 0.3784722222222222 0.630859375 0.4027777777777778 0.630859375 0.40625 0.625 0.4131944444444444 0.62890625 0.4201388888888889 0.626953125 0.4270833333333333 0.6328125 0.4375 0.63671875 0.4375 0.642578125 0.4444444444444444 0.642578125 0.4479166666666667 0.6328125 0.4479166666666667 0.62890625 0.4409722222222222 0.62109375 0.4409722222222222 0.619140625 0.4444444444444444 0.619140625 0.4583333333333333 0.62109375 0.4618055555555556 0.62109375 0.46875 0.62890625 0.4826388888888889 0.626953125 0.4861111111111111 0.609375 0.4652777777777778 0.609375 0.4618055555555556 0.6015625 0.4479166666666667 0.595703125 0.4270833333333333 0.595703125 0.4166666666666667 0.599609375 0.40625 0.59765625 0.3993055555555556 0.599609375 0.3784722222222222 0.60546875 0.3680555555555556 0.609375 0.3715277777777778
2 0.69921875 0.2638888888888889 0.716796875 0.2916666666666667 0.716796875 0.3229166666666667 0.724609375 0.3298611111111111 0.724609375 0.3368055555555556 0.71875 0.3368055555555556 0.712890625 0.3263888888888889 0.708984375 0.3263888888888889 0.705078125 0.3333333333333333 0.705078125 0.3402777777777778 0.701171875 0.3402777777777778 0.697265625 0.3298611111111111 0.69921875 0.3055555555555556 0.701171875 0.3020833333333333 0.69921875 0.2951388888888889 0.693359375 0.2951388888888889 0.685546875 0.3020833333333333 0.677734375 0.3020833333333333 0.67578125 0.2986111111111111 0.681640625 0.2951388888888889 0.685546875 0.2881944444444444 0.685546875 0.2708333333333333 0.681640625 0.2604166666666667 0.681640625 0.2465277777777778 0.68359375 0.24305555555555555 0.689453125 0.24305555555555555 0.697265625 0.2638888888888889
2 0.591796875 0.3645833333333333 0.599609375 0.3541666666666667 0.60546875 0.3541666666666667 0.607421875 0.3576388888888889 0.607421875 0.3645833333333333 0.611328125 0.3715277777777778 0.6171875 0.375 0.634765625 0.40625 0.640625 0.4270833333333333 0.640625 0.4340277777777778 0.638671875 0.4375 0.640625 0.4479166666666667 0.634765625 0.4479166666666667 0.626953125 0.4409722222222222 0.623046875 0.4409722222222222 0.62109375 0.4444444444444444 0.6171875 0.4375 0.6171875 0.4305555555555556 0.62109375 0.4270833333333333 0.623046875 0.4166666666666667 0.6171875 0.40625 0.615234375 0.40625 0.61328125 0.3993055555555556 0.603515625 0.3923611111111111 0.599609375 0.3854166666666667 0.599609375 0.3784722222222222 0.59375 0.3715277777777778 0.59375 0.3680555555555556
2 0.60546875 0.3923611111111111 0.62109375 0.4166666666666667 0.62109375 0.4236111111111111 0.6171875 0.4305555555555556 0.6171875 0.4513888888888889 0.62109375 0.46875 0.62890625 0.4826388888888889 0.625 0.4861111111111111 0.619140625 0.4756944444444444 0.609375 0.4652777777777778 0.6015625 0.4513888888888889 0.59375 0.4305555555555556 0.59375 0.4201388888888889 0.595703125 0.4131944444444444 0.6015625 0.40625 0.6015625 0.3993055555555556 0.603515625 0.3958333333333333
2 0.57421875 0.3993055555555556 0.578125 0.40625 0.580078125 0.4479166666666667 0.583984375 0.4618055555555556 0.58203125 0.4652777777777778 0.576171875 0.4652777777777778 0.568359375 0.4791666666666667 0.568359375 0.4826388888888889 0.56640625 0.4791666666666667 0.556640625 0.4756944444444444 0.541015625 0.4965277777777778 0.537109375 0.4965277777777778 0.537109375 0.4895833333333333 0.55078125 0.4618055555555556 0.548828125 0.4409722222222222 0.546875 0.4375 0.546875 0.4236111111111111 0.55078125 0.4236111111111111 0.55859375 0.4166666666666667 0.5625 0.4097222222222222 0.5625 0.4027777777777778 0.56640625 0.3993055555555556 0.572265625 0.3993055555555556
2 0.57421875 0.3993055555555556 0.578125 0.4027777777777778 0.580078125 0.4479166666666667 0.583984375 0.4618055555555556 0.58203125 0.4652777777777778 0.576171875 0.4652777777777778 0.568359375 0.4791666666666667 0.564453125 0.4791666666666667 0.55078125 0.46875 0.552734375 0.4513888888888889 0.546875 0.4340277777777778 0.546875 0.4270833333333333 0.560546875 0.4236111111111111 0.5625 0.4201388888888889 0.5625 0.40625 0.56640625 0.3993055555555556 0.572265625 0.3993055555555556
2 0.599609375 0.4826388888888889 0.603515625 0.4861111111111111 0.603515625 0.4895833333333333 0.6171875 0.5138888888888888 0.6171875 0.5208333333333334 0.619140625 0.5243055555555556 0.615234375 0.5416666666666666 0.615234375 0.5486111111111112 0.619140625 0.5590277777777778 0.619140625 0.5798611111111112 0.615234375 0.5763888888888888 0.615234375 0.5694444444444444 0.611328125 0.5625 0.60546875 0.5694444444444444 0.60546875 0.6006944444444444 0.609375 0.6076388888888888 0.60546875 0.6145833333333334 0.595703125 0.6145833333333334 0.599609375 0.6041666666666666 0.599609375 0.5972222222222222 0.595703125 0.5868055555555556 0.591796875 0.5902777777777778 0.5859375 0.5902777777777778 0.58984375 0.5798611111111112 0.591796875 0.5347222222222222 0.58984375 0.53125 0.58984375 0.5243055555555556 0.5859375 0.5173611111111112 0.583984375 0.4930555555555556 0.58984375 0.4791666666666667 0.595703125 0.4791666666666667 0.59765625 0.4826388888888889
2 0.5859375 0.4409722222222222 0.58984375 0.4479166666666667 0.599609375 0.4479166666666667 0.603515625 0.4513888888888889 0.607421875 0.4618055555555556 0.619140625 0.4756944444444444 0.625 0.4895833333333333 0.625 0.5069444444444444 0.62109375 0.5208333333333334 0.619140625 0.5138888888888888 0.611328125 0.5 0.609375 0.5 0.599609375 0.4791666666666667 0.595703125 0.4791666666666667 0.58984375 0.4722222222222222 0.58984375 0.4652777777777778 0.5859375 0.4548611111111111 0.5859375 0.4444444444444444
2 0.591796875 0.2708333333333333 0.59375 0.2708333333333333 0.599609375 0.2569444444444444 0.60546875 0.2569444444444444 0.611328125 0.2777777777777778 0.611328125 0.2881944444444444 0.609375 0.2916666666666667 0.611328125 0.3125 0.607421875 0.3194444444444444 0.6015625 0.3472222222222222 0.599609375 0.3506944444444444 0.5859375 0.3541666666666667 0.587890625 0.3472222222222222 0.587890625 0.3368055555555556 0.5859375 0.3333333333333333 0.5859375 0.3194444444444444 0.583984375 0.3159722222222222 0.583984375 0.2916666666666667 0.591796875 0.2743055555555556
2 0.5859375 0.46875 0.587890625 0.4722222222222222 0.587890625 0.4791666666666667 0.583984375 0.4895833333333333 0.58203125 0.5034722222222222 0.58984375 0.53125 0.58984375 0.5416666666666666 0.587890625 0.5451388888888888 0.58984375 0.5520833333333334 0.587890625 0.5590277777777778 0.5859375 0.5555555555555556 0.576171875 0.5625 0.5703125 0.5590277777777778 0.576171875 0.5416666666666666 0.568359375 0.5069444444444444 0.5703125 0.5034722222222222 0.5703125 0.4895833333333333 0.57421875 0.4722222222222222 0.578125 0.46875 0.583984375 0.46875
2 0.45703125 0.3715277777777778 0.462890625 0.3819444444444444 0.462890625 0.3854166666666667 0.45703125 0.4027777777777778 0.45703125 0.4097222222222222 0.451171875 0.4236111111111111 0.451171875 0.4340277777777778 0.44921875 0.4375 0.451171875 0.4444444444444444 0.451171875 0.4618055555555556 0.443359375 0.4722222222222222 0.443359375 0.4791666666666667 0.42578125 0.5104166666666666 0.42578125 0.5138888888888888 0.42578125 0.5 0.43359375 0.4791666666666667 0.43359375 0.4583333333333333 0.4296875 0.4444444444444444 0.4296875 0.4305555555555556 0.447265625 0.3923611111111111 0.451171875 0.375 0.455078125 0.3715277777777778
2 0.431640625 0.59375 0.447265625 0.6354166666666666 0.447265625 0.6527777777777778 0.443359375 0.6666666666666666 0.443359375 0.6770833333333334 0.44921875 0.6875 0.44921875 0.6909722222222222 0.45703125 0.7013888888888888 0.455078125 0.7083333333333334 0.44921875 0.7083333333333334 0.439453125 0.7222222222222222 0.435546875 0.7222222222222222 0.435546875 0.7083333333333334 0.43359375 0.7013888888888888 0.421875 0.6840277777777778 0.421875 0.6631944444444444 0.427734375 0.6493055555555556 0.4296875 0.6354166666666666 0.41796875 0.6145833333333334 0.41015625 0.5868055555555556 0.41015625 0.5763888888888888 0.4140625 0.5694444444444444 0.419921875 0.5694444444444444 0.423828125 0.5763888888888888 0.423828125 0.5833333333333334 0.4296875 0.59375
2 0.712890625 0.3298611111111111 0.716796875 0.3402777777777778 0.716796875 0.3472222222222222 0.72265625 0.3576388888888889 0.72265625 0.3645833333333333 0.7265625 0.3784722222222222 0.7265625 0.3819444444444444 0.72265625 0.3854166666666667 0.72265625 0.3993055555555556 0.728515625 0.4166666666666667 0.734375 0.4583333333333333 0.73046875 0.4583333333333333 0.7265625 0.4444444444444444 0.7265625 0.4375 0.720703125 0.4270833333333333 0.71875 0.4305555555555556 0.71484375 0.4270833333333333 0.705078125 0.3993055555555556 0.703125 0.3819444444444444 0.69921875 0.375 0.693359375 0.3854166666666667 0.6953125 0.4027777777777778 0.693359375 0.4027777777777778 0.69140625 0.3958333333333333 0.69140625 0.375 0.69921875 0.3541666666666667 0.70703125 0.3402777777777778 0.70703125 0.3333333333333333 0.7109375 0.3298611111111111