0 0.34765625 0.5 0.349609375 0.5069444444444444 0.345703125 0.5173611111111112 0.328125 0.5381944444444444 0.318359375 0.5381944444444444 0.31640625 0.5347222222222222 0.31640625 0.5138888888888888 0.318359375 0.5069444444444444 0.326171875 0.4965277777777778 0.345703125 0.5
0 0.330078125 0.4930555555555556 0.328125 0.4791666666666667 0.33203125 0.4722222222222222 0.3359375 0.4722222222222222 0.337890625 0.46875 0.3515625 0.46875 0.357421875 0.4826388888888889 0.357421875 0.5 0.3515625 0.5 0.349609375 0.4965277777777778 0.333984375 0.4965277777777778 0.33203125 0.4930555555555556
0 0.384765625 0.2986111111111111 0.392578125 0.3194444444444444 0.392578125 0.3263888888888889 0.390625 0.3298611111111111 0.390625 0.3472222222222222 0.38671875 0.3576388888888889 0.375 0.34375 0.3671875 0.3368055555555556 0.36328125 0.3368055555555556 0.3671875 0.3055555555555556 0.373046875 0.2986111111111111 0.3828125 0.2986111111111111
0 0.384765625 0.2986111111111111 0.392578125 0.3229166666666667 0.388671875 0.3368055555555556 0.373046875 0.3368055555555556 0.365234375 0.3298611111111111 0.3671875 0.3055555555555556 0.373046875 0.2986111111111111 0.3828125 0.2986111111111111
0 0.435546875 0.3993055555555556 0.4375 0.4027777777777778 0.4375 0.4166666666666667 0.43359375 0.4236111111111111 0.431640625 0.4479166666666667 0.427734375 0.4548611111111111 0.404296875 0.4548611111111111 0.396484375 0.4340277777777778 0.39453125 0.4201388888888889 0.404296875 0.4027777777777778 0.43359375 0.3993055555555556
0 0.44244791666666666 0.0787037037037037 0.022395833333333334 0.05185185185185185
0 0.515625 0.2777777777777778 0.521484375 0.2881944444444444 0.521484375 0.3125 0.51953125 0.3159722222222222 0.51953125 0.3229166666666667 0.517578125 0.3229166666666667 0.51171875 0.3333333333333333 0.50390625 0.3333333333333333 0.498046875 0.3263888888888889 0.498046875 0.3055555555555556 0.501953125 0.2916666666666667 0.5078125 0.28125 0.513671875 0.2777777777777778
0 0.1328125 0 0.138671875 0.006944444444444444 0.138671875 0.024305555555555556 0.134765625 0.03125 0.12890625 0.03125 0.123046875 0.024305555555555556 0.123046875 0.010416666666666666 0.12890625 0 0.130859375 0
1 0.326171875 0.5 0.349609375 0.5 0.3515625 0.5034722222222222 0.35546875 0.5034722222222222 0.359375 0.5069444444444444 0.37109375 0.5277777777777778 0.373046875 0.5381944444444444 0.376953125 0.5416666666666666 0.376953125 0.5486111111111112 0.37109375 0.5659722222222222 0.37109375 0.5729166666666666 0.357421875 0.5972222222222222 0.357421875 0.6006944444444444 0.34765625 0.6006944444444444 0.345703125 0.5972222222222222 0.3359375 0.59375 0.330078125 0.5868055555555556 0.326171875 0.5868055555555556 0.318359375 0.5763888888888888 0.318359375 0.5625 0.322265625 0.5486111111111112 0.3203125 0.5416666666666666 0.330078125 0.5277777777777778 0.330078125 0.5173611111111112 0.326171875 0.5034722222222222
1 0.11328125 0.013888888888888888 0.12109375 0.013888888888888888 0.130859375 0.020833333333333332 0.1328125 0.017361111111111112 0.142578125 0.017361111111111112 0.15234375 0.03125 0.15234375 0.04513888888888889 0.1484375 0.059027777777777776 0.1484375 0.06944444444444445 0.14453125 0.0763888888888889 0.14453125 0.09027777777777778 0.140625 0.09722222222222222 0.140625 0.1076388888888889 0.138671875 0.11458333333333333 0.134765625 0.11805555555555555 0.126953125 0.11805555555555555 0.111328125 0.09375 0.11328125 0.059027777777777776 0.109375 0.052083333333333336 0.109375 0.020833333333333332 0.11328125 0.017361111111111112
1 0.45703125 0.4131944444444444 0.484375 0.4479166666666667 0.490234375 0.4618055555555556 0.490234375 0.46875 0.48828125 0.4722222222222222 0.484375 0.4722222222222222 0.470703125 0.4826388888888889 0.466796875 0.4791666666666667 0.466796875 0.46875 0.462890625 0.4618055555555556 0.443359375 0.4618055555555556 0.43359375 0.4548611111111111 0.43359375 0.4375 0.4375 0.4201388888888889 0.44140625 0.4131944444444444 0.455078125 0.4131944444444444
1 0.43359375 0.09027777777777778 0.43359375 0.09722222222222222 0.439453125 0.1076388888888889 0.4453125 0.1076388888888889 0.453125 0.09722222222222222 0.453125 0.09027777777777778 0.455078125 0.08680555555555555 0.4609375 0.08680555555555555 0.46875 0.09722222222222222 0.470703125 0.10416666666666667 0.470703125 0.11458333333333333 0.474609375 0.12152777777777778 0.474609375 0.13541666666666666 0.46484375 0.13541666666666666 0.4609375 0.14583333333333334 0.462890625 0.1527777777777778 0.462890625 0.16666666666666666 0.46484375 0.1701388888888889 0.462890625 0.1840277777777778 0.447265625 0.1840277777777778 0.4453125 0.1875 0.43359375 0.1875 0.431640625 0.1840277777777778 0.431640625 0.14930555555555555 0.427734375 0.13541666666666666 0.427734375 0.12152777777777778 0.421875 0.1111111111111111 0.421875 0.09722222222222222 0.42578125 0.09027777777777778 0.431640625 0.09027777777777778
1 0.54296875 0.3506944444444444 0.541015625 0.3472222222222222 0.537109375 0.3472222222222222 0.53125 0.3576388888888889 0.533203125 0.3680555555555556 0.537109375 0.375 0.537109375 0.3819444444444444 0.52734375 0.3819444444444444 0.51953125 0.3680555555555556 0.513671875 0.34375 0.513671875 0.3298611111111111 0.521484375 0.3159722222222222 0.521484375 0.3125 0.52734375 0.3055555555555556 0.54296875 0.3368055555555556 0.544921875 0.3472222222222222
1 0.38671875 0.34375 0.388671875 0.3506944444444444 0.38671875 0.3680555555555556 0.37109375 0.3784722222222222 0.373046875 0.3819444444444444 0.373046875 0.4027777777777778 0.369140625 0.40625 0.361328125 0.40625 0.359375 0.4097222222222222 0.34765625 0.4097222222222222 0.34375 0.40625 0.345703125 0.3888888888888889 0.3515625 0.3715277777777778 0.3515625 0.3611111111111111 0.35546875 0.3506944444444444 0.361328125 0.3402777777777778 0.384765625 0.34375
2 0.3359375 0.4930555555555556 0.337890625 0.4965277777777778 0.35546875 0.5 0.361328125 0.5069444444444444 0.375 0.53125 0.376953125 0.5416666666666666 0.380859375 0.5486111111111112 0.388671875 0.5520833333333334 0.40625 0.5694444444444444 0.41015625 0.5868055555555556 0.427734375 0.6111111111111112 0.431640625 0.6111111111111112 0.43359375 0.6145833333333334 0.443359375 0.6145833333333334 0.4453125 0.6180555555555556 0.458984375 0.6215277777777778 0.466796875 0.6284722222222222 0.48046875 0.625 0.48828125 0.6388888888888888 0.48828125 0.6493055555555556 0.486328125 0.6458333333333334 0.478515625 0.6458333333333334 0.4765625 0.6423611111111112 0.4296875 0.6423611111111112 0.41796875 0.6284722222222222 0.40625 0.6284722222222222 0.38671875 0.6145833333333334 0.365234375 0.6111111111111112 0.36328125 0.6076388888888888 0.357421875 0.6076388888888888 0.3515625 0.6006944444444444 0.34375 0.6006944444444444 0.341796875 0.5972222222222222 0.326171875 0.5972222222222222 0.3203125 0.5868055555555556 0.318359375 0.5868055555555556 0.31640625 0.5798611111111112 0.31640625 0.5694444444444444 0.3125 0.5625 0.30859375 0.5625 0.310546875 0.5590277777777778 0.310546875 0.5520833333333334 0.30859375 0.5486111111111112 0.3046875 0.5486111111111112 0.3046875 0.5381944444444444 0.306640625 0.5347222222222222 0.3046875 0.53125 0.3046875 0.5208333333333334 0.30859375 0.5208333333333334 0.31640625 0.5 0.3203125 0.5 0.328125 0.4930555555555556 0.333984375 0.4930555555555556
2 0.341796875 0 0.37890625 0 0.37890625 0.017361111111111112 0.384765625 0.03125 0.384765625 0.041666666666666664 0.388671875 0.052083333333333336 0.388671875 0.0763888888888889 0.380859375 0.0798611111111111 0.37890625 0.08680555555555555 0.373046875 0.08680555555555555 0.373046875 0.06597222222222222 0.3671875 0.03819444444444445 0.36328125 0.04513888888888889 0.361328125 0.06944444444444445 0.357421875 0.08333333333333333 0.353515625 0.08680555555555555 0.3515625 0.0798611111111111 0.3515625 0.05555555555555555 0.345703125 0.04513888888888889 0.34375 0.04513888888888889 0.341796875 0.03819444444444445 0.341796875 0.003472222222222222
2 0.40625 0.4618055555555556 0.408203125 0.4652777777777778 0.41796875 0.46875 0.41796875 0.4756944444444444 0.412109375 0.4826388888888889 0.412109375 0.4965277777777778 0.42578125 0.5243055555555556 0.42578125 0.53125 0.421875 0.5347222222222222 0.416015625 0.5347222222222222 0.4140625 0.5381944444444444 0.41015625 0.5381944444444444 0.3984375 0.5243055555555556 0.375 0.5208333333333334 0.37109375 0.5138888888888888 0.37109375 0.5 0.373046875 0.4965277777777778 0.373046875 0.4652777777777778 0.375 0.4618055555555556 0.373046875 0.4548611111111111 0.373046875 0.4409722222222222 0.38671875 0.4131944444444444 0.392578125 0.4131944444444444 0.39453125 0.4340277777777778 0.400390625 0.4444444444444444 0.400390625 0.4548611111111111 0.404296875 0.4618055555555556
2 0.6171875 0 0.634765625 0 0.634765625 0.020833333333333332 0.63671875 0.024305555555555556 0.634765625 0.034722222222222224 0.61328125 0.03819444444444445 0.61328125 0.027777777777777776 0.6171875 0.017361111111111112 0.6171875 0.003472222222222222
2 0.38671875 0.3020833333333333 0.392578125 0.3229166666666667 0.390625 0.3298611111111111 0.390625 0.3506944444444444 0.384765625 0.375 0.39453125 0.3958333333333333 0.39453125 0.3993055555555556 0.390625 0.4027777777777778 0.390625 0.4131944444444444 0.392578125 0.4166666666666667 0.390625 0.4236111111111111 0.3984375 0.4479166666666667 0.400390625 0.4618055555555556 0.404296875 0.46875 0.404296875 0.4756944444444444 0.408203125 0.4826388888888889 0.408203125 0.4930555555555556 0.41015625 0.5 0.416015625 0.5104166666666666 0.41796875 0.5104166666666666 0.423828125 0.5243055555555556 0.421875 0.53125 0.40625 0.53125 0.400390625 0.5243055555555556 0.39453125 0.5243055555555556 0.392578125 0.5208333333333334 0.375 0.5173611111111112 0.37109375 0.5138888888888888 0.37109375 0.5 0.373046875 0.4965277777777778 0.373046875 0.4618055555555556 0.375 0.4583333333333333 0.373046875 0.4548611111111111 0.373046875 0.4479166666666667 0.369140625 0.4409722222222222 0.3671875 0.4409722222222222 0.361328125 0.4513888888888889 0.357421875 0.46875 0.34765625 0.4652777777777778 0.341796875 0.4583333333333333 0.34375 0.4548611111111111 0.34375 0.3993055555555556 0.3515625 0.3715277777777778 0.3515625 0.3611111111111111 0.35546875 0.3541666666666667 0.361328125 0.3298611111111111 0.365234375 0.3229166666666667 0.3671875 0.3055555555555556 0.373046875 0.2986111111111111 0.3828125 0.2986111111111111 0.384765625 0.3020833333333333
2 0.091796875 0.08680555555555555 0.091796875 0.07291666666666667 0.09765625 0.059027777777777776 0.1015625 0.03819444444444445 0.107421875 0.027777777777777776 0.11328125 0.010416666666666666 0.1171875 0.010416666666666666 0.125 0 0.138671875 0 0.142578125 0.006944444444444444 0.142578125 0.013888888888888888 0.15234375 0.03125 0.15234375 0.052083333333333336 0.154296875 0.05555555555555555 0.15625 0.07291666666666667 0.13671875 0.11805555555555555 0.13671875 0.1423611111111111 0.134765625 0.14583333333333334 0.134765625 0.15625 0.1328125 0.1597222222222222 0.1328125 0.1736111111111111 0.130859375 0.18055555555555555 0.126953125 0.1840277777777778 0.123046875 0.17708333333333334 0.12109375 0.1840277777777778 0.1171875 0.1875 0.11328125 0.1701388888888889 0.103515625 0.1909722222222222 0.1015625 0.1909722222222222 0.103515625 0.1597222222222222 0.1015625 0.15625 0.1015625 0.1423611111111111 0.099609375 0.1388888888888889 0.1015625 0.13541666666666666 0.1015625 0.11805555555555555 0.111328125 0.09027777777777778 0.11328125 0.059027777777777776 0.109375 0.052083333333333336 0.099609375 0.06944444444444445 0.09765625 0.08333333333333333 0.09375 0.08680555555555555
2 0.552734375 0.4861111111111111 0.552734375 0.4722222222222222 0.548828125 0.4652777777777778 0.53125 0.4618055555555556 0.525390625 0.4513888888888889 0.525390625 0.4340277777777778 0.51953125 0.4270833333333333 0.515625 0.4375 0.515625 0.4479166666666667 0.525390625 0.4826388888888889 0.525390625 0.4930555555555556 0.517578125 0.5 0.509765625 0.5 0.5078125 0.4965277777777778 0.5078125 0.4895833333333333 0.505859375 0.4861111111111111 0.505859375 0.46875 0.5 0.4409722222222222 0.5 0.4305555555555556 0.501953125 0.4270833333333333 0.501953125 0.4097222222222222 0.5078125 0.3888888888888889 0.517578125 0.3680555555555556 0.515625 0.3541666666666667 0.509765625 0.34375 0.50390625 0.3402777777777778 0.498046875 0.3229166666666667 0.5 0.2986111111111111 0.5078125 0.28125 0.517578125 0.28125 0.521484375 0.2881944444444444 0.525390625 0.3020833333333333 0.544921875 0.3402777777777778 0.544921875 0.3472222222222222 0.552734375 0.3680555555555556 0.552734375 0.3923611111111111 0.55078125 0.3958333333333333 0.548828125 0.4409722222222222 0.55078125 0.4444444444444444 0.5546875 0.4444444444444444 0.560546875 0.4583333333333333 0.560546875 0.4652777777777778 0.5546875 0.4861111111111111
2 0.43359375 0.3993055555555556 0.44140625 0.40625 0.45703125 0.40625 0.4609375 0.4097222222222222 0.47265625 0.4340277777777778 0.474609375 0.4340277777777778 0.48828125 0.4548611111111111 0.498046875 0.4791666666666667 0.498046875 0.4965277777777778 0.49609375 0.5 0.49609375 0.5069444444444444 0.48828125 0.5208333333333334 0.484375 0.53125 0.484375 0.5381944444444444 0.486328125 0.5416666666666666 0.50390625 0.5416666666666666 0.5078125 0.5451388888888888 0.51171875 0.5590277777777778 0.51171875 0.5868055555555556 0.505859375 0.59375 0.505859375 0.5798611111111112 0.50390625 0.5729166666666666 0.498046875 0.5625 0.494140625 0.5659722222222222 0.4921875 0.5729166666666666 0.49609375 0.5833333333333334 0.49609375 0.5902777777777778 0.5 0.5972222222222222 0.5 0.6076388888888888 0.498046875 0.6145833333333334 0.48828125 0.6215277777777778 0.48046875 0.6180555555555556 0.482421875 0.6145833333333334 0.482421875 0.59375 0.4765625 0.5694444444444444 0.47265625 0.5625 0.4609375 0.5590277777777778 0.45703125 0.5520833333333334 0.45703125 0.5347222222222222 0.4609375 0.5243055555555556 0.4609375 0.5069444444444444 0.455078125 0.5 0.443359375 0.5 0.44140625 0.4965277777777778 0.4375 0.4965277777777778 0.43359375 0.4791666666666667 0.43359375 0.4652777777777778 0.4296875 0.4583333333333333 0.42578125 0.4548611111111111 0.404296875 0.4548611111111111 0.40234375 0.4513888888888889 0.40234375 0.4409722222222222 0.396484375 0.4305555555555556 0.396484375 0.4201388888888889 0.404296875 0.40625 0.408203125 0.4027777777777778 0.427734375 0.4027777777777778 0.431640625 0.3993055555555556
2 0.46484375 0.09027777777777778 0.470703125 0.10416666666666667 0.470703125 0.11458333333333333 0.478515625 0.13194444444444445 0.478515625 0.17708333333333334 0.48046875 0.18055555555555555 0.482421875 0.19791666666666666 0.48046875 0.2013888888888889 0.478515625 0.19791666666666666 0.474609375 0.19791666666666666 0.46875 0.1840277777777778 0.46875 0.1736111111111111 0.47265625 0.16319444444444445 0.47265625 0.15625 0.470703125 0.1527777777777778 0.470703125 0.14583333333333334 0.466796875 0.1388888888888889 0.462890625 0.1423611111111111 0.46484375 0.1840277777777778 0.462890625 0.1875 0.462890625 0.2048611111111111 0.4609375 0.20833333333333334 0.458984375 0.22569444444444445 0.453125 0.24305555555555555 0.455078125 0.2465277777777778 0.455078125 0.2881944444444444 0.453125 0.2916666666666667 0.451171875 0.3090277777777778 0.447265625 0.3159722222222222 0.4375 0.3159722222222222 0.4375 0.3055555555555556 0.439453125 0.3020833333333333 0.439453125 0.25 0.435546875 0.23958333333333334 0.435546875 0.22916666666666666 0.43359375 0.22569444444444445 0.431640625 0.15625 0.427734375 0.14583333333333334 0.423828125 0.14930555555555555 0.423828125 0.15625 0.416015625 0.17708333333333334 0.416015625 0.1909722222222222 0.4140625 0.19444444444444445 0.41015625 0.1909722222222222 0.41015625 0.1736111111111111 0.412109375 0.1701388888888889 0.4140625 0.14583333333333334 0.421875 0.11805555555555555 0.421875 0.09722222222222222 0.431640625 0.08333333333333333 0.43359375 0.0625 0.4375 0.05555555555555555 0.447265625 0.05555555555555555 0.453125 0.06944444444444445 0.453125 0.0798611111111111 0.45703125 0.08680555555555555 0.4609375 0.08680555555555555 0.462890625 0.09027777777777778
2 0.353515625 0.4722222222222222 0.35546875 0.4756944444444444 0.357421875 0.5 0.353515625 0.4965277777777778 0.3359375 0.4965277777777778 0.333984375 0.4930555555555556 0.31640625 0.4930555555555556 0.314453125 0.4965277777777778 0.314453125 0.5104166666666666 0.310546875 0.5208333333333334 0.310546875 0.5347222222222222 0.314453125 0.5416666666666666 0.31640625 0.5555555555555556 0.314453125 0.5590277777777778 0.314453125 0.5763888888888888 0.310546875 0.5833333333333334 0.306640625 0.5798611111111112 0.30078125 0.5590277777777778 0.302734375 0.5381944444444444 0.3046875 0.5347222222222222 0.3046875 0.5277777777777778 0.302734375 0.5243055555555556 0.302734375 0.5069444444444444 0.3046875 0.5 0.30859375 0.4930555555555556 0.31640625 0.4930555555555556 0.3203125 0.4826388888888889 0.330078125 0.4722222222222222 0.333984375 0.4722222222222222 0.3359375 0.46875 0.349609375 0.46875 0.3515625 0.4722222222222222
2 0.38671875 0.3020833333333333 0.392578125 0.3263888888888889 0.390625 0.3298611111111111 0.390625 0.3506944444444444 0.384765625 0.3784722222222222 0.392578125 0.3923611111111111 0.392578125 0.3993055555555556 0.373046875 0.4375 0.365234375 0.4409722222222222 0.361328125 0.4479166666666667 0.357421875 0.46875 0.34765625 0.4652777777777778 0.341796875 0.4583333333333333 0.34375 0.4548611111111111 0.34375 0.3958333333333333 0.3515625 0.3715277777777778 0.3515625 0.3611111111111111 0.35546875 0.3541666666666667 0.359375 0.3402777777777778 0.359375 0.3333333333333333 0.365234375 0.3229166666666667 0.3671875 0.3055555555555556 0.373046875 0.2986111111111111 0.3828125 0.2986111111111111 0.384765625 0.3020833333333333