0 0.064453125 0.2986111111111111 0.068359375 0.3055555555555556 0.068359375 0.3125 0.064453125 0.3194444444444444 0.056640625 0.3194444444444444 0.0546875 0.3159722222222222 0.0546875 0.3020833333333333 0.056640625 0.2986111111111111 0.0625 0.2986111111111111
0 0.30078125 0.4305555555555556 0.302734375 0.4340277777777778 0.302734375 0.4513888888888889 0.296875 0.4583333333333333 0.296875 0.4652777777777778 0.294921875 0.46875 0.29296875 0.46875 0.287109375 0.4548611111111111 0.287109375 0.4375 0.29296875 0.4305555555555556 0.298828125 0.4305555555555556
0 0.32421875 0.53125 0.322265625 0.5208333333333334 0.326171875 0.5069444444444444 0.3359375 0.5069444444444444 0.337890625 0.5104166666666666 0.337890625 0.5208333333333334 0.333984375 0.53125 0.33203125 0.5347222222222222 0.328125 0.5347222222222222 0.326171875 0.53125
0 0.34661458333333334 0.10648148148148148 0.019270833333333334 0.027777777777777776
0 0.41796875 0.18055555555555555 0.421875 0.17708333333333334 0.427734375 0.18055555555555555 0.431640625 0.19444444444444445 0.431640625 0.2013888888888889 0.4296875 0.2048611111111111 0.423828125 0.2048611111111111 0.41796875 0.19791666666666666 0.41796875 0.1840277777777778
0 0.470703125 0.13194444444444445 0.470703125 0.1388888888888889 0.46484375 0.14583333333333334 0.4609375 0.14583333333333334 0.458984375 0.1423611111111111 0.458984375 0.13541666666666666 0.46484375 0.1284722222222222 0.46875 0.13194444444444445
0 0.392578125 0.2951388888888889 0.400390625 0.3090277777777778 0.400390625 0.3159722222222222 0.396484375 0.3194444444444444 0.37890625 0.3194444444444444 0.375 0.3125 0.375 0.3055555555555556 0.37890625 0.2986111111111111 0.38671875 0.2986111111111111 0.390625 0.2951388888888889
0 0.732421875 0.21180555555555555 0.736328125 0.2222222222222222 0.734375 0.22916666666666666 0.724609375 0.22916666666666666 0.724609375 0.21875 0.73046875 0.21180555555555555
0 0.73046875 0.3819444444444444 0.732421875 0.3854166666666667 0.732421875 0.3993055555555556 0.728515625 0.40625 0.724609375 0.40625 0.72265625 0.4027777777777778 0.72265625 0.3854166666666667 0.728515625 0.3819444444444444
0 0.6765625 0.3574074074074074 0.015625 0.024074074074074074
0 0.578125 0.4097222222222222 0.580078125 0.4166666666666667 0.580078125 0.4305555555555556 0.568359375 0.4305555555555556 0.564453125 0.4201388888888889 0.564453125 0.4131944444444444 0.56640625 0.4097222222222222 0.576171875 0.4097222222222222
0 0.6328125 0.3125 0.016666666666666666 0.025
0 0.533203125 0.3680555555555556 0.5390625 0.375 0.5390625 0.3819444444444444 0.525390625 0.3784722222222222 0.5234375 0.3715277777777778 0.525390625 0.3680555555555556 0.53125 0.3680555555555556
0 0.48828125 0.34375 0.490234375 0.3472222222222222 0.49609375 0.3472222222222222 0.49609375 0.3576388888888889 0.478515625 0.3576388888888889 0.478515625 0.3472222222222222 0.48046875 0.34375 0.486328125 0.34375
0 0.564453125 0.2465277777777778 0.572265625 0.2465277777777778 0.576171875 0.25 0.57421875 0.2638888888888889 0.564453125 0.2638888888888889 0.5625 0.2604166666666667 0.5625 0.2534722222222222 0.564453125 0.25
0 0.576171875 0.22916666666666666 0.580078125 0.2326388888888889 0.580078125 0.23958333333333334 0.576171875 0.24305555555555555 0.57421875 0.23958333333333334 0.5703125 0.24305555555555555 0.564453125 0.24305555555555555 0.5625 0.23958333333333334 0.5625 0.2326388888888889 0.5703125 0.2326388888888889 0.57421875 0.22916666666666666
0 0.6625 0.19907407407407407 0.015625 0.025925925925925925
0 0.6015625 0.3854166666666667 0.603515625 0.3888888888888889 0.603515625 0.4027777777777778 0.59765625 0.4097222222222222 0.591796875 0.40625 0.58984375 0.3993055555555556 0.59375 0.3888888888888889 0.599609375 0.3854166666666667
1 0.72265625 0.2673611111111111 0.72265625 0.2465277777777778 0.720703125 0.24305555555555555 0.720703125 0.2361111111111111 0.7265625 0.22916666666666666 0.734375 0.22916666666666666 0.736328125 0.22569444444444445 0.7421875 0.22569444444444445 0.74609375 0.2361111111111111 0.74609375 0.2534722222222222 0.744140625 0.2569444444444444 0.74609375 0.28125 0.744140625 0.2847222222222222 0.732421875 0.2881944444444444 0.724609375 0.2673611111111111
1 0.5546875 0.2604166666666667 0.560546875 0.2569444444444444 0.568359375 0.2673611111111111 0.58203125 0.2638888888888889 0.583984375 0.2708333333333333 0.580078125 0.2986111111111111 0.576171875 0.3055555555555556 0.576171875 0.3159722222222222 0.57421875 0.3229166666666667 0.572265625 0.3229166666666667 0.5703125 0.3194444444444444 0.564453125 0.3194444444444444 0.5546875 0.3125 0.552734375 0.3055555555555556 0.552734375 0.2986111111111111 0.5546875 0.2951388888888889 0.552734375 0.2881944444444444 0.552734375 0.2708333333333333 0.5546875 0.2638888888888889
1 0.65625 0.2465277777777778 0.65625 0.23958333333333334 0.662109375 0.22569444444444445 0.66015625 0.2222222222222222 0.66015625 0.2152777777777778 0.66796875 0.2048611111111111 0.673828125 0.21180555555555555 0.673828125 0.21875 0.677734375 0.2326388888888889 0.677734375 0.24305555555555555 0.67578125 0.25 0.671875 0.25 0.669921875 0.2534722222222222 0.6640625 0.2534722222222222 0.658203125 0.2465277777777778
1 0.689453125 0.3611111111111111 0.693359375 0.3680555555555556 0.701171875 0.3958333333333333 0.703125 0.4166666666666667 0.69921875 0.4131944444444444 0.685546875 0.4131944444444444 0.681640625 0.40625 0.677734375 0.3888888888888889 0.669921875 0.3784722222222222 0.669921875 0.375 0.677734375 0.3611111111111111 0.6875 0.3611111111111111
1 0.048828125 0.3263888888888889 0.0546875 0.3368055555555556 0.0546875 0.34375 0.048828125 0.3645833333333333 0.044921875 0.3680555555555556 0.033203125 0.3680555555555556 0.03125 0.3645833333333333 0.03125 0.3472222222222222 0.041015625 0.3298611111111111 0.046875 0.3263888888888889
1 0.466796875 0.1701388888888889 0.462890625 0.15625 0.462890625 0.14930555555555555 0.470703125 0.1388888888888889 0.478515625 0.1423611111111111 0.482421875 0.14930555555555555 0.482421875 0.1736111111111111 0.470703125 0.1736111111111111 0.46875 0.1701388888888889
1 0.34765625 0.12152777777777778 0.349609375 0.125 0.345703125 0.13541666666666666 0.345703125 0.14930555555555555 0.34375 0.1527777777777778 0.337890625 0.14930555555555555 0.33203125 0.15625 0.328125 0.15625 0.328125 0.1388888888888889 0.33203125 0.125 0.337890625 0.11805555555555555 0.34375 0.11805555555555555 0.345703125 0.12152777777777778
1 0.724609375 0.4097222222222222 0.732421875 0.4027777777777778 0.73828125 0.4027777777777778 0.73828125 0.40625 0.744140625 0.4166666666666667 0.748046875 0.4340277777777778 0.751953125 0.4409722222222222 0.751953125 0.4513888888888889 0.75 0.4479166666666667 0.740234375 0.4513888888888889 0.73828125 0.4479166666666667 0.732421875 0.4479166666666667 0.728515625 0.4444444444444444 0.724609375 0.4340277777777778 0.724609375 0.4201388888888889 0.72265625 0.4166666666666667 0.724609375 0.4131944444444444
1 0.3125 0.5277777777777778 0.32421875 0.5277777777777778 0.330078125 0.5381944444444444 0.333984375 0.5347222222222222 0.337890625 0.5347222222222222 0.33984375 0.5381944444444444 0.33984375 0.5520833333333334 0.337890625 0.5590277777777778 0.330078125 0.5763888888888888 0.328125 0.5868055555555556 0.32421875 0.5868055555555556 0.322265625 0.5833333333333334 0.310546875 0.5833333333333334 0.310546875 0.5659722222222222 0.3125 0.5625 0.3125 0.5486111111111112 0.314453125 0.5451388888888888 0.3125 0.53125
1 0.59375 0.4201388888888889 0.591796875 0.4131944444444444 0.591796875 0.3958333333333333 0.6015625 0.3819444444444444 0.611328125 0.3819444444444444 0.615234375 0.3888888888888889 0.62109375 0.4097222222222222 0.62109375 0.4305555555555556 0.615234375 0.4375 0.609375 0.4375 0.607421875 0.4340277777777778 0.6015625 0.4340277777777778 0.595703125 0.4201388888888889
1 0.28515625 0.4548611111111111 0.294921875 0.46875 0.294921875 0.4756944444444444 0.287109375 0.5 0.287109375 0.5104166666666666 0.28515625 0.5138888888888888 0.2734375 0.5138888888888888 0.26953125 0.5104166666666666 0.267578125 0.5034722222222222 0.271484375 0.4722222222222222 0.28125 0.4548611111111111 0.283203125 0.4548611111111111
1 0.4921875 0.3541666666666667 0.501953125 0.3611111111111111 0.50390625 0.3680555555555556 0.50390625 0.375 0.501953125 0.3784722222222222 0.501953125 0.40625 0.49609375 0.3993055555555556 0.48046875 0.3958333333333333 0.474609375 0.3819444444444444 0.474609375 0.3611111111111111 0.48046875 0.3541666666666667 0.490234375 0.3541666666666667
1 0.423828125 0.2048611111111111 0.427734375 0.21180555555555555 0.42578125 0.2152777777777778 0.42578125 0.2326388888888889 0.423828125 0.23958333333333334 0.416015625 0.2465277777777778 0.41015625 0.2465277777777778 0.40625 0.24305555555555555 0.40625 0.2361111111111111 0.408203125 0.2326388888888889 0.408203125 0.2222222222222222 0.412109375 0.21180555555555555 0.412109375 0.2048611111111111 0.4140625 0.2013888888888889 0.419921875 0.2013888888888889 0.421875 0.2048611111111111
1 0.521484375 0.375 0.52734375 0.375 0.54296875 0.3993055555555556 0.54296875 0.40625 0.541015625 0.4097222222222222 0.541015625 0.4270833333333333 0.52734375 0.4270833333333333 0.525390625 0.4305555555555556 0.521484375 0.4305555555555556 0.51953125 0.4097222222222222 0.517578125 0.40625 0.517578125 0.3854166666666667 0.521484375 0.3784722222222222
1 0.568359375 0.4305555555555556 0.58203125 0.4409722222222222 0.58203125 0.4513888888888889 0.578125 0.4583333333333333 0.5703125 0.4861111111111111 0.564453125 0.4861111111111111 0.5625 0.4826388888888889 0.552734375 0.4791666666666667 0.548828125 0.4722222222222222 0.556640625 0.4375 0.560546875 0.4305555555555556 0.56640625 0.4305555555555556
1 0.623046875 0.3194444444444444 0.62890625 0.3263888888888889 0.642578125 0.3263888888888889 0.646484375 0.3333333333333333 0.646484375 0.3506944444444444 0.640625 0.3611111111111111 0.642578125 0.3715277777777778 0.640625 0.375 0.62890625 0.375 0.626953125 0.3784722222222222 0.619140625 0.3715277777777778 0.619140625 0.34375 0.615234375 0.3333333333333333 0.615234375 0.3229166666666667 0.62109375 0.3194444444444444
1 0.63671875 0.2013888888888889 0.6484375 0.2013888888888889 0.658203125 0.2152777777777778 0.658203125 0.22916666666666666 0.65234375 0.24305555555555555 0.650390625 0.2604166666666667 0.646484375 0.2673611111111111 0.62890625 0.2673611111111111 0.626953125 0.2638888888888889 0.630859375 0.25 0.630859375 0.21875 0.63671875 0.2048611111111111
1 0.380859375 0.3125 0.38671875 0.3194444444444444 0.39453125 0.3194444444444444 0.39453125 0.3333333333333333 0.392578125 0.3368055555555556 0.392578125 0.3472222222222222 0.39453125 0.3506944444444444 0.384765625 0.3506944444444444 0.37890625 0.3576388888888889 0.37109375 0.3576388888888889 0.369140625 0.3541666666666667 0.3671875 0.3576388888888889 0.369140625 0.3333333333333333 0.373046875 0.3194444444444444 0.37890625 0.3125
2 0.576171875 0.22916666666666666 0.580078125 0.2361111111111111 0.580078125 0.2465277777777778 0.5859375 0.2534722222222222 0.583984375 0.2604166666666667 0.58203125 0.2604166666666667 0.57421875 0.24305555555555555 0.568359375 0.24305555555555555 0.560546875 0.25 0.568359375 0.22916666666666666 0.57421875 0.22916666666666666
2 0.669921875 0.3506944444444444 0.677734375 0.3506944444444444 0.685546875 0.3611111111111111 0.689453125 0.3611111111111111 0.693359375 0.3680555555555556 0.705078125 0.4166666666666667 0.705078125 0.4236111111111111 0.69921875 0.4375 0.701171875 0.4652777777777778 0.69921875 0.46875 0.6953125 0.4652777777777778 0.69140625 0.4513888888888889 0.685546875 0.4444444444444444 0.6796875 0.4513888888888889 0.681640625 0.4548611111111111 0.681640625 0.46875 0.677734375 0.46875 0.666015625 0.4444444444444444 0.66796875 0.4409722222222222 0.66796875 0.4340277777777778 0.6796875 0.4201388888888889 0.6796875 0.3993055555555556 0.669921875 0.3784722222222222 0.669921875 0.3541666666666667
2 0.57421875 0.22916666666666666 0.578125 0.2361111111111111 0.578125 0.2465277777777778 0.583984375 0.2673611111111111 0.583984375 0.2743055555555556 0.58203125 0.2777777777777778 0.58203125 0.2951388888888889 0.576171875 0.3090277777777778 0.576171875 0.3263888888888889 0.580078125 0.3368055555555556 0.580078125 0.3611111111111111 0.583984375 0.3784722222222222 0.583984375 0.40625 0.580078125 0.40625 0.578125 0.3993055555555556 0.578125 0.3888888888888889 0.576171875 0.3854166666666667 0.576171875 0.3715277777777778 0.57421875 0.3645833333333333 0.560546875 0.34375 0.552734375 0.34375 0.548828125 0.3576388888888889 0.548828125 0.3645833333333333 0.556640625 0.375 0.556640625 0.3888888888888889 0.552734375 0.3854166666666667 0.546875 0.3715277777777778 0.541015625 0.3715277777777778 0.541015625 0.34375 0.54296875 0.3402777777777778 0.54296875 0.3333333333333333 0.546875 0.3263888888888889 0.546875 0.2986111111111111 0.55078125 0.2881944444444444 0.552734375 0.2638888888888889 0.568359375 0.2361111111111111 0.568359375 0.2326388888888889 0.572265625 0.22916666666666666
2 0.064453125 0.3020833333333333 0.068359375 0.3090277777777778 0.068359375 0.3159722222222222 0.0546875 0.34375 0.0546875 0.3506944444444444 0.056640625 0.3541666666666667 0.056640625 0.3784722222222222 0.05078125 0.3854166666666667 0.04296875 0.4131944444444444 0.04296875 0.4201388888888889 0.048828125 0.4270833333333333 0.044921875 0.4270833333333333 0.04296875 0.4305555555555556 0.03515625 0.4270833333333333 0.03125 0.4340277777777778 0.033203125 0.4375 0.033203125 0.4444444444444444 0.029296875 0.4479166666666667 0.025390625 0.4444444444444444 0.0234375 0.4375 0.029296875 0.4131944444444444 0.029296875 0.4027777777777778 0.033203125 0.3923611111111111 0.033203125 0.3715277777777778 0.029296875 0.3576388888888889 0.03125 0.3541666666666667 0.03125 0.3472222222222222 0.0546875 0.3020833333333333 0.05859375 0.2986111111111111 0.0625 0.3020833333333333
2 0.46484375 0.1284722222222222 0.482421875 0.14583333333333334 0.482421875 0.15625 0.48828125 0.16666666666666666 0.484375 0.17708333333333334 0.486328125 0.18055555555555555 0.486328125 0.2013888888888889 0.482421875 0.21875 0.482421875 0.2326388888888889 0.4921875 0.24305555555555555 0.494140625 0.25 0.4921875 0.2534722222222222 0.4921875 0.2604166666666667 0.482421875 0.2638888888888889 0.482421875 0.25 0.478515625 0.24305555555555555 0.466796875 0.23958333333333334 0.466796875 0.2326388888888889 0.46484375 0.22916666666666666 0.46484375 0.20833333333333334 0.466796875 0.2048611111111111 0.46484375 0.18055555555555555 0.466796875 0.17708333333333334 0.466796875 0.16666666666666666 0.462890625 0.15625 0.462890625 0.13194444444444445
2 0.666015625 0.1840277777777778 0.671875 0.2048611111111111 0.67578125 0.20833333333333334 0.67578125 0.22916666666666666 0.681640625 0.25 0.681640625 0.2673611111111111 0.68359375 0.2743055555555556 0.6875 0.28125 0.6953125 0.2847222222222222 0.705078125 0.3020833333333333 0.705078125 0.3055555555555556 0.701171875 0.3055555555555556 0.693359375 0.2951388888888889 0.681640625 0.2916666666666667 0.67578125 0.2847222222222222 0.67578125 0.2777777777777778 0.673828125 0.2743055555555556 0.66796875 0.2708333333333333 0.66015625 0.2847222222222222 0.662109375 0.2951388888888889 0.669921875 0.3125 0.66796875 0.3229166666666667 0.6640625 0.3263888888888889 0.662109375 0.3229166666666667 0.666015625 0.3125 0.662109375 0.3090277777777778 0.65234375 0.2673611111111111 0.654296875 0.2604166666666667 0.654296875 0.24305555555555555 0.662109375 0.22569444444444445 0.65625 0.19791666666666666 0.658203125 0.1909722222222222 0.6640625 0.1840277777777778
2 0.73046875 0.3819444444444444 0.734375 0.3888888888888889 0.73828125 0.40625 0.744140625 0.4166666666666667 0.748046875 0.4340277777777778 0.751953125 0.4409722222222222 0.751953125 0.4618055555555556 0.748046875 0.46875 0.74609375 0.4791666666666667 0.755859375 0.5069444444444444 0.755859375 0.5138888888888888 0.7578125 0.5173611111111112 0.755859375 0.5243055555555556 0.744140625 0.5034722222222222 0.740234375 0.5034722222222222 0.732421875 0.4930555555555556 0.73046875 0.4513888888888889 0.728515625 0.4479166666666667 0.72265625 0.4479166666666667 0.724609375 0.4236111111111111 0.72265625 0.4201388888888889 0.720703125 0.3958333333333333 0.72265625 0.3888888888888889 0.728515625 0.3819444444444444
2 0.32421875 0.5069444444444444 0.33203125 0.5069444444444444 0.3359375 0.5208333333333334 0.3359375 0.53125 0.33984375 0.5381944444444444 0.33984375 0.5555555555555556 0.337890625 0.5590277777777778 0.337890625 0.5659722222222222 0.33984375 0.5694444444444444 0.341796875 0.59375 0.345703125 0.6041666666666666 0.33984375 0.6041666666666666 0.33203125 0.5798611111111112 0.330078125 0.5833333333333334 0.330078125 0.6284722222222222 0.33203125 0.6319444444444444 0.33203125 0.6423611111111112 0.328125 0.6423611111111112 0.32421875 0.6319444444444444 0.32421875 0.625 0.318359375 0.6145833333333334 0.314453125 0.6145833333333334 0.3125 0.6180555555555556 0.3125 0.6354166666666666 0.310546875 0.6388888888888888 0.3125 0.6458333333333334 0.3125 0.6597222222222222 0.310546875 0.6631944444444444 0.306640625 0.6631944444444444 0.3046875 0.6111111111111112 0.306640625 0.6076388888888888 0.306640625 0.59375 0.30859375 0.5902777777777778 0.3046875 0.5798611111111112 0.310546875 0.5694444444444444 0.310546875 0.5625 0.3125 0.5590277777777778 0.3125 0.5277777777777778 0.3203125 0.5243055555555556 0.32421875 0.5104166666666666
2 0.611328125 0.3784722222222222 0.623046875 0.4131944444444444 0.623046875 0.4305555555555556 0.626953125 0.4375 0.62890625 0.4444444444444444 0.62890625 0.4548611111111111 0.630859375 0.4583333333333333 0.630859375 0.46875 0.623046875 0.4791666666666667 0.623046875 0.4895833333333333 0.619140625 0.4861111111111111 0.619140625 0.46875 0.609375 0.4548611111111111 0.60546875 0.4548611111111111 0.591796875 0.4722222222222222 0.587890625 0.4826388888888889 0.583984375 0.4826388888888889 0.59765625 0.4409722222222222 0.59765625 0.4270833333333333 0.595703125 0.4236111111111111 0.58984375 0.4236111111111111 0.5859375 0.4340277777777778 0.5859375 0.4236111111111111 0.58984375 0.4166666666666667 0.58984375 0.3888888888888889 0.591796875 0.3819444444444444 0.609375 0.3784722222222222
2 0.296875 0.4305555555555556 0.30078125 0.4375 0.30078125 0.4513888888888889 0.294921875 0.46875 0.294921875 0.4791666666666667 0.2890625 0.4965277777777778 0.2890625 0.5104166666666666 0.29296875 0.5243055555555556 0.298828125 0.5347222222222222 0.298828125 0.5486111111111112 0.287109375 0.5729166666666666 0.287109375 0.59375 0.28515625 0.59375 0.279296875 0.5833333333333334 0.279296875 0.5763888888888888 0.28515625 0.5625 0.28515625 0.5555555555555556 0.2890625 0.5416666666666666 0.28515625 0.5347222222222222 0.28125 0.5381944444444444 0.271484375 0.5590277777777778 0.265625 0.5590277777777778 0.265625 0.5451388888888888 0.26953125 0.5416666666666666 0.26953125 0.5277777777777778 0.265625 0.5208333333333334 0.265625 0.5034722222222222 0.267578125 0.5 0.271484375 0.4722222222222222 0.28515625 0.4479166666666667 0.287109375 0.4340277777777778 0.2890625 0.4305555555555556 0.294921875 0.4305555555555556
2 0.34765625 0.09375 0.3515625 0.10069444444444445 0.3515625 0.1076388888888889 0.353515625 0.1111111111111111 0.34765625 0.13194444444444445 0.349609375 0.16319444444444445 0.34765625 0.16666666666666666 0.345703125 0.1875 0.341796875 0.19444444444444445 0.341796875 0.2048611111111111 0.345703125 0.20833333333333334 0.345703125 0.21180555555555555 0.33203125 0.21180555555555555 0.330078125 0.2152777777777778 0.330078125 0.22916666666666666 0.33203125 0.2326388888888889 0.326171875 0.2326388888888889 0.32421875 0.22916666666666666 0.328125 0.1909722222222222 0.322265625 0.18055555555555555 0.322265625 0.17708333333333334 0.326171875 0.16666666666666666 0.328125 0.1388888888888889 0.33203125 0.125 0.33984375 0.11458333333333333 0.33984375 0.10069444444444445 0.345703125 0.09375
2 0.490234375 0.34375 0.5 0.3611111111111111 0.501953125 0.3611111111111111 0.50390625 0.3680555555555556 0.50390625 0.4097222222222222 0.501953125 0.4131944444444444 0.501953125 0.4201388888888889 0.498046875 0.4236111111111111 0.498046875 0.46875 0.494140625 0.46875 0.4921875 0.4618055555555556 0.4921875 0.4479166666666667 0.48828125 0.4340277777777778 0.484375 0.4375 0.474609375 0.4583333333333333 0.474609375 0.46875 0.46875 0.4826388888888889 0.466796875 0.4965277777777778 0.458984375 0.4965277777777778 0.46484375 0.4791666666666667 0.46484375 0.4583333333333333 0.470703125 0.4375 0.47265625 0.4166666666666667 0.474609375 0.4131944444444444 0.474609375 0.4027777777777778 0.47265625 0.3993055555555556 0.47265625 0.3923611111111111 0.474609375 0.3888888888888889 0.47265625 0.3819444444444444 0.47265625 0.3715277777777778 0.474609375 0.3680555555555556 0.474609375 0.3611111111111111 0.48046875 0.3506944444444444 0.48046875 0.3472222222222222 0.482421875 0.34375 0.48828125 0.34375
2 0.392578125 0.2916666666666667 0.396484375 0.3020833333333333 0.396484375 0.3159722222222222 0.39453125 0.3194444444444444 0.39453125 0.3333333333333333 0.392578125 0.3402777777777778 0.39453125 0.34375 0.39453125 0.3506944444444444 0.400390625 0.3611111111111111 0.400390625 0.3784722222222222 0.396484375 0.3923611111111111 0.396484375 0.4027777777777778 0.40234375 0.4131944444444444 0.400390625 0.4166666666666667 0.390625 0.4131944444444444 0.390625 0.40625 0.392578125 0.4027777777777778 0.390625 0.3819444444444444 0.388671875 0.3784722222222222 0.384765625 0.3784722222222222 0.380859375 0.3854166666666667 0.380859375 0.3923611111111111 0.373046875 0.4131944444444444 0.373046875 0.4201388888888889 0.37109375 0.4236111111111111 0.37109375 0.4409722222222222 0.369140625 0.4444444444444444 0.365234375 0.4444444444444444 0.365234375 0.4270833333333333 0.3671875 0.4236111111111111 0.3671875 0.4131944444444444 0.373046875 0.3958333333333333 0.373046875 0.3888888888888889 0.37109375 0.3854166666666667 0.3671875 0.3854166666666667 0.36328125 0.3923611111111111 0.357421875 0.3923611111111111 0.357421875 0.3854166666666667 0.36328125 0.3715277777777778 0.36328125 0.3576388888888889 0.373046875 0.3194444444444444 0.380859375 0.3055555555555556 0.384765625 0.2916666666666667 0.390625 0.2916666666666667
2 0.423828125 0.17708333333333334 0.427734375 0.1840277777777778 0.427734375 0.21875 0.431640625 0.22916666666666666 0.431640625 0.2534722222222222 0.435546875 0.2638888888888889 0.435546875 0.2743055555555556 0.431640625 0.28125 0.431640625 0.2916666666666667 0.43359375 0.2986111111111111 0.41796875 0.2951388888888889 0.412109375 0.3055555555555556 0.408203125 0.3229166666666667 0.404296875 0.3229166666666667 0.40234375 0.3159722222222222 0.404296875 0.3125 0.404296875 0.3055555555555556 0.41015625 0.2951388888888889 0.4140625 0.28125 0.41015625 0.2708333333333333 0.41015625 0.2638888888888889 0.404296875 0.2534722222222222 0.404296875 0.23958333333333334 0.408203125 0.22916666666666666 0.408203125 0.2222222222222222 0.416015625 0.19444444444444445 0.416015625 0.1875 0.41796875 0.18055555555555555 0.421875 0.17708333333333334
2 0.73046875 0.20833333333333334 0.744140625 0.22916666666666666 0.74609375 0.23958333333333334 0.755859375 0.2638888888888889 0.755859375 0.28125 0.75390625 0.28125 0.75390625 0.2673611111111111 0.748046875 0.2569444444444444 0.74609375 0.2604166666666667 0.74609375 0.2743055555555556 0.748046875 0.2777777777777778 0.74609375 0.2847222222222222 0.748046875 0.2881944444444444 0.748046875 0.3229166666666667 0.75390625 0.34375 0.75390625 0.3506944444444444 0.75 0.3506944444444444 0.748046875 0.3472222222222222 0.73828125 0.3194444444444444 0.73828125 0.3020833333333333 0.73046875 0.2916666666666667 0.7265625 0.2743055555555556 0.72265625 0.2708333333333333 0.72265625 0.24305555555555555 0.720703125 0.2361111111111111 0.724609375 0.2222222222222222 0.724609375 0.21180555555555555 0.728515625 0.20833333333333334
2 0.505859375 0.4652777777777778 0.51171875 0.4583333333333333 0.51953125 0.4375 0.51953125 0.4166666666666667 0.513671875 0.3923611111111111 0.513671875 0.375 0.515625 0.3715277777777778 0.533203125 0.3715277777777778 0.53515625 0.375 0.537109375 0.3888888888888889 0.54296875 0.3993055555555556 0.541015625 0.4201388888888889 0.544921875 0.4375 0.544921875 0.4652777777777778 0.54296875 0.4722222222222222 0.541015625 0.4756944444444444 0.53515625 0.4756944444444444 0.52734375 0.4618055555555556 0.521484375 0.4652777777777778 0.517578125 0.4722222222222222 0.517578125 0.4965277777777778 0.513671875 0.4965277777777778 0.51171875 0.5 0.5078125 0.5 0.505859375 0.4965277777777778 0.5078125 0.4930555555555556 0.505859375 0.46875
2 0.625 0.2986111111111111 0.626953125 0.2604166666666667 0.630859375 0.25 0.630859375 0.2152777777777778 0.6328125 0.21180555555555555 0.6328125 0.2048611111111111 0.638671875 0.19444444444444445 0.642578125 0.19444444444444445 0.64453125 0.1909722222222222 0.65234375 0.19444444444444445 0.65625 0.2013888888888889 0.658203125 0.2152777777777778 0.662109375 0.22569444444444445 0.662109375 0.22916666666666666 0.65234375 0.2465277777777778 0.65234375 0.2743055555555556 0.65625 0.28125 0.65625 0.2951388888888889 0.658203125 0.2986111111111111 0.654296875 0.3055555555555556 0.654296875 0.3159722222222222 0.6484375 0.3298611111111111 0.646484375 0.3263888888888889 0.64453125 0.3090277777777778 0.640625 0.3020833333333333 0.626953125 0.2986111111111111
2 0.583984375 0.4618055555555556 0.58203125 0.4548611111111111 0.580078125 0.4583333333333333 0.580078125 0.4618055555555556 0.57421875 0.4722222222222222 0.572265625 0.4861111111111111 0.580078125 0.4930555555555556 0.580078125 0.5034722222222222 0.583984375 0.5208333333333334 0.583984375 0.5486111111111112 0.591796875 0.5625 0.58984375 0.5659722222222222 0.58203125 0.5659722222222222 0.580078125 0.5625 0.578125 0.5243055555555556 0.576171875 0.5208333333333334 0.568359375 0.5173611111111112 0.55859375 0.5069444444444444 0.556640625 0.5069444444444444 0.548828125 0.5243055555555556 0.544921875 0.5208333333333334 0.548828125 0.5069444444444444 0.548828125 0.5 0.546875 0.4965277777777778 0.546875 0.46875 0.55078125 0.4618055555555556 0.5546875 0.4479166666666667 0.5546875 0.4409722222222222 0.560546875 0.4305555555555556 0.564453125 0.4305555555555556 0.5703125 0.4131944444444444 0.576171875 0.4131944444444444 0.580078125 0.4201388888888889 0.580078125 0.4340277777777778 0.5859375 0.4583333333333333 0.583984375 0.4652777777777778
2 0.623046875 0.3055555555555556 0.626953125 0.3020833333333333 0.6328125 0.3020833333333333 0.63671875 0.3055555555555556 0.638671875 0.3229166666666667 0.646484375 0.3298611111111111 0.6484375 0.3368055555555556 0.646484375 0.3402777777777778 0.6484375 0.34375 0.6484375 0.3541666666666667 0.642578125 0.3611111111111111 0.646484375 0.3923611111111111 0.650390625 0.3993055555555556 0.65234375 0.4097222222222222 0.66015625 0.4166666666666667 0.66015625 0.4201388888888889 0.666015625 0.4305555555555556 0.666015625 0.4409722222222222 0.662109375 0.4409722222222222 0.650390625 0.4236111111111111 0.642578125 0.4201388888888889 0.63671875 0.4097222222222222 0.623046875 0.40625 0.619140625 0.3958333333333333 0.6171875 0.375 0.61328125 0.3680555555555556 0.609375 0.3715277777777778 0.60546875 0.3680555555555556 0.60546875 0.3576388888888889 0.611328125 0.3368055555555556 0.609375 0.3263888888888889 0.6171875 0.3194444444444444 0.62109375 0.3194444444444444 0.623046875 0.3159722222222222 0.623046875 0.3090277777777778