0 0.498046875 0.3819444444444444 0.5078125 0.3819444444444444 0.515625 0.4097222222222222 0.51171875 0.4236111111111111 0.5078125 0.4270833333333333 0.5 0.4201388888888889 0.49609375 0.40625 0.49609375 0.3888888888888889 0.498046875 0.3854166666666667
0 0.421875 0.4409722222222222 0.42578125 0.4548611111111111 0.431640625 0.4618055555555556 0.431640625 0.4652777777777778 0.421875 0.4791666666666667 0.416015625 0.4791666666666667 0.408203125 0.4618055555555556 0.41015625 0.4479166666666667 0.4140625 0.4409722222222222 0.419921875 0.4409722222222222
0 0.298828125 0.4861111111111111 0.306640625 0.4791666666666667 0.31640625 0.4791666666666667 0.3203125 0.4861111111111111 0.326171875 0.5069444444444444 0.326171875 0.5173611111111112 0.32421875 0.5243055555555556 0.322265625 0.5277777777777778 0.31640625 0.5277777777777778 0.296875 0.5104166666666666 0.296875 0.4930555555555556 0.298828125 0.4895833333333333
0 0.630859375 0.2361111111111111 0.6328125 0.24305555555555555 0.630859375 0.2569444444444444 0.62109375 0.2638888888888889 0.61328125 0.2638888888888889 0.611328125 0.23958333333333334 0.619140625 0.22916666666666666 0.625 0.22916666666666666 0.62890625 0.2361111111111111
0 0.587890625 0.08333333333333333 0.591796875 0.09375 0.591796875 0.11458333333333333 0.5859375 0.1284722222222222 0.580078125 0.125 0.57421875 0.11458333333333333 0.57421875 0.09375 0.580078125 0.08333333333333333 0.5859375 0.08333333333333333
0 0.53515625 0.3819444444444444 0.541015625 0.3888888888888889 0.544921875 0.4027777777777778 0.544921875 0.4166666666666667 0.537109375 0.4340277777777778 0.53515625 0.4340277777777778 0.52734375 0.4201388888888889 0.521484375 0.4027777777777778 0.521484375 0.3923611111111111 0.52734375 0.3819444444444444 0.533203125 0.3819444444444444
0 0.263671875 0.3645833333333333 0.275390625 0.3645833333333333 0.279296875 0.3715277777777778 0.275390625 0.3958333333333333 0.271484375 0.3993055555555556 0.265625 0.3993055555555556 0.26171875 0.3923611111111111 0.263671875 0.3680555555555556
0 0.42890625 0.13333333333333333 0.022395833333333334 0.05185185185185185
1 0.595703125 0.10416666666666667 0.603515625 0.1111111111111111 0.60546875 0.11805555555555555 0.60546875 0.16319444444444445 0.603515625 0.1701388888888889 0.6015625 0.1701388888888889 0.59375 0.1875 0.58984375 0.1909722222222222 0.580078125 0.1909722222222222 0.572265625 0.18055555555555555 0.572265625 0.16666666666666666 0.5625 0.14583333333333334 0.5625 0.13541666666666666 0.560546875 0.1284722222222222 0.56640625 0.11458333333333333 0.572265625 0.1111111111111111 0.572265625 0.11458333333333333 0.58203125 0.1284722222222222 0.587890625 0.1284722222222222 0.59375 0.1076388888888889
1 0.521484375 0.4131944444444444 0.525390625 0.4166666666666667 0.529296875 0.4305555555555556 0.53515625 0.4409722222222222 0.53515625 0.4618055555555556 0.525390625 0.4826388888888889 0.525390625 0.4895833333333333 0.5234375 0.4930555555555556 0.525390625 0.4965277777777778 0.525390625 0.5034722222222222 0.521484375 0.5069444444444444 0.513671875 0.5 0.505859375 0.5 0.501953125 0.4861111111111111 0.501953125 0.4618055555555556 0.5078125 0.4409722222222222 0.5078125 0.4340277777777778 0.51171875 0.4236111111111111 0.517578125 0.4131944444444444 0.51953125 0.4131944444444444
1 0.4375 0.14583333333333334 0.443359375 0.14583333333333334 0.447265625 0.1527777777777778 0.44921875 0.21180555555555555 0.42578125 0.2152777777777778 0.421875 0.22569444444444445 0.416015625 0.19791666666666666 0.41796875 0.1840277777777778 0.4140625 0.17708333333333334 0.416015625 0.1701388888888889 0.4140625 0.16319444444444445 0.4140625 0.13541666666666666 0.416015625 0.13194444444444445 0.419921875 0.13541666666666666 0.419921875 0.14583333333333334 0.42578125 0.1597222222222222 0.431640625 0.1597222222222222 0.4375 0.14930555555555555
1 0.64453125 0.2604166666666667 0.650390625 0.2743055555555556 0.650390625 0.2881944444444444 0.6484375 0.2916666666666667 0.6484375 0.3020833333333333 0.650390625 0.3055555555555556 0.650390625 0.34375 0.64453125 0.34375 0.634765625 0.3506944444444444 0.630859375 0.3576388888888889 0.630859375 0.3680555555555556 0.626953125 0.3680555555555556 0.625 0.3645833333333333 0.623046875 0.34375 0.61328125 0.3333333333333333 0.611328125 0.3263888888888889 0.611328125 0.3159722222222222 0.609375 0.3125 0.607421875 0.2847222222222222 0.609375 0.2777777777777778 0.6171875 0.2673611111111111 0.62109375 0.2673611111111111 0.634765625 0.2569444444444444 0.640625 0.2569444444444444 0.642578125 0.2604166666666667
1 0.25390625 0.3715277777777778 0.26171875 0.3784722222222222 0.26171875 0.3958333333333333 0.267578125 0.4027777777777778 0.267578125 0.4097222222222222 0.248046875 0.4236111111111111 0.234375 0.4131944444444444 0.22265625 0.3819444444444444 0.21875 0.3784722222222222 0.21875 0.375 0.228515625 0.3680555555555556 0.24609375 0.3680555555555556 0.248046875 0.3715277777777778 0.251953125 0.3715277777777778
1 0.30078125 0.5173611111111112 0.3046875 0.5243055555555556 0.314453125 0.53125 0.3203125 0.5416666666666666 0.3203125 0.5694444444444444 0.322265625 0.5729166666666666 0.322265625 0.5798611111111112 0.3203125 0.5833333333333334 0.3203125 0.59375 0.322265625 0.5972222222222222 0.322265625 0.6180555555555556 0.3203125 0.6215277777777778 0.3125 0.6215277777777778 0.3125 0.6111111111111112 0.310546875 0.6076388888888888 0.298828125 0.6076388888888888 0.294921875 0.6006944444444444 0.294921875 0.5798611111111112 0.302734375 0.5625 0.302734375 0.5520833333333334 0.29296875 0.5416666666666666 0.287109375 0.5451388888888888 0.28515625 0.5381944444444444 0.2890625 0.5243055555555556 0.298828125 0.5173611111111112
1 0.60546875 0.6111111111111112 0.609375 0.6180555555555556 0.61328125 0.6180555555555556 0.615234375 0.625 0.615234375 0.6319444444444444 0.619140625 0.6423611111111112 0.619140625 0.6701388888888888 0.6171875 0.6701388888888888 0.611328125 0.6805555555555556 0.603515625 0.6805555555555556 0.6015625 0.6840277777777778 0.595703125 0.6840277777777778 0.591796875 0.6770833333333334 0.591796875 0.6631944444444444 0.58984375 0.6597222222222222 0.5859375 0.6597222222222222 0.583984375 0.65625 0.5703125 0.65625 0.5703125 0.6493055555555556 0.576171875 0.6319444444444444 0.576171875 0.6215277777777778 0.580078125 0.6111111111111112 0.583984375 0.6076388888888888 0.59765625 0.6076388888888888 0.599609375 0.6111111111111112 0.603515625 0.6111111111111112
1 0.494140625 0.4131944444444444 0.505859375 0.4375 0.505859375 0.4479166666666667 0.501953125 0.4583333333333333 0.501953125 0.46875 0.5 0.4722222222222222 0.5 0.4895833333333333 0.498046875 0.4965277777777778 0.494140625 0.5 0.4921875 0.4965277777777778 0.484375 0.4965277777777778 0.478515625 0.4895833333333333 0.48046875 0.4583333333333333 0.482421875 0.4548611111111111 0.482421875 0.4444444444444444 0.48046875 0.4375 0.482421875 0.4340277777777778 0.482421875 0.4270833333333333 0.490234375 0.4131944444444444 0.4921875 0.4131944444444444
1 0.408203125 0.4652777777777778 0.408203125 0.46875 0.412109375 0.4722222222222222 0.4140625 0.4791666666666667 0.416015625 0.4791666666666667 0.419921875 0.4930555555555556 0.41796875 0.5 0.41796875 0.5104166666666666 0.416015625 0.5138888888888888 0.416015625 0.5347222222222222 0.4140625 0.5381944444444444 0.4140625 0.5451388888888888 0.41015625 0.5451388888888888 0.404296875 0.5381944444444444 0.39453125 0.5381944444444444 0.390625 0.5243055555555556 0.390625 0.5208333333333334 0.396484375 0.5104166666666666 0.396484375 0.5 0.388671875 0.4930555555555556 0.388671875 0.4861111111111111 0.39453125 0.4722222222222222 0.40625 0.4652777777777778
2 0.587890625 0.08333333333333333 0.591796875 0.09027777777777778 0.59375 0.10069444444444445 0.60546875 0.11458333333333333 0.60546875 0.1284722222222222 0.609375 0.14583333333333334 0.609375 0.1736111111111111 0.607421875 0.17708333333333334 0.607421875 0.1840277777777778 0.603515625 0.1909722222222222 0.60546875 0.24305555555555555 0.59765625 0.2777777777777778 0.59765625 0.3090277777777778 0.59375 0.3090277777777778 0.5859375 0.2916666666666667 0.5859375 0.2777777777777778 0.587890625 0.2743055555555556 0.587890625 0.2638888888888889 0.58984375 0.2569444444444444 0.580078125 0.2222222222222222 0.57421875 0.21180555555555555 0.5703125 0.21180555555555555 0.56640625 0.2048611111111111 0.5625 0.1875 0.5625 0.17708333333333334 0.560546875 0.1736111111111111 0.560546875 0.14583333333333334 0.5625 0.1423611111111111 0.560546875 0.1388888888888889 0.560546875 0.1284722222222222 0.5625 0.12152777777777778 0.57421875 0.10416666666666667 0.57421875 0.09375 0.580078125 0.08333333333333333 0.5859375 0.08333333333333333
2 0.53515625 0.3819444444444444 0.54296875 0.3958333333333333 0.544921875 0.4166666666666667 0.537109375 0.4375 0.533203125 0.46875 0.53125 0.46875 0.525390625 0.4826388888888889 0.525390625 0.4965277777777778 0.5390625 0.5243055555555556 0.544921875 0.5277777777777778 0.548828125 0.5347222222222222 0.548828125 0.5451388888888888 0.55078125 0.5486111111111112 0.55078125 0.6284722222222222 0.544921875 0.6284722222222222 0.541015625 0.6180555555555556 0.541015625 0.6076388888888888 0.5390625 0.6006944444444444 0.53515625 0.59375 0.529296875 0.59375 0.529296875 0.5868055555555556 0.515625 0.5659722222222222 0.505859375 0.5868055555555556 0.494140625 0.5868055555555556 0.486328125 0.5798611111111112 0.46875 0.5798611111111112 0.46484375 0.5729166666666666 0.46484375 0.5659722222222222 0.466796875 0.5625 0.48046875 0.5625 0.482421875 0.5659722222222222 0.498046875 0.5659722222222222 0.5 0.5625 0.501953125 0.4618055555555556 0.50390625 0.4583333333333333 0.50390625 0.4513888888888889 0.5078125 0.4444444444444444 0.5078125 0.4305555555555556 0.51171875 0.4236111111111111 0.513671875 0.4131944444444444 0.51953125 0.4027777777777778 0.521484375 0.3923611111111111 0.52734375 0.3819444444444444 0.533203125 0.3819444444444444
2 0.41796875 0.125 0.419921875 0.125 0.42578125 0.1111111111111111 0.431640625 0.1111111111111111 0.435546875 0.11805555555555555 0.439453125 0.13194444444444445 0.439453125 0.1388888888888889 0.447265625 0.1527777777777778 0.44921875 0.21875 0.43359375 0.2604166666666667 0.431640625 0.2673611111111111 0.431640625 0.28125 0.4375 0.2916666666666667 0.439453125 0.2916666666666667 0.443359375 0.3055555555555556 0.458984375 0.3298611111111111 0.453125 0.3472222222222222 0.44921875 0.3506944444444444 0.44140625 0.3506944444444444 0.447265625 0.3402777777777778 0.447265625 0.3333333333333333 0.44140625 0.3229166666666667 0.43359375 0.3229166666666667 0.427734375 0.3125 0.42578125 0.3125 0.42578125 0.3055555555555556 0.41796875 0.2881944444444444 0.41796875 0.2604166666666667 0.416015625 0.2569444444444444 0.41796875 0.20833333333333334 0.416015625 0.2048611111111111 0.412109375 0.2048611111111111 0.408203125 0.21180555555555555 0.40625 0.2326388888888889 0.40234375 0.2326388888888889 0.400390625 0.22569444444444445 0.40234375 0.21180555555555555 0.4140625 0.1736111111111111 0.4140625 0.13541666666666666 0.41796875 0.1284722222222222
2 0.626953125 0.2326388888888889 0.6328125 0.24305555555555555 0.6328125 0.25 0.63671875 0.2569444444444444 0.642578125 0.2569444444444444 0.65234375 0.2743055555555556 0.65625 0.2743055555555556 0.658203125 0.2777777777777778 0.66015625 0.2743055555555556 0.666015625 0.2743055555555556 0.669921875 0.2673611111111111 0.671875 0.2534722222222222 0.673828125 0.25 0.677734375 0.25 0.677734375 0.2638888888888889 0.671875 0.2881944444444444 0.6640625 0.2951388888888889 0.66015625 0.2916666666666667 0.650390625 0.2916666666666667 0.6484375 0.2951388888888889 0.6484375 0.3020833333333333 0.650390625 0.3055555555555556 0.650390625 0.3402777777777778 0.658203125 0.3680555555555556 0.658203125 0.40625 0.666015625 0.4375 0.666015625 0.4618055555555556 0.669921875 0.4756944444444444 0.669921875 0.4965277777777778 0.662109375 0.4895833333333333 0.662109375 0.4722222222222222 0.65625 0.4513888888888889 0.65234375 0.4236111111111111 0.640625 0.3993055555555556 0.638671875 0.3993055555555556 0.630859375 0.4166666666666667 0.630859375 0.4340277777777778 0.6328125 0.4375 0.634765625 0.46875 0.638671875 0.4791666666666667 0.638671875 0.4861111111111111 0.6328125 0.4930555555555556 0.623046875 0.4930555555555556 0.623046875 0.4861111111111111 0.62890625 0.4756944444444444 0.623046875 0.4513888888888889 0.62109375 0.4305555555555556 0.619140625 0.4270833333333333 0.619140625 0.3958333333333333 0.6171875 0.3923611111111111 0.623046875 0.3680555555555556 0.623046875 0.3472222222222222 0.62109375 0.34375 0.6171875 0.34375 0.609375 0.3611111111111111 0.599609375 0.3715277777777778 0.59765625 0.3680555555555556 0.599609375 0.3576388888888889 0.607421875 0.34375 0.611328125 0.3263888888888889 0.607421875 0.2847222222222222 0.61328125 0.2708333333333333 0.61328125 0.2361111111111111 0.62109375 0.22916666666666666 0.625 0.2326388888888889
2 0.25390625 0.34375 0.26171875 0.3645833333333333 0.267578125 0.3645833333333333 0.26953125 0.3611111111111111 0.27734375 0.3680555555555556 0.279296875 0.375 0.27734375 0.3784722222222222 0.27734375 0.40625 0.267578125 0.4166666666666667 0.255859375 0.4201388888888889 0.24609375 0.4270833333333333 0.244140625 0.4305555555555556 0.2421875 0.4479166666666667 0.236328125 0.4618055555555556 0.228515625 0.4618055555555556 0.2265625 0.4583333333333333 0.2265625 0.4479166666666667 0.220703125 0.4340277777777778 0.21875 0.4375 0.212890625 0.4375 0.208984375 0.4409722222222222 0.205078125 0.4479166666666667 0.205078125 0.4583333333333333 0.201171875 0.4652777777777778 0.193359375 0.4652777777777778 0.19140625 0.4618055555555556 0.19140625 0.4548611111111111 0.203125 0.4270833333333333 0.203125 0.3923611111111111 0.208984375 0.3819444444444444 0.220703125 0.3715277777777778 0.23828125 0.3645833333333333 0.25 0.34375 0.251953125 0.34375
2 0.314453125 0.4791666666666667 0.3203125 0.4861111111111111 0.326171875 0.5069444444444444 0.326171875 0.5173611111111112 0.3203125 0.5347222222222222 0.3203125 0.5590277777777778 0.322265625 0.5625 0.322265625 0.625 0.32421875 0.6284722222222222 0.326171875 0.6458333333333334 0.33203125 0.65625 0.333984375 0.6701388888888888 0.33984375 0.6875 0.341796875 0.7118055555555556 0.345703125 0.7222222222222222 0.345703125 0.7395833333333334 0.353515625 0.7569444444444444 0.353515625 0.7743055555555556 0.3515625 0.7777777777777778 0.341796875 0.7638888888888888 0.333984375 0.7326388888888888 0.322265625 0.7013888888888888 0.3046875 0.7083333333333334 0.30078125 0.7152777777777778 0.298828125 0.7152777777777778 0.298828125 0.7083333333333334 0.296875 0.7048611111111112 0.29296875 0.7118055555555556 0.294921875 0.71875 0.291015625 0.71875 0.2890625 0.7152777777777778 0.2890625 0.7118055555555556 0.294921875 0.7048611111111112 0.298828125 0.7048611111111112 0.30859375 0.6875 0.3125 0.6875 0.31640625 0.6770833333333334 0.296875 0.6527777777777778 0.296875 0.6319444444444444 0.29296875 0.6215277777777778 0.29296875 0.6145833333333334 0.287109375 0.6041666666666666 0.28125 0.6006944444444444 0.27734375 0.5868055555555556 0.28515625 0.5590277777777778 0.28515625 0.5347222222222222 0.287109375 0.5277777777777778 0.294921875 0.5173611111111112 0.298828125 0.4861111111111111 0.306640625 0.4791666666666667 0.3125 0.4791666666666667
2 0.609375 0.7291666666666666 0.615234375 0.7430555555555556 0.61328125 0.75 0.611328125 0.75 0.599609375 0.7291666666666666 0.591796875 0.7291666666666666 0.583984375 0.7118055555555556 0.57421875 0.7083333333333334 0.572265625 0.7118055555555556 0.56640625 0.7118055555555556 0.5546875 0.7256944444444444 0.548828125 0.7361111111111112 0.544921875 0.7534722222222222 0.541015625 0.7604166666666666 0.537109375 0.7569444444444444 0.537109375 0.7430555555555556 0.5390625 0.7361111111111112 0.556640625 0.7013888888888888 0.556640625 0.6944444444444444 0.560546875 0.6805555555555556 0.5703125 0.65625 0.5703125 0.6493055555555556 0.576171875 0.6319444444444444 0.576171875 0.6215277777777778 0.583984375 0.6076388888888888 0.60546875 0.6076388888888888 0.607421875 0.6111111111111112 0.611328125 0.6111111111111112 0.615234375 0.6180555555555556 0.615234375 0.6319444444444444 0.619140625 0.6423611111111112 0.619140625 0.6597222222222222 0.623046875 0.6736111111111112 0.623046875 0.6909722222222222 0.615234375 0.6909722222222222 0.611328125 0.6840277777777778 0.6015625 0.6840277777777778 0.59765625 0.6909722222222222 0.59765625 0.7083333333333334 0.607421875 0.7291666666666666
2 0.427734375 0.4965277777777778 0.4375 0.5069444444444444 0.44921875 0.5034722222222222 0.451171875 0.5 0.45703125 0.5 0.45703125 0.5034722222222222 0.451171875 0.5104166666666666 0.44140625 0.5104166666666666 0.439453125 0.5069444444444444 0.4296875 0.5138888888888888 0.42578125 0.5104166666666666 0.419921875 0.5104166666666666 0.416015625 0.5208333333333334 0.416015625 0.5486111111111112 0.423828125 0.5555555555555556 0.439453125 0.5833333333333334 0.439453125 0.6006944444444444 0.435546875 0.6145833333333334 0.435546875 0.6354166666666666 0.43359375 0.6388888888888888 0.43359375 0.6597222222222222 0.4296875 0.6701388888888888 0.42578125 0.6701388888888888 0.423828125 0.6666666666666666 0.423828125 0.6597222222222222 0.42578125 0.65625 0.42578125 0.625 0.421875 0.6180555555555556 0.41015625 0.6354166666666666 0.41015625 0.6423611111111112 0.408203125 0.6458333333333334 0.40234375 0.6458333333333334 0.400390625 0.6423611111111112 0.400390625 0.6354166666666666 0.404296875 0.6284722222222222 0.412109375 0.6006944444444444 0.404296875 0.5868055555555556 0.400390625 0.5868055555555556 0.39453125 0.5798611111111112 0.388671875 0.5868055555555556 0.384765625 0.5868055555555556 0.376953125 0.5694444444444444 0.376953125 0.5659722222222222 0.37890625 0.5659722222222222 0.38671875 0.5520833333333334 0.38671875 0.5416666666666666 0.376953125 0.5243055555555556 0.376953125 0.5104166666666666 0.388671875 0.4895833333333333 0.390625 0.4791666666666667 0.39453125 0.4722222222222222 0.400390625 0.46875 0.4140625 0.4409722222222222 0.419921875 0.4409722222222222 0.4296875 0.4618055555555556 0.4296875 0.46875 0.421875 0.4861111111111111 0.42578125 0.4965277777777778
2 0.474609375 0.4930555555555556 0.48046875 0.46875 0.48046875 0.4305555555555556 0.482421875 0.4236111111111111 0.4921875 0.4097222222222222 0.494140625 0.3923611111111111 0.498046875 0.3854166666666667 0.5078125 0.3854166666666667 0.517578125 0.4027777777777778 0.505859375 0.4340277777777778 0.505859375 0.4444444444444444 0.5 0.4652777777777778 0.501953125 0.46875 0.5 0.4722222222222222 0.501953125 0.4965277777777778 0.498046875 0.5138888888888888 0.498046875 0.53125 0.494140625 0.5347222222222222 0.486328125 0.5347222222222222 0.482421875 0.5416666666666666 0.482421875 0.5590277777777778 0.48046875 0.5625 0.47265625 0.5590277777777778 0.47265625 0.5243055555555556 0.4765625 0.5138888888888888 0.4765625 0.4965277777777778