0 0.41796875 0.2743055555555556 0.419921875 0.2777777777777778 0.419921875 0.2847222222222222 0.41796875 0.2881944444444444 0.41796875 0.3055555555555556 0.416015625 0.3090277777777778 0.40625 0.3020833333333333 0.404296875 0.2951388888888889 0.404296875 0.2847222222222222 0.40625 0.2777777777777778 0.41015625 0.2743055555555556 0.416015625 0.2743055555555556
0 0.30859375 0.28125 0.310546875 0.2881944444444444 0.30859375 0.3020833333333333 0.302734375 0.3020833333333333 0.294921875 0.2951388888888889 0.30078125 0.28125 0.306640625 0.28125
0 0.486328125 0.4548611111111111 0.494140625 0.4652777777777778 0.494140625 0.4791666666666667 0.484375 0.4895833333333333 0.4765625 0.4861111111111111 0.474609375 0.4791666666666667 0.474609375 0.4583333333333333 0.478515625 0.4548611111111111 0.484375 0.4548611111111111
0 0.32421875 0.22916666666666666 0.328125 0.23958333333333334 0.328125 0.25 0.32421875 0.2569444444444444 0.3203125 0.2569444444444444 0.318359375 0.2604166666666667 0.310546875 0.2534722222222222 0.310546875 0.2361111111111111 0.31640625 0.22916666666666666 0.322265625 0.22916666666666666
0 0.67578125 0.3159722222222222 0.677734375 0.3229166666666667 0.677734375 0.3368055555555556 0.673828125 0.3368055555555556 0.666015625 0.34375 0.66015625 0.34375 0.65625 0.3263888888888889 0.662109375 0.3125 0.671875 0.3125 0.673828125 0.3159722222222222
0 0.48671875 0.4337962962962963 0.0203125 0.036111111111111115
0 0.425 0.23981481481481481 0.01875 0.044444444444444446
0 0.4453125 0.2604166666666667 0.44921875 0.2569444444444444 0.455078125 0.2569444444444444 0.458984375 0.2604166666666667 0.46484375 0.2743055555555556 0.4609375 0.2881944444444444 0.447265625 0.2881944444444444 0.4453125 0.2847222222222222 0.4453125 0.2638888888888889
0 0.4817708333333333 0.24675925925925923 0.020833333333333332 0.03240740740740741
0 0.315625 0.4009259259259259 0.01875 0.03333333333333333
0 0.673828125 0.3680555555555556 0.677734375 0.3541666666666667 0.6875 0.3541666666666667 0.69140625 0.3611111111111111 0.69140625 0.3715277777777778 0.689453125 0.3784722222222222 0.685546875 0.3819444444444444 0.6796875 0.3819444444444444 0.67578125 0.3715277777777778
1 0.494140625 0.2534722222222222 0.501953125 0.2708333333333333 0.5078125 0.2986111111111111 0.5078125 0.3055555555555556 0.498046875 0.3159722222222222 0.49609375 0.3229166666666667 0.4921875 0.3229166666666667 0.490234375 0.3194444444444444 0.486328125 0.3090277777777778 0.484375 0.2881944444444444 0.48046875 0.2847222222222222 0.48046875 0.2638888888888889 0.4921875 0.2534722222222222
1 0.302734375 0.3020833333333333 0.310546875 0.3090277777777778 0.310546875 0.3194444444444444 0.306640625 0.3298611111111111 0.298828125 0.3194444444444444 0.294921875 0.3194444444444444 0.29296875 0.3159722222222222 0.283203125 0.3159722222222222 0.28515625 0.3125 0.28515625 0.3055555555555556 0.2890625 0.2986111111111111 0.298828125 0.2986111111111111 0.30078125 0.3020833333333333
1 0.66796875 0.3923611111111111 0.685546875 0.3923611111111111 0.693359375 0.3819444444444444 0.703125 0.3819444444444444 0.70703125 0.3888888888888889 0.70703125 0.3993055555555556 0.708984375 0.4027777777777778 0.70703125 0.4097222222222222 0.708984375 0.4201388888888889 0.70703125 0.4236111111111111 0.70703125 0.4444444444444444 0.705078125 0.4513888888888889 0.6875 0.4548611111111111 0.685546875 0.4583333333333333 0.67578125 0.4583333333333333 0.67578125 0.4479166666666667 0.673828125 0.4444444444444444 0.673828125 0.4236111111111111 0.666015625 0.4097222222222222 0.666015625 0.3993055555555556 0.66796875 0.3958333333333333
1 0.45703125 0.3263888888888889 0.0328125 0.07500000000000001
1 0.41796875 0.2465277777777778 0.421875 0.2569444444444444 0.42578125 0.2604166666666667 0.431640625 0.2604166666666667 0.43359375 0.2569444444444444 0.43359375 0.23958333333333334 0.435546875 0.2361111111111111 0.44140625 0.2361111111111111 0.443359375 0.23958333333333334 0.443359375 0.25 0.4453125 0.2534722222222222 0.439453125 0.2673611111111111 0.431640625 0.2673611111111111 0.421875 0.2743055555555556 0.4140625 0.2673611111111111 0.412109375 0.2604166666666667 0.412109375 0.25 0.416015625 0.2465277777777778
1 0.5 0.4861111111111111 0.505859375 0.4965277777777778 0.5078125 0.5243055555555556 0.509765625 0.5277777777777778 0.509765625 0.5451388888888888 0.505859375 0.5625 0.501953125 0.5659722222222222 0.490234375 0.5659722222222222 0.48828125 0.5694444444444444 0.482421875 0.5694444444444444 0.482421875 0.5555555555555556 0.48828125 0.5451388888888888 0.48828125 0.5243055555555556 0.484375 0.5173611111111112 0.478515625 0.5208333333333334 0.4765625 0.5173611111111112 0.4765625 0.5069444444444444 0.478515625 0.5034722222222222 0.478515625 0.4965277777777778 0.482421875 0.4895833333333333 0.486328125 0.4895833333333333 0.48828125 0.4861111111111111 0.498046875 0.4861111111111111
1 0.505859375 0.4479166666666667 0.51171875 0.4583333333333333 0.51171875 0.46875 0.5078125 0.4826388888888889 0.509765625 0.4895833333333333 0.513671875 0.4930555555555556 0.513671875 0.5 0.517578125 0.5069444444444444 0.517578125 0.5347222222222222 0.515625 0.5416666666666666 0.51171875 0.5416666666666666 0.509765625 0.5069444444444444 0.505859375 0.4930555555555556 0.49609375 0.4791666666666667 0.49609375 0.46875 0.486328125 0.4513888888888889 0.4921875 0.4444444444444444 0.501953125 0.4444444444444444 0.50390625 0.4479166666666667
1 0.328125 0.4027777777777778 0.33984375 0.4131944444444444 0.345703125 0.4236111111111111 0.34765625 0.4166666666666667 0.353515625 0.40625 0.35546875 0.40625 0.35546875 0.4305555555555556 0.353515625 0.4340277777777778 0.353515625 0.4409722222222222 0.3515625 0.4409722222222222 0.349609375 0.4479166666666667 0.326171875 0.4479166666666667 0.31640625 0.4409722222222222 0.31640625 0.4201388888888889 0.318359375 0.4131944444444444 0.32421875 0.4027777777777778 0.326171875 0.4027777777777778
1 0.44140625 0.2708333333333333 0.443359375 0.28125 0.439453125 0.2951388888888889 0.439453125 0.3125 0.435546875 0.3194444444444444 0.421875 0.3194444444444444 0.41796875 0.3125 0.41796875 0.2951388888888889 0.423828125 0.2743055555555556 0.427734375 0.2743055555555556 0.4296875 0.2708333333333333 0.439453125 0.2708333333333333
1 0.333984375 0.2569444444444444 0.337890625 0.2638888888888889 0.337890625 0.2708333333333333 0.34375 0.2916666666666667 0.34375 0.3020833333333333 0.33984375 0.3090277777777778 0.3359375 0.3090277777777778 0.333984375 0.3125 0.32421875 0.3125 0.32421875 0.3055555555555556 0.326171875 0.3020833333333333 0.32421875 0.2986111111111111 0.32421875 0.2916666666666667 0.31640625 0.28125 0.31640625 0.2673611111111111 0.318359375 0.2638888888888889 0.326171875 0.2569444444444444 0.33203125 0.2569444444444444
1 0.5 0.4444444444444444 0.501953125 0.4479166666666667 0.505859375 0.4479166666666667 0.51171875 0.4618055555555556 0.505859375 0.4791666666666667 0.5 0.4791666666666667 0.486328125 0.4513888888888889 0.4921875 0.4444444444444444 0.498046875 0.4444444444444444
2 0.673828125 0.3125 0.677734375 0.3194444444444444 0.6796875 0.3333333333333333 0.685546875 0.34375 0.685546875 0.3576388888888889 0.669921875 0.3611111111111111 0.666015625 0.3680555555555556 0.6640625 0.3680555555555556 0.6640625 0.3541666666666667 0.658203125 0.3402777777777778 0.65625 0.3263888888888889 0.662109375 0.3125 0.671875 0.3125
2 0.685546875 0.3576388888888889 0.697265625 0.3819444444444444 0.703125 0.3819444444444444 0.70703125 0.3888888888888889 0.70703125 0.3958333333333333 0.708984375 0.3993055555555556 0.708984375 0.4131944444444444 0.7109375 0.4166666666666667 0.7109375 0.4305555555555556 0.70703125 0.4409722222222222 0.70703125 0.4791666666666667 0.7109375 0.4895833333333333 0.708984375 0.4965277777777778 0.7109375 0.5 0.7109375 0.5104166666666666 0.708984375 0.5138888888888888 0.708984375 0.5555555555555556 0.71484375 0.5763888888888888 0.71484375 0.5833333333333334 0.703125 0.5833333333333334 0.701171875 0.5798611111111112 0.701171875 0.5416666666666666 0.69921875 0.5381944444444444 0.69921875 0.5243055555555556 0.693359375 0.5138888888888888 0.689453125 0.5173611111111112 0.689453125 0.5347222222222222 0.693359375 0.5486111111111112 0.693359375 0.5625 0.681640625 0.5625 0.6796875 0.5590277777777778 0.6796875 0.5520833333333334 0.681640625 0.5486111111111112 0.681640625 0.53125 0.677734375 0.5173611111111112 0.677734375 0.5 0.67578125 0.4965277777777778 0.677734375 0.4930555555555556 0.677734375 0.4722222222222222 0.671875 0.4479166666666667 0.66796875 0.4479166666666667 0.666015625 0.4548611111111111 0.662109375 0.4548611111111111 0.66015625 0.4479166666666667 0.662109375 0.4444444444444444 0.662109375 0.4340277777777778 0.66796875 0.4166666666666667 0.666015625 0.4097222222222222 0.66796875 0.3715277777777778 0.6796875 0.3611111111111111 0.68359375 0.3611111111111111
2 0.44140625 0.2361111111111111 0.4453125 0.2534722222222222 0.443359375 0.2604166666666667 0.439453125 0.2673611111111111 0.4296875 0.2673611111111111 0.427734375 0.2708333333333333 0.41796875 0.2708333333333333 0.4140625 0.2673611111111111 0.412109375 0.2604166666666667 0.412109375 0.25 0.416015625 0.24305555555555555 0.41796875 0.22569444444444445 0.421875 0.21875 0.427734375 0.21875 0.435546875 0.2361111111111111 0.439453125 0.2361111111111111
2 0.484375 0.4548611111111111 0.494140625 0.46875 0.494140625 0.4756944444444444 0.498046875 0.4861111111111111 0.501953125 0.4861111111111111 0.51171875 0.5 0.51171875 0.5104166666666666 0.513671875 0.5138888888888888 0.509765625 0.5208333333333334 0.509765625 0.5590277777777778 0.5078125 0.5625 0.509765625 0.5659722222222222 0.509765625 0.6006944444444444 0.51171875 0.6041666666666666 0.51171875 0.6180555555555556 0.51953125 0.6354166666666666 0.525390625 0.65625 0.525390625 0.6631944444444444 0.53125 0.6770833333333334 0.53125 0.6840277777777778 0.529296875 0.6875 0.52734375 0.6840277777777778 0.5234375 0.6840277777777778 0.51953125 0.6770833333333334 0.51953125 0.6631944444444444 0.5 0.6215277777777778 0.498046875 0.6076388888888888 0.494140625 0.6041666666666666 0.48046875 0.6319444444444444 0.48046875 0.6527777777777778 0.474609375 0.6736111111111112 0.474609375 0.6944444444444444 0.47265625 0.6979166666666666 0.4609375 0.6944444444444444 0.45703125 0.6840277777777778 0.458984375 0.6805555555555556 0.462890625 0.6805555555555556 0.46875 0.6701388888888888 0.46875 0.6527777777777778 0.470703125 0.6493055555555556 0.470703125 0.6319444444444444 0.47265625 0.6284722222222222 0.470703125 0.6215277777777778 0.482421875 0.5694444444444444 0.478515625 0.5625 0.47265625 0.5625 0.46484375 0.5694444444444444 0.45703125 0.5694444444444444 0.455078125 0.5625 0.45703125 0.5555555555555556 0.47265625 0.5520833333333334 0.4765625 0.5416666666666666 0.474609375 0.5347222222222222 0.4765625 0.53125 0.4765625 0.5 0.478515625 0.4965277777777778 0.478515625 0.4895833333333333 0.474609375 0.4791666666666667 0.474609375 0.4583333333333333 0.482421875 0.4548611111111111
2 0.41796875 0.3125 0.421875 0.3194444444444444 0.42578125 0.3194444444444444 0.427734375 0.3368055555555556 0.431640625 0.3472222222222222 0.435546875 0.34375 0.439453125 0.3472222222222222 0.439453125 0.3541666666666667 0.443359375 0.3680555555555556 0.443359375 0.3923611111111111 0.44140625 0.3958333333333333 0.44140625 0.4027777777777778 0.439453125 0.3993055555555556 0.435546875 0.3993055555555556 0.427734375 0.4270833333333333 0.41796875 0.4270833333333333 0.41796875 0.3993055555555556 0.419921875 0.3958333333333333 0.419921875 0.3888888888888889 0.4296875 0.3888888888888889 0.43359375 0.3784722222222222 0.431640625 0.375 0.421875 0.3715277777777778 0.419921875 0.375 0.419921875 0.3819444444444444 0.419921875 0.375 0.421875 0.3715277777777778 0.421875 0.34375 0.41796875 0.3333333333333333 0.41796875 0.3229166666666667 0.416015625 0.3194444444444444 0.41796875 0.3159722222222222
2 0.373046875 0.3819444444444444 0.375 0.3854166666666667 0.37890625 0.3854166666666667 0.38671875 0.3993055555555556 0.390625 0.4131944444444444 0.404296875 0.4201388888888889 0.404296875 0.4305555555555556 0.400390625 0.4305555555555556 0.38671875 0.4444444444444444 0.380859375 0.4444444444444444 0.373046875 0.4340277777777778 0.369140625 0.4444444444444444 0.359375 0.4513888888888889 0.353515625 0.4513888888888889 0.3515625 0.4479166666666667 0.326171875 0.4479166666666667 0.31640625 0.4409722222222222 0.31640625 0.4236111111111111 0.314453125 0.4166666666666667 0.3203125 0.40625 0.32421875 0.3923611111111111 0.330078125 0.3923611111111111 0.33203125 0.3958333333333333 0.353515625 0.3958333333333333 0.357421875 0.3993055555555556 0.359375 0.3958333333333333 0.36328125 0.3958333333333333 0.369140625 0.3854166666666667 0.37109375 0.3854166666666667
2 0.416015625 0.2743055555555556 0.41796875 0.2777777777777778 0.421875 0.2777777777777778 0.4296875 0.2708333333333333 0.443359375 0.2708333333333333 0.443359375 0.2881944444444444 0.439453125 0.2986111111111111 0.44140625 0.3020833333333333 0.44140625 0.34375 0.443359375 0.3472222222222222 0.443359375 0.3680555555555556 0.4453125 0.3715277777777778 0.443359375 0.3784722222222222 0.443359375 0.3993055555555556 0.4375 0.3993055555555556 0.43359375 0.40625 0.4296875 0.4166666666666667 0.4296875 0.4270833333333333 0.42578125 0.4340277777777778 0.421875 0.4340277777777778 0.419921875 0.4375 0.41796875 0.4513888888888889 0.4140625 0.4513888888888889 0.408203125 0.4444444444444444 0.408203125 0.4375 0.41796875 0.4270833333333333 0.41796875 0.3715277777777778 0.419921875 0.3680555555555556 0.419921875 0.3368055555555556 0.41796875 0.3333333333333333 0.41796875 0.3159722222222222 0.404296875 0.2951388888888889 0.40625 0.28125 0.4140625 0.2743055555555556
2 0.32421875 0.22916666666666666 0.328125 0.2361111111111111 0.328125 0.2465277777777778 0.330078125 0.2534722222222222 0.337890625 0.2638888888888889 0.34375 0.2881944444444444 0.34375 0.3090277777777778 0.345703125 0.3125 0.34375 0.3159722222222222 0.341796875 0.3611111111111111 0.34765625 0.375 0.34765625 0.3854166666666667 0.349609375 0.3888888888888889 0.34765625 0.3923611111111111 0.345703125 0.3923611111111111 0.33984375 0.3819444444444444 0.33984375 0.3784722222222222 0.333984375 0.3680555555555556 0.330078125 0.3506944444444444 0.326171875 0.34375 0.3203125 0.3576388888888889 0.318359375 0.3819444444444444 0.314453125 0.3715277777777778 0.314453125 0.3472222222222222 0.3125 0.34375 0.3125 0.3194444444444444 0.314453125 0.3125 0.3125 0.3090277777777778 0.3125 0.2916666666666667 0.31640625 0.2777777777777778 0.314453125 0.2743055555555556 0.314453125 0.2638888888888889 0.310546875 0.2534722222222222 0.310546875 0.2361111111111111 0.31640625 0.22916666666666666 0.322265625 0.22916666666666666
2 0.30078125 0.4166666666666667 0.302734375 0.3854166666666667 0.296875 0.3784722222222222 0.291015625 0.3854166666666667 0.291015625 0.3923611111111111 0.283203125 0.4097222222222222 0.279296875 0.4409722222222222 0.2734375 0.4409722222222222 0.2734375 0.4270833333333333 0.27734375 0.4131944444444444 0.27734375 0.3854166666666667 0.279296875 0.3819444444444444 0.279296875 0.3298611111111111 0.28125 0.3263888888888889 0.28125 0.3194444444444444 0.28515625 0.3125 0.28515625 0.3055555555555556 0.2890625 0.2986111111111111 0.29296875 0.2986111111111111 0.30078125 0.28125 0.306640625 0.28125 0.310546875 0.2881944444444444 0.30859375 0.2916666666666667 0.30859375 0.3020833333333333 0.310546875 0.3055555555555556 0.310546875 0.3263888888888889 0.30859375 0.3333333333333333 0.310546875 0.3368055555555556 0.310546875 0.3645833333333333 0.3125 0.3680555555555556 0.310546875 0.4166666666666667 0.306640625 0.4166666666666667 0.3046875 0.4201388888888889 0.302734375 0.4166666666666667
2 0.501953125 0.4444444444444444 0.51171875 0.4583333333333333 0.517578125 0.4756944444444444 0.525390625 0.4895833333333333 0.52734375 0.4965277777777778 0.52734375 0.5069444444444444 0.53125 0.5138888888888888 0.533203125 0.5243055555555556 0.5390625 0.5347222222222222 0.537109375 0.5416666666666666 0.533203125 0.5416666666666666 0.52734375 0.53125 0.52734375 0.5243055555555556 0.5234375 0.5173611111111112 0.521484375 0.5069444444444444 0.513671875 0.4930555555555556 0.509765625 0.4930555555555556 0.498046875 0.4791666666666667 0.494140625 0.4618055555555556 0.484375 0.4513888888888889 0.4765625 0.4513888888888889 0.4765625 0.4340277777777778 0.484375 0.4166666666666667 0.490234375 0.4166666666666667 0.49609375 0.4270833333333333 0.49609375 0.4375 0.5 0.4444444444444444
2 0.458984375 0.2604166666666667 0.462890625 0.2673611111111111 0.462890625 0.2881944444444444 0.47265625 0.2986111111111111 0.46875 0.3402777777777778 0.474609375 0.3680555555555556 0.474609375 0.3923611111111111 0.47265625 0.3958333333333333 0.47265625 0.4201388888888889 0.474609375 0.4270833333333333 0.47265625 0.4305555555555556 0.47265625 0.4479166666666667 0.470703125 0.4513888888888889 0.46484375 0.4479166666666667 0.455078125 0.4652777777777778 0.453125 0.4652777777777778 0.453125 0.4583333333333333 0.451171875 0.4548611111111111 0.455078125 0.4375 0.44921875 0.4270833333333333 0.447265625 0.3993055555555556 0.4453125 0.3958333333333333 0.44921875 0.3680555555555556 0.4453125 0.3576388888888889 0.4453125 0.3472222222222222 0.443359375 0.34375 0.443359375 0.3125 0.44140625 0.3090277777777778 0.44140625 0.2916666666666667 0.4453125 0.2847222222222222 0.4453125 0.2638888888888889 0.44921875 0.2569444444444444 0.455078125 0.2569444444444444 0.45703125 0.2604166666666667
2 0.46484375 0.2847222222222222 0.466796875 0.28125 0.466796875 0.2743055555555556 0.45703125 0.25 0.46484375 0.23958333333333334 0.470703125 0.23958333333333334 0.478515625 0.2673611111111111 0.478515625 0.2847222222222222 0.474609375 0.2916666666666667 0.466796875 0.2881944444444444
2 0.49609375 0.25 0.501953125 0.2569444444444444 0.50390625 0.2638888888888889 0.501953125 0.2708333333333333 0.50390625 0.2743055555555556 0.50390625 0.2847222222222222 0.515625 0.3263888888888889 0.513671875 0.3472222222222222 0.509765625 0.3611111111111111 0.509765625 0.3715277777777778 0.5078125 0.375 0.5078125 0.3819444444444444 0.513671875 0.4027777777777778 0.513671875 0.4236111111111111 0.515625 0.4270833333333333 0.515625 0.4375 0.513671875 0.4409722222222222 0.509765625 0.4409722222222222 0.505859375 0.4340277777777778 0.505859375 0.4236111111111111 0.50390625 0.4166666666666667 0.49609375 0.40625 0.49609375 0.3888888888888889 0.494140625 0.3854166666666667 0.494140625 0.34375 0.49609375 0.3402777777777778 0.49609375 0.3333333333333333 0.48828125 0.3125 0.484375 0.3090277777777778 0.4765625 0.3090277777777778 0.478515625 0.2673611111111111 0.47265625 0.23958333333333334 0.4765625 0.2326388888888889 0.486328125 0.2326388888888889 0.494140625 0.25