0 0.583984375 0.5902777777777778 0.58203125 0.5763888888888888 0.5859375 0.5659722222222222 0.595703125 0.5659722222222222 0.599609375 0.5763888888888888 0.599609375 0.5833333333333334 0.595703125 0.5902777777777778 0.5859375 0.5902777777777778
0 0.4921875 0.4965277777777778 0.494140625 0.5104166666666666 0.490234375 0.5173611111111112 0.48046875 0.5173611111111112 0.4765625 0.5104166666666666 0.4765625 0.5 0.478515625 0.4965277777777778 0.482421875 0.4930555555555556 0.48828125 0.4930555555555556 0.490234375 0.4965277777777778
0 0.431640625 0.3958333333333333 0.43359375 0.4027777777777778 0.43359375 0.4166666666666667 0.42578125 0.4166666666666667 0.419921875 0.4097222222222222 0.419921875 0.4027777777777778 0.423828125 0.3958333333333333 0.4296875 0.3958333333333333
0 0.0546875 0.4479166666666667 0.052734375 0.4409722222222222 0.052734375 0.4340277777777778 0.0546875 0.4305555555555556 0.064453125 0.4305555555555556 0.068359375 0.4409722222222222 0.06640625 0.4513888888888889 0.05859375 0.4513888888888889 0.056640625 0.4479166666666667
0 0.435546875 0.3298611111111111 0.439453125 0.3333333333333333 0.439453125 0.3506944444444444 0.43359375 0.3541666666666667 0.43359375 0.3506944444444444 0.427734375 0.34375 0.427734375 0.3368055555555556 0.43359375 0.3333333333333333
0 0.4515625 0.3375 0.013541666666666667 0.036111111111111115
0 0.4653645833333333 0.12083333333333332 0.01614583333333333 0.0287037037037037
0 0.4765625 0.1111111111111111 0.48046875 0.1111111111111111 0.482421875 0.11458333333333333 0.482421875 0.125 0.478515625 0.13194444444444445 0.47265625 0.13194444444444445 0.47265625 0.125 0.4765625 0.11458333333333333
0 0.546875 0.3645833333333333 0.552734375 0.3645833333333333 0.5546875 0.3680555555555556 0.5546875 0.3819444444444444 0.546875 0.3958333333333333 0.541015625 0.3888888888888889 0.541015625 0.375 0.546875 0.3680555555555556
0 0.751953125 0.7083333333333334 0.751953125 0.71875 0.75 0.7256944444444444 0.740234375 0.7256944444444444 0.736328125 0.71875 0.736328125 0.7013888888888888 0.740234375 0.6944444444444444 0.74609375 0.6944444444444444 0.75 0.7083333333333334
0 0.619140625 0.5381944444444444 0.62109375 0.5416666666666666 0.62109375 0.5625 0.619140625 0.5659722222222222 0.61328125 0.5659722222222222 0.607421875 0.5520833333333334 0.611328125 0.5381944444444444 0.6171875 0.5381944444444444
0 0.45703125 0.5972222222222222 0.46484375 0.5902777777777778 0.470703125 0.5972222222222222 0.46875 0.6041666666666666 0.46484375 0.6041666666666666 0.462890625 0.6111111111111112 0.45703125 0.6180555555555556 0.455078125 0.6145833333333334 0.455078125 0.6041666666666666 0.45703125 0.6006944444444444
0 0.529296875 0.4722222222222222 0.53515625 0.4826388888888889 0.53515625 0.4895833333333333 0.533203125 0.4930555555555556 0.53515625 0.4965277777777778 0.533203125 0.5 0.521484375 0.5 0.515625 0.4930555555555556 0.515625 0.4791666666666667 0.52734375 0.4722222222222222
0 0.544921875 0.6006944444444444 0.546875 0.6041666666666666 0.5546875 0.6006944444444444 0.556640625 0.6041666666666666 0.556640625 0.6215277777777778 0.54296875 0.6215277777777778 0.541015625 0.6180555555555556 0.54296875 0.6041666666666666
0 0.56640625 0.4027777777777778 0.568359375 0.40625 0.568359375 0.4131944444444444 0.560546875 0.4305555555555556 0.556640625 0.4305555555555556 0.552734375 0.4236111111111111 0.552734375 0.4166666666666667 0.55859375 0.4027777777777778 0.564453125 0.4027777777777778
1 0.607421875 0.59375 0.609375 0.5972222222222222 0.609375 0.6319444444444444 0.61328125 0.6458333333333334 0.61328125 0.6597222222222222 0.609375 0.6597222222222222 0.607421875 0.6631944444444444 0.59765625 0.6631944444444444 0.595703125 0.6666666666666666 0.591796875 0.6666666666666666 0.587890625 0.6597222222222222 0.587890625 0.6458333333333334 0.58203125 0.625 0.578125 0.6215277777777778 0.576171875 0.6145833333333334 0.576171875 0.6041666666666666 0.5859375 0.59375 0.595703125 0.59375 0.59765625 0.5902777777777778 0.603515625 0.5902777777777778 0.60546875 0.59375
1 0.5390625 0.5 0.541015625 0.5034722222222222 0.541015625 0.5173611111111112 0.53515625 0.53125 0.533203125 0.5625 0.515625 0.5625 0.509765625 0.5277777777777778 0.5078125 0.5243055555555556 0.5078125 0.5173611111111112 0.5 0.5034722222222222 0.5 0.5 0.501953125 0.4965277777777778 0.53515625 0.4965277777777778 0.537109375 0.5
1 0.46875 0.5208333333333334 0.47265625 0.5173611111111112 0.478515625 0.5173611111111112 0.48046875 0.5208333333333334 0.501953125 0.5208333333333334 0.505859375 0.5277777777777778 0.501953125 0.5381944444444444 0.498046875 0.5868055555555556 0.474609375 0.5868055555555556 0.47265625 0.5833333333333334 0.47265625 0.5555555555555556 0.46875 0.5451388888888888 0.46875 0.5243055555555556
1 0.751953125 0.71875 0.759765625 0.7326388888888888 0.759765625 0.7395833333333334 0.76171875 0.7430555555555556 0.76171875 0.7673611111111112 0.7578125 0.7708333333333334 0.75 0.7881944444444444 0.74609375 0.7916666666666666 0.7421875 0.7916666666666666 0.740234375 0.7881944444444444 0.740234375 0.7430555555555556 0.73828125 0.7395833333333334 0.73828125 0.7256944444444444 0.740234375 0.7222222222222222 0.75 0.7222222222222222
1 0.51953125 0.4479166666666667 0.5234375 0.4409722222222222 0.529296875 0.4409722222222222 0.544921875 0.4236111111111111 0.55078125 0.4236111111111111 0.556640625 0.4340277777777778 0.552734375 0.4513888888888889 0.546875 0.4513888888888889 0.53515625 0.4652777777777778 0.52734375 0.4618055555555556 0.52734375 0.4583333333333333 0.521484375 0.4513888888888889
1 0.556640625 0.6215277777777778 0.55859375 0.625 0.5625 0.625 0.57421875 0.6493055555555556 0.57421875 0.6666666666666666 0.580078125 0.6770833333333334 0.58203125 0.6770833333333334 0.58203125 0.6944444444444444 0.580078125 0.6979166666666666 0.5703125 0.6979166666666666 0.564453125 0.6909722222222222 0.556640625 0.6736111111111112 0.54296875 0.6736111111111112 0.54296875 0.65625 0.546875 0.6458333333333334 0.552734375 0.6458333333333334 0.5546875 0.6423611111111112 0.5546875 0.625
1 0.431640625 0.3506944444444444 0.439453125 0.3576388888888889 0.439453125 0.3715277777777778 0.4296875 0.3923611111111111 0.423828125 0.3923611111111111 0.421875 0.3958333333333333 0.41796875 0.3958333333333333 0.41796875 0.3854166666666667 0.4140625 0.3819444444444444 0.4140625 0.375 0.421875 0.3611111111111111 0.423828125 0.3611111111111111 0.427734375 0.3506944444444444 0.4296875 0.3506944444444444
1 0.466796875 0.3506944444444444 0.4765625 0.3611111111111111 0.48046875 0.3715277777777778 0.48046875 0.3784722222222222 0.4765625 0.3819444444444444 0.470703125 0.3819444444444444 0.466796875 0.3888888888888889 0.462890625 0.375 0.462890625 0.3611111111111111 0.46484375 0.3541666666666667
1 0.431640625 0.4201388888888889 0.435546875 0.4236111111111111 0.4375 0.4305555555555556 0.4375 0.4409722222222222 0.435546875 0.4444444444444444 0.435546875 0.4513888888888889 0.427734375 0.46875 0.421875 0.46875 0.419921875 0.4652777777777778 0.404296875 0.4652777777777778 0.404296875 0.4375 0.40625 0.4340277777777778 0.40625 0.4166666666666667 0.408203125 0.4131944444444444 0.421875 0.4131944444444444 0.4296875 0.4201388888888889
1 0.57421875 0.4548611111111111 0.580078125 0.4652777777777778 0.58203125 0.4791666666666667 0.578125 0.4756944444444444 0.56640625 0.4965277777777778 0.560546875 0.4965277777777778 0.556640625 0.4930555555555556 0.5546875 0.4895833333333333 0.5546875 0.4826388888888889 0.55859375 0.4756944444444444 0.560546875 0.4652777777777778 0.572265625 0.4548611111111111
1 0.05078125 0.4444444444444444 0.060546875 0.4548611111111111 0.064453125 0.4652777777777778 0.064453125 0.4722222222222222 0.0625 0.4756944444444444 0.056640625 0.4756944444444444 0.052734375 0.4791666666666667 0.05078125 0.4826388888888889 0.048828125 0.5034722222222222 0.044921875 0.5034722222222222 0.04296875 0.5069444444444444 0.033203125 0.5069444444444444 0.03125 0.5034722222222222 0.02734375 0.5034722222222222 0.02734375 0.5 0.03515625 0.4756944444444444 0.03515625 0.46875 0.04296875 0.4548611111111111 0.04296875 0.4513888888888889 0.048828125 0.4444444444444444
1 0.560546875 0.6909722222222222 0.572265625 0.7013888888888888 0.580078125 0.7013888888888888 0.583984375 0.7048611111111112 0.591796875 0.7222222222222222 0.591796875 0.7395833333333334 0.5703125 0.7395833333333334 0.568359375 0.7326388888888888 0.560546875 0.7291666666666666 0.5546875 0.7222222222222222 0.55078125 0.7118055555555556 0.55078125 0.7013888888888888 0.5546875 0.6944444444444444 0.55859375 0.6944444444444444
1 0.484375 0.12152777777777778 0.48828125 0.1284722222222222 0.494140625 0.1736111111111111 0.48046875 0.18055555555555555 0.4765625 0.1701388888888889 0.4765625 0.1597222222222222 0.474609375 0.15625 0.474609375 0.13541666666666666 0.4765625 0.1284722222222222 0.482421875 0.125
1 0.568359375 0.4201388888888889 0.572265625 0.4270833333333333 0.578125 0.4479166666666667 0.576171875 0.4548611111111111 0.55859375 0.4548611111111111 0.556640625 0.4513888888888889 0.556640625 0.4375 0.55859375 0.4305555555555556 0.564453125 0.4201388888888889 0.56640625 0.4201388888888889
1 0.556640625 0.3645833333333333 0.560546875 0.3680555555555556 0.5625 0.375 0.5625 0.3923611111111111 0.560546875 0.3958333333333333 0.55078125 0.3993055555555556 0.541015625 0.4166666666666667 0.537109375 0.4166666666666667 0.537109375 0.3854166666666667 0.544921875 0.3645833333333333 0.5546875 0.3645833333333333
1 0.466796875 0.6041666666666666 0.46875 0.6076388888888888 0.4765625 0.6076388888888888 0.48046875 0.6111111111111112 0.494140625 0.6354166666666666 0.494140625 0.6423611111111112 0.48828125 0.6458333333333334 0.486328125 0.6527777777777778 0.478515625 0.6666666666666666 0.4765625 0.6666666666666666 0.470703125 0.65625 0.46875 0.65625 0.46875 0.6527777777777778 0.462890625 0.6423611111111112 0.4609375 0.6319444444444444 0.458984375 0.6284722222222222 0.455078125 0.6284722222222222 0.455078125 0.6180555555555556 0.458984375 0.6111111111111112 0.46484375 0.6076388888888888
1 0.625 0.5625 0.62890625 0.5694444444444444 0.634765625 0.5902777777777778 0.63671875 0.6145833333333334 0.640625 0.6319444444444444 0.640625 0.6354166666666666 0.62890625 0.6388888888888888 0.626953125 0.6423611111111112 0.62109375 0.6423611111111112 0.6171875 0.6354166666666666 0.6171875 0.6284722222222222 0.61328125 0.6180555555555556 0.61328125 0.6076388888888888 0.609375 0.59375 0.603515625 0.5868055555555556 0.603515625 0.5729166666666666 0.607421875 0.5659722222222222 0.611328125 0.5659722222222222 0.61328125 0.5625 0.623046875 0.5625
2 0.4765625 0.6076388888888888 0.4921875 0.6319444444444444 0.494140625 0.6319444444444444 0.49609375 0.6423611111111112 0.501953125 0.6527777777777778 0.501953125 0.6666666666666666 0.505859375 0.6805555555555556 0.50390625 0.6875 0.50390625 0.7256944444444444 0.505859375 0.7291666666666666 0.505859375 0.7361111111111112 0.51171875 0.7430555555555556 0.51171875 0.75 0.515625 0.7569444444444444 0.515625 0.7638888888888888 0.51953125 0.7777777777777778 0.525390625 0.7881944444444444 0.525390625 0.8020833333333334 0.51953125 0.8020833333333334 0.517578125 0.7986111111111112 0.517578125 0.7847222222222222 0.5078125 0.7638888888888888 0.505859375 0.7361111111111112 0.494140625 0.7256944444444444 0.490234375 0.7256944444444444 0.486328125 0.7118055555555556 0.48046875 0.7013888888888888 0.4765625 0.7013888888888888 0.474609375 0.7048611111111112 0.470703125 0.7152777777777778 0.470703125 0.7222222222222222 0.4609375 0.7395833333333334 0.45703125 0.7395833333333334 0.455078125 0.7361111111111112 0.458984375 0.7291666666666666 0.4609375 0.7152777777777778 0.46484375 0.7048611111111112 0.46484375 0.6979166666666666 0.466796875 0.6944444444444444 0.466796875 0.6770833333333334 0.470703125 0.6597222222222222 0.462890625 0.6458333333333334 0.4609375 0.6458333333333334 0.447265625 0.6736111111111112 0.4453125 0.6736111111111112 0.4453125 0.6631944444444444 0.453125 0.6354166666666666 0.453125 0.6215277777777778 0.455078125 0.6180555555555556 0.455078125 0.6006944444444444 0.45703125 0.59375 0.4609375 0.5902777777777778 0.46875 0.6041666666666666 0.47265625 0.6041666666666666 0.474609375 0.6076388888888888
2 0.595703125 0.5659722222222222 0.59765625 0.5694444444444444 0.599609375 0.5868055555555556 0.609375 0.5972222222222222 0.609375 0.6076388888888888 0.611328125 0.6111111111111112 0.611328125 0.6388888888888888 0.61328125 0.6423611111111112 0.61328125 0.65625 0.615234375 0.6597222222222222 0.6171875 0.6875 0.623046875 0.7083333333333334 0.623046875 0.7152777777777778 0.626953125 0.7222222222222222 0.62890625 0.7395833333333334 0.6328125 0.75 0.626953125 0.75 0.623046875 0.7465277777777778 0.62109375 0.7361111111111112 0.6171875 0.7326388888888888 0.615234375 0.7222222222222222 0.609375 0.7118055555555556 0.60546875 0.7118055555555556 0.59765625 0.71875 0.591796875 0.7152777777777778 0.583984375 0.6944444444444444 0.583984375 0.6805555555555556 0.587890625 0.6736111111111112 0.587890625 0.6527777777777778 0.5859375 0.6493055555555556 0.5859375 0.6388888888888888 0.583984375 0.6319444444444444 0.576171875 0.6145833333333334 0.576171875 0.6041666666666666 0.583984375 0.59375 0.583984375 0.5694444444444444 0.587890625 0.5659722222222222 0.59375 0.5659722222222222
2 0.73828125 0.6944444444444444 0.744140625 0.6944444444444444 0.751953125 0.7048611111111112 0.751953125 0.7152777777777778 0.759765625 0.7326388888888888 0.759765625 0.7395833333333334 0.76171875 0.7430555555555556 0.76171875 0.7881944444444444 0.763671875 0.7916666666666666 0.763671875 0.8194444444444444 0.76171875 0.8229166666666666 0.76171875 0.8333333333333334 0.763671875 0.8368055555555556 0.763671875 0.8611111111111112 0.76953125 0.8819444444444444 0.76953125 0.90625 0.763671875 0.9166666666666666 0.76171875 0.9166666666666666 0.7578125 0.9131944444444444 0.763671875 0.8958333333333334 0.7578125 0.8819444444444444 0.7578125 0.875 0.75390625 0.8645833333333334 0.75 0.8576388888888888 0.74609375 0.8576388888888888 0.744140625 0.8611111111111112 0.732421875 0.8506944444444444 0.732421875 0.8333333333333334 0.734375 0.8298611111111112 0.734375 0.8194444444444444 0.73828125 0.8090277777777778 0.73828125 0.7951388888888888 0.734375 0.7881944444444444 0.736328125 0.7881944444444444 0.740234375 0.7777777777777778 0.740234375 0.7465277777777778 0.73828125 0.7430555555555556 0.73828125 0.7291666666666666 0.734375 0.7152777777777778 0.734375 0.7048611111111112 0.73828125 0.6979166666666666
2 0.46875 0.1111111111111111 0.470703125 0.11458333333333333 0.46875 0.15625 0.46484375 0.1701388888888889 0.458984375 0.17708333333333334 0.458984375 0.2048611111111111 0.45703125 0.20833333333333334 0.45703125 0.2569444444444444 0.453125 0.2534722222222222 0.453125 0.2222222222222222 0.44921875 0.21180555555555555 0.443359375 0.21875 0.439453125 0.21875 0.435546875 0.22569444444444445 0.4375 0.2326388888888889 0.435546875 0.23958333333333334 0.4296875 0.22916666666666666 0.427734375 0.22916666666666666 0.427734375 0.21875 0.435546875 0.2152777777777778 0.447265625 0.19791666666666666 0.4453125 0.1909722222222222 0.4453125 0.18055555555555555 0.443359375 0.17708333333333334 0.443359375 0.16319444444444445 0.44921875 0.14930555555555555 0.44921875 0.1423611111111111 0.453125 0.13541666666666666 0.453125 0.1284722222222222 0.45703125 0.11805555555555555 0.4609375 0.1111111111111111 0.466796875 0.1111111111111111
2 0.4921875 0.4965277777777778 0.49609375 0.5069444444444444 0.50390625 0.5173611111111112 0.51171875 0.5520833333333334 0.51171875 0.5590277777777778 0.509765625 0.5625 0.505859375 0.5625 0.50390625 0.5590277777777778 0.5 0.5625 0.501953125 0.5694444444444444 0.498046875 0.5798611111111112 0.498046875 0.6145833333333334 0.49609375 0.6180555555555556 0.49609375 0.6284722222222222 0.4921875 0.6284722222222222 0.478515625 0.6041666666666666 0.474609375 0.6041666666666666 0.46875 0.5972222222222222 0.47265625 0.5798611111111112 0.47265625 0.5590277777777778 0.46875 0.5451388888888888 0.466796875 0.5243055555555556 0.4765625 0.5104166666666666 0.4765625 0.5034722222222222 0.48046875 0.4965277777777778 0.490234375 0.4965277777777778
2 0.5307291666666667 0.4583333333333333 0.053125 0.07222222222222223
2 0.529296875 0.4756944444444444 0.533203125 0.4826388888888889 0.533203125 0.4930555555555556 0.541015625 0.5 0.541015625 0.5069444444444444 0.54296875 0.5104166666666666 0.54296875 0.53125 0.544921875 0.5347222222222222 0.544921875 0.5590277777777778 0.54296875 0.5659722222222222 0.537109375 0.5555555555555556 0.53515625 0.5590277777777778 0.53515625 0.59375 0.533203125 0.5972222222222222 0.533203125 0.6215277777777778 0.529296875 0.6354166666666666 0.529296875 0.6458333333333334 0.521484375 0.6458333333333334 0.515625 0.6354166666666666 0.513671875 0.5972222222222222 0.5078125 0.5798611111111112 0.5078125 0.5694444444444444 0.513671875 0.5590277777777778 0.513671875 0.5520833333333334 0.51171875 0.5486111111111112 0.51171875 0.5381944444444444 0.5078125 0.5277777777777778 0.5078125 0.5173611111111112 0.498046875 0.5 0.501953125 0.4965277777777778 0.515625 0.4965277777777778 0.51953125 0.4895833333333333 0.51953125 0.4826388888888889 0.52734375 0.4791666666666667
2 0.55078125 0.6006944444444444 0.5546875 0.6041666666666666 0.556640625 0.6180555555555556 0.568359375 0.6319444444444444 0.5703125 0.6423611111111112 0.576171875 0.6527777777777778 0.580078125 0.6527777777777778 0.5859375 0.6631944444444444 0.5859375 0.6701388888888888 0.58203125 0.6805555555555556 0.58203125 0.6979166666666666 0.572265625 0.6979166666666666 0.568359375 0.6944444444444444 0.55859375 0.6736111111111112 0.54296875 0.6736111111111112 0.5390625 0.6666666666666666 0.541015625 0.6631944444444444 0.5390625 0.6597222222222222 0.5390625 0.6354166666666666 0.54296875 0.6284722222222222 0.54296875 0.6111111111111112 0.544921875 0.6041666666666666 0.548828125 0.6006944444444444
2 0.451171875 0.3263888888888889 0.455078125 0.3368055555555556 0.44921875 0.3472222222222222 0.44921875 0.3506944444444444 0.443359375 0.3576388888888889 0.44140625 0.3715277777777778 0.431640625 0.3888888888888889 0.431640625 0.3923611111111111 0.427734375 0.3958333333333333 0.421875 0.3958333333333333 0.41796875 0.40625 0.4140625 0.40625 0.412109375 0.4097222222222222 0.40625 0.4097222222222222 0.404296875 0.40625 0.40625 0.4027777777777778 0.40625 0.3923611111111111 0.408203125 0.3854166666666667 0.427734375 0.3506944444444444 0.4296875 0.3333333333333333 0.44140625 0.3368055555555556 0.447265625 0.3263888888888889 0.44921875 0.3263888888888889
2 0.4296875 0.3958333333333333 0.43359375 0.4027777777777778 0.43359375 0.4201388888888889 0.439453125 0.4340277777777778 0.439453125 0.4479166666666667 0.451171875 0.4722222222222222 0.451171875 0.4791666666666667 0.4453125 0.4756944444444444 0.435546875 0.4583333333333333 0.4296875 0.4652777777777778 0.4296875 0.4756944444444444 0.423828125 0.4930555555555556 0.423828125 0.5034722222222222 0.427734375 0.5173611111111112 0.427734375 0.5347222222222222 0.42578125 0.5381944444444444 0.427734375 0.5590277777777778 0.419921875 0.5729166666666666 0.41796875 0.5694444444444444 0.41796875 0.5555555555555556 0.40625 0.53125 0.404296875 0.5069444444444444 0.40234375 0.5034722222222222 0.404296875 0.4791666666666667 0.40234375 0.4722222222222222 0.39453125 0.4618055555555556 0.39453125 0.4513888888888889 0.400390625 0.4270833333333333 0.40625 0.4131944444444444 0.41796875 0.4097222222222222 0.421875 0.3993055555555556 0.427734375 0.3958333333333333
2 0.45703125 0.3368055555555556 0.47265625 0.3541666666666667 0.48046875 0.3680555555555556 0.48046875 0.375 0.482421875 0.3784722222222222 0.482421875 0.3958333333333333 0.48046875 0.3993055555555556 0.48046875 0.40625 0.486328125 0.4131944444444444 0.486328125 0.4166666666666667 0.48046875 0.4270833333333333 0.486328125 0.4444444444444444 0.486328125 0.4548611111111111 0.482421875 0.4548611111111111 0.47265625 0.4305555555555556 0.462890625 0.4166666666666667 0.462890625 0.3993055555555556 0.45703125 0.3888888888888889 0.453125 0.3888888888888889 0.4453125 0.3784722222222222 0.4453125 0.3576388888888889 0.451171875 0.3472222222222222 0.453125 0.3472222222222222 0.455078125 0.3402777777777778
2 0.560546875 0.4618055555555556 0.5703125 0.4548611111111111 0.576171875 0.4548611111111111 0.580078125 0.46875 0.603515625 0.5173611111111112 0.603515625 0.5451388888888888 0.599609375 0.5555555555555556 0.59375 0.5555555555555556 0.58984375 0.5520833333333334 0.5703125 0.5138888888888888 0.5703125 0.5104166666666666 0.564453125 0.5 0.55859375 0.4965277777777778 0.5546875 0.4895833333333333 0.5546875 0.4826388888888889 0.560546875 0.4652777777777778
2 0.06640625 0.4375 0.064453125 0.4618055555555556 0.068359375 0.4722222222222222 0.064453125 0.4756944444444444 0.056640625 0.4756944444444444 0.05078125 0.4861111111111111 0.05078125 0.5034722222222222 0.0625 0.5138888888888888 0.06640625 0.5208333333333334 0.06640625 0.5381944444444444 0.05859375 0.5555555555555556 0.056640625 0.5625 0.056640625 0.5729166666666666 0.052734375 0.5798611111111112 0.048828125 0.5798611111111112 0.0390625 0.5659722222222222 0.0390625 0.5625 0.048828125 0.5451388888888888 0.048828125 0.5381944444444444 0.044921875 0.53125 0.0390625 0.53125 0.037109375 0.5347222222222222 0.03515625 0.5555555555555556 0.021484375 0.5833333333333334 0.021484375 0.59375 0.0234375 0.5972222222222222 0.015625 0.5972222222222222 0.01171875 0.5902777777777778 0.021484375 0.5590277777777778 0.02734375 0.5486111111111112 0.02734375 0.5243055555555556 0.021484375 0.5173611111111112 0.021484375 0.5104166666666666 0.03125 0.4895833333333333 0.03515625 0.4756944444444444 0.03515625 0.46875 0.046875 0.4444444444444444 0.05078125 0.4444444444444444 0.0546875 0.4375 0.064453125 0.4375
2 0.529296875 0.6527777777777778 0.53515625 0.6631944444444444 0.53515625 0.6736111111111112 0.529296875 0.6805555555555556 0.53515625 0.6875 0.53515625 0.6979166666666666 0.548828125 0.7291666666666666 0.548828125 0.7430555555555556 0.544921875 0.75 0.544921875 0.7534722222222222 0.548828125 0.7569444444444444 0.548828125 0.7638888888888888 0.546875 0.7673611111111112 0.537109375 0.7638888888888888 0.533203125 0.7569444444444444 0.52734375 0.7604166666666666 0.51953125 0.7465277777777778 0.51171875 0.75 0.51171875 0.7430555555555556 0.505859375 0.7291666666666666 0.505859375 0.6875 0.5078125 0.6840277777777778 0.5078125 0.6666666666666666 0.515625 0.6493055555555556 0.525390625 0.6493055555555556 0.52734375 0.6527777777777778
2 0.546875 0.6805555555555556 0.552734375 0.6770833333333334 0.5625 0.6875 0.568359375 0.6979166666666666 0.58203125 0.7013888888888888 0.58984375 0.7152777777777778 0.591796875 0.7291666666666666 0.595703125 0.7395833333333334 0.60546875 0.7569444444444444 0.60546875 0.7638888888888888 0.6015625 0.7638888888888888 0.59765625 0.7569444444444444 0.59375 0.7569444444444444 0.58984375 0.7638888888888888 0.57421875 0.7708333333333334 0.5703125 0.7777777777777778 0.5703125 0.8090277777777778 0.57421875 0.8263888888888888 0.56640625 0.8368055555555556 0.560546875 0.8368055555555556 0.560546875 0.8298611111111112 0.564453125 0.8229166666666666 0.564453125 0.8055555555555556 0.560546875 0.7986111111111112 0.546875 0.7986111111111112 0.546875 0.7951388888888888 0.548828125 0.7951388888888888 0.556640625 0.78125 0.5546875 0.7743055555555556 0.556640625 0.7604166666666666 0.552734375 0.75 0.552734375 0.7291666666666666 0.546875 0.7152777777777778 0.546875 0.7013888888888888 0.548828125 0.6979166666666666 0.546875 0.6840277777777778
2 0.482421875 0.11458333333333333 0.48828125 0.125 0.490234375 0.14930555555555555 0.49609375 0.17708333333333334 0.49609375 0.19444444444444445 0.490234375 0.2048611111111111 0.490234375 0.2152777777777778 0.5 0.23958333333333334 0.498046875 0.2465277777777778 0.490234375 0.23958333333333334 0.48828125 0.24305555555555555 0.490234375 0.2465277777777778 0.490234375 0.2569444444444444 0.48828125 0.2604166666666667 0.484375 0.2604166666666667 0.482421875 0.2326388888888889 0.4765625 0.21180555555555555 0.478515625 0.2048611111111111 0.478515625 0.19444444444444445 0.48046875 0.1909722222222222 0.48046875 0.17708333333333334 0.4765625 0.1701388888888889 0.4765625 0.16319444444444445 0.47265625 0.1527777777777778 0.47265625 0.125 0.474609375 0.11805555555555555 0.48046875 0.11458333333333333
2 0.560546875 0.4027777777777778 0.572265625 0.4270833333333333 0.578125 0.4513888888888889 0.576171875 0.4548611111111111 0.56640625 0.4548611111111111 0.564453125 0.4583333333333333 0.560546875 0.4583333333333333 0.556640625 0.46875 0.548828125 0.46875 0.544921875 0.4652777777777778 0.54296875 0.4583333333333333 0.544921875 0.4548611111111111 0.552734375 0.4548611111111111 0.5546875 0.4513888888888889 0.556640625 0.4305555555555556 0.55078125 0.4201388888888889 0.55078125 0.4131944444444444 0.552734375 0.40625 0.55859375 0.4027777777777778
2 0.541015625 0.3645833333333333 0.556640625 0.3645833333333333 0.56640625 0.3784722222222222 0.57421875 0.3819444444444444 0.580078125 0.3888888888888889 0.580078125 0.3923611111111111 0.564453125 0.3923611111111111 0.55859375 0.3993055555555556 0.552734375 0.3993055555555556 0.546875 0.4097222222222222 0.546875 0.4131944444444444 0.537109375 0.4201388888888889 0.53515625 0.4166666666666667 0.53515625 0.3854166666666667 0.5390625 0.3819444444444444 0.541015625 0.3680555555555556
2 0.61328125 0.5347222222222222 0.619140625 0.5416666666666666 0.623046875 0.5590277777777778 0.626953125 0.5625 0.638671875 0.5972222222222222 0.63671875 0.6111111111111112 0.640625 0.625 0.640625 0.6631944444444444 0.650390625 0.6770833333333334 0.658203125 0.6805555555555556 0.658203125 0.6909722222222222 0.65234375 0.7048611111111112 0.646484375 0.6840277777777778 0.630859375 0.6701388888888888 0.625 0.6701388888888888 0.62109375 0.6770833333333334 0.619140625 0.6770833333333334 0.6171875 0.6701388888888888 0.61328125 0.6076388888888888 0.609375 0.59375 0.60546875 0.5902777777777778 0.603515625 0.5833333333333334 0.603515625 0.5729166666666666 0.607421875 0.5590277777777778 0.607421875 0.5381944444444444 0.611328125 0.5347222222222222