0 0.251953125 0.34375 0.255859375 0.3506944444444444 0.255859375 0.3680555555555556 0.244140625 0.3680555555555556 0.2421875 0.3645833333333333 0.2421875 0.3472222222222222 0.244140625 0.34375 0.25 0.34375
0 0.443359375 0.4270833333333333 0.447265625 0.4340277777777778 0.447265625 0.4479166666666667 0.4375 0.4548611111111111 0.43359375 0.4548611111111111 0.431640625 0.4409722222222222 0.435546875 0.4270833333333333 0.44140625 0.4270833333333333
0 0.794921875 0.4236111111111111 0.798828125 0.4305555555555556 0.798828125 0.4444444444444444 0.791015625 0.4548611111111111 0.787109375 0.4548611111111111 0.783203125 0.4479166666666667 0.783203125 0.4340277777777778 0.787109375 0.4236111111111111 0.79296875 0.4236111111111111
0 0.41822916666666665 0.49675925925925923 0.017708333333333333 0.036111111111111115
0 0.75390625 0.4861111111111111 0.7578125 0.5 0.7578125 0.5104166666666666 0.751953125 0.5173611111111112 0.7421875 0.5173611111111112 0.7421875 0.4930555555555556 0.74609375 0.4861111111111111 0.751953125 0.4861111111111111
0 0.337890625 0.3958333333333333 0.341796875 0.4027777777777778 0.341796875 0.4097222222222222 0.33203125 0.4201388888888889 0.326171875 0.4201388888888889 0.326171875 0.3993055555555556 0.33203125 0.3923611111111111 0.3359375 0.3958333333333333
0 0.34609375 0.4439814814814815 0.019270833333333334 0.03425925925925926
0 0.4765625 0.3888888888888889 0.48046875 0.3958333333333333 0.48046875 0.40625 0.466796875 0.4201388888888889 0.46484375 0.4131944444444444 0.46484375 0.3993055555555556 0.46875 0.3888888888888889 0.474609375 0.3888888888888889
0 0.5859375 0.2638888888888889 0.58984375 0.28125 0.580078125 0.2916666666666667 0.57421875 0.2916666666666667 0.57421875 0.2777777777777778 0.572265625 0.2708333333333333 0.576171875 0.2604166666666667 0.58203125 0.2604166666666667 0.583984375 0.2638888888888889
0 0.662109375 0.2534722222222222 0.666015625 0.2604166666666667 0.666015625 0.2743055555555556 0.66015625 0.2743055555555556 0.658203125 0.2777777777777778 0.654296875 0.2777777777777778 0.65234375 0.2743055555555556 0.65234375 0.2569444444444444 0.654296875 0.2534722222222222 0.66015625 0.2534722222222222
1 0.4296875 0.5104166666666666 0.43359375 0.5138888888888888 0.435546875 0.5416666666666666 0.439453125 0.5590277777777778 0.439453125 0.5798611111111112 0.435546875 0.5833333333333334 0.427734375 0.5833333333333334 0.419921875 0.5763888888888888 0.412109375 0.5763888888888888 0.41015625 0.5729166666666666 0.41015625 0.5590277777777778 0.408203125 0.5555555555555556 0.41015625 0.53125 0.4140625 0.5138888888888888 0.41796875 0.5104166666666666 0.427734375 0.5104166666666666
1 0.2421875 0.3680555555555556 0.244140625 0.3715277777777778 0.2578125 0.375 0.26171875 0.3819444444444444 0.259765625 0.3958333333333333 0.25390625 0.4027777777777778 0.25390625 0.4270833333333333 0.234375 0.4270833333333333 0.232421875 0.3958333333333333 0.228515625 0.3784722222222222 0.23046875 0.3715277777777778 0.234375 0.3680555555555556 0.240234375 0.3680555555555556
1 0.65234375 0.2951388888888889 0.65234375 0.2847222222222222 0.658203125 0.2777777777777778 0.6640625 0.2777777777777778 0.666015625 0.2743055555555556 0.671875 0.2743055555555556 0.673828125 0.2777777777777778 0.6796875 0.2951388888888889 0.681640625 0.3090277777777778 0.685546875 0.3159722222222222 0.685546875 0.3229166666666667 0.689453125 0.3298611111111111 0.689453125 0.3402777777777778 0.673828125 0.3402777777777778 0.671875 0.34375 0.66796875 0.34375 0.662109375 0.3333333333333333 0.66015625 0.3090277777777778 0.654296875 0.2951388888888889
1 0.80078125 0.4444444444444444 0.810546875 0.4618055555555556 0.810546875 0.46875 0.8203125 0.4965277777777778 0.8203125 0.5104166666666666 0.80859375 0.5104166666666666 0.806640625 0.5138888888888888 0.802734375 0.5138888888888888 0.791015625 0.5034722222222222 0.787109375 0.5034722222222222 0.78515625 0.4965277777777778 0.787109375 0.4930555555555556 0.787109375 0.4861111111111111 0.78125 0.4618055555555556 0.78125 0.4513888888888889 0.787109375 0.4583333333333333 0.791015625 0.4583333333333333 0.796875 0.4479166666666667 0.798828125 0.4479166666666667
1 0.44921875 0.4548611111111111 0.451171875 0.4583333333333333 0.455078125 0.4583333333333333 0.458984375 0.4652777777777778 0.45703125 0.5208333333333334 0.453125 0.53125 0.44921875 0.5277777777777778 0.44140625 0.53125 0.4375 0.5243055555555556 0.43359375 0.5104166666666666 0.43359375 0.4965277777777778 0.427734375 0.4861111111111111 0.427734375 0.4791666666666667 0.42578125 0.4756944444444444 0.42578125 0.4652777777777778 0.427734375 0.4618055555555556 0.4375 0.4548611111111111 0.447265625 0.4548611111111111
1 0.759765625 0.5138888888888888 0.76953125 0.5381944444444444 0.76953125 0.5520833333333334 0.765625 0.5694444444444444 0.7578125 0.5694444444444444 0.755859375 0.5729166666666666 0.748046875 0.5729166666666666 0.7421875 0.5659722222222222 0.7421875 0.5347222222222222 0.740234375 0.53125 0.740234375 0.5243055555555556 0.74609375 0.5173611111111112 0.75390625 0.5173611111111112 0.7578125 0.5138888888888888
1 0.33619791666666665 0.4351851851851852 0.033854166666666664 0.05
1 0.328125 0.4583333333333333 0.34765625 0.4583333333333333 0.353515625 0.4652777777777778 0.357421875 0.4652777777777778 0.361328125 0.4756944444444444 0.361328125 0.4861111111111111 0.357421875 0.4930555555555556 0.3515625 0.4930555555555556 0.349609375 0.4965277777777778 0.34765625 0.5138888888888888 0.341796875 0.5243055555555556 0.3359375 0.5243055555555556 0.330078125 0.5173611111111112 0.326171875 0.5173611111111112 0.32421875 0.5104166666666666 0.32421875 0.5 0.326171875 0.4965277777777778 0.326171875 0.4652777777777778 0.328125 0.4618055555555556
1 0.4765625 0.4791666666666667 0.4765625 0.4479166666666667 0.47265625 0.4375 0.466796875 0.4375 0.46484375 0.4340277777777778 0.46484375 0.4270833333333333 0.470703125 0.4166666666666667 0.48046875 0.4097222222222222 0.486328125 0.4097222222222222 0.4921875 0.4201388888888889 0.4921875 0.4270833333333333 0.494140625 0.4305555555555556 0.494140625 0.4583333333333333 0.498046875 0.4722222222222222 0.498046875 0.4861111111111111 0.484375 0.4861111111111111 0.478515625 0.4791666666666667
1 0.578125 0.3159722222222222 0.576171875 0.2986111111111111 0.5859375 0.2881944444444444 0.595703125 0.2881944444444444 0.603515625 0.3090277777777778 0.603515625 0.3194444444444444 0.599609375 0.3263888888888889 0.59375 0.3263888888888889 0.591796875 0.3229166666666667 0.591796875 0.3159722222222222 0.59375 0.3125 0.591796875 0.3090277777777778 0.587890625 0.3090277777777778 0.580078125 0.3159722222222222
2 0.43359375 0.5138888888888888 0.43359375 0.5277777777777778 0.4375 0.5416666666666666 0.4375 0.5555555555555556 0.443359375 0.5763888888888888 0.443359375 0.59375 0.4375 0.6145833333333334 0.42578125 0.6388888888888888 0.42578125 0.6493055555555556 0.4296875 0.6597222222222222 0.431640625 0.6770833333333334 0.439453125 0.6944444444444444 0.439453125 0.7013888888888888 0.43359375 0.7118055555555556 0.4296875 0.7083333333333334 0.4296875 0.6875 0.4140625 0.6597222222222222 0.408203125 0.6805555555555556 0.408203125 0.6875 0.400390625 0.7083333333333334 0.38671875 0.7013888888888888 0.388671875 0.6944444444444444 0.392578125 0.6944444444444444 0.400390625 0.6840277777777778 0.40234375 0.6666666666666666 0.408203125 0.6493055555555556 0.408203125 0.6423611111111112 0.412109375 0.6284722222222222 0.4140625 0.59375 0.408203125 0.5868055555555556 0.41015625 0.5798611111111112 0.41015625 0.5659722222222222 0.408203125 0.5625 0.400390625 0.5625 0.400390625 0.5555555555555556 0.41015625 0.5416666666666666 0.41015625 0.53125 0.412109375 0.5277777777777778 0.41015625 0.4965277777777778 0.412109375 0.4930555555555556 0.412109375 0.4861111111111111 0.4140625 0.4826388888888889 0.423828125 0.4826388888888889 0.42578125 0.4861111111111111 0.42578125 0.5034722222222222 0.431640625 0.5138888888888888
2 0.662109375 0.2534722222222222 0.666015625 0.2604166666666667 0.66796875 0.2708333333333333 0.67578125 0.28125 0.681640625 0.3020833333333333 0.681640625 0.3090277777777778 0.689453125 0.3298611111111111 0.689453125 0.3472222222222222 0.681640625 0.3645833333333333 0.681640625 0.3819444444444444 0.689453125 0.3958333333333333 0.69140625 0.3958333333333333 0.69140625 0.4201388888888889 0.685546875 0.4270833333333333 0.67578125 0.4236111111111111 0.67578125 0.4166666666666667 0.681640625 0.4097222222222222 0.677734375 0.3993055555555556 0.671875 0.3993055555555556 0.66015625 0.3888888888888889 0.66015625 0.3784722222222222 0.6640625 0.3611111111111111 0.66796875 0.3541666666666667 0.66796875 0.34375 0.658203125 0.3229166666666667 0.65625 0.3229166666666667 0.650390625 0.3368055555555556 0.638671875 0.3506944444444444 0.634765625 0.3611111111111111 0.630859375 0.3576388888888889 0.630859375 0.3541666666666667 0.642578125 0.3368055555555556 0.6484375 0.3159722222222222 0.6484375 0.3090277777777778 0.65234375 0.2951388888888889 0.650390625 0.2881944444444444 0.65234375 0.2847222222222222 0.65234375 0.2569444444444444 0.654296875 0.2534722222222222 0.66015625 0.2534722222222222
2 0.794921875 0.4236111111111111 0.798828125 0.4305555555555556 0.798828125 0.4409722222222222 0.80859375 0.4583333333333333 0.810546875 0.46875 0.814453125 0.4756944444444444 0.822265625 0.5069444444444444 0.818359375 0.5243055555555556 0.818359375 0.5347222222222222 0.814453125 0.5486111111111112 0.814453125 0.5659722222222222 0.818359375 0.5729166666666666 0.8203125 0.59375 0.82421875 0.6041666666666666 0.82421875 0.6180555555555556 0.8203125 0.6215277777777778 0.81640625 0.6215277777777778 0.81640625 0.5972222222222222 0.810546875 0.5868055555555556 0.8046875 0.5659722222222222 0.8046875 0.5590277777777778 0.802734375 0.5555555555555556 0.802734375 0.5347222222222222 0.80078125 0.53125 0.79296875 0.5381944444444444 0.7890625 0.5486111111111112 0.791015625 0.5520833333333334 0.79296875 0.5694444444444444 0.796875 0.5798611111111112 0.796875 0.5902777777777778 0.794921875 0.59375 0.7890625 0.5972222222222222 0.7890625 0.5763888888888888 0.779296875 0.5590277777777778 0.779296875 0.5277777777777778 0.783203125 0.5208333333333334 0.783203125 0.5138888888888888 0.78515625 0.5104166666666666 0.78515625 0.4756944444444444 0.78125 0.4618055555555556 0.78125 0.4444444444444444 0.78515625 0.4340277777777778 0.78515625 0.4270833333333333 0.787109375 0.4236111111111111 0.79296875 0.4236111111111111
2 0.443359375 0.4270833333333333 0.447265625 0.4340277777777778 0.447265625 0.4513888888888889 0.458984375 0.4652777777777778 0.458984375 0.4756944444444444 0.462890625 0.4930555555555556 0.462890625 0.53125 0.45703125 0.5416666666666666 0.453125 0.5555555555555556 0.453125 0.5659722222222222 0.44921875 0.5833333333333334 0.443359375 0.5763888888888888 0.44140625 0.5555555555555556 0.439453125 0.5520833333333334 0.439453125 0.5416666666666666 0.435546875 0.5277777777777778 0.435546875 0.5138888888888888 0.427734375 0.5034722222222222 0.427734375 0.4861111111111111 0.42578125 0.4826388888888889 0.42578125 0.4652777777777778 0.43359375 0.4548611111111111 0.431640625 0.4479166666666667 0.431640625 0.4375 0.435546875 0.4270833333333333 0.44140625 0.4270833333333333
2 0.75390625 0.4861111111111111 0.7578125 0.5034722222222222 0.76171875 0.5104166666666666 0.763671875 0.5243055555555556 0.76953125 0.5381944444444444 0.76953125 0.5520833333333334 0.765625 0.5694444444444444 0.76953125 0.5798611111111112 0.771484375 0.6006944444444444 0.775390625 0.6076388888888888 0.771484375 0.6006944444444444 0.765625 0.6006944444444444 0.763671875 0.6041666666666666 0.76171875 0.6284722222222222 0.759765625 0.6319444444444444 0.759765625 0.6423611111111112 0.76171875 0.6493055555555556 0.765625 0.65625 0.767578125 0.6666666666666666 0.775390625 0.6805555555555556 0.767578125 0.6979166666666666 0.763671875 0.6979166666666666 0.763671875 0.6736111111111112 0.751953125 0.65625 0.740234375 0.625 0.740234375 0.6111111111111112 0.748046875 0.5902777777777778 0.748046875 0.5763888888888888 0.744140625 0.5694444444444444 0.734375 0.5625 0.732421875 0.5555555555555556 0.734375 0.5486111111111112 0.73828125 0.5486111111111112 0.740234375 0.5451388888888888 0.7421875 0.4930555555555556 0.74609375 0.4861111111111111 0.751953125 0.4861111111111111
2 0.33984375 0.4409722222222222 0.345703125 0.4375 0.349609375 0.4444444444444444 0.3515625 0.4548611111111111 0.359375 0.46875 0.361328125 0.4756944444444444 0.361328125 0.5 0.3515625 0.5138888888888888 0.34765625 0.5243055555555556 0.345703125 0.5451388888888888 0.333984375 0.5659722222222222 0.333984375 0.5694444444444444 0.326171875 0.5694444444444444 0.318359375 0.5798611111111112 0.314453125 0.5902777777777778 0.314453125 0.5972222222222222 0.310546875 0.6041666666666666 0.30859375 0.625 0.3046875 0.6319444444444444 0.30078125 0.6319444444444444 0.298828125 0.6284722222222222 0.30078125 0.6180555555555556 0.3046875 0.6111111111111112 0.3046875 0.6006944444444444 0.310546875 0.5798611111111112 0.310546875 0.5625 0.314453125 0.5520833333333334 0.314453125 0.5451388888888888 0.32421875 0.5208333333333334 0.326171875 0.4618055555555556 0.3359375 0.4548611111111111 0.33984375 0.4444444444444444
2 0.2421875 0.3472222222222222 0.24609375 0.34375 0.251953125 0.34375 0.255859375 0.3506944444444444 0.255859375 0.3715277777777778 0.26171875 0.3819444444444444 0.26171875 0.3993055555555556 0.259765625 0.4027777777777778 0.259765625 0.4097222222222222 0.25390625 0.4166666666666667 0.26171875 0.4444444444444444 0.2578125 0.4583333333333333 0.263671875 0.4791666666666667 0.26953125 0.4861111111111111 0.271484375 0.4930555555555556 0.271484375 0.5034722222222222 0.267578125 0.5034722222222222 0.259765625 0.4895833333333333 0.251953125 0.46875 0.248046875 0.4756944444444444 0.248046875 0.4826388888888889 0.259765625 0.5138888888888888 0.259765625 0.5208333333333334 0.255859375 0.5277777777777778 0.251953125 0.5277777777777778 0.251953125 0.5138888888888888 0.2421875 0.4930555555555556 0.2421875 0.4826388888888889 0.23828125 0.4722222222222222 0.236328125 0.4513888888888889 0.232421875 0.4375 0.234375 0.4201388888888889 0.232421875 0.4166666666666667 0.232421875 0.3993055555555556 0.228515625 0.3854166666666667 0.228515625 0.375 0.234375 0.3680555555555556 0.23828125 0.3680555555555556 0.2421875 0.3576388888888889 0.2421875 0.3506944444444444
2 0.4765625 0.3888888888888889 0.48046875 0.3958333333333333 0.48046875 0.4027777777777778 0.486328125 0.4097222222222222 0.494140625 0.4270833333333333 0.494140625 0.4375 0.49609375 0.4409722222222222 0.494140625 0.4444444444444444 0.494140625 0.4548611111111111 0.498046875 0.4722222222222222 0.498046875 0.5 0.494140625 0.5173611111111112 0.494140625 0.5347222222222222 0.498046875 0.5381944444444444 0.501953125 0.5486111111111112 0.513671875 0.5659722222222222 0.51171875 0.5833333333333334 0.509765625 0.5902777777777778 0.505859375 0.59375 0.50390625 0.59375 0.50390625 0.5729166666666666 0.501953125 0.5659722222222222 0.494140625 0.5520833333333334 0.482421875 0.5416666666666666 0.482421875 0.5347222222222222 0.478515625 0.5208333333333334 0.4765625 0.5208333333333334 0.470703125 0.53125 0.470703125 0.5486111111111112 0.466796875 0.5555555555555556 0.466796875 0.5868055555555556 0.46484375 0.5902777777777778 0.4609375 0.5902777777777778 0.458984375 0.5868055555555556 0.458984375 0.5798611111111112 0.4609375 0.5763888888888888 0.4609375 0.5381944444444444 0.46484375 0.53125 0.46484375 0.5243055555555556 0.466796875 0.5208333333333334 0.46484375 0.4965277777777778 0.46875 0.4861111111111111 0.46875 0.4791666666666667 0.466796875 0.4756944444444444 0.466796875 0.4409722222222222 0.46484375 0.4375 0.46484375 0.4236111111111111 0.466796875 0.4201388888888889 0.46484375 0.4166666666666667 0.46484375 0.3993055555555556 0.46875 0.3888888888888889 0.474609375 0.3888888888888889
2 0.5859375 0.2638888888888889 0.58984375 0.28125 0.595703125 0.2881944444444444 0.603515625 0.3055555555555556 0.609375 0.3298611111111111 0.609375 0.34375 0.611328125 0.3472222222222222 0.611328125 0.3784722222222222 0.607421875 0.3888888888888889 0.611328125 0.4027777777777778 0.619140625 0.4166666666666667 0.619140625 0.4201388888888889 0.615234375 0.4236111111111111 0.60546875 0.4236111111111111 0.607421875 0.4097222222222222 0.587890625 0.3715277777777778 0.580078125 0.3715277777777778 0.576171875 0.3680555555555556 0.572265625 0.3611111111111111 0.578125 0.3472222222222222 0.57421875 0.3402777777777778 0.568359375 0.3402777777777778 0.56640625 0.3368055555555556 0.578125 0.3263888888888889 0.578125 0.3090277777777778 0.57421875 0.2951388888888889 0.57421875 0.2777777777777778 0.572265625 0.2708333333333333 0.576171875 0.2604166666666667 0.58203125 0.2604166666666667 0.583984375 0.2638888888888889
2 0.337890625 0.3958333333333333 0.341796875 0.40625 0.3515625 0.4201388888888889 0.353515625 0.4409722222222222 0.35546875 0.4444444444444444 0.35546875 0.4583333333333333 0.35546875 0.4513888888888889 0.3515625 0.4409722222222222 0.345703125 0.4340277777777778 0.341796875 0.4340277777777778 0.3359375 0.4444444444444444 0.3359375 0.4513888888888889 0.328125 0.4548611111111111 0.32421875 0.4652777777777778 0.314453125 0.4791666666666667 0.310546875 0.4791666666666667 0.310546875 0.4722222222222222 0.3203125 0.4513888888888889 0.3203125 0.4340277777777778 0.326171875 0.4131944444444444 0.326171875 0.3993055555555556 0.33203125 0.3923611111111111 0.3359375 0.3958333333333333