0 0.83984375 0.3125 0.83984375 0.3298611111111111 0.830078125 0.3368055555555556 0.82421875 0.3368055555555556 0.82421875 0.3125 0.826171875 0.3090277777777778 0.8359375 0.3090277777777778 0.837890625 0.3125
0 0.998046875 0.5347222222222222 0.998046875 0.5659722222222222 0.9921875 0.5659722222222222 0.98828125 0.5590277777777778 0.98828125 0.5451388888888888 0.990234375 0.5381944444444444 0.99609375 0.5347222222222222
0 0.49609375 0.3784722222222222 0.5 0.3854166666666667 0.501953125 0.3993055555555556 0.4921875 0.4097222222222222 0.48828125 0.4097222222222222 0.486328125 0.40625 0.482421875 0.3888888888888889 0.48828125 0.3784722222222222 0.494140625 0.3784722222222222
0 0.681640625 0.4375 0.685546875 0.4409722222222222 0.6875 0.4479166666666667 0.6875 0.4583333333333333 0.68359375 0.4652777777777778 0.6796875 0.4652777777777778 0.677734375 0.46875 0.673828125 0.4652777777777778 0.66796875 0.4513888888888889 0.673828125 0.4375 0.6796875 0.4375
0 0.6953125 0.5868055555555556 0.693359375 0.5729166666666666 0.697265625 0.5625 0.703125 0.5625 0.708984375 0.5763888888888888 0.708984375 0.5833333333333334 0.705078125 0.5868055555555556 0.697265625 0.5868055555555556
0 0.583984375 0.4409722222222222 0.5859375 0.4479166666666667 0.583984375 0.4513888888888889 0.583984375 0.4618055555555556 0.580078125 0.46875 0.576171875 0.4652777777777778 0.5703125 0.4652777777777778 0.568359375 0.4618055555555556 0.568359375 0.4548611111111111 0.5703125 0.4513888888888889 0.5703125 0.4444444444444444 0.57421875 0.4375 0.580078125 0.4375 0.58203125 0.4409722222222222
0 0.58203125 0.3055555555555556 0.587890625 0.3125 0.58984375 0.3194444444444444 0.58984375 0.3298611111111111 0.58203125 0.3402777777777778 0.57421875 0.3402777777777778 0.57421875 0.3298611111111111 0.572265625 0.3263888888888889 0.572265625 0.3159722222222222 0.578125 0.3055555555555556 0.580078125 0.3055555555555556
0 0.724609375 0.40625 0.73046875 0.4131944444444444 0.73046875 0.4201388888888889 0.732421875 0.4236111111111111 0.73046875 0.4305555555555556 0.7265625 0.4340277777777778 0.716796875 0.4340277777777778 0.71484375 0.4270833333333333 0.71484375 0.4166666666666667 0.716796875 0.4097222222222222 0.72265625 0.40625
0 0.33984375 0.375 0.341796875 0.3819444444444444 0.341796875 0.3993055555555556 0.33984375 0.40625 0.3359375 0.40625 0.333984375 0.4097222222222222 0.328125 0.3993055555555556 0.328125 0.3854166666666667 0.33203125 0.375 0.337890625 0.375
1 0.841796875 0.3333333333333333 0.845703125 0.3472222222222222 0.845703125 0.3680555555555556 0.84765625 0.3715277777777778 0.845703125 0.3923611111111111 0.84765625 0.3958333333333333 0.84765625 0.40625 0.83203125 0.4027777777777778 0.8203125 0.3888888888888889 0.8203125 0.3680555555555556 0.82421875 0.3541666666666667 0.82421875 0.34375 0.83984375 0.3333333333333333
1 0.998046875 0.5694444444444444 0.998046875 0.6354166666666666 0.990234375 0.6354166666666666 0.990234375 0.6041666666666666 0.986328125 0.5868055555555556 0.986328125 0.5763888888888888 0.990234375 0.5694444444444444 0.99609375 0.5694444444444444
1 0.32421875 0.3993055555555556 0.328125 0.3993055555555556 0.33203125 0.4097222222222222 0.337890625 0.4097222222222222 0.341796875 0.4027777777777778 0.345703125 0.4027777777777778 0.349609375 0.4097222222222222 0.353515625 0.4270833333333333 0.34765625 0.4409722222222222 0.34765625 0.4513888888888889 0.345703125 0.4548611111111111 0.3359375 0.4548611111111111 0.328125 0.4236111111111111 0.32421875 0.4166666666666667 0.318359375 0.4166666666666667 0.318359375 0.4131944444444444 0.322265625 0.4097222222222222 0.32421875 0.4027777777777778
1 0.505859375 0.3993055555555556 0.517578125 0.4375 0.517578125 0.4548611111111111 0.515625 0.4583333333333333 0.515625 0.4652777777777778 0.51171875 0.46875 0.5 0.4652777777777778 0.5 0.4444444444444444 0.501953125 0.4409722222222222 0.498046875 0.4340277777777778 0.494140625 0.4375 0.490234375 0.4201388888888889 0.490234375 0.4131944444444444 0.4921875 0.4097222222222222 0.50390625 0.3993055555555556
1 0.6953125 0.4618055555555556 0.703125 0.4826388888888889 0.705078125 0.5069444444444444 0.712890625 0.5277777777777778 0.705078125 0.5347222222222222 0.6953125 0.5347222222222222 0.693359375 0.5381944444444444 0.689453125 0.5381944444444444 0.69140625 0.5347222222222222 0.689453125 0.53125 0.689453125 0.5138888888888888 0.68359375 0.5034722222222222 0.68359375 0.5 0.6796875 0.4930555555555556 0.671875 0.4930555555555556 0.671875 0.4861111111111111 0.6796875 0.46875 0.6875 0.4618055555555556 0.693359375 0.4618055555555556
1 0.5859375 0.4444444444444444 0.591796875 0.4444444444444444 0.6015625 0.4548611111111111 0.609375 0.46875 0.611328125 0.4756944444444444 0.611328125 0.4895833333333333 0.61328125 0.4930555555555556 0.611328125 0.5 0.6015625 0.5034722222222222 0.59765625 0.4965277777777778 0.587890625 0.4895833333333333 0.583984375 0.4791666666666667 0.583984375 0.4548611111111111 0.5859375 0.4479166666666667
1 0.720703125 0.5902777777777778 0.73828125 0.625 0.744140625 0.6458333333333334 0.744140625 0.65625 0.7421875 0.6597222222222222 0.736328125 0.6597222222222222 0.734375 0.65625 0.73046875 0.6631944444444444 0.7265625 0.6631944444444444 0.724609375 0.6666666666666666 0.71484375 0.6666666666666666 0.712890625 0.6701388888888888 0.703125 0.6701388888888888 0.69921875 0.6631944444444444 0.69140625 0.6701388888888888 0.6875 0.6701388888888888 0.6875 0.625 0.685546875 0.6215277777777778 0.685546875 0.6006944444444444 0.6953125 0.5902777777777778 0.705078125 0.5902777777777778 0.70703125 0.5868055555555556 0.716796875 0.5868055555555556 0.71875 0.5902777777777778
1 0.578125 0.34375 0.5859375 0.3368055555555556 0.591796875 0.3368055555555556 0.59765625 0.3506944444444444 0.599609375 0.3715277777777778 0.6015625 0.375 0.595703125 0.3923611111111111 0.5859375 0.3923611111111111 0.5859375 0.3854166666666667 0.578125 0.3645833333333333 0.578125 0.3472222222222222
1 0.73828125 0.4305555555555556 0.7421875 0.4375 0.7421875 0.4722222222222222 0.740234375 0.4756944444444444 0.7421875 0.4826388888888889 0.7421875 0.5 0.740234375 0.5034722222222222 0.740234375 0.5104166666666666 0.7265625 0.5104166666666666 0.72265625 0.5069444444444444 0.72265625 0.5 0.724609375 0.4965277777777778 0.724609375 0.4756944444444444 0.72265625 0.4722222222222222 0.72265625 0.4652777777777778 0.712890625 0.4513888888888889 0.712890625 0.4444444444444444 0.71484375 0.4409722222222222 0.71875 0.4375 0.724609375 0.4375 0.73046875 0.4305555555555556 0.736328125 0.4305555555555556
2 0.83984375 0.3125 0.83984375 0.3263888888888889 0.845703125 0.3472222222222222 0.845703125 0.3645833333333333 0.84765625 0.3680555555555556 0.84765625 0.4236111111111111 0.841796875 0.4375 0.83984375 0.4513888888888889 0.853515625 0.4722222222222222 0.861328125 0.4756944444444444 0.861328125 0.4965277777777778 0.85546875 0.5069444444444444 0.853515625 0.5034722222222222 0.853515625 0.4930555555555556 0.841796875 0.4722222222222222 0.837890625 0.4722222222222222 0.8359375 0.4756944444444444 0.8359375 0.4895833333333333 0.83984375 0.5 0.83984375 0.5208333333333334 0.82421875 0.5208333333333334 0.8203125 0.5173611111111112 0.8203125 0.5138888888888888 0.828125 0.5034722222222222 0.826171875 0.4895833333333333 0.822265625 0.4791666666666667 0.822265625 0.4722222222222222 0.818359375 0.4618055555555556 0.818359375 0.4513888888888889 0.8203125 0.4479166666666667 0.8203125 0.4270833333333333 0.82421875 0.4166666666666667 0.82421875 0.4097222222222222 0.8203125 0.4027777777777778 0.818359375 0.40625 0.8125 0.40625 0.810546875 0.4027777777777778 0.8203125 0.3888888888888889 0.8203125 0.3680555555555556 0.82421875 0.3576388888888889 0.82421875 0.3125 0.826171875 0.3090277777777778 0.8359375 0.3090277777777778 0.837890625 0.3125
2 0.49609375 0.3784722222222222 0.509765625 0.40625 0.509765625 0.4131944444444444 0.517578125 0.4375 0.517578125 0.4444444444444444 0.5234375 0.4583333333333333 0.5234375 0.4652777777777778 0.52734375 0.4722222222222222 0.5390625 0.4722222222222222 0.544921875 0.4861111111111111 0.544921875 0.4965277777777778 0.533203125 0.4861111111111111 0.52734375 0.4861111111111111 0.525390625 0.4895833333333333 0.525390625 0.5034722222222222 0.533203125 0.5104166666666666 0.533203125 0.5138888888888888 0.525390625 0.5243055555555556 0.515625 0.5243055555555556 0.509765625 0.5173611111111112 0.509765625 0.5104166666666666 0.5 0.4930555555555556 0.5 0.4791666666666667 0.501953125 0.4722222222222222 0.498046875 0.4652777777777778 0.48828125 0.4652777777777778 0.486328125 0.4618055555555556 0.482421875 0.4618055555555556 0.4765625 0.46875 0.47265625 0.46875 0.470703125 0.4618055555555556 0.47265625 0.4513888888888889 0.486328125 0.4548611111111111 0.4921875 0.4479166666666667 0.494140625 0.4409722222222222 0.4921875 0.4375 0.4921875 0.4236111111111111 0.482421875 0.3888888888888889 0.48828125 0.3784722222222222 0.494140625 0.3784722222222222
2 0.712890625 0.5833333333333334 0.724609375 0.5972222222222222 0.724609375 0.6006944444444444 0.73828125 0.625 0.744140625 0.6458333333333334 0.744140625 0.6701388888888888 0.73828125 0.6631944444444444 0.736328125 0.6666666666666666 0.73828125 0.6944444444444444 0.740234375 0.7013888888888888 0.767578125 0.7465277777777778 0.76953125 0.7534722222222222 0.76953125 0.7673611111111112 0.767578125 0.7673611111111112 0.755859375 0.7430555555555556 0.74609375 0.7361111111111112 0.734375 0.7222222222222222 0.732421875 0.7222222222222222 0.73046875 0.7291666666666666 0.734375 0.7395833333333334 0.74609375 0.7569444444444444 0.74609375 0.7673611111111112 0.732421875 0.7673611111111112 0.73046875 0.7638888888888888 0.73046875 0.7534722222222222 0.71875 0.7395833333333334 0.7109375 0.7256944444444444 0.7109375 0.7222222222222222 0.70703125 0.71875 0.703125 0.7048611111111112 0.703125 0.6736111111111112 0.701171875 0.6666666666666666 0.69921875 0.6631944444444444 0.689453125 0.6770833333333334 0.685546875 0.6770833333333334 0.685546875 0.6631944444444444 0.6875 0.6597222222222222 0.685546875 0.6006944444444444 0.6953125 0.5868055555555556 0.6953125 0.5659722222222222 0.697265625 0.5625 0.703125 0.5625 0.708984375 0.5729166666666666 0.708984375 0.5798611111111112 0.7109375 0.5833333333333334
2 0.998046875 0.5347222222222222 0.998046875 0.7361111111111112 0.9921875 0.7326388888888888 0.994140625 0.7222222222222222 0.998046875 0.7152777777777778 0.982421875 0.6736111111111112 0.982421875 0.65625 0.990234375 0.6458333333333334 0.990234375 0.6354166666666666 0.98828125 0.6319444444444444 0.990234375 0.6284722222222222 0.990234375 0.6006944444444444 0.986328125 0.5833333333333334 0.986328125 0.5763888888888888 0.990234375 0.5659722222222222 0.98828125 0.5590277777777778 0.98828125 0.5451388888888888 0.990234375 0.5381944444444444 0.99609375 0.5347222222222222
2 0.33984375 0.375 0.341796875 0.3819444444444444 0.341796875 0.3993055555555556 0.349609375 0.4097222222222222 0.353515625 0.4236111111111111 0.35546875 0.4618055555555556 0.361328125 0.4722222222222222 0.376953125 0.4826388888888889 0.376953125 0.4895833333333333 0.37109375 0.5034722222222222 0.361328125 0.5034722222222222 0.365234375 0.4930555555555556 0.361328125 0.4861111111111111 0.34765625 0.4756944444444444 0.341796875 0.4756944444444444 0.333984375 0.4652777777777778 0.32421875 0.4722222222222222 0.31640625 0.4722222222222222 0.31640625 0.4618055555555556 0.33203125 0.4375 0.32421875 0.4166666666666667 0.3203125 0.4236111111111111 0.318359375 0.4340277777777778 0.310546875 0.4340277777777778 0.310546875 0.4236111111111111 0.32421875 0.4027777777777778 0.328125 0.3923611111111111 0.330078125 0.3784722222222222 0.33203125 0.375 0.337890625 0.375
2 0.681640625 0.4375 0.685546875 0.4409722222222222 0.6875 0.4513888888888889 0.69921875 0.46875 0.69921875 0.4756944444444444 0.705078125 0.4895833333333333 0.705078125 0.5034722222222222 0.708984375 0.5173611111111112 0.71484375 0.5243055555555556 0.71484375 0.53125 0.720703125 0.5416666666666666 0.72265625 0.5729166666666666 0.732421875 0.59375 0.732421875 0.6006944444444444 0.73046875 0.6041666666666666 0.7265625 0.6006944444444444 0.7265625 0.5972222222222222 0.716796875 0.5798611111111112 0.7109375 0.5798611111111112 0.7109375 0.5729166666666666 0.701171875 0.5590277777777778 0.697265625 0.5625 0.685546875 0.5625 0.681640625 0.5694444444444444 0.681640625 0.5833333333333334 0.68359375 0.5902777777777778 0.681640625 0.59375 0.67578125 0.59375 0.67578125 0.5868055555555556 0.66796875 0.5659722222222222 0.66796875 0.5555555555555556 0.677734375 0.5486111111111112 0.67578125 0.5069444444444444 0.671875 0.4965277777777778 0.671875 0.4861111111111111 0.67578125 0.4791666666666667 0.67578125 0.46875 0.66796875 0.4513888888888889 0.673828125 0.4375 0.6796875 0.4375
2 0.583984375 0.4409722222222222 0.5859375 0.4444444444444444 0.591796875 0.4444444444444444 0.595703125 0.4479166666666667 0.609375 0.46875 0.61328125 0.4861111111111111 0.61328125 0.4965277777777778 0.6171875 0.5034722222222222 0.630859375 0.5 0.63671875 0.5069444444444444 0.63671875 0.5173611111111112 0.634765625 0.5208333333333334 0.626953125 0.5208333333333334 0.619140625 0.5104166666666666 0.615234375 0.5104166666666666 0.609375 0.5243055555555556 0.609375 0.5277777777777778 0.615234375 0.5381944444444444 0.615234375 0.5451388888888888 0.61328125 0.5451388888888888 0.60546875 0.5625 0.6015625 0.5625 0.6015625 0.5486111111111112 0.59765625 0.5416666666666666 0.59375 0.5381944444444444 0.583984375 0.5381944444444444 0.578125 0.53125 0.578125 0.5208333333333334 0.5859375 0.5138888888888888 0.591796875 0.5034722222222222 0.591796875 0.4965277777777778 0.5859375 0.4861111111111111 0.583984375 0.4756944444444444 0.580078125 0.46875 0.576171875 0.46875 0.57421875 0.4652777777777778 0.572265625 0.46875 0.568359375 0.4618055555555556 0.568359375 0.4548611111111111 0.5703125 0.4513888888888889 0.5703125 0.4444444444444444 0.57421875 0.4375 0.580078125 0.4375 0.58203125 0.4409722222222222
2 0.58203125 0.3055555555555556 0.58984375 0.3194444444444444 0.58984375 0.3263888888888889 0.59765625 0.3506944444444444 0.599609375 0.3645833333333333 0.603515625 0.3715277777777778 0.603515625 0.3784722222222222 0.611328125 0.40625 0.619140625 0.4201388888888889 0.62890625 0.4270833333333333 0.634765625 0.4270833333333333 0.638671875 0.4340277777777778 0.638671875 0.4513888888888889 0.62109375 0.4305555555555556 0.603515625 0.4270833333333333 0.595703125 0.4166666666666667 0.5859375 0.4236111111111111 0.58203125 0.4340277777777778 0.57421875 0.4340277777777778 0.57421875 0.4201388888888889 0.583984375 0.4027777777777778 0.5859375 0.3888888888888889 0.583984375 0.3854166666666667 0.583984375 0.3784722222222222 0.580078125 0.3715277777777778 0.576171875 0.3715277777777778 0.5703125 0.3784722222222222 0.56640625 0.3784722222222222 0.564453125 0.375 0.568359375 0.3680555555555556 0.572265625 0.3680555555555556 0.578125 0.3576388888888889 0.578125 0.3506944444444444 0.572265625 0.3298611111111111 0.572265625 0.3159722222222222 0.578125 0.3055555555555556 0.580078125 0.3055555555555556
2 0.724609375 0.40625 0.732421875 0.4166666666666667 0.732421875 0.4236111111111111 0.736328125 0.4305555555555556 0.740234375 0.4305555555555556 0.7421875 0.4340277777777778 0.75 0.46875 0.75 0.4930555555555556 0.748046875 0.4965277777777778 0.748046875 0.5069444444444444 0.73828125 0.5208333333333334 0.73828125 0.5243055555555556 0.73046875 0.5381944444444444 0.728515625 0.5520833333333334 0.724609375 0.5590277777777778 0.72265625 0.5416666666666666 0.716796875 0.53125 0.716796875 0.5243055555555556 0.71484375 0.5208333333333334 0.716796875 0.5034722222222222 0.712890625 0.4861111111111111 0.712890625 0.4444444444444444 0.716796875 0.4375 0.71484375 0.4166666666666667 0.716796875 0.4097222222222222 0.72265625 0.40625