0 0.853515625 0.2361111111111111 0.85546875 0.24305555555555555 0.85546875 0.2534722222222222 0.845703125 0.2638888888888889 0.841796875 0.2638888888888889 0.83984375 0.2604166666666667 0.83984375 0.23958333333333334 0.84375 0.2326388888888889 0.849609375 0.2326388888888889 0.8515625 0.2361111111111111
0 0.642578125 0.24305555555555555 0.64453125 0.2569444444444444 0.640625 0.2673611111111111 0.62890625 0.2604166666666667 0.62890625 0.2465277777777778 0.6328125 0.23958333333333334 0.638671875 0.23958333333333334 0.640625 0.24305555555555555
0 0.51953125 0.3541666666666667 0.5234375 0.3611111111111111 0.5234375 0.375 0.5078125 0.3715277777777778 0.509765625 0.3576388888888889 0.51171875 0.3541666666666667 0.517578125 0.3541666666666667
0 0.279296875 0.375 0.283203125 0.3854166666666667 0.283203125 0.3958333333333333 0.275390625 0.4027777777777778 0.271484375 0.4027777777777778 0.267578125 0.3958333333333333 0.267578125 0.3784722222222222 0.2734375 0.3715277777777778 0.27734375 0.375
0 0.91015625 0.8680555555555556 0.91796875 0.8784722222222222 0.91796875 0.8958333333333334 0.916015625 0.8993055555555556 0.90625 0.8993055555555556 0.904296875 0.9027777777777778 0.90234375 0.8993055555555556 0.8984375 0.8993055555555556 0.8984375 0.8923611111111112 0.900390625 0.8888888888888888 0.900390625 0.8784722222222222 0.90234375 0.8715277777777778 0.908203125 0.8680555555555556
0 0.5377604166666666 0.3351851851851852 0.019270833333333334 0.044444444444444446
0 0.9765625 0.8958333333333334 0.98046875 0.9027777777777778 0.98046875 0.9166666666666666 0.982421875 0.9201388888888888 0.98046875 0.9236111111111112 0.97265625 0.9236111111111112 0.970703125 0.9270833333333334 0.96484375 0.9270833333333334 0.962890625 0.9236111111111112 0.962890625 0.90625 0.96875 0.8958333333333334 0.974609375 0.8958333333333334
0 0.447265625 0.4618055555555556 0.451171875 0.46875 0.451171875 0.4826388888888889 0.4453125 0.4930555555555556 0.44140625 0.4930555555555556 0.435546875 0.4826388888888889 0.435546875 0.46875 0.439453125 0.4618055555555556 0.4453125 0.4618055555555556
0 0.392578125 0.4479166666666667 0.400390625 0.4583333333333333 0.400390625 0.4756944444444444 0.396484375 0.4826388888888889 0.388671875 0.4826388888888889 0.3828125 0.46875 0.3828125 0.4548611111111111 0.390625 0.4479166666666667
0 0.5645833333333333 0.4041666666666666 0.016666666666666666 0.03796296296296296
0 0.453125 0.3368055555555556 0.458984375 0.34375 0.458984375 0.3506944444444444 0.4609375 0.3541666666666667 0.4609375 0.3611111111111111 0.458984375 0.3645833333333333 0.453125 0.3645833333333333 0.44921875 0.3576388888888889 0.4453125 0.3576388888888889 0.443359375 0.3541666666666667 0.4453125 0.3402777777777778 0.451171875 0.3368055555555556
0 0.4296875 0.5659722222222222 0.431640625 0.5868055555555556 0.43359375 0.5902777777777778 0.4296875 0.5972222222222222 0.42578125 0.5972222222222222 0.421875 0.5868055555555556 0.421875 0.5694444444444444 0.427734375 0.5659722222222222
0 0.48046875 0.4097222222222222 0.48046875 0.4166666666666667 0.478515625 0.4201388888888889 0.47265625 0.4201388888888889 0.47265625 0.4131944444444444 0.478515625 0.4097222222222222
1 0.859375 0.2604166666666667 0.86328125 0.2673611111111111 0.865234375 0.28125 0.869140625 0.2881944444444444 0.869140625 0.3055555555555556 0.865234375 0.3055555555555556 0.86328125 0.3090277777777778 0.859375 0.2916666666666667 0.853515625 0.28125 0.849609375 0.2847222222222222 0.845703125 0.2847222222222222 0.84375 0.28125 0.84375 0.2673611111111111 0.845703125 0.2638888888888889 0.857421875 0.2604166666666667
1 0.5078125 0.375 0.517578125 0.375 0.521484375 0.3819444444444444 0.521484375 0.3923611111111111 0.5234375 0.3958333333333333 0.533203125 0.3993055555555556 0.53125 0.40625 0.51953125 0.40625 0.515625 0.4131944444444444 0.515625 0.4236111111111111 0.513671875 0.4305555555555556 0.5 0.4305555555555556 0.498046875 0.4236111111111111 0.5 0.3993055555555556 0.5078125 0.3784722222222222
1 0.92578125 0.9340277777777778 0.921875 0.9236111111111112 0.91796875 0.9270833333333334 0.919921875 0.9305555555555556 0.919921875 0.9479166666666666 0.92578125 0.9583333333333334 0.923828125 0.9618055555555556 0.919921875 0.9618055555555556 0.90625 0.9756944444444444 0.900390625 0.9722222222222222 0.896484375 0.9618055555555556 0.896484375 0.9409722222222222 0.8984375 0.9375 0.896484375 0.9097222222222222 0.8984375 0.90625 0.92578125 0.9027777777777778 0.92578125 0.9305555555555556
1 0.541015625 0.40625 0.5390625 0.3993055555555556 0.5390625 0.3854166666666667 0.541015625 0.3784722222222222 0.53515625 0.3680555555555556 0.53515625 0.3611111111111111 0.546875 0.3402777777777778 0.552734375 0.3472222222222222 0.560546875 0.375 0.560546875 0.3819444444444444 0.548828125 0.40625 0.54296875 0.40625
1 0.982421875 0.9236111111111112 0.994140625 0.9409722222222222 0.978515625 0.9409722222222222 0.97265625 0.9513888888888888 0.96484375 0.9444444444444444 0.96484375 0.9340277777777778 0.98046875 0.9236111111111112
1 0.43359375 0.4722222222222222 0.435546875 0.4826388888888889 0.443359375 0.4965277777777778 0.443359375 0.5034722222222222 0.439453125 0.5069444444444444 0.43359375 0.5069444444444444 0.431640625 0.5104166666666666 0.42578125 0.5104166666666666 0.423828125 0.5069444444444444 0.423828125 0.4930555555555556 0.421875 0.4895833333333333 0.423828125 0.4791666666666667 0.431640625 0.4722222222222222
1 0.380859375 0.46875 0.38671875 0.4826388888888889 0.390625 0.4861111111111111 0.396484375 0.4861111111111111 0.3984375 0.4826388888888889 0.400390625 0.4861111111111111 0.400390625 0.4930555555555556 0.3984375 0.4965277777777778 0.3984375 0.5173611111111112 0.38671875 0.53125 0.376953125 0.53125 0.37109375 0.5243055555555556 0.37109375 0.5208333333333334 0.3671875 0.5173611111111112 0.36328125 0.5069444444444444 0.361328125 0.5104166666666666 0.357421875 0.5069444444444444 0.34765625 0.5069444444444444 0.34765625 0.5 0.353515625 0.4930555555555556 0.35546875 0.4861111111111111 0.365234375 0.4791666666666667 0.373046875 0.46875 0.37890625 0.46875
1 0.4765625 0.3819444444444444 0.482421875 0.3888888888888889 0.482421875 0.4027777777777778 0.48046875 0.40625 0.48046875 0.4131944444444444 0.474609375 0.4201388888888889 0.470703125 0.4305555555555556 0.458984375 0.4270833333333333 0.451171875 0.4201388888888889 0.44921875 0.3958333333333333 0.453125 0.3819444444444444 0.474609375 0.3819444444444444
1 0.443359375 0.3576388888888889 0.458984375 0.3715277777777778 0.458984375 0.3784722222222222 0.455078125 0.3819444444444444 0.44921875 0.3958333333333333 0.44921875 0.4166666666666667 0.447265625 0.4201388888888889 0.43359375 0.4201388888888889 0.431640625 0.4166666666666667 0.42578125 0.4201388888888889 0.423828125 0.4166666666666667 0.423828125 0.4097222222222222 0.4296875 0.3888888888888889 0.4296875 0.375 0.43359375 0.3611111111111111 0.435546875 0.3576388888888889 0.44140625 0.3576388888888889
1 0.28515625 0.3993055555555556 0.29296875 0.40625 0.29296875 0.4201388888888889 0.2890625 0.4270833333333333 0.2890625 0.4340277777777778 0.291015625 0.4375 0.2890625 0.4513888888888889 0.291015625 0.4583333333333333 0.2890625 0.4618055555555556 0.275390625 0.4618055555555556 0.2734375 0.4652777777777778 0.26953125 0.4618055555555556 0.26953125 0.4548611111111111 0.2734375 0.4548611111111111 0.279296875 0.4479166666666667 0.279296875 0.4375 0.28125 0.4340277777777778 0.275390625 0.4236111111111111 0.265625 0.4305555555555556 0.2578125 0.4270833333333333 0.2578125 0.4131944444444444 0.26171875 0.40625 0.265625 0.4027777777777778 0.271484375 0.4027777777777778 0.2734375 0.40625 0.283203125 0.4027777777777778
1 0.5703125 0.4097222222222222 0.576171875 0.40625 0.580078125 0.4131944444444444 0.580078125 0.4270833333333333 0.572265625 0.4479166666666667 0.572265625 0.4583333333333333 0.560546875 0.46875 0.55078125 0.46875 0.546875 0.4652777777777778 0.546875 0.4201388888888889 0.55078125 0.4131944444444444 0.556640625 0.4131944444444444 0.5625 0.4236111111111111 0.56640625 0.4236111111111111 0.5703125 0.4131944444444444
1 0.435546875 0.5104166666666666 0.439453125 0.5104166666666666 0.44140625 0.5069444444444444 0.462890625 0.5069444444444444 0.470703125 0.5173611111111112 0.46875 0.5555555555555556 0.466796875 0.5590277777777778 0.453125 0.5590277777777778 0.451171875 0.5625 0.4453125 0.5625 0.443359375 0.5555555555555556 0.4453125 0.5416666666666666 0.44140625 0.5277777777777778 0.435546875 0.5208333333333334 0.435546875 0.5138888888888888
1 0.634765625 0.2638888888888889 0.638671875 0.2743055555555556 0.638671875 0.2847222222222222 0.626953125 0.3159722222222222 0.625 0.3159722222222222 0.619140625 0.3020833333333333 0.615234375 0.3020833333333333 0.615234375 0.2881944444444444 0.626953125 0.2638888888888889 0.6328125 0.2638888888888889
2 0.853515625 0.2361111111111111 0.85546875 0.25 0.861328125 0.2604166666666667 0.869140625 0.2881944444444444 0.869140625 0.2986111111111111 0.873046875 0.3090277777777778 0.873046875 0.3229166666666667 0.865234375 0.3402777777777778 0.86328125 0.3541666666666667 0.875 0.3958333333333333 0.873046875 0.3993055555555556 0.8671875 0.3993055555555556 0.865234375 0.3958333333333333 0.865234375 0.3819444444444444 0.85546875 0.3645833333333333 0.8515625 0.3819444444444444 0.8515625 0.3923611111111111 0.85546875 0.4027777777777778 0.85546875 0.4097222222222222 0.84765625 0.4166666666666667 0.841796875 0.4166666666666667 0.84765625 0.3958333333333333 0.84765625 0.3888888888888889 0.845703125 0.3854166666666667 0.845703125 0.3506944444444444 0.8515625 0.3333333333333333 0.8515625 0.3263888888888889 0.85546875 0.3194444444444444 0.85546875 0.3090277777777778 0.84765625 0.2881944444444444 0.84375 0.2847222222222222 0.84375 0.2708333333333333 0.83984375 0.2604166666666667 0.83984375 0.23958333333333334 0.84375 0.2326388888888889 0.849609375 0.2326388888888889 0.8515625 0.2361111111111111
2 0.521484375 0.3576388888888889 0.5234375 0.3611111111111111 0.521484375 0.3888888888888889 0.525390625 0.3958333333333333 0.529296875 0.3958333333333333 0.53515625 0.4027777777777778 0.533203125 0.4097222222222222 0.51953125 0.4097222222222222 0.515625 0.4236111111111111 0.5234375 0.4375 0.53125 0.4444444444444444 0.533203125 0.4513888888888889 0.53125 0.4583333333333333 0.533203125 0.4652777777777778 0.533203125 0.4756944444444444 0.529296875 0.4930555555555556 0.537109375 0.5069444444444444 0.537109375 0.5104166666666666 0.5234375 0.5104166666666666 0.521484375 0.5069444444444444 0.5234375 0.5 0.51953125 0.4930555555555556 0.515625 0.4930555555555556 0.513671875 0.4965277777777778 0.5 0.4965277777777778 0.48828125 0.5069444444444444 0.486328125 0.5034722222222222 0.484375 0.4756944444444444 0.48828125 0.46875 0.48828125 0.4618055555555556 0.498046875 0.4409722222222222 0.5 0.3993055555555556 0.505859375 0.3819444444444444 0.5078125 0.3645833333333333 0.51171875 0.3541666666666667 0.517578125 0.3541666666666667 0.51953125 0.3576388888888889
2 0.90234375 0.8715277777777778 0.90625 0.8715277777777778 0.908203125 0.8680555555555556 0.9140625 0.8715277777777778 0.91796875 0.8784722222222222 0.91796875 0.8923611111111112 0.92578125 0.9027777777777778 0.92578125 0.9166666666666666 0.931640625 0.9444444444444444 0.931640625 0.9652777777777778 0.9296875 0.96875 0.93359375 0.9861111111111112 0.93359375 0.9965277777777778 0.900390625 0.9965277777777778 0.900390625 0.9861111111111112 0.8984375 0.9826388888888888 0.884765625 0.9895833333333334 0.88671875 0.9722222222222222 0.896484375 0.9513888888888888 0.896484375 0.90625 0.8984375 0.9027777777777778 0.8984375 0.8923611111111112 0.90234375 0.875
2 0.53125 0.4131944444444444 0.537109375 0.40625 0.537109375 0.3993055555555556 0.5390625 0.3958333333333333 0.537109375 0.3923611111111111 0.5390625 0.3784722222222222 0.529296875 0.3645833333333333 0.529296875 0.3229166666666667 0.533203125 0.3159722222222222 0.54296875 0.3159722222222222 0.546875 0.3368055555555556 0.552734375 0.3472222222222222 0.5625 0.3819444444444444 0.556640625 0.3923611111111111 0.5546875 0.4027777777777778 0.546875 0.4166666666666667 0.544921875 0.4270833333333333 0.541015625 0.4270833333333333 0.53515625 0.4375 0.533203125 0.4479166666666667 0.52734375 0.4409722222222222 0.52734375 0.4305555555555556 0.53125 0.4166666666666667
2 0.978515625 0.8993055555555556 0.98046875 0.9027777777777778 0.982421875 0.9201388888888888 0.994140625 0.9409722222222222 0.994140625 0.9513888888888888 0.998046875 0.9618055555555556 0.998046875 0.9965277777777778 0.9765625 0.9965277777777778 0.9765625 0.9861111111111112 0.974609375 0.9826388888888888 0.9765625 0.9791666666666666 0.990234375 0.9791666666666666 0.9921875 0.9756944444444444 0.994140625 0.96875 0.994140625 0.9444444444444444 0.9921875 0.9409722222222222 0.98046875 0.9409722222222222 0.9765625 0.9444444444444444 0.97265625 0.9513888888888888 0.97265625 0.9618055555555556 0.970703125 0.9652777777777778 0.947265625 0.9618055555555556 0.935546875 0.9513888888888888 0.935546875 0.9479166666666666 0.939453125 0.9479166666666666 0.94140625 0.9513888888888888 0.958984375 0.9513888888888888 0.962890625 0.9479166666666666 0.96484375 0.9444444444444444 0.962890625 0.90625 0.96875 0.8958333333333334 0.974609375 0.8958333333333334 0.9765625 0.8993055555555556
2 0.470703125 0.5625 0.47265625 0.5590277777777778 0.478515625 0.5590277777777778 0.486328125 0.5694444444444444 0.48828125 0.5763888888888888 0.48828125 0.5972222222222222 0.4921875 0.6041666666666666 0.498046875 0.6041666666666666 0.501953125 0.59375 0.509765625 0.5902777777777778 0.517578125 0.6076388888888888 0.517578125 0.6180555555555556 0.515625 0.6215277777777778 0.509765625 0.6111111111111112 0.50390625 0.6111111111111112 0.501953125 0.6145833333333334 0.501953125 0.6284722222222222 0.49609375 0.6284722222222222 0.494140625 0.625 0.48046875 0.6284722222222222 0.48046875 0.625 0.474609375 0.6145833333333334 0.47265625 0.5659722222222222
2 0.482421875 0.5625 0.486328125 0.5659722222222222 0.486328125 0.5729166666666666 0.48828125 0.5763888888888888 0.48828125 0.6006944444444444 0.490234375 0.6041666666666666 0.49609375 0.6041666666666666 0.501953125 0.59375 0.509765625 0.5902777777777778 0.517578125 0.6076388888888888 0.517578125 0.6180555555555556 0.515625 0.6215277777777778 0.51171875 0.6180555555555556 0.509765625 0.6111111111111112 0.50390625 0.6076388888888888 0.501953125 0.6111111111111112 0.501953125 0.6284722222222222 0.49609375 0.6284722222222222 0.494140625 0.625 0.48046875 0.6284722222222222 0.47265625 0.6145833333333334 0.470703125 0.6180555555555556 0.470703125 0.6319444444444444 0.466796875 0.6354166666666666 0.462890625 0.6354166666666666 0.4609375 0.6319444444444444 0.4609375 0.6076388888888888 0.466796875 0.6076388888888888 0.470703125 0.6180555555555556 0.47265625 0.6145833333333334 0.474609375 0.59375 0.470703125 0.5763888888888888 0.470703125 0.5625 0.47265625 0.5590277777777778 0.478515625 0.5590277777777778 0.48046875 0.5625
2 0.447265625 0.4618055555555556 0.451171875 0.4722222222222222 0.451171875 0.4826388888888889 0.443359375 0.5034722222222222 0.435546875 0.5069444444444444 0.431640625 0.5138888888888888 0.431640625 0.5208333333333334 0.43359375 0.5243055555555556 0.43359375 0.53125 0.4296875 0.5451388888888888 0.431640625 0.5659722222222222 0.4296875 0.5729166666666666 0.423828125 0.5729166666666666 0.419921875 0.5798611111111112 0.423828125 0.59375 0.419921875 0.6006944444444444 0.419921875 0.6076388888888888 0.423828125 0.6180555555555556 0.421875 0.6215277777777778 0.416015625 0.6215277777777778 0.41015625 0.6145833333333334 0.41015625 0.6041666666666666 0.421875 0.5659722222222222 0.421875 0.5590277777777778 0.419921875 0.5555555555555556 0.419921875 0.53125 0.41796875 0.5277777777777778 0.419921875 0.5243055555555556 0.419921875 0.5138888888888888 0.423828125 0.4965277777777778 0.421875 0.4930555555555556 0.421875 0.4861111111111111 0.4296875 0.4722222222222222 0.43359375 0.4722222222222222 0.439453125 0.4618055555555556 0.4453125 0.4618055555555556
2 0.392578125 0.4479166666666667 0.400390625 0.4583333333333333 0.400390625 0.4965277777777778 0.3984375 0.5 0.3984375 0.5069444444444444 0.400390625 0.5104166666666666 0.400390625 0.5277777777777778 0.3984375 0.53125 0.388671875 0.5277777777777778 0.384765625 0.5347222222222222 0.384765625 0.5416666666666666 0.38671875 0.5451388888888888 0.38671875 0.5729166666666666 0.3828125 0.5763888888888888 0.373046875 0.5972222222222222 0.373046875 0.6006944444444444 0.37890625 0.6111111111111112 0.380859375 0.6111111111111112 0.37890625 0.6145833333333334 0.369140625 0.6145833333333334 0.36328125 0.6076388888888888 0.36328125 0.6006944444444444 0.37109375 0.5868055555555556 0.37109375 0.5798611111111112 0.373046875 0.5763888888888888 0.373046875 0.5590277777777778 0.369140625 0.5520833333333334 0.365234375 0.5590277777777778 0.361328125 0.5798611111111112 0.353515625 0.59375 0.345703125 0.6145833333333334 0.341796875 0.6284722222222222 0.341796875 0.6458333333333334 0.3359375 0.6388888888888888 0.3359375 0.6215277777777778 0.33984375 0.6111111111111112 0.34375 0.5868055555555556 0.3515625 0.5729166666666666 0.3515625 0.5520833333333334 0.35546875 0.5347222222222222 0.35546875 0.5138888888888888 0.353515625 0.5104166666666666 0.349609375 0.5104166666666666 0.341796875 0.5208333333333334 0.3359375 0.5208333333333334 0.333984375 0.5173611111111112 0.35546875 0.4861111111111111 0.365234375 0.4791666666666667 0.373046875 0.46875 0.37890625 0.46875 0.3828125 0.4618055555555556 0.3828125 0.4548611111111111 0.390625 0.4479166666666667
2 0.48046875 0.3819444444444444 0.48828125 0.3923611111111111 0.49609375 0.3958333333333333 0.498046875 0.3993055555555556 0.498046875 0.40625 0.484375 0.4027777777777778 0.48046875 0.4097222222222222 0.48046875 0.4166666666666667 0.474609375 0.4270833333333333 0.474609375 0.4444444444444444 0.470703125 0.4513888888888889 0.470703125 0.4618055555555556 0.466796875 0.4756944444444444 0.466796875 0.4826388888888889 0.47265625 0.4930555555555556 0.47265625 0.4965277777777778 0.46484375 0.4965277777777778 0.4609375 0.4861111111111111 0.453125 0.4756944444444444 0.451171875 0.4618055555555556 0.4609375 0.4513888888888889 0.4609375 0.4375 0.453125 0.4236111111111111 0.451171875 0.4236111111111111 0.451171875 0.4027777777777778 0.44921875 0.3958333333333333 0.451171875 0.3888888888888889 0.45703125 0.3819444444444444 0.478515625 0.3819444444444444
2 0.453125 0.3368055555555556 0.458984375 0.34375 0.458984375 0.3506944444444444 0.4609375 0.3541666666666667 0.458984375 0.3680555555555556 0.4609375 0.375 0.44921875 0.3923611111111111 0.44921875 0.4131944444444444 0.451171875 0.4166666666666667 0.451171875 0.4236111111111111 0.455078125 0.4270833333333333 0.4609375 0.4409722222222222 0.4609375 0.4513888888888889 0.458984375 0.4548611111111111 0.453125 0.4548611111111111 0.44921875 0.4618055555555556 0.4453125 0.4548611111111111 0.435546875 0.4583333333333333 0.419921875 0.4826388888888889 0.419921875 0.4895833333333333 0.412109375 0.5034722222222222 0.408203125 0.5034722222222222 0.408203125 0.4930555555555556 0.412109375 0.4756944444444444 0.419921875 0.4618055555555556 0.419921875 0.4548611111111111 0.421875 0.4513888888888889 0.421875 0.4166666666666667 0.4296875 0.3888888888888889 0.4296875 0.375 0.43359375 0.3611111111111111 0.44140625 0.3541666666666667 0.4453125 0.3402777777777778 0.451171875 0.3368055555555556
2 0.279296875 0.375 0.283203125 0.3854166666666667 0.283203125 0.3958333333333333 0.29296875 0.40625 0.29296875 0.4201388888888889 0.291015625 0.4236111111111111 0.291015625 0.4340277777777778 0.29296875 0.4375 0.291015625 0.4444444444444444 0.291015625 0.4618055555555556 0.294921875 0.4722222222222222 0.294921875 0.4791666666666667 0.298828125 0.4930555555555556 0.298828125 0.5069444444444444 0.302734375 0.5173611111111112 0.302734375 0.5347222222222222 0.310546875 0.5520833333333334 0.30859375 0.5555555555555556 0.3046875 0.5555555555555556 0.296875 0.5451388888888888 0.296875 0.53125 0.294921875 0.5277777777777778 0.29296875 0.5069444444444444 0.283203125 0.4826388888888889 0.28125 0.4826388888888889 0.271484375 0.5034722222222222 0.267578125 0.5208333333333334 0.26171875 0.5347222222222222 0.26171875 0.5416666666666666 0.255859375 0.5520833333333334 0.25 0.5520833333333334 0.248046875 0.5486111111111112 0.2578125 0.5277777777777778 0.2578125 0.5173611111111112 0.263671875 0.5034722222222222 0.263671875 0.4965277777777778 0.265625 0.4930555555555556 0.265625 0.4722222222222222 0.26171875 0.4652777777777778 0.26171875 0.4583333333333333 0.265625 0.4513888888888889 0.26171875 0.4444444444444444 0.26171875 0.4340277777777778 0.2578125 0.4270833333333333 0.2578125 0.4131944444444444 0.267578125 0.3993055555555556 0.267578125 0.3784722222222222 0.2734375 0.3715277777777778 0.27734375 0.375
2 0.564453125 0.3854166666666667 0.568359375 0.3888888888888889 0.572265625 0.4027777777777778 0.580078125 0.4131944444444444 0.580078125 0.4270833333333333 0.572265625 0.4513888888888889 0.572265625 0.4583333333333333 0.576171875 0.4722222222222222 0.576171875 0.4895833333333333 0.578125 0.4930555555555556 0.578125 0.5069444444444444 0.576171875 0.5104166666666666 0.576171875 0.5243055555555556 0.57421875 0.5277777777777778 0.572265625 0.5520833333333334 0.568359375 0.5555555555555556 0.56640625 0.5486111111111112 0.568359375 0.5416666666666666 0.568359375 0.5 0.5625 0.4895833333333333 0.55859375 0.4895833333333333 0.556640625 0.4930555555555556 0.556640625 0.5 0.55078125 0.5138888888888888 0.55078125 0.5277777777777778 0.552734375 0.53125 0.552734375 0.5381944444444444 0.55078125 0.5416666666666666 0.546875 0.5416666666666666 0.546875 0.5173611111111112 0.544921875 0.5138888888888888 0.546875 0.5104166666666666 0.546875 0.5034722222222222 0.544921875 0.5 0.544921875 0.4479166666666667 0.546875 0.4444444444444444 0.546875 0.4236111111111111 0.548828125 0.4166666666666667 0.556640625 0.40625 0.560546875 0.3888888888888889 0.5625 0.3888888888888889
2 0.45703125 0.4861111111111111 0.4609375 0.4965277777777778 0.4609375 0.5034722222222222 0.470703125 0.5173611111111112 0.46875 0.5486111111111112 0.470703125 0.5520833333333334 0.470703125 0.5902777777777778 0.47265625 0.59375 0.47265625 0.6111111111111112 0.478515625 0.625 0.48046875 0.6388888888888888 0.484375 0.6458333333333334 0.484375 0.65625 0.478515625 0.65625 0.4765625 0.6493055555555556 0.4765625 0.6388888888888888 0.47265625 0.6319444444444444 0.47265625 0.6215277777777778 0.470703125 0.6145833333333334 0.462890625 0.6006944444444444 0.45703125 0.6006944444444444 0.453125 0.5972222222222222 0.4453125 0.6041666666666666 0.439453125 0.6180555555555556 0.439453125 0.6284722222222222 0.435546875 0.6354166666666666 0.435546875 0.6631944444444444 0.423828125 0.6631944444444444 0.4296875 0.6458333333333334 0.4296875 0.6215277777777778 0.431640625 0.6180555555555556 0.431640625 0.6041666666666666 0.435546875 0.5902777777777778 0.435546875 0.5659722222222222 0.44140625 0.5520833333333334 0.44140625 0.5381944444444444 0.435546875 0.5208333333333334 0.435546875 0.5138888888888888 0.44140625 0.5069444444444444 0.447265625 0.5069444444444444 0.451171875 0.4965277777777778 0.451171875 0.4895833333333333 0.455078125 0.4861111111111111
2 0.533203125 0.4270833333333333 0.533203125 0.4131944444444444 0.5390625 0.3993055555555556 0.537109375 0.3923611111111111 0.5390625 0.3784722222222222 0.529296875 0.3576388888888889 0.529296875 0.3229166666666667 0.533203125 0.3159722222222222 0.54296875 0.3159722222222222 0.544921875 0.3194444444444444 0.544921875 0.3298611111111111 0.552734375 0.3472222222222222 0.5625 0.3819444444444444 0.5546875 0.3958333333333333 0.552734375 0.40625 0.544921875 0.4166666666666667 0.544921875 0.4236111111111111 0.54296875 0.4270833333333333 0.53515625 0.4270833333333333
2 0.642578125 0.24305555555555555 0.64453125 0.2604166666666667 0.640625 0.2708333333333333 0.640625 0.28125 0.64453125 0.2881944444444444 0.654296875 0.2881944444444444 0.65625 0.2847222222222222 0.6640625 0.2847222222222222 0.6640625 0.2881944444444444 0.654296875 0.2951388888888889 0.634765625 0.2951388888888889 0.6328125 0.2986111111111111 0.62890625 0.3159722222222222 0.62890625 0.3263888888888889 0.634765625 0.3402777777777778 0.634765625 0.3611111111111111 0.619140625 0.375 0.615234375 0.3819444444444444 0.61328125 0.3958333333333333 0.609375 0.3958333333333333 0.607421875 0.3923611111111111 0.609375 0.375 0.615234375 0.3541666666666667 0.611328125 0.34375 0.61328125 0.3368055555555556 0.607421875 0.3263888888888889 0.607421875 0.3090277777777778 0.615234375 0.2951388888888889 0.615234375 0.2881944444444444 0.626953125 0.2638888888888889 0.626953125 0.2534722222222222 0.62890625 0.2465277777777778 0.6328125 0.23958333333333334 0.638671875 0.23958333333333334 0.640625 0.24305555555555555