0 0.8515625 0.40625 0.85546875 0.4027777777777778 0.861328125 0.4027777777777778 0.865234375 0.4131944444444444 0.865234375 0.4201388888888889 0.861328125 0.4270833333333333 0.849609375 0.4270833333333333 0.849609375 0.4131944444444444 0.8515625 0.4097222222222222
0 0.5036458333333333 0.5365740740740741 0.016666666666666666 0.0287037037037037
0 0.546875 0.4409722222222222 0.548828125 0.4444444444444444 0.548828125 0.4583333333333333 0.546875 0.4652777777777778 0.537109375 0.4652777777777778 0.53515625 0.4583333333333333 0.537109375 0.4444444444444444 0.5390625 0.4409722222222222 0.544921875 0.4409722222222222
0 0.580078125 0.4618055555555556 0.580078125 0.4548611111111111 0.587890625 0.4444444444444444 0.58984375 0.4444444444444444 0.595703125 0.4548611111111111 0.595703125 0.4618055555555556 0.59375 0.4652777777777778 0.583984375 0.4652777777777778 0.58203125 0.4618055555555556
0 0 0.3958333333333333 0.00390625 0.3958333333333333 0.0078125 0.4027777777777778 0.0078125 0.4201388888888889 0 0.4236111111111111 0 0.3993055555555556
0 0.28619791666666666 0.07500000000000001 0.011979166666666666 0.027777777777777776
0 0.8515625 0.4930555555555556 0.85546875 0.5069444444444444 0.85546875 0.5208333333333334 0.841796875 0.5208333333333334 0.841796875 0.5034722222222222 0.84765625 0.4930555555555556 0.849609375 0.4930555555555556
0 0.5 0.5 0.5 0.4895833333333333 0.50390625 0.4791666666666667 0.513671875 0.4791666666666667 0.517578125 0.4895833333333333 0.517578125 0.4965277777777778 0.515625 0.5 0.501953125 0.5
0 0.484375 0.4930555555555556 0.490234375 0.5 0.4921875 0.5104166666666666 0.486328125 0.5173611111111112 0.48046875 0.5138888888888888 0.478515625 0.5069444444444444 0.48046875 0.5034722222222222 0.48046875 0.4965277777777778 0.482421875 0.4965277777777778
0 0.544921875 0.4305555555555556 0.548828125 0.4375 0.546875 0.4409722222222222 0.54296875 0.4375 0.537109375 0.4444444444444444 0.533203125 0.4444444444444444 0.53125 0.4409722222222222 0.537109375 0.4305555555555556 0.54296875 0.4305555555555556
0 0.09375 0.3819444444444444 0.09765625 0.3888888888888889 0.09765625 0.40625 0.095703125 0.4097222222222222 0.0859375 0.40625 0.08203125 0.3993055555555556 0.08203125 0.3888888888888889 0.0859375 0.3819444444444444 0.091796875 0.3819444444444444
0 0.619140625 0.4826388888888889 0.623046875 0.4791666666666667 0.62890625 0.4791666666666667 0.6328125 0.4965277777777778 0.630859375 0.5 0.619140625 0.5 0.6171875 0.4930555555555556 0.619140625 0.4861111111111111
0 0.470703125 0.4479166666666667 0.4765625 0.4548611111111111 0.4765625 0.4722222222222222 0.466796875 0.4722222222222222 0.462890625 0.4652777777777778 0.46484375 0.4513888888888889 0.46875 0.4513888888888889
0 0.79609375 0.48379629629629634 0.015104166666666667 0.021296296296296296
1 0.8671875 0.4270833333333333 0.873046875 0.4340277777777778 0.873046875 0.4618055555555556 0.87109375 0.4652777777777778 0.869140625 0.4895833333333333 0.8515625 0.4895833333333333 0.849609375 0.4826388888888889 0.845703125 0.4756944444444444 0.841796875 0.4756944444444444 0.83984375 0.46875 0.841796875 0.4652777777777778 0.841796875 0.4548611111111111 0.845703125 0.4444444444444444 0.845703125 0.4375 0.849609375 0.4305555555555556 0.861328125 0.4305555555555556 0.865234375 0.4270833333333333
1 0.6328125 0.5 0.63671875 0.5034722222222222 0.63671875 0.5104166666666666 0.634765625 0.5138888888888888 0.634765625 0.53125 0.630859375 0.5416666666666666 0.630859375 0.5520833333333334 0.62890625 0.5590277777777778 0.60546875 0.5590277777777778 0.60546875 0.5520833333333334 0.609375 0.5381944444444444 0.609375 0.53125 0.607421875 0.5277777777777778 0.607421875 0.5138888888888888 0.609375 0.5069444444444444 0.61328125 0.5034722222222222 0.619140625 0.5034722222222222 0.62109375 0.5 0.630859375 0.5
1 0.861328125 0.5243055555555556 0.865234375 0.53125 0.865234375 0.5416666666666666 0.861328125 0.5555555555555556 0.861328125 0.5868055555555556 0.859375 0.5902777777777778 0.8359375 0.5902777777777778 0.8359375 0.5625 0.830078125 0.5347222222222222 0.833984375 0.5243055555555556 0.859375 0.5243055555555556
1 0.38671875 0 0.408203125 0 0.408203125 0.034722222222222224 0.404296875 0.04513888888888889 0.400390625 0.04513888888888889 0.3984375 0.04861111111111111 0.392578125 0.04513888888888889 0.38671875 0.03125 0.38671875 0.020833333333333332 0.384765625 0.017361111111111112 0.38671875 0.003472222222222222
1 0 0.4236111111111111 0.01171875 0.4270833333333333 0.013671875 0.4340277777777778 0.013671875 0.4548611111111111 0.015625 0.4583333333333333 0.015625 0.46875 0.0078125 0.4756944444444444 0.0078125 0.4895833333333333 0 0.4895833333333333 0 0.4270833333333333
1 0.212890625 0 0.23046875 0 0.23046875 0.034722222222222224 0.232421875 0.03819444444444445 0.232421875 0.04513888888888889 0.228515625 0.052083333333333336 0.21875 0.052083333333333336 0.2109375 0.024305555555555556 0.2109375 0.006944444444444444 0.212890625 0.003472222222222222
1 0.04296875 0.024305555555555556 0.044921875 0.020833333333333332 0.044921875 0.003472222222222222 0.046875 0 0.060546875 0 0.064453125 0.010416666666666666 0.064453125 0.017361111111111112 0.060546875 0.027777777777777776 0.060546875 0.04861111111111111 0.048828125 0.04861111111111111 0.044921875 0.04513888888888889 0.044921875 0.027777777777777776
1 0.490234375 0.5555555555555556 0.494140625 0.5520833333333334 0.515625 0.5520833333333334 0.51953125 0.5555555555555556 0.517578125 0.6145833333333334 0.515625 0.6180555555555556 0.50390625 0.6180555555555556 0.501953125 0.6145833333333334 0.49609375 0.6180555555555556 0.4921875 0.6145833333333334 0.4921875 0.5763888888888888 0.48828125 0.5694444444444444 0.48828125 0.5625 0.490234375 0.5590277777777778
1 0.455078125 0.4791666666666667 0.458984375 0.4756944444444444 0.48046875 0.4756944444444444 0.482421875 0.4791666666666667 0.482421875 0.4930555555555556 0.478515625 0.5 0.4765625 0.5104166666666666 0.46875 0.5173611111111112 0.462890625 0.5277777777777778 0.4609375 0.5277777777777778 0.4609375 0.5208333333333334 0.45703125 0.5069444444444444 0.455078125 0.4826388888888889
1 0.080078125 0 0.09765625 0 0.099609375 0.006944444444444444 0.09765625 0.024305555555555556 0.095703125 0.027777777777777776 0.095703125 0.041666666666666664 0.091796875 0.04513888888888889 0.083984375 0.03125 0.083984375 0.017361111111111112 0.078125 0.010416666666666666 0.080078125 0.003472222222222222
1 0.158203125 0 0.158203125 0.006944444444444444 0.16015625 0.010416666666666666 0.158203125 0.013888888888888888 0.16015625 0.027777777777777776 0.15625 0.04513888888888889 0.14453125 0.04513888888888889 0.140625 0.027777777777777776 0.140625 0.006944444444444444 0.146484375 0 0.15625 0
1 0.091796875 0.4097222222222222 0.095703125 0.4201388888888889 0.095703125 0.4340277777777778 0.091796875 0.4479166666666667 0.0859375 0.4548611111111111 0.08203125 0.4652777777777778 0.06640625 0.4652777777777778 0.064453125 0.4618055555555556 0.068359375 0.4479166666666667 0.068359375 0.4236111111111111 0.0703125 0.4166666666666667 0.072265625 0.4166666666666667 0.078125 0.40625 0.08984375 0.4097222222222222
1 0.10546875 0 0.126953125 0 0.126953125 0.041666666666666664 0.12109375 0.04861111111111111 0.109375 0.04513888888888889 0.109375 0.034722222222222224 0.10546875 0.020833333333333332 0.10546875 0.003472222222222222
1 0.525390625 0.4895833333333333 0.52734375 0.4861111111111111 0.52734375 0.4791666666666667 0.53515625 0.46875 0.556640625 0.46875 0.556640625 0.4965277777777778 0.5546875 0.5 0.556640625 0.5243055555555556 0.5546875 0.5277777777777778 0.53515625 0.5277777777777778 0.53125 0.5208333333333334 0.53125 0.5104166666666666 0.52734375 0.5 0.52734375 0.4930555555555556
1 0.51171875 0.4756944444444444 0.515625 0.4791666666666667 0.515625 0.4861111111111111 0.517578125 0.4895833333333333 0.517578125 0.5104166666666666 0.51171875 0.5277777777777778 0.505859375 0.5208333333333334 0.5 0.5208333333333334 0.498046875 0.5243055555555556 0.494140625 0.5173611111111112 0.494140625 0.5104166666666666 0.498046875 0.5034722222222222 0.501953125 0.4826388888888889 0.509765625 0.4756944444444444
1 0.263671875 0 0.27734375 0 0.279296875 0.003472222222222222 0.279296875 0.020833333333333332 0.283203125 0.027777777777777776 0.28125 0.034722222222222224 0.27734375 0.03819444444444445 0.26953125 0.034722222222222224 0.26171875 0.010416666666666666 0.263671875 0.003472222222222222
1 0.4765625 0.5138888888888888 0.478515625 0.5173611111111112 0.490234375 0.5173611111111112 0.4921875 0.5208333333333334 0.4921875 0.53125 0.48828125 0.5416666666666666 0.48828125 0.5520833333333334 0.484375 0.5625 0.484375 0.5729166666666666 0.48046875 0.5798611111111112 0.4765625 0.5763888888888888 0.46484375 0.5763888888888888 0.462890625 0.5347222222222222 0.46875 0.5208333333333334 0.474609375 0.5173611111111112
1 0.529296875 0.4444444444444444 0.533203125 0.4479166666666667 0.53515625 0.4652777777777778 0.521484375 0.4861111111111111 0.517578125 0.4791666666666667 0.517578125 0.4652777777777778 0.52734375 0.4479166666666667
1 0.47265625 0 0.474609375 0.003472222222222222 0.474609375 0.027777777777777776 0.4765625 0.03125 0.47265625 0.04513888888888889 0.45703125 0.04513888888888889 0.453125 0.03125 0.453125 0.010416666666666666 0.451171875 0.006944444444444444 0.453125 0 0.470703125 0
1 0.587890625 0.4652777777777778 0.59765625 0.4756944444444444 0.599609375 0.4826388888888889 0.599609375 0.4965277777777778 0.6015625 0.5 0.6015625 0.5104166666666666 0.59765625 0.5069444444444444 0.59375 0.5069444444444444 0.591796875 0.5104166666666666 0.587890625 0.5347222222222222 0.576171875 0.5347222222222222 0.57421875 0.53125 0.568359375 0.53125 0.5703125 0.4826388888888889 0.57421875 0.4756944444444444 0.57421875 0.46875 0.576171875 0.4652777777777778 0.5859375 0.4652777777777778
1 0.8046875 0.4930555555555556 0.814453125 0.5069444444444444 0.814453125 0.5451388888888888 0.810546875 0.5520833333333334 0.806640625 0.5520833333333334 0.798828125 0.5625 0.794921875 0.5625 0.79296875 0.5590277777777778 0.79296875 0.5347222222222222 0.78515625 0.5173611111111112 0.78515625 0.5034722222222222 0.79296875 0.4930555555555556 0.802734375 0.4930555555555556
2 0.8515625 0.40625 0.85546875 0.4027777777777778 0.861328125 0.4027777777777778 0.865234375 0.4131944444444444 0.865234375 0.4236111111111111 0.873046875 0.4340277777777778 0.87109375 0.5104166666666666 0.873046875 0.5138888888888888 0.873046875 0.5347222222222222 0.876953125 0.5416666666666666 0.876953125 0.5555555555555556 0.880859375 0.5694444444444444 0.876953125 0.5798611111111112 0.875 0.5763888888888888 0.875 0.5694444444444444 0.8671875 0.5416666666666666 0.8671875 0.5277777777777778 0.859375 0.5208333333333334 0.85546875 0.4965277777777778 0.849609375 0.4895833333333333 0.84765625 0.4861111111111111 0.84765625 0.4791666666666667 0.845703125 0.4756944444444444 0.841796875 0.4756944444444444 0.83984375 0.46875 0.841796875 0.4548611111111111 0.845703125 0.4444444444444444 0.845703125 0.4375 0.849609375 0.4270833333333333 0.849609375 0.4131944444444444 0.8515625 0.4097222222222222
2 0.515625 0.5520833333333334 0.51953125 0.5555555555555556 0.51953125 0.5902777777777778 0.517578125 0.59375 0.517578125 0.6319444444444444 0.51171875 0.6527777777777778 0.51171875 0.6597222222222222 0.513671875 0.6631944444444444 0.513671875 0.6840277777777778 0.51171875 0.6875 0.513671875 0.6944444444444444 0.513671875 0.7048611111111112 0.50390625 0.7152777777777778 0.505859375 0.7256944444444444 0.50390625 0.7326388888888888 0.498046875 0.7395833333333334 0.494140625 0.7395833333333334 0.4921875 0.7361111111111112 0.49609375 0.7222222222222222 0.49609375 0.6944444444444444 0.494140625 0.6909722222222222 0.494140625 0.6701388888888888 0.4921875 0.6666666666666666 0.4921875 0.6527777777777778 0.490234375 0.6493055555555556 0.490234375 0.6319444444444444 0.4921875 0.6284722222222222 0.4921875 0.6215277777777778 0.48828125 0.6145833333333334 0.486328125 0.6180555555555556 0.482421875 0.6180555555555556 0.48046875 0.6145833333333334 0.48046875 0.6041666666666666 0.482421875 0.6006944444444444 0.484375 0.5798611111111112 0.48828125 0.5729166666666666 0.48828125 0.5590277777777778 0.49609375 0.5451388888888888 0.49609375 0.53125 0.5 0.5243055555555556 0.505859375 0.5243055555555556 0.509765625 0.53125 0.51171875 0.5381944444444444 0.51171875 0.5486111111111112 0.513671875 0.5520833333333334
2 0.849609375 0.4930555555555556 0.85546875 0.5069444444444444 0.85546875 0.5173611111111112 0.8671875 0.53125 0.865234375 0.5381944444444444 0.86328125 0.5659722222222222 0.861328125 0.5694444444444444 0.861328125 0.5868055555555556 0.865234375 0.5972222222222222 0.865234375 0.6041666666666666 0.869140625 0.6180555555555556 0.869140625 0.6493055555555556 0.87109375 0.6527777777777778 0.869140625 0.6597222222222222 0.87109375 0.6666666666666666 0.869140625 0.6701388888888888 0.869140625 0.6805555555555556 0.875 0.6979166666666666 0.865234375 0.6979166666666666 0.86328125 0.6944444444444444 0.86328125 0.6666666666666666 0.859375 0.65625 0.859375 0.6423611111111112 0.85546875 0.6354166666666666 0.8515625 0.6388888888888888 0.8515625 0.6805555555555556 0.845703125 0.6736111111111112 0.845703125 0.65625 0.841796875 0.6388888888888888 0.841796875 0.6215277777777778 0.8359375 0.6041666666666666 0.8359375 0.59375 0.833984375 0.5902777777777778 0.8359375 0.5868055555555556 0.8359375 0.5659722222222222 0.83203125 0.5590277777777778 0.828125 0.5590277777777778 0.826171875 0.5625 0.826171875 0.5833333333333334 0.82421875 0.5902777777777778 0.822265625 0.5868055555555556 0.822265625 0.5659722222222222 0.82421875 0.5625 0.82421875 0.5555555555555556 0.830078125 0.5451388888888888 0.830078125 0.5347222222222222 0.83203125 0.5277777777777778 0.833984375 0.5243055555555556 0.837890625 0.5243055555555556 0.841796875 0.5173611111111112 0.841796875 0.5069444444444444 0.84375 0.5 0.84765625 0.4965277777777778
2 0 0.3958333333333333 0.00390625 0.3958333333333333 0.005859375 0.3993055555555556 0.0078125 0.40625 0.0078125 0.4201388888888889 0.013671875 0.4340277777777778 0.013671875 0.4548611111111111 0.015625 0.4583333333333333 0.015625 0.46875 0.009765625 0.4791666666666667 0.01171875 0.5277777777777778 0.017578125 0.5416666666666666 0.017578125 0.5486111111111112 0.01953125 0.5520833333333334 0.01953125 0.5694444444444444 0.025390625 0.5833333333333334 0.025390625 0.5902777777777778 0.01953125 0.5902777777777778 0.015625 0.5798611111111112 0.01171875 0.5555555555555556 0.0078125 0.5486111111111112 0.00390625 0.53125 0 0.5277777777777778 0 0.3993055555555556
2 0.2109375 0 0.232421875 0 0.234375 0.003472222222222222 0.234375 0.03819444444444445 0.232421875 0.041666666666666664 0.234375 0.04513888888888889 0.234375 0.0763888888888889 0.232421875 0.0798611111111111 0.232421875 0.09375 0.234375 0.09722222222222222 0.234375 0.13194444444444445 0.23046875 0.13194444444444445 0.2265625 0.08333333333333333 0.21875 0.06944444444444445 0.21875 0.059027777777777776 0.216796875 0.05555555555555555 0.21484375 0.03819444444444445 0.2109375 0.03125 0.2109375 0.003472222222222222
2 0.46484375 0.4513888888888889 0.474609375 0.4513888888888889 0.4765625 0.4548611111111111 0.478515625 0.4722222222222222 0.482421875 0.4756944444444444 0.484375 0.4826388888888889 0.482421875 0.4861111111111111 0.482421875 0.4930555555555556 0.478515625 0.5 0.478515625 0.5069444444444444 0.474609375 0.5138888888888888 0.46875 0.5173611111111112 0.4609375 0.5381944444444444 0.4609375 0.5486111111111112 0.462890625 0.5520833333333334 0.462890625 0.5694444444444444 0.4609375 0.5729166666666666 0.458984375 0.5520833333333334 0.455078125 0.5416666666666666 0.45703125 0.5381944444444444 0.45703125 0.53125 0.453125 0.5277777777777778 0.453125 0.5034722222222222 0.455078125 0.5 0.455078125 0.4791666666666667 0.462890625 0.46875 0.462890625 0.4583333333333333 0.46484375 0.4548611111111111
2 0.48046875 0.4965277777777778 0.48828125 0.4965277777777778 0.4921875 0.5069444444444444 0.4921875 0.5416666666666666 0.486328125 0.5555555555555556 0.484375 0.5763888888888888 0.48046875 0.5902777777777778 0.48046875 0.6076388888888888 0.478515625 0.6111111111111112 0.478515625 0.6180555555555556 0.482421875 0.6215277777777778 0.486328125 0.6319444444444444 0.486328125 0.6527777777777778 0.48046875 0.6701388888888888 0.482421875 0.6909722222222222 0.48046875 0.6944444444444444 0.4765625 0.6909722222222222 0.474609375 0.6840277777777778 0.474609375 0.6736111111111112 0.4765625 0.6701388888888888 0.4765625 0.6354166666666666 0.470703125 0.6215277777777778 0.466796875 0.625 0.462890625 0.6388888888888888 0.462890625 0.6458333333333334 0.458984375 0.6527777777777778 0.458984375 0.6631944444444444 0.45703125 0.6701388888888888 0.453125 0.6736111111111112 0.451171875 0.6701388888888888 0.451171875 0.6631944444444444 0.455078125 0.6493055555555556 0.455078125 0.6354166666666666 0.45703125 0.6319444444444444 0.45703125 0.625 0.4609375 0.6180555555555556 0.4609375 0.6041666666666666 0.462890625 0.6006944444444444 0.462890625 0.5868055555555556 0.4609375 0.5833333333333334 0.46484375 0.5659722222222222 0.4609375 0.5590277777777778 0.462890625 0.5555555555555556 0.4609375 0.5486111111111112 0.4609375 0.5381944444444444 0.46484375 0.5243055555555556 0.474609375 0.5173611111111112 0.478515625 0.5104166666666666 0.48046875 0.5
2 0.095703125 0.3854166666666667 0.09765625 0.3888888888888889 0.095703125 0.4270833333333333 0.09765625 0.4305555555555556 0.103515625 0.4305555555555556 0.103515625 0.4409722222222222 0.1015625 0.4409722222222222 0.099609375 0.4479166666666667 0.095703125 0.4513888888888889 0.08984375 0.4513888888888889 0.083984375 0.4618055555555556 0.083984375 0.4722222222222222 0.087890625 0.4895833333333333 0.08203125 0.5 0.076171875 0.5208333333333334 0.076171875 0.5277777777777778 0.0703125 0.5451388888888888 0.076171875 0.5625 0.064453125 0.5625 0.0625 0.5590277777777778 0.0625 0.5486111111111112 0.06640625 0.5381944444444444 0.06640625 0.5277777777777778 0.060546875 0.5173611111111112 0.060546875 0.5104166666666666 0.06640625 0.5069444444444444 0.0703125 0.5 0.068359375 0.4965277777777778 0.068359375 0.4826388888888889 0.06640625 0.4791666666666667 0.06640625 0.46875 0.064453125 0.4618055555555556 0.068359375 0.4479166666666667 0.068359375 0.4236111111111111 0.0703125 0.4166666666666667 0.08203125 0.3993055555555556 0.08203125 0.3888888888888889 0.0859375 0.3819444444444444 0.091796875 0.3819444444444444 0.09375 0.3854166666666667
2 0.546875 0.4409722222222222 0.548828125 0.4479166666666667 0.548828125 0.4652777777777778 0.55078125 0.46875 0.556640625 0.46875 0.55859375 0.4861111111111111 0.564453125 0.5069444444444444 0.556640625 0.5173611111111112 0.556640625 0.5416666666666666 0.548828125 0.5659722222222222 0.548828125 0.5798611111111112 0.54296875 0.6006944444444444 0.54296875 0.6180555555555556 0.541015625 0.6215277777777778 0.537109375 0.6215277777777778 0.529296875 0.6319444444444444 0.521484375 0.6284722222222222 0.525390625 0.6180555555555556 0.525390625 0.59375 0.5234375 0.5902777777777778 0.525390625 0.5833333333333334 0.5234375 0.5763888888888888 0.5234375 0.5659722222222222 0.525390625 0.5625 0.5234375 0.5555555555555556 0.529296875 0.5416666666666666 0.529296875 0.53125 0.52734375 0.5277777777777778 0.51953125 0.53125 0.51953125 0.5138888888888888 0.525390625 0.4965277777777778 0.525390625 0.4826388888888889 0.52734375 0.4756944444444444 0.53515625 0.4652777777777778 0.53515625 0.4479166666666667 0.5390625 0.4409722222222222 0.544921875 0.4409722222222222
2 0.609375 0.5069444444444444 0.6171875 0.5 0.6171875 0.4930555555555556 0.623046875 0.4791666666666667 0.62890625 0.4791666666666667 0.630859375 0.4930555555555556 0.63671875 0.5034722222222222 0.63671875 0.5208333333333334 0.640625 0.5347222222222222 0.640625 0.5520833333333334 0.638671875 0.5590277777777778 0.63671875 0.5625 0.63671875 0.5555555555555556 0.6328125 0.5486111111111112 0.630859375 0.5520833333333334 0.6328125 0.5868055555555556 0.634765625 0.5902777777777778 0.634765625 0.6111111111111112 0.626953125 0.6458333333333334 0.626953125 0.6631944444444444 0.6328125 0.6701388888888888 0.62890625 0.6770833333333334 0.623046875 0.6770833333333334 0.6171875 0.6701388888888888 0.62109375 0.6597222222222222 0.623046875 0.6076388888888888 0.615234375 0.5972222222222222 0.599609375 0.6284722222222222 0.595703125 0.6493055555555556 0.591796875 0.6527777777777778 0.58984375 0.6458333333333334 0.591796875 0.6284722222222222 0.599609375 0.6145833333333334 0.60546875 0.59375 0.60546875 0.5590277777777778 0.603515625 0.5520833333333334 0.609375 0.53125 0.607421875 0.5277777777777778 0.607421875 0.5138888888888888 0.609375 0.5104166666666666
2 0.51171875 0.53125 0.505859375 0.5208333333333334 0.49609375 0.5208333333333334 0.494140625 0.5173611111111112 0.494140625 0.5104166666666666 0.498046875 0.5034722222222222 0.498046875 0.4930555555555556 0.5 0.4861111111111111 0.505859375 0.4756944444444444 0.51171875 0.4756944444444444 0.515625 0.4826388888888889 0.517578125 0.4895833333333333 0.517578125 0.5104166666666666 0.513671875 0.5277777777777778
2 0.544921875 0.4305555555555556 0.548828125 0.4409722222222222 0.544921875 0.4409722222222222 0.54296875 0.4375 0.53515625 0.4479166666666667 0.53515625 0.4618055555555556 0.533203125 0.46875 0.53125 0.46875 0.525390625 0.4791666666666667 0.521484375 0.5034722222222222 0.515625 0.5173611111111112 0.515625 0.5243055555555556 0.515625 0.5173611111111112 0.51953125 0.5069444444444444 0.517578125 0.5 0.517578125 0.4895833333333333 0.51171875 0.4756944444444444 0.505859375 0.4756944444444444 0.505859375 0.4722222222222222 0.521484375 0.4583333333333333 0.5234375 0.4513888888888889 0.537109375 0.4305555555555556 0.54296875 0.4305555555555556
2 0.599609375 0.5416666666666666 0.59765625 0.5243055555555556 0.591796875 0.5104166666666666 0.58984375 0.5138888888888888 0.591796875 0.5555555555555556 0.58984375 0.5590277777777778 0.58984375 0.5763888888888888 0.5859375 0.59375 0.5859375 0.6145833333333334 0.580078125 0.6145833333333334 0.578125 0.6076388888888888 0.580078125 0.6041666666666666 0.580078125 0.5902777777777778 0.58203125 0.5868055555555556 0.58203125 0.5625 0.578125 0.5590277777777778 0.576171875 0.5625 0.57421875 0.5833333333333334 0.572265625 0.5868055555555556 0.572265625 0.5972222222222222 0.5703125 0.6006944444444444 0.5703125 0.6354166666666666 0.56640625 0.6354166666666666 0.56640625 0.6284722222222222 0.564453125 0.625 0.564453125 0.5902777777777778 0.56640625 0.5868055555555556 0.56640625 0.5277777777777778 0.568359375 0.5243055555555556 0.5703125 0.4826388888888889 0.57421875 0.4756944444444444 0.57421875 0.46875 0.578125 0.4583333333333333 0.587890625 0.4444444444444444 0.58984375 0.4444444444444444 0.595703125 0.4548611111111111 0.595703125 0.4652777777777778 0.59375 0.46875 0.599609375 0.4791666666666667 0.599609375 0.4895833333333333 0.603515625 0.5069444444444444 0.603515625 0.5138888888888888 0.6015625 0.5173611111111112 0.60546875 0.5277777777777778 0.6015625 0.5416666666666666
2 0.806640625 0.4930555555555556 0.814453125 0.5069444444444444 0.814453125 0.5243055555555556 0.818359375 0.53125 0.818359375 0.5381944444444444 0.814453125 0.5451388888888888 0.814453125 0.5590277777777778 0.81640625 0.5625 0.81640625 0.59375 0.814453125 0.5972222222222222 0.814453125 0.6111111111111112 0.81640625 0.6145833333333334 0.81640625 0.6666666666666666 0.814453125 0.6666666666666666 0.814453125 0.6597222222222222 0.8125 0.65625 0.8125 0.6354166666666666 0.806640625 0.6076388888888888 0.806640625 0.5972222222222222 0.8046875 0.59375 0.8046875 0.5868055555555556 0.80078125 0.5798611111111112 0.796875 0.5798611111111112 0.79296875 0.5868055555555556 0.7890625 0.6041666666666666 0.787109375 0.625 0.78515625 0.6284722222222222 0.78125 0.6284722222222222 0.78515625 0.6111111111111112 0.78515625 0.5902777777777778 0.787109375 0.5868055555555556 0.7890625 0.5590277777777778 0.79296875 0.5486111111111112 0.79296875 0.5381944444444444 0.787109375 0.5277777777777778 0.78515625 0.5277777777777778 0.77734375 0.5451388888888888 0.765625 0.5590277777777778 0.765625 0.5520833333333334 0.76953125 0.5486111111111112 0.76953125 0.5451388888888888 0.783203125 0.5173611111111112 0.783203125 0.5069444444444444 0.7890625 0.4930555555555556 0.7890625 0.4826388888888889 0.79296875 0.4756944444444444 0.798828125 0.4756944444444444 0.8046875 0.4930555555555556