0 0.6723958333333333 0.4523148148148148 0.019791666666666666 0.0287037037037037
0 0.373046875 0.6458333333333334 0.376953125 0.6527777777777778 0.376953125 0.6770833333333334 0.373046875 0.6805555555555556 0.365234375 0.6805555555555556 0.357421875 0.6736111111111112 0.357421875 0.6631944444444444 0.359375 0.65625 0.365234375 0.6458333333333334 0.37109375 0.6458333333333334
0 0.6484375 0.2048611111111111 0.65234375 0.2152777777777778 0.650390625 0.22569444444444445 0.63671875 0.2222222222222222 0.63671875 0.2048611111111111 0.638671875 0.2013888888888889 0.64453125 0.2013888888888889 0.646484375 0.2048611111111111
0 0.6484375 0.2048611111111111 0.65234375 0.2152777777777778 0.65234375 0.2222222222222222 0.64453125 0.24305555555555555 0.640625 0.24305555555555555 0.63671875 0.2361111111111111 0.63671875 0.2048611111111111 0.638671875 0.2013888888888889 0.64453125 0.2013888888888889 0.646484375 0.2048611111111111
0 0.287109375 0.5034722222222222 0.287109375 0.4895833333333333 0.29296875 0.4791666666666667 0.302734375 0.4791666666666667 0.306640625 0.4861111111111111 0.30859375 0.5034722222222222 0.3046875 0.5138888888888888 0.298828125 0.5138888888888888 0.2890625 0.5034722222222222
0 0.447265625 0.6423611111111112 0.447265625 0.6319444444444444 0.44921875 0.6284722222222222 0.455078125 0.6284722222222222 0.45703125 0.6319444444444444 0.453125 0.6423611111111112 0.44921875 0.6423611111111112
0 0.4609375 0.6111111111111112 0.462890625 0.6111111111111112 0.462890625 0.6215277777777778 0.458984375 0.6319444444444444 0.455078125 0.6319444444444444 0.455078125 0.625 0.4609375 0.6145833333333334
1 0.669921875 0.5659722222222222 0.6640625 0.5451388888888888 0.6640625 0.53125 0.658203125 0.5173611111111112 0.658203125 0.5104166666666666 0.654296875 0.5 0.654296875 0.4861111111111111 0.669921875 0.4652777777777778 0.6875 0.4652777777777778 0.69140625 0.4722222222222222 0.69140625 0.4826388888888889 0.689453125 0.4861111111111111 0.689453125 0.5173611111111112 0.69140625 0.5208333333333334 0.69140625 0.5347222222222222 0.693359375 0.5381944444444444 0.693359375 0.5625 0.68359375 0.5625 0.67578125 0.5694444444444444 0.671875 0.5659722222222222
1 0.36328125 0.6805555555555556 0.365234375 0.6840277777777778 0.37109375 0.6840277777777778 0.380859375 0.6979166666666666 0.380859375 0.7083333333333334 0.375 0.7152777777777778 0.37109375 0.7152777777777778 0.3671875 0.7256944444444444 0.3671875 0.7430555555555556 0.37109375 0.75 0.37109375 0.7569444444444444 0.369140625 0.7604166666666666 0.359375 0.7604166666666666 0.349609375 0.75 0.349609375 0.7361111111111112 0.34765625 0.7326388888888888 0.345703125 0.6840277777777778 0.34765625 0.6805555555555556 0.361328125 0.6805555555555556
1 0.465625 0.6578703703703703 0.0375 0.0787037037037037
1 0.63671875 0.2326388888888889 0.640625 0.24305555555555555 0.642578125 0.24305555555555555 0.650390625 0.22916666666666666 0.65625 0.22916666666666666 0.6640625 0.23958333333333334 0.6640625 0.2465277777777778 0.658203125 0.2604166666666667 0.65625 0.2951388888888889 0.65234375 0.3055555555555556 0.6484375 0.3020833333333333 0.638671875 0.3020833333333333 0.63671875 0.2986111111111111 0.63671875 0.2916666666666667 0.62890625 0.2743055555555556 0.62890625 0.23958333333333334 0.634765625 0.2326388888888889
1 0.283203125 0.5 0.287109375 0.5069444444444444 0.306640625 0.5243055555555556 0.306640625 0.5416666666666666 0.30078125 0.5520833333333334 0.30078125 0.5590277777777778 0.296875 0.5694444444444444 0.296875 0.5868055555555556 0.294921875 0.5902777777777778 0.275390625 0.5902777777777778 0.271484375 0.5868055555555556 0.271484375 0.5763888888888888 0.2734375 0.5729166666666666 0.2734375 0.5590277777777778 0.271484375 0.5555555555555556 0.271484375 0.5243055555555556 0.2734375 0.5208333333333334 0.2734375 0.5138888888888888 0.279296875 0.5034722222222222 0.28125 0.5034722222222222
1 0.474609375 0.6111111111111112 0.482421875 0.6111111111111112 0.490234375 0.6215277777777778 0.50390625 0.6319444444444444 0.498046875 0.6388888888888888 0.490234375 0.6388888888888888 0.484375 0.6458333333333334 0.48046875 0.6458333333333334 0.478515625 0.6388888888888888 0.470703125 0.6284722222222222 0.474609375 0.6145833333333334
2 0.677734375 0.4409722222222222 0.681640625 0.4583333333333333 0.685546875 0.4652777777777778 0.689453125 0.4652777777777778 0.69140625 0.4722222222222222 0.69140625 0.4930555555555556 0.697265625 0.5 0.701171875 0.5138888888888888 0.701171875 0.5243055555555556 0.703125 0.53125 0.708984375 0.5381944444444444 0.708984375 0.5451388888888888 0.70703125 0.5486111111111112 0.701171875 0.5486111111111112 0.69921875 0.5451388888888888 0.697265625 0.5486111111111112 0.697265625 0.5625 0.703125 0.5729166666666666 0.70703125 0.5902777777777778 0.70703125 0.6006944444444444 0.712890625 0.6145833333333334 0.712890625 0.6284722222222222 0.7109375 0.6319444444444444 0.70703125 0.6319444444444444 0.703125 0.6111111111111112 0.693359375 0.5868055555555556 0.69140625 0.5694444444444444 0.689453125 0.5659722222222222 0.685546875 0.5659722222222222 0.677734375 0.5798611111111112 0.6796875 0.6215277777777778 0.68359375 0.6354166666666666 0.681640625 0.6458333333333334 0.67578125 0.6458333333333334 0.671875 0.6388888888888888 0.673828125 0.6215277777777778 0.669921875 0.6076388888888888 0.669921875 0.5659722222222222 0.6640625 0.5486111111111112 0.6640625 0.53125 0.658203125 0.5173611111111112 0.654296875 0.5 0.654296875 0.4861111111111111 0.6640625 0.46875 0.6640625 0.4548611111111111 0.666015625 0.4479166666666667 0.669921875 0.4409722222222222 0.67578125 0.4409722222222222
2 0.474609375 0.5694444444444444 0.48046875 0.5694444444444444 0.484375 0.5763888888888888 0.48828125 0.5972222222222222 0.494140625 0.6076388888888888 0.498046875 0.6076388888888888 0.509765625 0.59375 0.515625 0.59375 0.517578125 0.5972222222222222 0.529296875 0.5972222222222222 0.53125 0.6006944444444444 0.529296875 0.6076388888888888 0.509765625 0.6215277777777778 0.498046875 0.6458333333333334 0.486328125 0.6527777777777778 0.482421875 0.6458333333333334 0.482421875 0.6354166666666666 0.478515625 0.6319444444444444 0.48046875 0.625 0.4765625 0.6180555555555556 0.46875 0.6180555555555556 0.466796875 0.6145833333333334 0.466796875 0.6006944444444444 0.47265625 0.59375 0.47265625 0.5763888888888888 0.474609375 0.5729166666666666
2 0.693359375 0.06597222222222222 0.693359375 0.034722222222222224 0.69140625 0.03125 0.69140625 0.020833333333333332 0.689453125 0.013888888888888888 0.685546875 0.006944444444444444 0.681640625 0.013888888888888888 0.6796875 0.03125 0.677734375 0.034722222222222224 0.67578125 0.07291666666666667 0.671875 0.0763888888888889 0.66796875 0.07291666666666667 0.669921875 0.06597222222222222 0.669921875 0.05555555555555555 0.671875 0.052083333333333336 0.671875 0.020833333333333332 0.673828125 0.017361111111111112 0.673828125 0.003472222222222222 0.67578125 0 0.693359375 0 0.697265625 0.006944444444444444 0.697265625 0.017361111111111112 0.69921875 0.020833333333333332 0.69921875 0.06597222222222222 0.6953125 0.06597222222222222
2 0.3046875 0.4826388888888889 0.30859375 0.4965277777777778 0.30859375 0.5034722222222222 0.306640625 0.5069444444444444 0.30859375 0.5138888888888888 0.30859375 0.5451388888888888 0.306640625 0.5486111111111112 0.306640625 0.5659722222222222 0.30078125 0.5659722222222222 0.296875 0.5729166666666666 0.296875 0.6111111111111112 0.294921875 0.6145833333333334 0.294921875 0.6284722222222222 0.29296875 0.6319444444444444 0.29296875 0.65625 0.2890625 0.6736111111111112 0.28125 0.6840277777777778 0.279296875 0.6944444444444444 0.271484375 0.6805555555555556 0.265625 0.6909722222222222 0.26171875 0.6840277777777778 0.265625 0.6701388888888888 0.267578125 0.6388888888888888 0.26953125 0.6354166666666666 0.26953125 0.6006944444444444 0.265625 0.5902777777777778 0.2734375 0.5694444444444444 0.2734375 0.5590277777777778 0.26953125 0.5416666666666666 0.271484375 0.5381944444444444 0.2734375 0.5138888888888888 0.27734375 0.5034722222222222 0.283203125 0.5 0.287109375 0.4895833333333333 0.294921875 0.4791666666666667 0.30078125 0.4791666666666667 0.302734375 0.4826388888888889
2 0.6484375 0.2048611111111111 0.65234375 0.2152777777777778 0.65234375 0.22569444444444445 0.662109375 0.2326388888888889 0.66796875 0.2673611111111111 0.673828125 0.2847222222222222 0.671875 0.2951388888888889 0.669921875 0.2951388888888889 0.66015625 0.2743055555555556 0.65625 0.2881944444444444 0.658203125 0.2951388888888889 0.65625 0.3020833333333333 0.65625 0.34375 0.654296875 0.3472222222222222 0.654296875 0.3541666666666667 0.65625 0.3576388888888889 0.65625 0.3819444444444444 0.654296875 0.3854166666666667 0.654296875 0.4270833333333333 0.650390625 0.4340277777777778 0.646484375 0.4340277777777778 0.646484375 0.4305555555555556 0.640625 0.4201388888888889 0.640625 0.3958333333333333 0.638671875 0.3923611111111111 0.638671875 0.3784722222222222 0.63671875 0.375 0.63671875 0.34375 0.634765625 0.3402777777777778 0.6328125 0.3159722222222222 0.630859375 0.3125 0.6328125 0.3090277777777778 0.6328125 0.3020833333333333 0.626953125 0.2847222222222222 0.626953125 0.2708333333333333 0.62890625 0.2673611111111111 0.62890625 0.2361111111111111 0.634765625 0.22569444444444445 0.63671875 0.2048611111111111 0.638671875 0.2013888888888889 0.64453125 0.2013888888888889 0.646484375 0.2048611111111111
2 0.48046875 0.6354166666666666 0.478515625 0.6423611111111112 0.484375 0.65625 0.490234375 0.65625 0.4921875 0.6527777777777778 0.521484375 0.6527777777777778 0.533203125 0.6631944444444444 0.546875 0.6805555555555556 0.556640625 0.6770833333333334 0.55859375 0.6840277777777778 0.548828125 0.7013888888888888 0.537109375 0.7152777777777778 0.517578125 0.6875 0.5078125 0.6875 0.498046875 0.7013888888888888 0.48046875 0.7013888888888888 0.478515625 0.6979166666666666 0.46875 0.6979166666666666 0.4609375 0.6909722222222222 0.44921875 0.6701388888888888 0.44921875 0.6631944444444444 0.447265625 0.6597222222222222 0.447265625 0.6527777777777778 0.451171875 0.6423611111111112 0.451171875 0.6319444444444444 0.45703125 0.6215277777777778 0.474609375 0.6215277777777778 0.478515625 0.6354166666666666
2 0.38671875 0.7361111111111112 0.38671875 0.7430555555555556 0.37890625 0.7465277777777778 0.375 0.7569444444444444 0.38671875 0.7881944444444444 0.384765625 0.8472222222222222 0.392578125 0.8611111111111112 0.392578125 0.8680555555555556 0.373046875 0.8680555555555556 0.3671875 0.8611111111111112 0.375 0.8506944444444444 0.375 0.8125 0.376953125 0.8090277777777778 0.376953125 0.8020833333333334 0.37109375 0.7916666666666666 0.36328125 0.7847222222222222 0.357421875 0.7951388888888888 0.357421875 0.8090277777777778 0.349609375 0.8298611111111112 0.34765625 0.8541666666666666 0.341796875 0.875 0.337890625 0.8715277777777778 0.33984375 0.8680555555555556 0.33984375 0.8402777777777778 0.341796875 0.8368055555555556 0.341796875 0.8229166666666666 0.345703125 0.8159722222222222 0.345703125 0.8020833333333334 0.341796875 0.7881944444444444 0.345703125 0.7708333333333334 0.345703125 0.7569444444444444 0.349609375 0.7465277777777778 0.345703125 0.6840277777777778 0.357421875 0.6701388888888888 0.359375 0.65625 0.36328125 0.6493055555555556 0.3671875 0.6458333333333334 0.375 0.6493055555555556 0.376953125 0.6527777777777778 0.376953125 0.6770833333333334 0.375 0.6840277777777778 0.380859375 0.6979166666666666 0.37890625 0.7256944444444444 0.384765625 0.7361111111111112