0 0.962890625 0.4201388888888889 0.966796875 0.4270833333333333 0.966796875 0.4513888888888889 0.951171875 0.4618055555555556 0.943359375 0.4618055555555556 0.94140625 0.4548611111111111 0.943359375 0.4513888888888889 0.94140625 0.4305555555555556 0.94921875 0.4166666666666667 0.958984375 0.4166666666666667 0.9609375 0.4201388888888889
0 0.388671875 0.5347222222222222 0.39453125 0.5416666666666666 0.39453125 0.5694444444444444 0.390625 0.5694444444444444 0.380859375 0.5798611111111112 0.375 0.5798611111111112 0.373046875 0.5763888888888888 0.37109375 0.5486111111111112 0.376953125 0.5347222222222222 0.38671875 0.5347222222222222
0 0.771484375 0.3645833333333333 0.779296875 0.375 0.779296875 0.3923611111111111 0.7734375 0.3958333333333333 0.767578125 0.4097222222222222 0.759765625 0.4097222222222222 0.755859375 0.4027777777777778 0.755859375 0.3854166666666667 0.763671875 0.3645833333333333 0.76953125 0.3645833333333333
0 0.5768229166666666 0.3699074074074074 0.022395833333333334 0.04351851851851852
0 0.578125 0.2013888888888889 0.58203125 0.21180555555555555 0.58203125 0.2361111111111111 0.57421875 0.25 0.5703125 0.25 0.564453125 0.23958333333333334 0.5625 0.2152777777777778 0.56640625 0.2048611111111111 0.5703125 0.2013888888888889 0.576171875 0.2013888888888889
1 0.783203125 0.3958333333333333 0.7890625 0.40625 0.79296875 0.4201388888888889 0.79296875 0.4409722222222222 0.80078125 0.46875 0.80078125 0.4791666666666667 0.791015625 0.4965277777777778 0.779296875 0.4965277777777778 0.77734375 0.4930555555555556 0.77734375 0.4791666666666667 0.7734375 0.46875 0.775390625 0.4444444444444444 0.76953125 0.4340277777777778 0.765625 0.4340277777777778 0.765625 0.4166666666666667 0.771484375 0.4097222222222222 0.775390625 0.3993055555555556 0.78125 0.3958333333333333
1 0.400390625 0.5729166666666666 0.404296875 0.5798611111111112 0.41015625 0.6006944444444444 0.41015625 0.6111111111111112 0.412109375 0.6145833333333334 0.412109375 0.6458333333333334 0.41796875 0.6597222222222222 0.41796875 0.6666666666666666 0.400390625 0.6909722222222222 0.38671875 0.6909722222222222 0.3828125 0.6875 0.380859375 0.6805555555555556 0.392578125 0.6666666666666666 0.40234375 0.6493055555555556 0.404296875 0.6423611111111112 0.404296875 0.6215277777777778 0.40234375 0.6180555555555556 0.40234375 0.6111111111111112 0.396484375 0.6006944444444444 0.390625 0.6006944444444444 0.384765625 0.6145833333333334 0.384765625 0.6354166666666666 0.3828125 0.6354166666666666 0.37890625 0.625 0.37890625 0.6111111111111112 0.380859375 0.6076388888888888 0.380859375 0.59375 0.37890625 0.5868055555555556 0.388671875 0.5729166666666666 0.3984375 0.5729166666666666
1 0.97265625 0.4895833333333333 0.97265625 0.4861111111111111 0.966796875 0.4791666666666667 0.958984375 0.4861111111111111 0.9609375 0.4965277777777778 0.966796875 0.5104166666666666 0.966796875 0.53125 0.962890625 0.5486111111111112 0.95703125 0.5486111111111112 0.95703125 0.5416666666666666 0.953125 0.5277777777777778 0.951171875 0.5 0.94921875 0.4965277777777778 0.94921875 0.4652777777777778 0.95703125 0.4583333333333333 0.970703125 0.4583333333333333 0.974609375 0.46875 0.974609375 0.4895833333333333
1 0.591796875 0.3819444444444444 0.599609375 0.3923611111111111 0.615234375 0.4340277777777778 0.615234375 0.4409722222222222 0.6015625 0.4548611111111111 0.599609375 0.4548611111111111 0.599609375 0.4409722222222222 0.59765625 0.4375 0.59765625 0.4201388888888889 0.59375 0.4166666666666667 0.58984375 0.4236111111111111 0.58984375 0.4340277777777778 0.5859375 0.4340277777777778 0.578125 0.4166666666666667 0.572265625 0.3958333333333333 0.57421875 0.3888888888888889 0.580078125 0.3888888888888889 0.583984375 0.3819444444444444 0.58984375 0.3819444444444444
1 0.5859375 0.2361111111111111 0.59375 0.2465277777777778 0.599609375 0.28125 0.607421875 0.3020833333333333 0.60546875 0.3090277777777778 0.60546875 0.3194444444444444 0.6015625 0.3263888888888889 0.595703125 0.3263888888888889 0.58203125 0.3159722222222222 0.58203125 0.3055555555555556 0.587890625 0.2951388888888889 0.587890625 0.28125 0.58984375 0.2743055555555556 0.587890625 0.2708333333333333 0.583984375 0.2708333333333333 0.580078125 0.2777777777777778 0.580078125 0.2847222222222222 0.578125 0.2881944444444444 0.57421875 0.2847222222222222 0.57421875 0.2777777777777778 0.568359375 0.2673611111111111 0.564453125 0.2534722222222222 0.564453125 0.24305555555555555 0.5703125 0.25 0.57421875 0.25 0.58203125 0.2361111111111111 0.583984375 0.2361111111111111
2 0.775390625 0.3680555555555556 0.78125 0.3888888888888889 0.791015625 0.4097222222222222 0.794921875 0.4513888888888889 0.798828125 0.4583333333333333 0.80078125 0.46875 0.806640625 0.4756944444444444 0.81640625 0.4965277777777778 0.8203125 0.5 0.81640625 0.5104166666666666 0.81640625 0.5277777777777778 0.818359375 0.53125 0.818359375 0.5381944444444444 0.826171875 0.5520833333333334 0.837890625 0.5659722222222222 0.849609375 0.5902777777777778 0.85546875 0.5902777777777778 0.857421875 0.59375 0.857421875 0.6215277777777778 0.8515625 0.6354166666666666 0.84375 0.6354166666666666 0.845703125 0.6111111111111112 0.841796875 0.5972222222222222 0.8203125 0.5659722222222222 0.814453125 0.5625 0.791015625 0.5173611111111112 0.77734375 0.5208333333333334 0.767578125 0.5347222222222222 0.775390625 0.5590277777777778 0.775390625 0.5659722222222222 0.779296875 0.5798611111111112 0.78515625 0.5868055555555556 0.7890625 0.5972222222222222 0.787109375 0.6041666666666666 0.779296875 0.6076388888888888 0.7734375 0.6145833333333334 0.763671875 0.6145833333333334 0.7734375 0.5972222222222222 0.7734375 0.5833333333333334 0.75390625 0.5451388888888888 0.75390625 0.5243055555555556 0.755859375 0.5208333333333334 0.755859375 0.5138888888888888 0.76171875 0.5034722222222222 0.771484375 0.4965277777777778 0.77734375 0.4861111111111111 0.77734375 0.4791666666666667 0.7734375 0.4722222222222222 0.765625 0.4722222222222222 0.763671875 0.4756944444444444 0.744140625 0.4756944444444444 0.73828125 0.4826388888888889 0.73046875 0.4826388888888889 0.724609375 0.4756944444444444 0.724609375 0.46875 0.732421875 0.4652777777777778 0.734375 0.4583333333333333 0.7421875 0.46875 0.74609375 0.4652777777777778 0.751953125 0.4652777777777778 0.763671875 0.4479166666666667 0.765625 0.4236111111111111 0.755859375 0.4027777777777778 0.755859375 0.3854166666666667 0.76171875 0.3680555555555556 0.765625 0.3645833333333333 0.771484375 0.3645833333333333 0.7734375 0.3680555555555556
2 0.95703125 0.4166666666666667 0.966796875 0.4270833333333333 0.966796875 0.4513888888888889 0.974609375 0.46875 0.9765625 0.5104166666666666 0.98046875 0.5277777777777778 0.98828125 0.5416666666666666 0.98828125 0.5763888888888888 0.990234375 0.5798611111111112 0.990234375 0.5868055555555556 0.99609375 0.5972222222222222 0.998046875 0.5972222222222222 0.99609375 0.6006944444444444 0.99609375 0.6180555555555556 0.990234375 0.625 0.986328125 0.625 0.98046875 0.6145833333333334 0.9765625 0.6006944444444444 0.970703125 0.5902777777777778 0.96875 0.59375 0.9609375 0.6284722222222222 0.958984375 0.6805555555555556 0.95703125 0.6875 0.94921875 0.6979166666666666 0.943359375 0.6944444444444444 0.9453125 0.6875 0.9453125 0.6666666666666666 0.947265625 0.6631944444444444 0.947265625 0.6319444444444444 0.94921875 0.6284722222222222 0.947265625 0.6215277777777778 0.947265625 0.6076388888888888 0.951171875 0.5902777777777778 0.951171875 0.5659722222222222 0.953125 0.5625 0.953125 0.5555555555555556 0.95703125 0.5486111111111112 0.95703125 0.5416666666666666 0.955078125 0.5381944444444444 0.953125 0.5173611111111112 0.951171875 0.5138888888888888 0.951171875 0.5034722222222222 0.94921875 0.5 0.94921875 0.4722222222222222 0.94140625 0.4548611111111111 0.943359375 0.4513888888888889 0.94140625 0.4444444444444444 0.94140625 0.4305555555555556 0.94921875 0.4166666666666667 0.955078125 0.4166666666666667
2 0.38671875 0.5347222222222222 0.39453125 0.5451388888888888 0.39453125 0.5590277777777778 0.404296875 0.5798611111111112 0.41015625 0.6006944444444444 0.41015625 0.6076388888888888 0.412109375 0.6111111111111112 0.412109375 0.6458333333333334 0.419921875 0.6631944444444444 0.427734375 0.6666666666666666 0.427734375 0.6736111111111112 0.421875 0.6840277777777778 0.421875 0.6979166666666666 0.423828125 0.7013888888888888 0.423828125 0.7118055555555556 0.42578125 0.7152777777777778 0.42578125 0.7256944444444444 0.427734375 0.7326388888888888 0.4375 0.7430555555555556 0.44140625 0.7430555555555556 0.447265625 0.75 0.44921875 0.7569444444444444 0.453125 0.7569444444444444 0.455078125 0.7604166666666666 0.46875 0.7604166666666666 0.470703125 0.7638888888888888 0.470703125 0.7881944444444444 0.46875 0.7951388888888888 0.46484375 0.7986111111111112 0.4609375 0.7847222222222222 0.455078125 0.7743055555555556 0.4453125 0.7673611111111112 0.4375 0.7673611111111112 0.431640625 0.7604166666666666 0.421875 0.7569444444444444 0.41015625 0.7395833333333334 0.408203125 0.7222222222222222 0.404296875 0.7118055555555556 0.39453125 0.7118055555555556 0.376953125 0.7291666666666666 0.375 0.7361111111111112 0.373046875 0.7638888888888888 0.369140625 0.7743055555555556 0.369140625 0.78125 0.365234375 0.7951388888888888 0.365234375 0.8159722222222222 0.359375 0.8159722222222222 0.357421875 0.8125 0.345703125 0.8125 0.341796875 0.8055555555555556 0.341796875 0.7986111111111112 0.353515625 0.8020833333333334 0.357421875 0.7951388888888888 0.359375 0.7881944444444444 0.359375 0.7638888888888888 0.361328125 0.7604166666666666 0.361328125 0.7395833333333334 0.36328125 0.7361111111111112 0.36328125 0.71875 0.365234375 0.7152777777777778 0.365234375 0.7083333333333334 0.37890625 0.6840277777777778 0.37890625 0.6805555555555556 0.373046875 0.6701388888888888 0.373046875 0.6631944444444444 0.380859375 0.6423611111111112 0.380859375 0.6354166666666666 0.376953125 0.6284722222222222 0.365234375 0.6284722222222222 0.36328125 0.625 0.36328125 0.6145833333333334 0.3671875 0.6076388888888888 0.37109375 0.6111111111111112 0.373046875 0.6180555555555556 0.376953125 0.6180555555555556 0.37890625 0.6145833333333334 0.37890625 0.5902777777777778 0.373046875 0.5763888888888888 0.37109375 0.5486111111111112 0.375 0.5381944444444444 0.37890625 0.5347222222222222 0.384765625 0.5347222222222222
2 0.5703125 0.3506944444444444 0.580078125 0.3506944444444444 0.5859375 0.3576388888888889 0.5859375 0.3680555555555556 0.587890625 0.375 0.599609375 0.3923611111111111 0.60546875 0.4131944444444444 0.61328125 0.4270833333333333 0.615234375 0.4375 0.62890625 0.46875 0.62890625 0.4791666666666667 0.6328125 0.4861111111111111 0.6328125 0.5034722222222222 0.6171875 0.5034722222222222 0.61328125 0.5104166666666666 0.61328125 0.5243055555555556 0.62109375 0.5416666666666666 0.623046875 0.5520833333333334 0.62890625 0.5625 0.6328125 0.5763888888888888 0.6328125 0.5902777777777778 0.62890625 0.5972222222222222 0.625 0.5972222222222222 0.623046875 0.6006944444444444 0.615234375 0.6006944444444444 0.611328125 0.5972222222222222 0.611328125 0.59375 0.615234375 0.59375 0.6171875 0.5902777777777778 0.6171875 0.5798611111111112 0.609375 0.5590277777777778 0.60546875 0.5416666666666666 0.595703125 0.5243055555555556 0.5859375 0.5243055555555556 0.58203125 0.5173611111111112 0.58203125 0.5 0.58984375 0.4791666666666667 0.58984375 0.46875 0.587890625 0.4652777777777778 0.5703125 0.4652777777777778 0.568359375 0.46875 0.5625 0.46875 0.55859375 0.4583333333333333 0.55859375 0.4479166666666667 0.564453125 0.4479166666666667 0.568359375 0.4548611111111111 0.578125 0.4548611111111111 0.5859375 0.4479166666666667 0.5859375 0.4340277777777778 0.57421875 0.40625 0.57421875 0.3993055555555556 0.5703125 0.3923611111111111 0.5703125 0.3854166666666667 0.56640625 0.3715277777777778 0.5703125 0.3541666666666667
2 0.580078125 0.2048611111111111 0.583984375 0.2326388888888889 0.59375 0.2465277777777778 0.6015625 0.2847222222222222 0.611328125 0.3020833333333333 0.615234375 0.3159722222222222 0.615234375 0.3472222222222222 0.619140625 0.3576388888888889 0.619140625 0.3645833333333333 0.630859375 0.3819444444444444 0.638671875 0.40625 0.642578125 0.4097222222222222 0.642578125 0.4166666666666667 0.64453125 0.4201388888888889 0.63671875 0.4375 0.625 0.4375 0.625 0.4340277777777778 0.626953125 0.4340277777777778 0.630859375 0.4236111111111111 0.619140625 0.3923611111111111 0.611328125 0.3958333333333333 0.603515625 0.3784722222222222 0.59765625 0.3715277777777778 0.591796875 0.3715277777777778 0.58984375 0.3680555555555556 0.58984375 0.3611111111111111 0.5859375 0.3541666666666667 0.580078125 0.3472222222222222 0.5703125 0.3472222222222222 0.57421875 0.3298611111111111 0.580078125 0.3194444444444444 0.580078125 0.3125 0.57421875 0.3020833333333333 0.55859375 0.2881944444444444 0.5546875 0.28125 0.5546875 0.2743055555555556 0.556640625 0.2673611111111111 0.560546875 0.2673611111111111 0.5703125 0.2847222222222222 0.57421875 0.2777777777777778 0.568359375 0.2673611111111111 0.564453125 0.2534722222222222 0.5625 0.2152777777777778 0.564453125 0.20833333333333334 0.5703125 0.2013888888888889 0.576171875 0.2013888888888889 0.578125 0.2048611111111111