0 0.189453125 0.53125 0.19140625 0.5486111111111112 0.1875 0.5486111111111112 0.185546875 0.5520833333333334 0.181640625 0.5486111111111112 0.181640625 0.53125 0.18359375 0.5277777777777778 0.1875 0.53125
0 0.56640625 0.2638888888888889 0.5703125 0.2743055555555556 0.568359375 0.2847222222222222 0.55859375 0.2777777777777778 0.560546875 0.2673611111111111 0.564453125 0.2638888888888889
0 0.16796875 0.4375 0.17578125 0.4479166666666667 0.17578125 0.4583333333333333 0.173828125 0.4652777777777778 0.169921875 0.46875 0.162109375 0.4583333333333333 0.162109375 0.4444444444444444 0.166015625 0.4409722222222222
0 0.431640625 0.0798611111111111 0.435546875 0.06597222222222222 0.44140625 0.06597222222222222 0.443359375 0.0798611111111111 0.44140625 0.08333333333333333 0.435546875 0.08333333333333333 0.43359375 0.0798611111111111
0 0.7265625 0.3020833333333333 0.7265625 0.2951388888888889 0.732421875 0.2881944444444444 0.734375 0.2881944444444444 0.73828125 0.2986111111111111 0.732421875 0.3055555555555556 0.728515625 0.3020833333333333
0 0.48828125 0.3159722222222222 0.494140625 0.3125 0.5 0.3194444444444444 0.5 0.3298611111111111 0.498046875 0.3333333333333333 0.48828125 0.3333333333333333 0.486328125 0.3263888888888889 0.48828125 0.3194444444444444
0 0.408203125 0.4618055555555556 0.412109375 0.4583333333333333 0.41796875 0.4583333333333333 0.419921875 0.4618055555555556 0.419921875 0.4756944444444444 0.41796875 0.4791666666666667 0.408203125 0.4791666666666667 0.408203125 0.4652777777777778
0 0.73203125 0.30046296296296293 0.013020833333333334 0.025
0 0.171875 0.4409722222222222 0.17578125 0.4513888888888889 0.173828125 0.4548611111111111 0.1640625 0.4548611111111111 0.162109375 0.4513888888888889 0.162109375 0.4444444444444444 0.166015625 0.4375 0.169921875 0.4409722222222222
0 0.630859375 0.2152777777777778 0.634765625 0.2222222222222222 0.634765625 0.2326388888888889 0.630859375 0.2361111111111111 0.62890625 0.2326388888888889 0.625 0.2326388888888889 0.625 0.21875 0.62890625 0.2152777777777778
0 0.52734375 0.3194444444444444 0.533203125 0.3194444444444444 0.537109375 0.3263888888888889 0.537109375 0.3368055555555556 0.53515625 0.3402777777777778 0.529296875 0.3402777777777778 0.525390625 0.3333333333333333 0.525390625 0.3263888888888889 0.52734375 0.3229166666666667
0 0.5703125 0.2048611111111111 0.580078125 0.2048611111111111 0.580078125 0.2152777777777778 0.578125 0.21875 0.5703125 0.21875 0.5703125 0.20833333333333334
0 0.23046875 0.5104166666666666 0.240234375 0.5104166666666666 0.240234375 0.5277777777777778 0.23828125 0.53125 0.234375 0.53125 0.232421875 0.5277777777777778 0.23046875 0.5138888888888888
0 0.5778645833333333 0.2796296296296296 0.013020833333333334 0.022222222222222223
0 0.439453125 0.2048611111111111 0.44140625 0.21180555555555555 0.439453125 0.21875 0.435546875 0.2222222222222222 0.4296875 0.21875 0.4296875 0.20833333333333334 0.431640625 0.2048611111111111 0.4375 0.2048611111111111
0 0.134765625 0.7083333333333334 0.146484375 0.7083333333333334 0.150390625 0.71875 0.1484375 0.7222222222222222 0.1484375 0.7291666666666666 0.142578125 0.7395833333333334 0.138671875 0.7395833333333334 0.1328125 0.71875 0.134765625 0.7118055555555556
0 0.517578125 0.3020833333333333 0.521484375 0.3125 0.517578125 0.3229166666666667 0.509765625 0.3229166666666667 0.5078125 0.3194444444444444 0.5078125 0.3055555555555556 0.509765625 0.3020833333333333 0.515625 0.3020833333333333
0 0.560546875 0.3784722222222222 0.564453125 0.3784722222222222 0.568359375 0.3854166666666667 0.568359375 0.3958333333333333 0.560546875 0.3993055555555556 0.556640625 0.3888888888888889 0.560546875 0.3819444444444444
0 0.619140625 0.22569444444444445 0.623046875 0.2326388888888889 0.623046875 0.23958333333333334 0.62109375 0.24305555555555555 0.61328125 0.24305555555555555 0.61328125 0.22916666666666666 0.6171875 0.22569444444444445
0 0.45338541666666665 0.07962962962962963 0.009895833333333333 0.018518518518518517
1 0.552734375 0.3888888888888889 0.556640625 0.3923611111111111 0.55859375 0.3993055555555556 0.556640625 0.40625 0.556640625 0.4166666666666667 0.548828125 0.4166666666666667 0.546875 0.4131944444444444 0.546875 0.3958333333333333 0.55078125 0.3923611111111111
1 0.16770833333333332 0.4782407407407407 0.028125 0.05092592592592592
1 0.55859375 0.28125 0.560546875 0.2847222222222222 0.564453125 0.2847222222222222 0.568359375 0.2916666666666667 0.568359375 0.3055555555555556 0.56640625 0.3090277777777778 0.564453125 0.3333333333333333 0.560546875 0.3472222222222222 0.556640625 0.3472222222222222 0.546875 0.3368055555555556 0.546875 0.3298611111111111 0.544921875 0.3263888888888889 0.544921875 0.3125 0.552734375 0.2951388888888889 0.552734375 0.2881944444444444 0.556640625 0.2847222222222222
1 0.716796875 0.3333333333333333 0.716796875 0.3298611111111111 0.724609375 0.3159722222222222 0.73046875 0.3159722222222222 0.736328125 0.3090277777777778 0.7421875 0.3090277777777778 0.748046875 0.3194444444444444 0.748046875 0.3298611111111111 0.744140625 0.3402777777777778 0.744140625 0.3576388888888889 0.740234375 0.3611111111111111 0.734375 0.3611111111111111 0.732421875 0.3645833333333333 0.728515625 0.3576388888888889 0.728515625 0.34375 0.7265625 0.3368055555555556 0.724609375 0.3333333333333333 0.71875 0.3333333333333333 0.716796875 0.3368055555555556
1 0.408203125 0.4791666666666667 0.41015625 0.4826388888888889 0.416015625 0.4826388888888889 0.419921875 0.4895833333333333 0.416015625 0.5069444444444444 0.416015625 0.5277777777777778 0.4140625 0.53125 0.3984375 0.53125 0.396484375 0.5277777777777778 0.400390625 0.5277777777777778 0.40625 0.5173611111111112 0.40625 0.5104166666666666 0.40234375 0.5034722222222222 0.40234375 0.4826388888888889 0.40625 0.4826388888888889
1 0.4921875 0.3368055555555556 0.5 0.3541666666666667 0.494140625 0.3680555555555556 0.490234375 0.3854166666666667 0.484375 0.3854166666666667 0.478515625 0.3784722222222222 0.478515625 0.3680555555555556 0.482421875 0.3576388888888889 0.482421875 0.34375 0.486328125 0.3333333333333333 0.490234375 0.3368055555555556
1 0.423828125 0.2673611111111111 0.419921875 0.24305555555555555 0.421875 0.23958333333333334 0.421875 0.2326388888888889 0.4296875 0.21875 0.435546875 0.22569444444444445 0.435546875 0.2534722222222222 0.431640625 0.2569444444444444 0.427734375 0.2673611111111111 0.42578125 0.2673611111111111
1 0.1875 0.6041666666666666 0.18359375 0.5902777777777778 0.177734375 0.5798611111111112 0.173828125 0.5659722222222222 0.173828125 0.5590277777777778 0.17578125 0.5555555555555556 0.181640625 0.5555555555555556 0.19140625 0.5486111111111112 0.197265625 0.5486111111111112 0.19921875 0.5520833333333334 0.201171875 0.5833333333333334 0.20703125 0.59375 0.20703125 0.6006944444444444 0.208984375 0.6041666666666666 0.20703125 0.6076388888888888 0.19140625 0.6076388888888888 0.189453125 0.6041666666666666
1 0.576171875 0.2222222222222222 0.5859375 0.2222222222222222 0.591796875 0.2361111111111111 0.591796875 0.2465277777777778 0.595703125 0.25 0.595703125 0.2604166666666667 0.59375 0.2638888888888889 0.5859375 0.2638888888888889 0.578125 0.2569444444444444 0.578125 0.25 0.57421875 0.23958333333333334 0.57421875 0.22916666666666666 0.576171875 0.22569444444444445
1 0.244140625 0.5277777777777778 0.248046875 0.53125 0.25 0.5381944444444444 0.251953125 0.5381944444444444 0.255859375 0.5520833333333334 0.255859375 0.5659722222222222 0.2578125 0.5694444444444444 0.2578125 0.5763888888888888 0.255859375 0.5798611111111112 0.251953125 0.5763888888888888 0.240234375 0.5763888888888888 0.23828125 0.5729166666666666 0.234375 0.5347222222222222 0.2421875 0.5277777777777778
1 0.5861979166666667 0.30925925925925923 0.024479166666666666 0.04814814814814815
1 0.45703125 0.08333333333333333 0.462890625 0.09027777777777778 0.466796875 0.1076388888888889 0.466796875 0.12152777777777778 0.4609375 0.13194444444444445 0.45703125 0.1284722222222222 0.45703125 0.11458333333333333 0.4453125 0.09722222222222222 0.44921875 0.08680555555555555 0.455078125 0.08333333333333333
1 0.43359375 0.0798611111111111 0.435546875 0.08333333333333333 0.44140625 0.08333333333333333 0.443359375 0.08680555555555555 0.443359375 0.09375 0.43359375 0.10069444444444445 0.427734375 0.1111111111111111 0.419921875 0.1111111111111111 0.419921875 0.10416666666666667 0.42578125 0.08680555555555555 0.431640625 0.0798611111111111
1 0.541015625 0.3472222222222222 0.54296875 0.3611111111111111 0.55078125 0.375 0.55078125 0.3819444444444444 0.54296875 0.3923611111111111 0.5390625 0.3923611111111111 0.53515625 0.3854166666666667 0.529296875 0.3819444444444444 0.5234375 0.3680555555555556 0.52734375 0.3611111111111111 0.52734375 0.3541666666666667 0.53125 0.34375 0.537109375 0.34375 0.5390625 0.3472222222222222
1 0.556640625 0.4166666666666667 0.564453125 0.4305555555555556 0.564453125 0.4340277777777778 0.5625 0.4409722222222222 0.5546875 0.4513888888888889 0.5546875 0.4583333333333333 0.552734375 0.4618055555555556 0.546875 0.4618055555555556 0.54296875 0.4548611111111111 0.5390625 0.4548611111111111 0.5390625 0.4444444444444444 0.54296875 0.4340277777777778 0.54296875 0.4201388888888889 0.544921875 0.4166666666666667 0.5546875 0.4166666666666667
1 0.55859375 0.3993055555555556 0.568359375 0.3993055555555556 0.572265625 0.4027777777777778 0.572265625 0.4166666666666667 0.568359375 0.4270833333333333 0.564453125 0.4270833333333333 0.55859375 0.4166666666666667 0.55859375 0.4027777777777778
1 0.150390625 0.7291666666666666 0.154296875 0.7326388888888888 0.162109375 0.75 0.1640625 0.7708333333333334 0.158203125 0.7777777777777778 0.1484375 0.7777777777777778 0.14453125 0.7743055555555556 0.140625 0.7604166666666666 0.140625 0.7430555555555556 0.142578125 0.7361111111111112 0.1484375 0.7291666666666666
1 0.6171875 0.2881944444444444 0.615234375 0.2743055555555556 0.609375 0.2638888888888889 0.609375 0.2534722222222222 0.615234375 0.2465277777777778 0.62109375 0.2465277777777778 0.623046875 0.24305555555555555 0.6328125 0.24305555555555555 0.634765625 0.2465277777777778 0.634765625 0.2847222222222222 0.6328125 0.2881944444444444 0.619140625 0.2881944444444444
2 0.564453125 0.2638888888888889 0.568359375 0.2673611111111111 0.5703125 0.2743055555555556 0.5703125 0.28125 0.568359375 0.2847222222222222 0.5703125 0.2881944444444444 0.5703125 0.3020833333333333 0.568359375 0.3055555555555556 0.568359375 0.3159722222222222 0.564453125 0.3229166666666667 0.564453125 0.3368055555555556 0.560546875 0.3506944444444444 0.556640625 0.3506944444444444 0.546875 0.3368055555555556 0.544921875 0.3125 0.552734375 0.2951388888888889 0.552734375 0.2881944444444444 0.55859375 0.2777777777777778 0.560546875 0.2673611111111111 0.5625 0.2673611111111111
2 0.16796875 0.4375 0.181640625 0.4583333333333333 0.181640625 0.4722222222222222 0.185546875 0.4826388888888889 0.18359375 0.4895833333333333 0.173828125 0.5034722222222222 0.173828125 0.5138888888888888 0.169921875 0.5277777777777778 0.166015625 0.5347222222222222 0.158203125 0.5381944444444444 0.150390625 0.5520833333333334 0.1484375 0.5520833333333334 0.146484375 0.5451388888888888 0.1484375 0.53125 0.15234375 0.5243055555555556 0.15234375 0.5034722222222222 0.150390625 0.4965277777777778 0.15234375 0.4930555555555556 0.154296875 0.46875 0.162109375 0.4513888888888889 0.162109375 0.4444444444444444 0.166015625 0.4409722222222222
2 0.517578125 0.3020833333333333 0.521484375 0.3125 0.51953125 0.3194444444444444 0.51953125 0.3333333333333333 0.517578125 0.3368055555555556 0.5078125 0.3368055555555556 0.50390625 0.3298611111111111 0.50390625 0.3194444444444444 0.5078125 0.3055555555555556 0.509765625 0.3020833333333333 0.515625 0.3020833333333333
2 0.4140625 0.14930555555555555 0.416015625 0.14930555555555555 0.419921875 0.1388888888888889 0.419921875 0.11805555555555555 0.41796875 0.1111111111111111 0.42578125 0.08680555555555555 0.435546875 0.06597222222222222 0.44140625 0.06597222222222222 0.443359375 0.07291666666666667 0.443359375 0.09722222222222222 0.44140625 0.10069444444444445 0.435546875 0.10069444444444445 0.431640625 0.1076388888888889 0.431640625 0.1284722222222222 0.43359375 0.13194444444444445 0.43359375 0.1597222222222222 0.431640625 0.16319444444444445 0.431640625 0.17708333333333334 0.427734375 0.17708333333333334 0.42578125 0.1736111111111111 0.427734375 0.1701388888888889 0.427734375 0.14930555555555555 0.42578125 0.14583333333333334 0.421875 0.14583333333333334 0.416015625 0.1597222222222222 0.4140625 0.1597222222222222 0.4140625 0.1527777777777778
2 0.416015625 0.4583333333333333 0.419921875 0.4652777777777778 0.419921875 0.5173611111111112 0.416015625 0.5277777777777778 0.416015625 0.5590277777777778 0.41015625 0.5868055555555556 0.40625 0.5868055555555556 0.404296875 0.5798611111111112 0.404296875 0.5694444444444444 0.3984375 0.5625 0.39453125 0.5208333333333334 0.400390625 0.5 0.400390625 0.4895833333333333 0.40234375 0.4826388888888889 0.40625 0.4756944444444444 0.408203125 0.4652777777777778 0.4140625 0.4583333333333333
2 0.494140625 0.3125 0.5 0.3194444444444444 0.5 0.3368055555555556 0.498046875 0.3402777777777778 0.501953125 0.3472222222222222 0.509765625 0.3506944444444444 0.509765625 0.3541666666666667 0.498046875 0.3645833333333333 0.4921875 0.3784722222222222 0.4921875 0.3888888888888889 0.49609375 0.40625 0.49609375 0.4236111111111111 0.486328125 0.4340277777777778 0.48046875 0.4444444444444444 0.478515625 0.4444444444444444 0.478515625 0.4340277777777778 0.4765625 0.4305555555555556 0.46484375 0.4409722222222222 0.462890625 0.4444444444444444 0.462890625 0.4513888888888889 0.458984375 0.4513888888888889 0.458984375 0.4409722222222222 0.4609375 0.4340277777777778 0.47265625 0.4166666666666667 0.470703125 0.3854166666666667 0.482421875 0.3576388888888889 0.482421875 0.3402777777777778 0.48828125 0.3159722222222222 0.4921875 0.3159722222222222
2 0.736328125 0.2916666666666667 0.73828125 0.2951388888888889 0.73828125 0.3020833333333333 0.748046875 0.3194444444444444 0.748046875 0.3298611111111111 0.744140625 0.3402777777777778 0.744140625 0.3854166666666667 0.755859375 0.4166666666666667 0.755859375 0.4270833333333333 0.748046875 0.4236111111111111 0.74609375 0.4270833333333333 0.74609375 0.4375 0.7421875 0.4375 0.728515625 0.40625 0.728515625 0.3784722222222222 0.73046875 0.375 0.728515625 0.34375 0.724609375 0.3368055555555556 0.71484375 0.3368055555555556 0.716796875 0.3229166666666667 0.7265625 0.3055555555555556 0.7265625 0.2951388888888889 0.728515625 0.2916666666666667 0.734375 0.2916666666666667
2 0.453125 0.0763888888888889 0.46484375 0.09375 0.466796875 0.11805555555555555 0.474609375 0.13194444444444445 0.470703125 0.13541666666666666 0.466796875 0.14583333333333334 0.48046875 0.16666666666666666 0.478515625 0.1701388888888889 0.47265625 0.1701388888888889 0.470703125 0.16666666666666666 0.466796875 0.1736111111111111 0.44921875 0.1527777777777778 0.455078125 0.13541666666666666 0.455078125 0.12152777777777778 0.45703125 0.11805555555555555 0.45703125 0.11458333333333333 0.4453125 0.09722222222222222 0.447265625 0.0798611111111111 0.451171875 0.0763888888888889
2 0.56640625 0.3819444444444444 0.568359375 0.3854166666666667 0.568359375 0.3993055555555556 0.572265625 0.40625 0.572265625 0.4166666666666667 0.568359375 0.4270833333333333 0.568359375 0.4375 0.57421875 0.4548611111111111 0.572265625 0.4548611111111111 0.560546875 0.4791666666666667 0.560546875 0.4895833333333333 0.556640625 0.4861111111111111 0.5546875 0.4479166666666667 0.560546875 0.4444444444444444 0.56640625 0.4340277777777778 0.56640625 0.4305555555555556 0.556640625 0.4131944444444444 0.552734375 0.4166666666666667 0.546875 0.4166666666666667 0.546875 0.3993055555555556 0.55078125 0.3888888888888889 0.5546875 0.3888888888888889 0.55859375 0.3819444444444444 0.564453125 0.3819444444444444
2 0.14453125 0.7083333333333334 0.1484375 0.7152777777777778 0.150390625 0.7256944444444444 0.162109375 0.75 0.162109375 0.7604166666666666 0.16796875 0.7777777777777778 0.177734375 0.7916666666666666 0.17578125 0.7951388888888888 0.17578125 0.8090277777777778 0.177734375 0.8159722222222222 0.1875 0.8298611111111112 0.19140625 0.8298611111111112 0.1953125 0.8368055555555556 0.201171875 0.8402777777777778 0.205078125 0.8541666666666666 0.197265625 0.8541666666666666 0.19140625 0.84375 0.1875 0.84375 0.1796875 0.8368055555555556 0.166015625 0.8159722222222222 0.1640625 0.8159722222222222 0.162109375 0.8055555555555556 0.158203125 0.7986111111111112 0.14453125 0.7986111111111112 0.138671875 0.8055555555555556 0.138671875 0.8159722222222222 0.13671875 0.8194444444444444 0.138671875 0.8263888888888888 0.138671875 0.8368055555555556 0.140625 0.84375 0.14453125 0.8472222222222222 0.14453125 0.8541666666666666 0.13671875 0.8611111111111112 0.1328125 0.8611111111111112 0.1328125 0.8298611111111112 0.130859375 0.8263888888888888 0.130859375 0.8125 0.12890625 0.8055555555555556 0.13671875 0.7881944444444444 0.140625 0.7881944444444444 0.14453125 0.78125 0.14453125 0.7708333333333334 0.138671875 0.7569444444444444 0.140625 0.75 0.13671875 0.7395833333333334 0.13671875 0.7291666666666666 0.134765625 0.7256944444444444 0.134765625 0.7118055555555556 0.13671875 0.7083333333333334 0.142578125 0.7083333333333334
2 0.185546875 0.5277777777777778 0.189453125 0.5347222222222222 0.19140625 0.5451388888888888 0.193359375 0.5486111111111112 0.197265625 0.5486111111111112 0.19921875 0.5520833333333334 0.19921875 0.5590277777777778 0.224609375 0.5972222222222222 0.224609375 0.6041666666666666 0.220703125 0.6041666666666666 0.21484375 0.5902777777777778 0.20703125 0.5833333333333334 0.205078125 0.5868055555555556 0.216796875 0.6319444444444444 0.216796875 0.6458333333333334 0.21875 0.6493055555555556 0.216796875 0.65625 0.208984375 0.6423611111111112 0.208984375 0.6354166666666666 0.203125 0.6215277777777778 0.1953125 0.6388888888888888 0.1953125 0.6458333333333334 0.203125 0.6631944444444444 0.203125 0.6736111111111112 0.201171875 0.6770833333333334 0.19921875 0.6770833333333334 0.19921875 0.6701388888888888 0.185546875 0.6458333333333334 0.185546875 0.6111111111111112 0.1875 0.6041666666666666 0.173828125 0.5659722222222222 0.173828125 0.5590277777777778 0.181640625 0.5486111111111112 0.181640625 0.53125 0.18359375 0.53125
2 0.24609375 0.5277777777777778 0.251953125 0.5381944444444444 0.255859375 0.5520833333333334 0.255859375 0.5659722222222222 0.26171875 0.5868055555555556 0.265625 0.59375 0.265625 0.5972222222222222 0.26171875 0.5972222222222222 0.255859375 0.6111111111111112 0.259765625 0.6284722222222222 0.263671875 0.6354166666666666 0.263671875 0.6458333333333334 0.26171875 0.6493055555555556 0.2578125 0.6493055555555556 0.255859375 0.6354166666666666 0.25 0.6284722222222222 0.244140625 0.6076388888888888 0.232421875 0.6041666666666666 0.224609375 0.625 0.22265625 0.625 0.220703125 0.6180555555555556 0.22265625 0.6076388888888888 0.234375 0.5833333333333334 0.234375 0.5659722222222222 0.232421875 0.5625 0.234375 0.5381944444444444 0.232421875 0.5347222222222222 0.23046875 0.5138888888888888 0.232421875 0.5104166666666666 0.23828125 0.5104166666666666 0.244140625 0.5277777777777778
2 0.57421875 0.2743055555555556 0.580078125 0.2708333333333333 0.58203125 0.2777777777777778 0.591796875 0.2916666666666667 0.595703125 0.3055555555555556 0.595703125 0.3125 0.6015625 0.3298611111111111 0.6015625 0.3506944444444444 0.603515625 0.3541666666666667 0.603515625 0.3645833333333333 0.607421875 0.375 0.607421875 0.3819444444444444 0.61328125 0.3958333333333333 0.61328125 0.3993055555555556 0.609375 0.3993055555555556 0.607421875 0.3923611111111111 0.6015625 0.3854166666666667 0.599609375 0.3715277777777778 0.591796875 0.3541666666666667 0.587890625 0.3541666666666667 0.580078125 0.3645833333333333 0.580078125 0.375 0.57421875 0.3923611111111111 0.57421875 0.3993055555555556 0.5703125 0.3958333333333333 0.5703125 0.3854166666666667 0.57421875 0.3680555555555556 0.57421875 0.3541666666666667 0.578125 0.34375 0.578125 0.3263888888888889 0.57421875 0.3090277777777778 0.57421875 0.2777777777777778
2 0.533203125 0.3194444444444444 0.537109375 0.3263888888888889 0.537109375 0.3402777777777778 0.54296875 0.3506944444444444 0.544921875 0.3645833333333333 0.55078125 0.375 0.55078125 0.3854166666666667 0.544921875 0.3958333333333333 0.54296875 0.40625 0.533203125 0.4201388888888889 0.533203125 0.4409722222222222 0.5234375 0.4409722222222222 0.521484375 0.4444444444444444 0.515625 0.4444444444444444 0.515625 0.4236111111111111 0.51171875 0.4166666666666667 0.509765625 0.4027777777777778 0.515625 0.3923611111111111 0.515625 0.3888888888888889 0.51953125 0.3854166666666667 0.51953125 0.3680555555555556 0.515625 0.3576388888888889 0.521484375 0.3506944444444444 0.521484375 0.3402777777777778 0.525390625 0.3263888888888889 0.53125 0.3194444444444444
2 0.546875 0.4131944444444444 0.548828125 0.4166666666666667 0.556640625 0.4166666666666667 0.564453125 0.4305555555555556 0.560546875 0.4444444444444444 0.55859375 0.4444444444444444 0.552734375 0.4548611111111111 0.5546875 0.4618055555555556 0.556640625 0.4965277777777778 0.55078125 0.5243055555555556 0.55078125 0.5416666666666666 0.546875 0.5451388888888888 0.54296875 0.5381944444444444 0.544921875 0.5347222222222222 0.544921875 0.5138888888888888 0.54296875 0.5104166666666666 0.529296875 0.5069444444444444 0.52734375 0.5034722222222222 0.51953125 0.5034722222222222 0.51953125 0.4965277777777778 0.533203125 0.4965277777777778 0.53515625 0.4930555555555556 0.53515625 0.4652777777777778 0.537109375 0.4618055555555556 0.537109375 0.4513888888888889 0.541015625 0.4409722222222222 0.544921875 0.4166666666666667
2 0.55078125 0.3993055555555556 0.55078125 0.3958333333333333 0.55859375 0.3819444444444444 0.564453125 0.3784722222222222 0.568359375 0.3854166666666667 0.568359375 0.3993055555555556 0.572265625 0.4027777777777778 0.572265625 0.4166666666666667 0.568359375 0.4270833333333333 0.568359375 0.4375 0.572265625 0.4444444444444444 0.57421875 0.4548611111111111 0.572265625 0.4548611111111111 0.56640625 0.4652777777777778 0.56640625 0.46875 0.560546875 0.4791666666666667 0.560546875 0.4861111111111111 0.55859375 0.4895833333333333 0.556640625 0.4861111111111111 0.556640625 0.4618055555555556 0.5546875 0.4583333333333333 0.5546875 0.4479166666666667 0.55859375 0.4444444444444444 0.564453125 0.4340277777777778 0.564453125 0.4305555555555556 0.5546875 0.4097222222222222 0.5546875 0.4027777777777778 0.552734375 0.3993055555555556
2 0.5703125 0.2048611111111111 0.580078125 0.2048611111111111 0.580078125 0.2152777777777778 0.58984375 0.22916666666666666 0.591796875 0.24305555555555555 0.59765625 0.2569444444444444 0.591796875 0.28125 0.587890625 0.28125 0.58203125 0.2673611111111111 0.578125 0.2673611111111111 0.578125 0.2604166666666667 0.57421875 0.2465277777777778 0.57421875 0.2361111111111111 0.5703125 0.2222222222222222 0.5703125 0.20833333333333334
2 0.416015625 0.25 0.42578125 0.22569444444444445 0.4296875 0.20833333333333334 0.431640625 0.2048611111111111 0.4375 0.2048611111111111 0.439453125 0.20833333333333334 0.439453125 0.21875 0.435546875 0.22916666666666666 0.435546875 0.2534722222222222 0.439453125 0.2604166666666667 0.447265625 0.2638888888888889 0.453125 0.2986111111111111 0.458984375 0.3090277777777778 0.458984375 0.3125 0.451171875 0.3125 0.44921875 0.3090277777777778 0.44921875 0.2951388888888889 0.44140625 0.2777777777777778 0.4375 0.2777777777777778 0.435546875 0.2743055555555556 0.431640625 0.2916666666666667 0.42578125 0.2881944444444444 0.427734375 0.2847222222222222 0.427734375 0.2777777777777778 0.421875 0.2708333333333333 0.421875 0.2638888888888889 0.41796875 0.2534722222222222
2 0.607421875 0.2361111111111111 0.623046875 0.22916666666666666 0.62890625 0.2152777777777778 0.634765625 0.2222222222222222 0.634765625 0.2326388888888889 0.6328125 0.2361111111111111 0.634765625 0.24305555555555555 0.634765625 0.28125 0.63671875 0.2847222222222222 0.63671875 0.2916666666666667 0.642578125 0.3055555555555556 0.642578125 0.3541666666666667 0.640625 0.3576388888888889 0.638671875 0.3541666666666667 0.638671875 0.3263888888888889 0.63671875 0.3229166666666667 0.63671875 0.3159722222222222 0.62890625 0.3090277777777778 0.625 0.3090277777777778 0.6171875 0.3194444444444444 0.61328125 0.3472222222222222 0.609375 0.3506944444444444 0.609375 0.3159722222222222 0.61328125 0.2986111111111111 0.61328125 0.28125 0.609375 0.2708333333333333 0.609375 0.25 0.607421875 0.2465277777777778 0.607421875 0.23958333333333334