0 0.607421875 0 0.619140625 0 0.615234375 0.013888888888888888 0.609375 0.013888888888888888 0.607421875 0.010416666666666666 0.607421875 0.003472222222222222
0 0.140625 0.5034722222222222 0.140625 0.4861111111111111 0.142578125 0.4791666666666667 0.1484375 0.4722222222222222 0.158203125 0.4722222222222222 0.166015625 0.4895833333333333 0.166015625 0.5034722222222222 0.158203125 0.5173611111111112 0.150390625 0.5173611111111112 0.142578125 0.5034722222222222
0 0.41796875 0.21875 0.421875 0.22916666666666666 0.421875 0.24305555555555555 0.41796875 0.2604166666666667 0.41015625 0.2569444444444444 0.400390625 0.23958333333333334 0.400390625 0.22916666666666666 0.404296875 0.2152777777777778 0.4140625 0.2152777777777778 0.416015625 0.21875
0 0.609375 0.5069444444444444 0.619140625 0.5138888888888888 0.623046875 0.5243055555555556 0.623046875 0.5381944444444444 0.619140625 0.5520833333333334 0.615234375 0.5555555555555556 0.61328125 0.5520833333333334 0.611328125 0.5555555555555556 0.60546875 0.5555555555555556 0.6015625 0.5520833333333334 0.599609375 0.5277777777777778 0.6015625 0.5243055555555556 0.6015625 0.5138888888888888 0.603515625 0.5104166666666666 0.607421875 0.5104166666666666
0 0.546875 0.1840277777777778 0.55078125 0.18055555555555555 0.560546875 0.18055555555555555 0.564453125 0.1875 0.564453125 0.2013888888888889 0.55859375 0.21180555555555555 0.55859375 0.2152777777777778 0.552734375 0.2222222222222222 0.55078125 0.2222222222222222 0.544921875 0.20833333333333334 0.544921875 0.1909722222222222 0.546875 0.1875
1 0.6328125 0.53125 0.65234375 0.5520833333333334 0.666015625 0.5833333333333334 0.666015625 0.5868055555555556 0.66015625 0.5972222222222222 0.66015625 0.6076388888888888 0.658203125 0.6111111111111112 0.66015625 0.6145833333333334 0.65234375 0.6284722222222222 0.6484375 0.6284722222222222 0.646484375 0.625 0.64453125 0.5972222222222222 0.638671875 0.5694444444444444 0.630859375 0.5590277777777778 0.625 0.5590277777777778 0.623046875 0.5659722222222222 0.626953125 0.5729166666666666 0.626953125 0.5798611111111112 0.6171875 0.5590277777777778 0.62109375 0.5520833333333334 0.625 0.5347222222222222 0.630859375 0.53125
1 0.576171875 0.20833333333333334 0.595703125 0.2569444444444444 0.58984375 0.2673611111111111 0.583984375 0.2673611111111111 0.58203125 0.2708333333333333 0.57421875 0.2708333333333333 0.576171875 0.2638888888888889 0.576171875 0.24305555555555555 0.578125 0.23958333333333334 0.576171875 0.2326388888888889 0.5703125 0.2361111111111111 0.5625 0.25 0.560546875 0.25 0.552734375 0.2326388888888889 0.552734375 0.22569444444444445 0.5625 0.2048611111111111 0.572265625 0.2048611111111111 0.57421875 0.20833333333333334
1 0.08203125 0 0.099609375 0 0.107421875 0.010416666666666666 0.11328125 0.010416666666666666 0.109375 0.020833333333333332 0.107421875 0.052083333333333336 0.095703125 0.0625 0.0859375 0.06597222222222222 0.078125 0.059027777777777776 0.076171875 0.052083333333333336 0.076171875 0.04513888888888889 0.078125 0.041666666666666664 0.078125 0.017361111111111112 0.08203125 0.010416666666666666 0.08203125 0.003472222222222222
1 0.466796875 0.017361111111111112 0.466796875 0.003472222222222222 0.46875 0 0.498046875 0 0.498046875 0.006944444444444444 0.5 0.010416666666666666 0.498046875 0.013888888888888888 0.498046875 0.020833333333333332 0.494140625 0.024305555555555556 0.490234375 0.020833333333333332 0.4765625 0.020833333333333332 0.474609375 0.017361111111111112 0.46875 0.017361111111111112 0.466796875 0.020833333333333332
1 0.1484375 0.5138888888888888 0.15234375 0.5243055555555556 0.15234375 0.5347222222222222 0.150390625 0.5416666666666666 0.14453125 0.5486111111111112 0.13671875 0.5347222222222222 0.134765625 0.5347222222222222 0.123046875 0.5625 0.123046875 0.5729166666666666 0.125 0.5798611111111112 0.1171875 0.5763888888888888 0.111328125 0.5694444444444444 0.111328125 0.5555555555555556 0.115234375 0.5416666666666666 0.1328125 0.4965277777777778 0.138671875 0.4965277777777778 0.138671875 0.5 0.146484375 0.5138888888888888
1 0.3984375 0.2361111111111111 0.408203125 0.2534722222222222 0.41015625 0.2638888888888889 0.40625 0.2743055555555556 0.400390625 0.2743055555555556 0.39453125 0.2673611111111111 0.388671875 0.2777777777777778 0.388671875 0.2847222222222222 0.384765625 0.2951388888888889 0.365234375 0.2951388888888889 0.361328125 0.2881944444444444 0.361328125 0.28125 0.365234375 0.2743055555555556 0.3671875 0.2638888888888889 0.373046875 0.2569444444444444 0.376953125 0.2569444444444444 0.380859375 0.25 0.396484375 0.2361111111111111
1 0.62109375 0 0.63671875 0 0.64453125 0.020833333333333332 0.64453125 0.03125 0.650390625 0.03819444444444445 0.650390625 0.04513888888888889 0.646484375 0.04861111111111111 0.6484375 0.052083333333333336 0.6484375 0.059027777777777776 0.64453125 0.06597222222222222 0.646484375 0.06944444444444445 0.650390625 0.06944444444444445 0.650390625 0.07291666666666667 0.640625 0.0625 0.6328125 0.0625 0.62890625 0.059027777777777776 0.61328125 0.027777777777777776 0.61328125 0.017361111111111112 0.615234375 0.010416666666666666 0.62109375 0.003472222222222222
2 0.583984375 0 0.59375 0 0.595703125 0.010416666666666666 0.603515625 0.027777777777777776 0.595703125 0.03819444444444445 0.6015625 0.059027777777777776 0.58984375 0.07291666666666667 0.58203125 0.07291666666666667 0.583984375 0.052083333333333336 0.5859375 0.04861111111111111 0.583984375 0.003472222222222222
2 0.08203125 0 0.123046875 0 0.12109375 0.006944444444444444 0.115234375 0.010416666666666666 0.111328125 0.020833333333333332 0.111328125 0.034722222222222224 0.1171875 0.052083333333333336 0.115234375 0.059027777777777776 0.111328125 0.0625 0.111328125 0.06597222222222222 0.12109375 0.09027777777777778 0.12109375 0.10416666666666667 0.1171875 0.1076388888888889 0.111328125 0.12152777777777778 0.11328125 0.14583333333333334 0.109375 0.14930555555555555 0.10546875 0.14583333333333334 0.1015625 0.12152777777777778 0.08984375 0.10069444444444445 0.08984375 0.09722222222222222 0.068359375 0.0625 0.068359375 0.05555555555555555 0.078125 0.041666666666666664 0.078125 0.017361111111111112 0.08203125 0.003472222222222222
2 0.6015625 0.5138888888888888 0.60546875 0.5104166666666666 0.615234375 0.5104166666666666 0.619140625 0.5138888888888888 0.625 0.53125 0.6328125 0.53125 0.64453125 0.5416666666666666 0.650390625 0.5520833333333334 0.65234375 0.5520833333333334 0.654296875 0.5590277777777778 0.673828125 0.59375 0.677734375 0.59375 0.685546875 0.6006944444444444 0.685546875 0.6111111111111112 0.68359375 0.6145833333333334 0.677734375 0.6145833333333334 0.67578125 0.6076388888888888 0.671875 0.6145833333333334 0.671875 0.6631944444444444 0.67578125 0.6701388888888888 0.68359375 0.6701388888888888 0.685546875 0.6736111111111112 0.6953125 0.6736111111111112 0.69921875 0.6770833333333334 0.705078125 0.6666666666666666 0.712890625 0.6666666666666666 0.716796875 0.6736111111111112 0.716796875 0.6875 0.71875 0.6909722222222222 0.71875 0.7048611111111112 0.716796875 0.7118055555555556 0.712890625 0.7118055555555556 0.708984375 0.7048611111111112 0.708984375 0.6979166666666666 0.703125 0.6875 0.68359375 0.6875 0.681640625 0.6909722222222222 0.685546875 0.6944444444444444 0.6875 0.7013888888888888 0.685546875 0.7083333333333334 0.671875 0.7256944444444444 0.66796875 0.7222222222222222 0.66796875 0.7152777777777778 0.671875 0.7083333333333334 0.671875 0.7013888888888888 0.666015625 0.6909722222222222 0.658203125 0.6840277777777778 0.654296875 0.6840277777777778 0.650390625 0.6770833333333334 0.640625 0.6701388888888888 0.63671875 0.6597222222222222 0.62890625 0.6493055555555556 0.62890625 0.6423611111111112 0.63671875 0.6319444444444444 0.634765625 0.6284722222222222 0.6328125 0.59375 0.619140625 0.5625 0.61328125 0.5555555555555556 0.607421875 0.5555555555555556 0.6015625 0.5486111111111112 0.6015625 0.5416666666666666 0.599609375 0.5381944444444444 0.6015625 0.5173611111111112
2 0.41796875 0.21875 0.421875 0.22916666666666666 0.419921875 0.2569444444444444 0.41796875 0.2604166666666667 0.4140625 0.2604166666666667 0.39453125 0.2951388888888889 0.39453125 0.3194444444444444 0.400390625 0.3298611111111111 0.400390625 0.3854166666666667 0.40234375 0.3888888888888889 0.40234375 0.3958333333333333 0.408203125 0.4027777777777778 0.412109375 0.4131944444444444 0.3984375 0.4131944444444444 0.39453125 0.40625 0.392578125 0.3854166666666667 0.380859375 0.375 0.380859375 0.3541666666666667 0.3828125 0.3506944444444444 0.3828125 0.34375 0.375 0.3298611111111111 0.365234375 0.3229166666666667 0.353515625 0.3055555555555556 0.353515625 0.2881944444444444 0.373046875 0.2569444444444444 0.376953125 0.2569444444444444 0.392578125 0.2361111111111111 0.3984375 0.2361111111111111 0.404296875 0.2152777777777778 0.4140625 0.2152777777777778 0.416015625 0.21875
2 0.150390625 0.5972222222222222 0.15625 0.6111111111111112 0.15625 0.6284722222222222 0.158203125 0.6319444444444444 0.158203125 0.6388888888888888 0.15234375 0.6527777777777778 0.15234375 0.6666666666666666 0.150390625 0.6701388888888888 0.150390625 0.7013888888888888 0.162109375 0.7152777777777778 0.158203125 0.71875 0.140625 0.71875 0.138671875 0.7152777777777778 0.138671875 0.7013888888888888 0.140625 0.6979166666666666 0.140625 0.6736111111111112 0.138671875 0.6701388888888888 0.134765625 0.6701388888888888 0.12890625 0.6805555555555556 0.12890625 0.7083333333333334 0.123046875 0.7048611111111112 0.119140625 0.6979166666666666 0.11328125 0.6770833333333334 0.119140625 0.6666666666666666 0.1328125 0.6527777777777778 0.13671875 0.6458333333333334 0.138671875 0.6354166666666666 0.12890625 0.6215277777777778 0.125 0.6215277777777778 0.123046875 0.6180555555555556 0.119140625 0.6284722222222222 0.115234375 0.6284722222222222 0.109375 0.6006944444444444 0.109375 0.5729166666666666 0.111328125 0.5694444444444444 0.11328125 0.5451388888888888 0.12890625 0.5034722222222222 0.1328125 0.4965277777777778 0.13671875 0.4965277777777778 0.140625 0.4895833333333333 0.142578125 0.4791666666666667 0.1484375 0.4722222222222222 0.158203125 0.4722222222222222 0.166015625 0.4861111111111111 0.166015625 0.5 0.1640625 0.5069444444444444 0.15234375 0.5243055555555556 0.15234375 0.5347222222222222 0.150390625 0.5416666666666666 0.13671875 0.5659722222222222 0.13671875 0.5763888888888888 0.1484375 0.5972222222222222
2 0.37109375 0 0.384765625 0 0.384765625 0.013888888888888888 0.380859375 0.024305555555555556 0.37890625 0.052083333333333336 0.390625 0.06597222222222222 0.388671875 0.06944444444444445 0.37890625 0.06944444444444445 0.376953125 0.06597222222222222 0.369140625 0.06597222222222222 0.3671875 0.0625 0.369140625 0.041666666666666664 0.37109375 0.03819444444444445 0.37109375 0.003472222222222222
2 0.572265625 0.2048611111111111 0.576171875 0.20833333333333334 0.59765625 0.2638888888888889 0.59765625 0.2847222222222222 0.595703125 0.2881944444444444 0.59765625 0.2916666666666667 0.59765625 0.3020833333333333 0.615234375 0.3159722222222222 0.630859375 0.3159722222222222 0.63671875 0.3368055555555556 0.6328125 0.3472222222222222 0.623046875 0.3368055555555556 0.6171875 0.3263888888888889 0.58984375 0.3229166666666667 0.587890625 0.3263888888888889 0.587890625 0.3368055555555556 0.591796875 0.3472222222222222 0.591796875 0.3541666666666667 0.595703125 0.3611111111111111 0.595703125 0.3680555555555556 0.5859375 0.3784722222222222 0.580078125 0.3784722222222222 0.578125 0.375 0.583984375 0.3541666666666667 0.568359375 0.3159722222222222 0.568359375 0.3090277777777778 0.5703125 0.3055555555555556 0.5703125 0.2986111111111111 0.57421875 0.2916666666666667 0.57421875 0.2847222222222222 0.5703125 0.2777777777777778 0.5625 0.2777777777777778 0.560546875 0.28125 0.546875 0.2847222222222222 0.537109375 0.2708333333333333 0.537109375 0.2604166666666667 0.5390625 0.2569444444444444 0.54296875 0.2604166666666667 0.552734375 0.2604166666666667 0.556640625 0.2534722222222222 0.556640625 0.24305555555555555 0.546875 0.21875 0.546875 0.21180555555555555 0.544921875 0.20833333333333334 0.544921875 0.1909722222222222 0.55078125 0.18055555555555555 0.560546875 0.18055555555555555 0.5703125 0.2048611111111111
2 0.607421875 0 0.63671875 0 0.63671875 0.003472222222222222 0.642578125 0.013888888888888888 0.646484375 0.03125 0.658203125 0.04513888888888889 0.65625 0.0625 0.65234375 0.07291666666666667 0.65234375 0.09027777777777778 0.654296875 0.09375 0.658203125 0.09375 0.66015625 0.08680555555555555 0.666015625 0.08680555555555555 0.66796875 0.09027777777777778 0.66796875 0.11458333333333333 0.662109375 0.11458333333333333 0.66015625 0.11805555555555555 0.6484375 0.11805555555555555 0.6484375 0.09375 0.646484375 0.09027777777777778 0.642578125 0.09375 0.6328125 0.09375 0.630859375 0.09027777777777778 0.623046875 0.09375 0.6171875 0.1076388888888889 0.6171875 0.15625 0.61328125 0.16319444444444445 0.6015625 0.16666666666666666 0.609375 0.14583333333333334 0.609375 0.125 0.607421875 0.12152777777777778 0.607421875 0.11458333333333333 0.609375 0.1111111111111111 0.609375 0.08680555555555555 0.62109375 0.052083333333333336 0.62109375 0.04513888888888889 0.619140625 0.041666666666666664 0.607421875 0.06597222222222222 0.607421875 0.0763888888888889 0.60546875 0.0798611111111111 0.6015625 0.0798611111111111 0.6015625 0.06597222222222222 0.60546875 0.059027777777777776 0.607421875 0.052083333333333336 0.607421875 0.041666666666666664 0.609375 0.03819444444444445 0.609375 0.013888888888888888 0.607421875 0.010416666666666666 0.607421875 0.003472222222222222
2 0.46875 0 0.509765625 0 0.509765625 0.006944444444444444 0.51171875 0.010416666666666666 0.51171875 0.03125 0.517578125 0.04513888888888889 0.517578125 0.05555555555555555 0.51171875 0.0625 0.5078125 0.052083333333333336 0.5078125 0.03819444444444445 0.50390625 0.024305555555555556 0.501953125 0.020833333333333332 0.498046875 0.020833333333333332 0.49609375 0.024305555555555556 0.49609375 0.03819444444444445 0.498046875 0.041666666666666664 0.498046875 0.04861111111111111 0.501953125 0.05555555555555555 0.501953125 0.06597222222222222 0.50390625 0.06944444444444445 0.50390625 0.0798611111111111 0.501953125 0.08680555555555555 0.482421875 0.10069444444444445 0.4765625 0.10069444444444445 0.46484375 0.11458333333333333 0.45703125 0.11458333333333333 0.455078125 0.11805555555555555 0.447265625 0.11458333333333333 0.4453125 0.1111111111111111 0.4453125 0.10069444444444445 0.447265625 0.09375 0.455078125 0.09027777777777778 0.4609375 0.06944444444444445 0.462890625 0.06944444444444445 0.470703125 0.05555555555555555 0.46875 0.04861111111111111 0.46875 0.034722222222222224 0.466796875 0.03125 0.466796875 0.006944444444444444 0.46875 0.003472222222222222