0 0.66796875 0.0763888888888889 0.673828125 0.08333333333333333 0.673828125 0.10069444444444445 0.666015625 0.1111111111111111 0.66015625 0.1111111111111111 0.654296875 0.10416666666666667 0.654296875 0.09027777777777778 0.65625 0.08333333333333333 0.66015625 0.0763888888888889 0.666015625 0.0763888888888889
0 0.2890625 0.08333333333333333 0.296875 0.09375 0.298828125 0.1076388888888889 0.283203125 0.1076388888888889 0.27734375 0.10069444444444445 0.27734375 0.09027777777777778 0.28125 0.08333333333333333 0.287109375 0.08333333333333333
0 0.19140625 0.4375 0.197265625 0.4479166666666667 0.19921875 0.4618055555555556 0.1953125 0.4722222222222222 0.185546875 0.4791666666666667 0.177734375 0.4652777777777778 0.177734375 0.4444444444444444 0.18359375 0.4375 0.189453125 0.4375
0 0.552734375 0.4618055555555556 0.556640625 0.4652777777777778 0.556640625 0.4756944444444444 0.5546875 0.4791666666666667 0.55078125 0.4791666666666667 0.546875 0.4861111111111111 0.546875 0.4930555555555556 0.5390625 0.4930555555555556 0.5390625 0.46875 0.546875 0.4583333333333333 0.55078125 0.4618055555555556
0 0.447265625 0.2604166666666667 0.44921875 0.2569444444444444 0.44921875 0.2465277777777778 0.453125 0.23958333333333334 0.462890625 0.23958333333333334 0.466796875 0.25 0.46484375 0.2708333333333333 0.458984375 0.2708333333333333 0.44921875 0.2638888888888889
0 0.498046875 0.21180555555555555 0.505859375 0.21875 0.505859375 0.2361111111111111 0.498046875 0.24305555555555555 0.494140625 0.24305555555555555 0.4921875 0.23958333333333334 0.490234375 0.2326388888888889 0.490234375 0.21875 0.4921875 0.2152777777777778 0.49609375 0.2152777777777778
1 0.447265625 0.2638888888888889 0.466796875 0.2777777777777778 0.466796875 0.2951388888888889 0.462890625 0.2951388888888889 0.4609375 0.2986111111111111 0.45703125 0.3229166666666667 0.44921875 0.3368055555555556 0.435546875 0.3368055555555556 0.431640625 0.3333333333333333 0.431640625 0.3263888888888889 0.43359375 0.3229166666666667 0.435546875 0.2777777777777778 0.439453125 0.2673611111111111 0.4453125 0.2638888888888889
1 0.171875 0.4583333333333333 0.17578125 0.4583333333333333 0.177734375 0.4618055555555556 0.177734375 0.46875 0.185546875 0.4861111111111111 0.173828125 0.5104166666666666 0.173828125 0.5208333333333334 0.177734375 0.5277777777777778 0.177734375 0.5347222222222222 0.17578125 0.5381944444444444 0.171875 0.5381944444444444 0.15234375 0.5173611111111112 0.15234375 0.5069444444444444 0.15625 0.4965277777777778 0.158203125 0.4826388888888889 0.171875 0.4618055555555556
1 0.275390625 0.1388888888888889 0.27734375 0.1423611111111111 0.28515625 0.1423611111111111 0.2890625 0.14930555555555555 0.2890625 0.15625 0.287109375 0.16319444444444445 0.283203125 0.16666666666666666 0.275390625 0.16666666666666666 0.267578125 0.1736111111111111 0.26171875 0.1736111111111111 0.259765625 0.16666666666666666 0.259765625 0.15625 0.263671875 0.14583333333333334 0.2734375 0.1388888888888889
1 0.7096354166666666 0.03981481481481482 0.0421875 0.07962962962962963
1 0.580078125 0.5069444444444444 0.5859375 0.5416666666666666 0.572265625 0.5625 0.564453125 0.5381944444444444 0.5625 0.5243055555555556 0.55859375 0.5173611111111112 0.5546875 0.5208333333333334 0.55078125 0.5173611111111112 0.548828125 0.4930555555555556 0.556640625 0.4826388888888889 0.56640625 0.4826388888888889 0.578125 0.5069444444444444
1 0.51171875 0.23958333333333334 0.517578125 0.25 0.517578125 0.2569444444444444 0.525390625 0.2847222222222222 0.525390625 0.2986111111111111 0.517578125 0.3020833333333333 0.513671875 0.3090277777777778 0.51171875 0.3090277777777778 0.51171875 0.2986111111111111 0.513671875 0.2951388888888889 0.513671875 0.2708333333333333 0.51171875 0.2638888888888889 0.509765625 0.2604166666666667 0.50390625 0.2604166666666667 0.501953125 0.2638888888888889 0.501953125 0.2708333333333333 0.498046875 0.2569444444444444 0.498046875 0.2465277777777778 0.5 0.24305555555555555 0.505859375 0.2361111111111111 0.509765625 0.23958333333333334
1 0.650390625 0.10069444444444445 0.66015625 0.11458333333333333 0.6640625 0.11458333333333333 0.666015625 0.1111111111111111 0.671875 0.1111111111111111 0.673828125 0.11458333333333333 0.671875 0.11805555555555555 0.671875 0.13541666666666666 0.66796875 0.14583333333333334 0.666015625 0.16319444444444445 0.662109375 0.1701388888888889 0.646484375 0.1597222222222222 0.640625 0.1597222222222222 0.640625 0.14930555555555555 0.64453125 0.1423611111111111 0.64453125 0.12152777777777778 0.642578125 0.11805555555555555 0.642578125 0.1111111111111111 0.64453125 0.10416666666666667 0.6484375 0.10069444444444445
2 0.646484375 0 0.6796875 0 0.677734375 0.027777777777777776 0.6796875 0.03125 0.6796875 0.04513888888888889 0.681640625 0.04861111111111111 0.681640625 0.059027777777777776 0.677734375 0.06597222222222222 0.669921875 0.06597222222222222 0.6640625 0.04861111111111111 0.662109375 0.034722222222222224 0.6484375 0.017361111111111112 0.646484375 0.003472222222222222
2 0.91015625 0 0.921875 0 0.923828125 0.003472222222222222 0.921875 0.010416666666666666 0.912109375 0.017361111111111112 0.908203125 0.017361111111111112 0.90625 0.013888888888888888 0.91015625 0.003472222222222222
2 0.4609375 0.23958333333333334 0.46484375 0.24305555555555555 0.466796875 0.25 0.466796875 0.2604166666666667 0.46484375 0.2638888888888889 0.46484375 0.2743055555555556 0.466796875 0.2777777777777778 0.466796875 0.2986111111111111 0.46484375 0.3020833333333333 0.46484375 0.3090277777777778 0.466796875 0.3125 0.470703125 0.3125 0.474609375 0.3020833333333333 0.482421875 0.3020833333333333 0.484375 0.3090277777777778 0.482421875 0.3159722222222222 0.4765625 0.3159722222222222 0.47265625 0.3229166666666667 0.4609375 0.3333333333333333 0.4609375 0.3368055555555556 0.46484375 0.3402777777777778 0.478515625 0.3680555555555556 0.482421875 0.4131944444444444 0.484375 0.4166666666666667 0.490234375 0.4166666666666667 0.48828125 0.4236111111111111 0.484375 0.4236111111111111 0.482421875 0.4270833333333333 0.4765625 0.4201388888888889 0.4765625 0.4097222222222222 0.474609375 0.40625 0.470703125 0.3784722222222222 0.46484375 0.3680555555555556 0.4609375 0.3680555555555556 0.447265625 0.3541666666666667 0.4375 0.3541666666666667 0.42578125 0.375 0.42578125 0.3784722222222222 0.421875 0.3819444444444444 0.416015625 0.3958333333333333 0.4140625 0.3958333333333333 0.4140625 0.3854166666666667 0.423828125 0.3645833333333333 0.431640625 0.3368055555555556 0.431640625 0.3194444444444444 0.43359375 0.3159722222222222 0.4296875 0.3020833333333333 0.423828125 0.3020833333333333 0.421875 0.3055555555555556 0.421875 0.3020833333333333 0.427734375 0.2916666666666667 0.431640625 0.2916666666666667 0.435546875 0.2847222222222222 0.4375 0.2708333333333333 0.447265625 0.2604166666666667 0.44921875 0.2465277777777778 0.453125 0.23958333333333334 0.458984375 0.23958333333333334
2 0.50390625 0.2152777777777778 0.505859375 0.21875 0.505859375 0.22916666666666666 0.517578125 0.25 0.517578125 0.2569444444444444 0.521484375 0.2638888888888889 0.525390625 0.2916666666666667 0.529296875 0.3020833333333333 0.529296875 0.3263888888888889 0.533203125 0.3402777777777778 0.53515625 0.34375 0.544921875 0.3472222222222222 0.552734375 0.3576388888888889 0.560546875 0.3576388888888889 0.564453125 0.3645833333333333 0.564453125 0.3819444444444444 0.560546875 0.3819444444444444 0.548828125 0.3645833333333333 0.525390625 0.3541666666666667 0.521484375 0.3506944444444444 0.517578125 0.3402777777777778 0.513671875 0.3402777777777778 0.509765625 0.34375 0.50390625 0.3576388888888889 0.50390625 0.3715277777777778 0.5 0.3854166666666667 0.5 0.3958333333333333 0.48828125 0.3958333333333333 0.486328125 0.3888888888888889 0.49609375 0.3784722222222222 0.49609375 0.34375 0.498046875 0.3402777777777778 0.498046875 0.3333333333333333 0.5078125 0.3194444444444444 0.509765625 0.3090277777777778 0.5078125 0.3055555555555556 0.50390625 0.3055555555555556 0.501953125 0.3090277777777778 0.48828125 0.3090277777777778 0.486328125 0.3055555555555556 0.4921875 0.2986111111111111 0.498046875 0.2986111111111111 0.50390625 0.2847222222222222 0.501953125 0.28125 0.5 0.2638888888888889 0.490234375 0.2361111111111111 0.490234375 0.21875 0.4921875 0.2152777777777778 0.501953125 0.2152777777777778
2 0.544921875 0 0.576171875 0 0.57421875 0.024305555555555556 0.556640625 0.04861111111111111 0.55859375 0.052083333333333336 0.55859375 0.059027777777777776 0.556640625 0.0625 0.552734375 0.059027777777777776 0.546875 0.059027777777777776 0.54296875 0.052083333333333336 0.54296875 0.04861111111111111 0.552734375 0.034722222222222224 0.552734375 0.03125 0.546875 0.020833333333333332 0.544921875 0.024305555555555556 0.54296875 0.020833333333333332 0.54296875 0.010416666666666666 0.544921875 0.003472222222222222
2 0.19140625 0.4375 0.197265625 0.4479166666666667 0.19921875 0.4618055555555556 0.193359375 0.4756944444444444 0.185546875 0.4826388888888889 0.185546875 0.4895833333333333 0.173828125 0.5104166666666666 0.173828125 0.5173611111111112 0.177734375 0.5277777777777778 0.181640625 0.5277777777777778 0.19140625 0.5381944444444444 0.189453125 0.5451388888888888 0.185546875 0.5451388888888888 0.181640625 0.5520833333333334 0.18359375 0.5555555555555556 0.185546875 0.5729166666666666 0.18359375 0.5763888888888888 0.181640625 0.6041666666666666 0.177734375 0.6180555555555556 0.177734375 0.625 0.181640625 0.6319444444444444 0.185546875 0.6319444444444444 0.185546875 0.6388888888888888 0.171875 0.6388888888888888 0.16796875 0.6354166666666666 0.16796875 0.625 0.171875 0.6076388888888888 0.169921875 0.6006944444444444 0.166015625 0.6006944444444444 0.158203125 0.6111111111111112 0.15625 0.6180555555555556 0.15625 0.6284722222222222 0.158203125 0.6319444444444444 0.15625 0.6354166666666666 0.1484375 0.6284722222222222 0.14453125 0.6180555555555556 0.14453125 0.6041666666666666 0.1484375 0.6041666666666666 0.16796875 0.5798611111111112 0.16796875 0.5729166666666666 0.16015625 0.5590277777777778 0.154296875 0.5555555555555556 0.1484375 0.5381944444444444 0.1484375 0.5208333333333334 0.158203125 0.4895833333333333 0.158203125 0.4826388888888889 0.177734375 0.4513888888888889 0.1796875 0.4409722222222222 0.18359375 0.4375 0.189453125 0.4375
2 0.6796875 0.16666666666666666 0.681640625 0.16319444444444445 0.68359375 0.1423611111111111 0.6875 0.13541666666666666 0.6875 0.11458333333333333 0.68359375 0.10069444444444445 0.68359375 0.0763888888888889 0.685546875 0.07291666666666667 0.685546875 0.06597222222222222 0.6953125 0.04513888888888889 0.6953125 0.034722222222222224 0.69921875 0.020833333333333332 0.70703125 0.010416666666666666 0.7109375 0 0.728515625 0 0.73046875 0.006944444444444444 0.728515625 0.010416666666666666 0.728515625 0.027777777777777776 0.712890625 0.08333333333333333 0.712890625 0.09375 0.71875 0.1076388888888889 0.71875 0.12152777777777778 0.71484375 0.13194444444444445 0.712890625 0.13194444444444445 0.70703125 0.1423611111111111 0.701171875 0.14583333333333334 0.6953125 0.15625 0.689453125 0.17708333333333334 0.68359375 0.17708333333333334 0.681640625 0.1701388888888889
2 0.28125 0.1076388888888889 0.294921875 0.11805555555555555 0.294921875 0.13194444444444445 0.29296875 0.13541666666666666 0.294921875 0.1388888888888889 0.298828125 0.1388888888888889 0.298828125 0.1423611111111111 0.291015625 0.15625 0.291015625 0.1597222222222222 0.298828125 0.1875 0.30078125 0.21180555555555555 0.2890625 0.20833333333333334 0.287109375 0.21180555555555555 0.2890625 0.2222222222222222 0.28515625 0.22569444444444445 0.279296875 0.21180555555555555 0.279296875 0.19791666666666666 0.28125 0.1909722222222222 0.275390625 0.1840277777777778 0.271484375 0.1875 0.263671875 0.2048611111111111 0.2578125 0.20833333333333334 0.251953125 0.21875 0.248046875 0.22916666666666666 0.248046875 0.2361111111111111 0.244140625 0.24305555555555555 0.240234375 0.23958333333333334 0.2421875 0.21875 0.24609375 0.20833333333333334 0.2578125 0.1909722222222222 0.259765625 0.1840277777777778 0.259765625 0.1597222222222222 0.26171875 0.15625 0.26171875 0.14930555555555555 0.271484375 0.13541666666666666 0.26953125 0.1111111111111111 0.2734375 0.1076388888888889 0.279296875 0.1076388888888889
2 0.2890625 0.08333333333333333 0.29296875 0.08680555555555555 0.302734375 0.1076388888888889 0.302734375 0.1423611111111111 0.296875 0.1423611111111111 0.29296875 0.1388888888888889 0.291015625 0.13541666666666666 0.2890625 0.11805555555555555 0.283203125 0.1076388888888889 0.27734375 0.10416666666666667 0.27734375 0.09027777777777778 0.28125 0.08333333333333333 0.287109375 0.08333333333333333
2 0.552734375 0.4618055555555556 0.5625 0.4826388888888889 0.56640625 0.4826388888888889 0.580078125 0.5069444444444444 0.583984375 0.53125 0.591796875 0.5451388888888888 0.59375 0.5520833333333334 0.59375 0.5659722222222222 0.591796875 0.5694444444444444 0.591796875 0.5868055555555556 0.59375 0.5902777777777778 0.591796875 0.59375 0.591796875 0.6006944444444444 0.599609375 0.6111111111111112 0.611328125 0.6111111111111112 0.61328125 0.6145833333333334 0.62109375 0.6076388888888888 0.626953125 0.6076388888888888 0.630859375 0.6145833333333334 0.630859375 0.6284722222222222 0.6328125 0.6319444444444444 0.6328125 0.6388888888888888 0.630859375 0.6458333333333334 0.62890625 0.6458333333333334 0.619140625 0.625 0.591796875 0.625 0.58984375 0.6215277777777778 0.5859375 0.6215277777777778 0.58203125 0.6111111111111112 0.578125 0.6076388888888888 0.576171875 0.59375 0.5703125 0.5868055555555556 0.568359375 0.5902777777777778 0.568359375 0.6006944444444444 0.576171875 0.6284722222222222 0.5859375 0.6493055555555556 0.5859375 0.65625 0.57421875 0.6597222222222222 0.572265625 0.6631944444444444 0.56640625 0.6597222222222222 0.56640625 0.65625 0.568359375 0.65625 0.57421875 0.6458333333333334 0.572265625 0.6354166666666666 0.560546875 0.6111111111111112 0.560546875 0.6076388888888888 0.55078125 0.5902777777777778 0.548828125 0.5902777777777778 0.548828125 0.5798611111111112 0.552734375 0.5729166666666666 0.556640625 0.5347222222222222 0.546875 0.5 0.5390625 0.4930555555555556 0.5390625 0.4722222222222222 0.541015625 0.4652777777777778 0.544921875 0.4618055555555556 0.55078125 0.4618055555555556
2 0.60546875 0 0.625 0 0.625 0.010416666666666666 0.626953125 0.013888888888888888 0.626953125 0.034722222222222224 0.62109375 0.04513888888888889 0.6171875 0.04513888888888889 0.599609375 0.07291666666666667 0.599609375 0.09375 0.591796875 0.09375 0.58984375 0.09027777777777778 0.58984375 0.0763888888888889 0.595703125 0.05555555555555555 0.6015625 0.04513888888888889 0.607421875 0.027777777777777776 0.60546875 0.024305555555555556 0.60546875 0.003472222222222222
2 0.66796875 0.0763888888888889 0.671875 0.0798611111111111 0.673828125 0.08680555555555555 0.673828125 0.14930555555555555 0.67578125 0.1527777777777778 0.67578125 0.1701388888888889 0.66796875 0.17708333333333334 0.66796875 0.1875 0.666015625 0.1909722222222222 0.6640625 0.20833333333333334 0.66015625 0.21180555555555555 0.654296875 0.2048611111111111 0.646484375 0.2222222222222222 0.646484375 0.22916666666666666 0.640625 0.25 0.638671875 0.2777777777777778 0.634765625 0.2777777777777778 0.6328125 0.2743055555555556 0.6328125 0.2673611111111111 0.63671875 0.2534722222222222 0.63671875 0.2222222222222222 0.640625 0.20833333333333334 0.640625 0.1875 0.634765625 0.1736111111111111 0.634765625 0.1388888888888889 0.638671875 0.12152777777777778 0.642578125 0.11458333333333333 0.642578125 0.1076388888888889 0.646484375 0.10069444444444445 0.65234375 0.10069444444444445 0.65625 0.08333333333333333 0.66015625 0.0763888888888889 0.666015625 0.0763888888888889
2 0.71875 0.0798611111111111 0.72265625 0.06597222222222222 0.72265625 0.059027777777777776 0.728515625 0.04513888888888889 0.728515625 0.034722222222222224 0.73046875 0.03125 0.73046875 0.010416666666666666 0.734375 0 0.740234375 0 0.7421875 0.003472222222222222 0.740234375 0.006944444444444444 0.740234375 0.024305555555555556 0.744140625 0.034722222222222224 0.74609375 0.04861111111111111 0.751953125 0.0625 0.75390625 0.08333333333333333 0.759765625 0.10069444444444445 0.759765625 0.1076388888888889 0.767578125 0.1284722222222222 0.765625 0.13194444444444445 0.755859375 0.11805555555555555 0.75390625 0.1076388888888889 0.75 0.10069444444444445 0.748046875 0.08680555555555555 0.734375 0.06597222222222222 0.72265625 0.08333333333333333 0.720703125 0.0798611111111111