0 0.064453125 0.3333333333333333 0.06640625 0.3368055555555556 0.06640625 0.3576388888888889 0.064453125 0.3611111111111111 0.05859375 0.3611111111111111 0.052734375 0.3541666666666667 0.052734375 0.34375 0.056640625 0.3368055555555556 0.0625 0.3333333333333333
0 0.3203125 0.14583333333333334 0.326171875 0.14583333333333334 0.330078125 0.14930555555555555 0.333984375 0.1597222222222222 0.333984375 0.16666666666666666 0.33203125 0.1701388888888889 0.3203125 0.16666666666666666 0.318359375 0.1597222222222222 0.3203125 0.14930555555555555
0 0.548828125 0.09375 0.552734375 0.10416666666666667 0.552734375 0.11458333333333333 0.55078125 0.11805555555555555 0.546875 0.11805555555555555 0.54296875 0.1111111111111111 0.54296875 0.09722222222222222 0.546875 0.09375
0 0.51953125 0.2361111111111111 0.525390625 0.24305555555555555 0.5234375 0.2465277777777778 0.5234375 0.2604166666666667 0.517578125 0.2604166666666667 0.513671875 0.2534722222222222 0.513671875 0.23958333333333334 0.517578125 0.2361111111111111
0 0.466796875 0.3090277777777778 0.466796875 0.2986111111111111 0.470703125 0.2916666666666667 0.4765625 0.2916666666666667 0.48046875 0.2986111111111111 0.478515625 0.3020833333333333 0.478515625 0.3090277777777778 0.474609375 0.3125 0.46875 0.3090277777777778
0 0.521484375 0.5763888888888888 0.521484375 0.5555555555555556 0.5234375 0.5520833333333334 0.529296875 0.5520833333333334 0.533203125 0.5555555555555556 0.533203125 0.5659722222222222 0.53125 0.5659722222222222 0.52734375 0.5763888888888888 0.5234375 0.5763888888888888
0 0.1015625 0.8611111111111112 0.107421875 0.8645833333333334 0.111328125 0.875 0.111328125 0.8923611111111112 0.099609375 0.8888888888888888 0.09765625 0.8854166666666666 0.09765625 0.8680555555555556 0.1015625 0.8645833333333334
0 0.033203125 0.8541666666666666 0.037109375 0.8506944444444444 0.04296875 0.8506944444444444 0.046875 0.8611111111111112 0.044921875 0.8819444444444444 0.0390625 0.8819444444444444 0.029296875 0.875 0.033203125 0.8576388888888888
0 0.61953125 0.5694444444444444 0.01614583333333333 0.027777777777777776
0 0.62109375 0.1909722222222222 0.630859375 0.1909722222222222 0.630859375 0.2013888888888889 0.626953125 0.21180555555555555 0.62109375 0.2048611111111111 0.62109375 0.19444444444444445
0 0.65234375 0.2465277777777778 0.658203125 0.2604166666666667 0.658203125 0.2673611111111111 0.65625 0.2708333333333333 0.650390625 0.2708333333333333 0.646484375 0.2604166666666667 0.646484375 0.25 0.650390625 0.2465277777777778
0 0.6328125 0.2986111111111111 0.63671875 0.2986111111111111 0.64453125 0.3055555555555556 0.642578125 0.3194444444444444 0.63671875 0.3229166666666667 0.6328125 0.3159722222222222 0.6328125 0.3020833333333333
0 0.626953125 0.3576388888888889 0.6328125 0.3680555555555556 0.630859375 0.3819444444444444 0.626953125 0.3819444444444444 0.62109375 0.3680555555555556 0.62109375 0.3611111111111111 0.625 0.3576388888888889
0 0.609375 0.4236111111111111 0.615234375 0.4236111111111111 0.62109375 0.4375 0.619140625 0.4444444444444444 0.61328125 0.4444444444444444 0.609375 0.4409722222222222 0.609375 0.4270833333333333
0 0.875 0.2638888888888889 0.87890625 0.2569444444444444 0.884765625 0.2569444444444444 0.88671875 0.2638888888888889 0.8828125 0.2777777777777778 0.880859375 0.2777777777777778 0.876953125 0.2673611111111111
0 0.875 0.27824074074074073 0.0125 0.021296296296296296
0 0.748046875 0.21875 0.748046875 0.22916666666666666 0.74609375 0.22916666666666666 0.744140625 0.2361111111111111 0.740234375 0.2361111111111111 0.73828125 0.2326388888888889 0.73828125 0.2222222222222222 0.740234375 0.21875 0.74609375 0.21875
0 0.7755208333333333 0.2837962962962963 0.013541666666666667 0.025
0 0.701171875 0.2569444444444444 0.701171875 0.25 0.703125 0.2465277777777778 0.708984375 0.2465277777777778 0.7109375 0.25 0.7109375 0.2569444444444444 0.708984375 0.2604166666666667 0.705078125 0.2604166666666667 0.703125 0.2569444444444444
0 0.70703125 0.2569444444444444 0.708984375 0.2604166666666667 0.705078125 0.2708333333333333 0.705078125 0.2777777777777778 0.701171875 0.28125 0.697265625 0.2743055555555556 0.697265625 0.2638888888888889 0.701171875 0.2569444444444444 0.705078125 0.2604166666666667
0 0.6875 0.2916666666666667 0.689453125 0.2986111111111111 0.685546875 0.3055555555555556 0.685546875 0.3159722222222222 0.6796875 0.3090277777777778 0.6796875 0.2986111111111111 0.681640625 0.2951388888888889 0.685546875 0.2951388888888889
0 0.6640625 0.3402777777777778 0.66796875 0.3472222222222222 0.66796875 0.3576388888888889 0.666015625 0.3611111111111111 0.658203125 0.3576388888888889 0.658203125 0.34375 0.662109375 0.3402777777777778
0 0.6768229166666666 0.35787037037037034 0.0109375 0.0287037037037037
0 0.68359375 0.375 0.685546875 0.3784722222222222 0.685546875 0.3888888888888889 0.6796875 0.3958333333333333 0.673828125 0.3958333333333333 0.669921875 0.3888888888888889 0.669921875 0.3819444444444444 0.67578125 0.375 0.681640625 0.375
1 0.058854166666666666 0.3796296296296296 0.022916666666666665 0.04814814814814815
1 0.673828125 0.3298611111111111 0.693359375 0.3298611111111111 0.68359375 0.3506944444444444 0.67578125 0.3472222222222222 0.67578125 0.3368055555555556 0.673828125 0.3333333333333333
1 0.685546875 0.3819444444444444 0.693359375 0.3819444444444444 0.6953125 0.3854166666666667 0.701171875 0.3854166666666667 0.703125 0.3888888888888889 0.7109375 0.3888888888888889 0.71484375 0.3923611111111111 0.71484375 0.3958333333333333 0.70703125 0.4097222222222222 0.693359375 0.4166666666666667 0.689453125 0.4027777777777778 0.68359375 0.4097222222222222 0.6796875 0.40625 0.6796875 0.3993055555555556 0.685546875 0.3854166666666667
1 0.474609375 0.3125 0.474609375 0.3263888888888889 0.466796875 0.3472222222222222 0.462890625 0.3402777777777778 0.458984375 0.3402777777777778 0.45703125 0.3472222222222222 0.453125 0.3472222222222222 0.451171875 0.34375 0.45703125 0.3229166666666667 0.46484375 0.3090277777777778 0.470703125 0.3090277777777778 0.47265625 0.3125
1 0.521484375 0.59375 0.51953125 0.5902777777777778 0.513671875 0.6006944444444444 0.51171875 0.6145833333333334 0.498046875 0.6111111111111112 0.49609375 0.6076388888888888 0.49609375 0.6006944444444444 0.515625 0.5694444444444444 0.521484375 0.5694444444444444 0.52734375 0.5798611111111112 0.525390625 0.5833333333333334 0.525390625 0.5902777777777778 0.5234375 0.5902777777777778
1 0.599609375 0.3194444444444444 0.6015625 0.3125 0.611328125 0.3055555555555556 0.62890625 0.3055555555555556 0.6328125 0.3194444444444444 0.630859375 0.3263888888888889 0.625 0.3263888888888889 0.623046875 0.3229166666666667 0.619140625 0.3333333333333333 0.615234375 0.3333333333333333 0.611328125 0.3263888888888889 0.6015625 0.3194444444444444
1 0.5419270833333333 0.13194444444444445 0.0203125 0.049074074074074076
1 0.748046875 0.22916666666666666 0.763671875 0.24305555555555555 0.767578125 0.2534722222222222 0.76171875 0.2604166666666667 0.751953125 0.2604166666666667 0.74609375 0.25 0.744140625 0.25 0.7421875 0.24305555555555555 0.7421875 0.2361111111111111 0.74609375 0.2326388888888889
1 0.037109375 0.8819444444444444 0.0390625 0.8854166666666666 0.046875 0.8854166666666666 0.05078125 0.8923611111111112 0.048828125 0.90625 0.04296875 0.9166666666666666 0.02734375 0.9166666666666666 0.0234375 0.9131944444444444 0.0234375 0.8854166666666666 0.025390625 0.8819444444444444 0.03515625 0.8819444444444444
1 0.8828125 0.2881944444444444 0.884765625 0.2916666666666667 0.8828125 0.3368055555555556 0.875 0.3368055555555556 0.873046875 0.3402777777777778 0.8671875 0.3333333333333333 0.869140625 0.2986111111111111 0.87109375 0.2916666666666667 0.875 0.2881944444444444 0.880859375 0.2881944444444444
1 0.59375 0.3715277777777778 0.595703125 0.3680555555555556 0.6171875 0.3680555555555556 0.62109375 0.375 0.623046875 0.3854166666666667 0.619140625 0.3923611111111111 0.615234375 0.3888888888888889 0.611328125 0.3958333333333333 0.60546875 0.3958333333333333 0.595703125 0.3715277777777778
1 0.111328125 0.8958333333333334 0.11328125 0.8993055555555556 0.11328125 0.90625 0.111328125 0.9131944444444444 0.107421875 0.9166666666666666 0.0859375 0.9166666666666666 0.0859375 0.8923611111111112 0.087890625 0.8888888888888888 0.1015625 0.8888888888888888 0.109375 0.8958333333333334
1 0.689453125 0.2986111111111111 0.703125 0.2986111111111111 0.708984375 0.3055555555555556 0.712890625 0.3055555555555556 0.716796875 0.3125 0.705078125 0.3229166666666667 0.6953125 0.3229166666666667 0.693359375 0.3194444444444444 0.689453125 0.3194444444444444 0.685546875 0.3125 0.689453125 0.3020833333333333
1 0.515625 0.25 0.51953125 0.2569444444444444 0.51953125 0.2638888888888889 0.51171875 0.2777777777777778 0.509765625 0.2777777777777778 0.509765625 0.2708333333333333 0.505859375 0.2673611111111111 0.501953125 0.2743055555555556 0.501953125 0.2847222222222222 0.5 0.2847222222222222 0.49609375 0.2743055555555556 0.5078125 0.25 0.513671875 0.25
1 0.322265625 0.1701388888888889 0.330078125 0.17708333333333334 0.330078125 0.21875 0.32421875 0.21875 0.318359375 0.22569444444444445 0.31640625 0.2222222222222222 0.31640625 0.19444444444444445 0.318359375 0.1909722222222222 0.318359375 0.1736111111111111 0.3203125 0.1736111111111111
1 0.89453125 0.2708333333333333 0.908203125 0.2881944444444444 0.896484375 0.3090277777777778 0.896484375 0.3125 0.89453125 0.3125 0.88671875 0.2916666666666667 0.880859375 0.2847222222222222 0.880859375 0.2777777777777778 0.884765625 0.2673611111111111 0.890625 0.2673611111111111 0.892578125 0.2708333333333333
1 0.607421875 0.4305555555555556 0.611328125 0.4375 0.6171875 0.4375 0.615234375 0.4479166666666667 0.607421875 0.4548611111111111 0.60546875 0.4548611111111111 0.607421875 0.4479166666666667 0.6015625 0.4375 0.595703125 0.4444444444444444 0.595703125 0.4548611111111111 0.595703125 0.4479166666666667 0.591796875 0.4375 0.591796875 0.4340277777777778 0.6015625 0.4340277777777778 0.60546875 0.4305555555555556
1 0.6171875 0.5798611111111112 0.623046875 0.5729166666666666 0.62890625 0.5729166666666666 0.63671875 0.5902777777777778 0.642578125 0.6111111111111112 0.63671875 0.6180555555555556 0.630859375 0.6180555555555556 0.62890625 0.6145833333333334 0.62890625 0.6041666666666666 0.626953125 0.5972222222222222 0.625 0.59375 0.62109375 0.59375 0.619140625 0.5972222222222222 0.6171875 0.59375 0.6171875 0.5833333333333334
1 0.62109375 0.19791666666666666 0.625 0.21180555555555555 0.6171875 0.2222222222222222 0.615234375 0.2222222222222222 0.61328125 0.2152777777777778 0.60546875 0.21875 0.6015625 0.21180555555555555 0.609375 0.2013888888888889 0.615234375 0.2013888888888889 0.619140625 0.19791666666666666
1 0.68359375 0.3541666666666667 0.693359375 0.3541666666666667 0.6953125 0.3576388888888889 0.708984375 0.3611111111111111 0.71484375 0.3680555555555556 0.71484375 0.375 0.708984375 0.3819444444444444 0.68359375 0.3784722222222222 0.6796875 0.3715277777777778 0.68359375 0.3576388888888889
1 0.642578125 0.2569444444444444 0.646484375 0.2638888888888889 0.646484375 0.2777777777777778 0.64453125 0.28125 0.640625 0.2777777777777778 0.638671875 0.28125 0.630859375 0.28125 0.62890625 0.2777777777777778 0.62890625 0.2708333333333333 0.625 0.2638888888888889 0.626953125 0.2604166666666667 0.63671875 0.2604166666666667 0.640625 0.2569444444444444
1 0.71484375 0.2534722222222222 0.716796875 0.2569444444444444 0.73046875 0.2604166666666667 0.734375 0.2673611111111111 0.734375 0.28125 0.732421875 0.2847222222222222 0.720703125 0.2881944444444444 0.71875 0.2916666666666667 0.71484375 0.2881944444444444 0.71484375 0.2777777777777778 0.712890625 0.2743055555555556 0.705078125 0.28125 0.70703125 0.2604166666666667 0.712890625 0.2534722222222222
1 0.765625 0.2986111111111111 0.7734375 0.2986111111111111 0.775390625 0.3020833333333333 0.7890625 0.2986111111111111 0.7890625 0.3090277777777778 0.787109375 0.3125 0.787109375 0.3368055555555556 0.783203125 0.34375 0.76953125 0.34375 0.76953125 0.3159722222222222 0.765625 0.3020833333333333
2 0.53125 0.5520833333333334 0.533203125 0.5555555555555556 0.533203125 0.5659722222222222 0.529296875 0.5729166666666666 0.51953125 0.6076388888888888 0.51953125 0.6180555555555556 0.525390625 0.6319444444444444 0.525390625 0.6388888888888888 0.5234375 0.6388888888888888 0.517578125 0.6493055555555556 0.517578125 0.6597222222222222 0.515625 0.6631944444444444 0.517578125 0.6666666666666666 0.517578125 0.6736111111111112 0.521484375 0.6770833333333334 0.51953125 0.6805555555555556 0.51171875 0.6805555555555556 0.509765625 0.6840277777777778 0.513671875 0.6979166666666666 0.50390625 0.6979166666666666 0.501953125 0.6944444444444444 0.50390625 0.6527777777777778 0.505859375 0.6493055555555556 0.498046875 0.6284722222222222 0.494140625 0.6076388888888888 0.49609375 0.6006944444444444 0.51953125 0.5625 0.51953125 0.5555555555555556 0.521484375 0.5520833333333334 0.525390625 0.5486111111111112 0.529296875 0.5520833333333334
2 0.712890625 0.3541666666666667 0.71484375 0.3680555555555556 0.712890625 0.3680555555555556 0.712890625 0.3645833333333333 0.70703125 0.3576388888888889 0.68359375 0.3541666666666667 0.6796875 0.3611111111111111 0.6796875 0.3680555555555556 0.666015625 0.3854166666666667 0.666015625 0.3923611111111111 0.6640625 0.3958333333333333 0.65625 0.3958333333333333 0.65625 0.3854166666666667 0.662109375 0.3680555555555556 0.65625 0.3541666666666667 0.65625 0.3472222222222222 0.662109375 0.3402777777777778 0.666015625 0.3402777777777778 0.671875 0.3298611111111111 0.6796875 0.3298611111111111 0.681640625 0.3263888888888889 0.697265625 0.3298611111111111 0.701171875 0.34375 0.705078125 0.3506944444444444 0.708984375 0.3506944444444444 0.7109375 0.3541666666666667
2 0.677734375 0.375 0.681640625 0.3819444444444444 0.693359375 0.3819444444444444 0.701171875 0.3888888888888889 0.71484375 0.3923611111111111 0.71875 0.40625 0.71875 0.4131944444444444 0.712890625 0.4305555555555556 0.70703125 0.4409722222222222 0.70703125 0.4479166666666667 0.712890625 0.4618055555555556 0.71484375 0.4722222222222222 0.701171875 0.4756944444444444 0.705078125 0.4618055555555556 0.69921875 0.4513888888888889 0.6953125 0.4513888888888889 0.69140625 0.4375 0.685546875 0.4444444444444444 0.681640625 0.4652777777777778 0.6796875 0.46875 0.67578125 0.4652777777777778 0.6796875 0.4548611111111111 0.6796875 0.4027777777777778 0.67578125 0.3923611111111111 0.67578125 0.3784722222222222
2 0.453125 0.40625 0.453125 0.3958333333333333 0.45703125 0.3819444444444444 0.453125 0.375 0.44921875 0.3506944444444444 0.453125 0.3333333333333333 0.46875 0.3020833333333333 0.46875 0.2951388888888889 0.470703125 0.2916666666666667 0.4765625 0.2916666666666667 0.48046875 0.2986111111111111 0.48046875 0.3090277777777778 0.470703125 0.3402777777777778 0.470703125 0.3576388888888889 0.47265625 0.3611111111111111 0.47265625 0.3680555555555556 0.470703125 0.3715277777777778 0.46875 0.4131944444444444 0.47265625 0.4236111111111111 0.466796875 0.4236111111111111 0.462890625 0.4166666666666667 0.462890625 0.4027777777777778 0.4609375 0.3993055555555556 0.455078125 0.40625
2 0.638671875 0.2986111111111111 0.642578125 0.3055555555555556 0.642578125 0.3159722222222222 0.630859375 0.3333333333333333 0.6328125 0.3402777777777778 0.6328125 0.3506944444444444 0.625 0.3506944444444444 0.615234375 0.3645833333333333 0.603515625 0.3611111111111111 0.60546875 0.3541666666666667 0.60546875 0.34375 0.6015625 0.3402777777777778 0.59765625 0.3298611111111111 0.599609375 0.3159722222222222 0.603515625 0.3090277777777778 0.607421875 0.3090277777777778 0.609375 0.3055555555555556 0.62890625 0.3055555555555556 0.63671875 0.2986111111111111
2 0.54296875 0.20833333333333334 0.5390625 0.1909722222222222 0.537109375 0.19444444444444445 0.537109375 0.2152777777777778 0.533203125 0.2152777777777778 0.533203125 0.16666666666666666 0.53125 0.16319444444444445 0.53125 0.1527777777777778 0.533203125 0.14930555555555555 0.533203125 0.12152777777777778 0.544921875 0.09722222222222222 0.55078125 0.09722222222222222 0.552734375 0.10069444444444445 0.552734375 0.13194444444444445 0.55078125 0.13541666666666666 0.548828125 0.1597222222222222 0.544921875 0.1701388888888889 0.544921875 0.2013888888888889 0.546875 0.2048611111111111 0.546875 0.20833333333333334 0.544921875 0.20833333333333334
2 0.0234375 0.9131944444444444 0.0234375 0.9027777777777778 0.021484375 0.8958333333333334 0.0234375 0.8923611111111112 0.0234375 0.8854166666666666 0.029296875 0.8784722222222222 0.029296875 0.8645833333333334 0.03515625 0.8506944444444444 0.041015625 0.8506944444444444 0.046875 0.8611111111111112 0.044921875 0.8819444444444444 0.05078125 0.8923611111111112 0.05078125 0.90625 0.048828125 0.9131944444444444 0.044921875 0.9166666666666666 0.02734375 0.9166666666666666 0.025390625 0.9131944444444444
2 0.8763020833333334 0.3462962962962963 0.0203125 0.1574074074074074
2 0.6328125 0.3576388888888889 0.63671875 0.3680555555555556 0.6328125 0.375 0.626953125 0.3784722222222222 0.623046875 0.3854166666666667 0.623046875 0.3923611111111111 0.62109375 0.3958333333333333 0.623046875 0.4340277777777778 0.615234375 0.4236111111111111 0.607421875 0.4236111111111111 0.599609375 0.4305555555555556 0.58203125 0.4305555555555556 0.5859375 0.4236111111111111 0.583984375 0.4166666666666667 0.591796875 0.40625 0.587890625 0.3888888888888889 0.587890625 0.3819444444444444 0.591796875 0.3715277777777778 0.595703125 0.3680555555555556 0.615234375 0.3680555555555556 0.62109375 0.3576388888888889 0.630859375 0.3576388888888889
2 0.0859375 0.9166666666666666 0.0859375 0.8923611111111112 0.087890625 0.8888888888888888 0.091796875 0.8888888888888888 0.09765625 0.8784722222222222 0.09765625 0.8715277777777778 0.1015625 0.8645833333333334 0.107421875 0.8645833333333334 0.111328125 0.8715277777777778 0.109375 0.8923611111111112 0.11328125 0.8993055555555556 0.11328125 0.9166666666666666 0.087890625 0.9166666666666666
2 0.328125 0.14930555555555555 0.33203125 0.1597222222222222 0.33203125 0.1701388888888889 0.330078125 0.1736111111111111 0.330078125 0.2152777777777778 0.33203125 0.21875 0.330078125 0.2326388888888889 0.33203125 0.2361111111111111 0.33203125 0.2638888888888889 0.333984375 0.2708333333333333 0.33984375 0.2777777777777778 0.337890625 0.2847222222222222 0.33203125 0.28125 0.33203125 0.2743055555555556 0.32421875 0.2465277777777778 0.322265625 0.2465277777777778 0.310546875 0.2673611111111111 0.310546875 0.28125 0.3046875 0.2743055555555556 0.3046875 0.2673611111111111 0.318359375 0.2361111111111111 0.318359375 0.22569444444444445 0.31640625 0.2222222222222222 0.31640625 0.1909722222222222 0.318359375 0.1875 0.3203125 0.15625 0.326171875 0.14930555555555555
2 0.703125 0.3576388888888889 0.705078125 0.3611111111111111 0.7109375 0.3611111111111111 0.716796875 0.3715277777777778 0.716796875 0.3784722222222222 0.71875 0.3819444444444444 0.716796875 0.3888888888888889 0.712890625 0.3888888888888889 0.7109375 0.3854166666666667 0.701171875 0.3854166666666667 0.693359375 0.3784722222222222 0.68359375 0.3784722222222222 0.677734375 0.3715277777777778 0.677734375 0.3645833333333333 0.681640625 0.3541666666666667 0.6953125 0.3541666666666667 0.697265625 0.3576388888888889 0.701171875 0.3576388888888889
2 0.689453125 0.2951388888888889 0.69140625 0.2986111111111111 0.703125 0.2986111111111111 0.708984375 0.3055555555555556 0.712890625 0.3055555555555556 0.720703125 0.3159722222222222 0.71875 0.3402777777777778 0.720703125 0.34375 0.72265625 0.3645833333333333 0.71875 0.3645833333333333 0.71484375 0.3576388888888889 0.701171875 0.3506944444444444 0.69921875 0.3472222222222222 0.69921875 0.3368055555555556 0.693359375 0.3229166666666667 0.677734375 0.3125 0.677734375 0.2986111111111111 0.68359375 0.2916666666666667 0.6875 0.2951388888888889
2 0.51953125 0.2361111111111111 0.525390625 0.24305555555555555 0.525390625 0.2534722222222222 0.509765625 0.2847222222222222 0.51171875 0.3020833333333333 0.509765625 0.3055555555555556 0.5078125 0.3263888888888889 0.51171875 0.3368055555555556 0.50390625 0.3368055555555556 0.5 0.34375 0.501953125 0.3506944444444444 0.505859375 0.3541666666666667 0.505859375 0.3576388888888889 0.49609375 0.3576388888888889 0.494140625 0.3541666666666667 0.49609375 0.3333333333333333 0.498046875 0.3298611111111111 0.498046875 0.3194444444444444 0.5 0.3159722222222222 0.498046875 0.3090277777777778 0.490234375 0.2986111111111111 0.48828125 0.2881944444444444 0.490234375 0.28125 0.49609375 0.2743055555555556 0.498046875 0.2673611111111111 0.5078125 0.25 0.509765625 0.25 0.515625 0.2361111111111111 0.517578125 0.2361111111111111
2 0.060546875 0.3333333333333333 0.068359375 0.3402777777777778 0.068359375 0.3576388888888889 0.0703125 0.3611111111111111 0.068359375 0.3645833333333333 0.068359375 0.3854166666666667 0.07421875 0.3993055555555556 0.07421875 0.40625 0.068359375 0.4131944444444444 0.072265625 0.4305555555555556 0.072265625 0.4722222222222222 0.076171875 0.4791666666666667 0.07421875 0.4826388888888889 0.0703125 0.4826388888888889 0.068359375 0.4791666666666667 0.05859375 0.4826388888888889 0.0546875 0.4652777777777778 0.052734375 0.4131944444444444 0.05078125 0.4097222222222222 0.05078125 0.3993055555555556 0.046875 0.3888888888888889 0.046875 0.3715277777777778 0.048828125 0.3680555555555556 0.048828125 0.3611111111111111 0.0546875 0.3506944444444444 0.0546875 0.3402777777777778 0.05859375 0.3368055555555556
2 0.73828125 0.21875 0.748046875 0.21875 0.748046875 0.22569444444444445 0.751953125 0.2326388888888889 0.767578125 0.2465277777777778 0.771484375 0.2604166666666667 0.767578125 0.2847222222222222 0.76171875 0.2916666666666667 0.763671875 0.2951388888888889 0.763671875 0.3020833333333333 0.76171875 0.3055555555555556 0.755859375 0.3055555555555556 0.755859375 0.2951388888888889 0.748046875 0.2777777777777778 0.74609375 0.2777777777777778 0.740234375 0.2881944444444444 0.740234375 0.2743055555555556 0.744140625 0.2604166666666667 0.744140625 0.25 0.73828125 0.2326388888888889 0.73828125 0.2222222222222222
2 0.875 0.2604166666666667 0.87890625 0.2569444444444444 0.884765625 0.2569444444444444 0.892578125 0.2708333333333333 0.90234375 0.2777777777777778 0.912109375 0.2916666666666667 0.912109375 0.3090277777777778 0.904296875 0.3263888888888889 0.904296875 0.3368055555555556 0.90234375 0.3402777777777778 0.90234375 0.3715277777777778 0.900390625 0.375 0.892578125 0.375 0.89453125 0.3680555555555556 0.89453125 0.3576388888888889 0.896484375 0.3541666666666667 0.89453125 0.3472222222222222 0.89453125 0.3125 0.88671875 0.2916666666666667 0.87890625 0.28125 0.875 0.2708333333333333 0.875 0.2638888888888889
2 0.60546875 0.5 0.603515625 0.4895833333333333 0.59765625 0.4826388888888889 0.587890625 0.5069444444444444 0.59375 0.5173611111111112 0.591796875 0.5208333333333334 0.5859375 0.5208333333333334 0.583984375 0.5173611111111112 0.580078125 0.5173611111111112 0.580078125 0.5104166666666666 0.5859375 0.4930555555555556 0.583984375 0.4895833333333333 0.5703125 0.4930555555555556 0.564453125 0.5034722222222222 0.56640625 0.5104166666666666 0.564453125 0.5138888888888888 0.55859375 0.5069444444444444 0.55859375 0.4965277777777778 0.560546875 0.4930555555555556 0.564453125 0.4930555555555556 0.57421875 0.4791666666666667 0.572265625 0.4444444444444444 0.576171875 0.4375 0.580078125 0.4375 0.58203125 0.4340277777777778 0.603515625 0.4340277777777778 0.609375 0.4270833333333333 0.615234375 0.4270833333333333 0.619140625 0.4340277777777778 0.619140625 0.4409722222222222 0.6171875 0.4409722222222222 0.615234375 0.4479166666666667 0.60546875 0.4548611111111111 0.599609375 0.4652777777777778 0.599609375 0.4722222222222222 0.609375 0.4930555555555556 0.609375 0.5 0.607421875 0.5
2 0.619140625 0.5555555555555556 0.630859375 0.5763888888888888 0.630859375 0.5798611111111112 0.63671875 0.5902777777777778 0.638671875 0.6006944444444444 0.646484375 0.6145833333333334 0.646484375 0.6354166666666666 0.650390625 0.6493055555555556 0.66015625 0.6631944444444444 0.662109375 0.6736111111111112 0.666015625 0.6770833333333334 0.66796875 0.6840277777777778 0.66796875 0.6909722222222222 0.658203125 0.6944444444444444 0.66015625 0.6805555555555556 0.6484375 0.6597222222222222 0.646484375 0.6597222222222222 0.638671875 0.6423611111111112 0.63671875 0.6423611111111112 0.625 0.65625 0.619140625 0.6979166666666666 0.611328125 0.6979166666666666 0.609375 0.6944444444444444 0.609375 0.6909722222222222 0.611328125 0.6909722222222222 0.6171875 0.6805555555555556 0.6171875 0.6597222222222222 0.62109375 0.6458333333333334 0.619140625 0.6423611111111112 0.619140625 0.6319444444444444 0.623046875 0.625 0.623046875 0.6111111111111112 0.619140625 0.6041666666666666 0.615234375 0.5798611111111112 0.611328125 0.5694444444444444 0.61328125 0.5590277777777778 0.6171875 0.5555555555555556
2 0.626953125 0.1875 0.630859375 0.19444444444444445 0.630859375 0.2048611111111111 0.62890625 0.21180555555555555 0.623046875 0.2152777777777778 0.615234375 0.22916666666666666 0.615234375 0.2465277777777778 0.611328125 0.2604166666666667 0.611328125 0.2777777777777778 0.609375 0.28125 0.61328125 0.2951388888888889 0.60546875 0.2951388888888889 0.599609375 0.2881944444444444 0.6015625 0.2847222222222222 0.6015625 0.25 0.595703125 0.2326388888888889 0.595703125 0.21875 0.6015625 0.20833333333333334 0.609375 0.2013888888888889 0.61328125 0.2013888888888889 0.625 0.1875
2 0.654296875 0.25 0.65625 0.2638888888888889 0.646484375 0.2777777777777778 0.646484375 0.2951388888888889 0.65234375 0.3055555555555556 0.654296875 0.3125 0.65234375 0.3159722222222222 0.638671875 0.2951388888888889 0.634765625 0.2951388888888889 0.62890625 0.3020833333333333 0.6171875 0.3020833333333333 0.615234375 0.2986111111111111 0.615234375 0.2673611111111111 0.6171875 0.2638888888888889 0.62109375 0.2638888888888889 0.623046875 0.2604166666666667 0.634765625 0.2604166666666667 0.63671875 0.2569444444444444 0.642578125 0.2569444444444444 0.646484375 0.25 0.65234375 0.25
2 0.70703125 0.24305555555555555 0.712890625 0.2534722222222222 0.724609375 0.2569444444444444 0.734375 0.2638888888888889 0.736328125 0.2708333333333333 0.736328125 0.3090277777777778 0.73046875 0.3090277777777778 0.728515625 0.3125 0.728515625 0.3159722222222222 0.734375 0.3263888888888889 0.732421875 0.3333333333333333 0.7265625 0.3298611111111111 0.7265625 0.3263888888888889 0.72265625 0.3229166666666667 0.72265625 0.3159722222222222 0.712890625 0.3020833333333333 0.705078125 0.2986111111111111 0.69921875 0.2847222222222222 0.69921875 0.2777777777777778 0.6953125 0.2708333333333333 0.6953125 0.2638888888888889 0.69921875 0.2569444444444444 0.69921875 0.25 0.705078125 0.24305555555555555
2 0.771484375 0.2777777777777778 0.779296875 0.2777777777777778 0.78125 0.28125 0.78125 0.2881944444444444 0.787109375 0.2986111111111111 0.7890625 0.2986111111111111 0.791015625 0.3055555555555556 0.7890625 0.3090277777777778 0.791015625 0.3125 0.791015625 0.3333333333333333 0.783203125 0.3541666666666667 0.783203125 0.3819444444444444 0.779296875 0.3923611111111111 0.77734375 0.3888888888888889 0.7734375 0.3923611111111111 0.7734375 0.4201388888888889 0.76953125 0.4201388888888889 0.76953125 0.3680555555555556 0.767578125 0.3645833333333333 0.767578125 0.3576388888888889 0.76953125 0.3541666666666667 0.76953125 0.3368055555555556 0.765625 0.3263888888888889 0.76171875 0.3368055555555556 0.76171875 0.3298611111111111 0.767578125 0.3159722222222222 0.765625 0.3020833333333333 0.76953125 0.2951388888888889 0.771484375 0.28125