0 0.03567708333333333 0.638425925925926 0.0140625 0.01759259259259259
0 0 0.22916666666666666 0 0.2152777777777778 0.00390625 0.20833333333333334 0.009765625 0.2152777777777778 0.009765625 0.2326388888888889 0.00390625 0.2326388888888889 0.001953125 0.22916666666666666
0 0.3046875 0.16666666666666666 0.013541666666666667 0.025925925925925925
0 0.373046875 0.2638888888888889 0.376953125 0.2673611111111111 0.376953125 0.28125 0.3671875 0.28125 0.36328125 0.2743055555555556 0.36328125 0.2673611111111111 0.365234375 0.2638888888888889 0.37109375 0.2638888888888889
0 0.3888020833333333 0.21805555555555556 0.0171875 0.025
0 0.47265625 0.19444444444444445 0.474609375 0.19791666666666666 0.47265625 0.21180555555555555 0.4609375 0.21180555555555555 0.458984375 0.20833333333333334 0.458984375 0.19791666666666666 0.4609375 0.19444444444444445 0.470703125 0.19444444444444445
0 0.8442708333333333 0.32916666666666666 0.015625 0.025
0 0.783203125 0.23958333333333334 0.78515625 0.24305555555555555 0.78515625 0.2569444444444444 0.779296875 0.2638888888888889 0.7734375 0.2604166666666667 0.7734375 0.24305555555555555 0.775390625 0.23958333333333334 0.78125 0.23958333333333334
0 0.474609375 0.3923611111111111 0.478515625 0.3958333333333333 0.478515625 0.4131944444444444 0.4765625 0.4166666666666667 0.47265625 0.4166666666666667 0.466796875 0.40625 0.466796875 0.3958333333333333 0.47265625 0.3923611111111111
0 0.5859375 0.375 0.5859375 0.3715277777777778 0.58984375 0.3680555555555556 0.58984375 0.375 0.591796875 0.3784722222222222 0.595703125 0.3784722222222222 0.595703125 0.3958333333333333 0.5859375 0.3958333333333333 0.583984375 0.3923611111111111 0.583984375 0.3888888888888889 0.58984375 0.3784722222222222 0.587890625 0.375
0 0.6015625 0.3854166666666667 0.60546875 0.3854166666666667 0.607421875 0.3923611111111111 0.607421875 0.4097222222222222 0.60546875 0.4131944444444444 0.6015625 0.4131944444444444 0.599609375 0.4097222222222222 0.599609375 0.3923611111111111 0.6015625 0.3888888888888889
0 0.638671875 0.3368055555555556 0.640625 0.3402777777777778 0.640625 0.3541666666666667 0.638671875 0.3576388888888889 0.62890625 0.3576388888888889 0.626953125 0.3506944444444444 0.626953125 0.34375 0.630859375 0.3368055555555556 0.63671875 0.3368055555555556
0 0.626953125 0.25 0.63671875 0.2534722222222222 0.63671875 0.2673611111111111 0.634765625 0.2708333333333333 0.62890625 0.2638888888888889 0.625 0.2638888888888889 0.625 0.2569444444444444 0.626953125 0.2534722222222222
0 0.603515625 0.2465277777777778 0.607421875 0.2534722222222222 0.607421875 0.2638888888888889 0.6015625 0.2638888888888889 0.599609375 0.2604166666666667 0.595703125 0.2638888888888889 0.595703125 0.25 0.6015625 0.2465277777777778
0 0.578125 0.2847222222222222 0.580078125 0.2916666666666667 0.576171875 0.3020833333333333 0.56640625 0.3020833333333333 0.56640625 0.2881944444444444 0.568359375 0.28125 0.572265625 0.2777777777777778 0.576171875 0.2847222222222222
0 0.5546875 0.3333333333333333 0.556640625 0.3368055555555556 0.556640625 0.3472222222222222 0.552734375 0.3576388888888889 0.546875 0.3576388888888889 0.546875 0.3506944444444444 0.544921875 0.3472222222222222 0.544921875 0.34375 0.55078125 0.3333333333333333 0.552734375 0.3333333333333333
0 0.533203125 0.3298611111111111 0.53515625 0.3333333333333333 0.53515625 0.3506944444444444 0.53125 0.3541666666666667 0.525390625 0.3541666666666667 0.521484375 0.3472222222222222 0.521484375 0.3333333333333333 0.525390625 0.3298611111111111 0.53125 0.3298611111111111
0 0.5486979166666667 0.3013888888888889 0.011979166666666666 0.021296296296296296
0 0.5546875 0.2847222222222222 0.556640625 0.2881944444444444 0.556640625 0.2951388888888889 0.546875 0.2916666666666667 0.54296875 0.2986111111111111 0.5390625 0.2986111111111111 0.5390625 0.2916666666666667 0.54296875 0.2847222222222222 0.552734375 0.2847222222222222
1 0.771484375 0.2743055555555556 0.771484375 0.2673611111111111 0.77734375 0.2604166666666667 0.783203125 0.2604166666666667 0.787109375 0.2569444444444444 0.791015625 0.2638888888888889 0.791015625 0.2951388888888889 0.78125 0.3020833333333333 0.77734375 0.2986111111111111 0.77734375 0.28125 0.7734375 0.2743055555555556
1 0.609375 0.3993055555555556 0.615234375 0.40625 0.615234375 0.4166666666666667 0.611328125 0.4305555555555556 0.607421875 0.4340277777777778 0.6015625 0.4340277777777778 0.6015625 0.4131944444444444 0.603515625 0.4131944444444444 0.607421875 0.4027777777777778
1 0.5546875 0.3368055555555556 0.560546875 0.3368055555555556 0.564453125 0.34375 0.564453125 0.3506944444444444 0.568359375 0.3645833333333333 0.576171875 0.3819444444444444 0.57421875 0.3888888888888889 0.5703125 0.3888888888888889 0.568359375 0.3923611111111111 0.55859375 0.3923611111111111 0.556640625 0.3854166666666667 0.544921875 0.3680555555555556 0.544921875 0.3611111111111111 0.5546875 0.3402777777777778
1 0.46484375 0.2048611111111111 0.466796875 0.20833333333333334 0.470703125 0.20833333333333334 0.470703125 0.2222222222222222 0.466796875 0.22916666666666666 0.462890625 0.22569444444444445 0.458984375 0.2361111111111111 0.458984375 0.24305555555555555 0.453125 0.24305555555555555 0.453125 0.22569444444444445 0.455078125 0.2222222222222222 0.455078125 0.2152777777777778 0.4609375 0.2048611111111111 0.462890625 0.2048611111111111
1 0.6015625 0.2604166666666667 0.603515625 0.2638888888888889 0.603515625 0.2708333333333333 0.6015625 0.2743055555555556 0.6015625 0.2951388888888889 0.595703125 0.3055555555555556 0.58984375 0.3055555555555556 0.5859375 0.2986111111111111 0.5859375 0.28125 0.58984375 0.2673611111111111 0.591796875 0.2638888888888889 0.599609375 0.2638888888888889
1 0.369140625 0.2743055555555556 0.37109375 0.2777777777777778 0.37109375 0.2916666666666667 0.369140625 0.2986111111111111 0.359375 0.3090277777777778 0.359375 0.3020833333333333 0.361328125 0.2986111111111111 0.359375 0.2916666666666667 0.34765625 0.3020833333333333 0.361328125 0.2743055555555556 0.3671875 0.2743055555555556
1 0.291015625 0.1875 0.29296875 0.1840277777777778 0.29296875 0.17708333333333334 0.296875 0.1701388888888889 0.310546875 0.1701388888888889 0.31640625 0.18055555555555555 0.31640625 0.19444444444444445 0.3125 0.2048611111111111 0.30078125 0.2048611111111111 0.298828125 0.19791666666666666 0.29296875 0.1909722222222222
1 0.046875 0.6423611111111112 0.05078125 0.6458333333333334 0.064453125 0.6736111111111112 0.064453125 0.6840277777777778 0.060546875 0.6875 0.0546875 0.6875 0.052734375 0.6909722222222222 0.046875 0.6875 0.041015625 0.6770833333333334 0.0390625 0.6770833333333334 0.03515625 0.6631944444444444 0.03515625 0.6493055555555556 0.044921875 0.6423611111111112
1 0.5869791666666666 0.4231481481481481 0.027083333333333334 0.053703703703703705
1 0.853515625 0.3368055555555556 0.857421875 0.34375 0.857421875 0.3819444444444444 0.853515625 0.3854166666666667 0.841796875 0.3854166666666667 0.841796875 0.3819444444444444 0.8359375 0.375 0.8359375 0.3611111111111111 0.833984375 0.3576388888888889 0.833984375 0.3506944444444444 0.837890625 0.34375 0.84375 0.34375 0.8515625 0.3368055555555556
1 0 0.21180555555555555 0.00390625 0.20833333333333334 0.0078125 0.21180555555555555 0.0078125 0.22916666666666666 0.001953125 0.2569444444444444 0 0.2569444444444444 0 0.2152777777777778
1 0.3984375 0.23935185185185187 0.020833333333333332 0.04722222222222222
1 0.55859375 0.3055555555555556 0.5625 0.3090277777777778 0.564453125 0.3159722222222222 0.5625 0.3194444444444444 0.5625 0.3333333333333333 0.560546875 0.3368055555555556 0.556640625 0.3333333333333333 0.552734375 0.3368055555555556 0.54296875 0.3333333333333333 0.537109375 0.3194444444444444 0.544921875 0.3090277777777778 0.552734375 0.3090277777777778 0.556640625 0.3055555555555556
1 0.52734375 0.3298611111111111 0.53125 0.3298611111111111 0.5390625 0.3402777777777778 0.537109375 0.3645833333333333 0.529296875 0.375 0.517578125 0.3680555555555556 0.517578125 0.3611111111111111 0.521484375 0.3472222222222222 0.52734375 0.3541666666666667 0.53125 0.3472222222222222 0.53125 0.3368055555555556 0.529296875 0.3333333333333333
1 0.615234375 0.2916666666666667 0.62109375 0.3020833333333333 0.62109375 0.3125 0.615234375 0.3194444444444444 0.611328125 0.3194444444444444 0.609375 0.3159722222222222 0.609375 0.3090277777777778 0.60546875 0.3020833333333333 0.607421875 0.2951388888888889 0.61328125 0.2916666666666667
1 0.623046875 0.2743055555555556 0.626953125 0.2708333333333333 0.634765625 0.2708333333333333 0.642578125 0.2638888888888889 0.646484375 0.2777777777777778 0.646484375 0.2916666666666667 0.650390625 0.3020833333333333 0.6484375 0.3090277777777778 0.634765625 0.3159722222222222 0.630859375 0.3090277777777778 0.630859375 0.3020833333333333 0.623046875 0.2777777777777778
1 0.640625 0.3472222222222222 0.646484375 0.3472222222222222 0.650390625 0.3541666666666667 0.650390625 0.3784722222222222 0.65234375 0.3819444444444444 0.6484375 0.3923611111111111 0.64453125 0.3958333333333333 0.63671875 0.3958333333333333 0.6328125 0.3923611111111111 0.6328125 0.3854166666666667 0.625 0.3680555555555556 0.625 0.3576388888888889 0.62890625 0.3541666666666667 0.6328125 0.3611111111111111 0.63671875 0.3611111111111111 0.640625 0.3506944444444444
1 0.53515625 0.3159722222222222 0.54296875 0.2951388888888889 0.544921875 0.2951388888888889 0.544921875 0.3020833333333333 0.54296875 0.3090277777777778 0.537109375 0.3159722222222222
1 0.58203125 0.2951388888888889 0.587890625 0.3090277777777778 0.587890625 0.3159722222222222 0.591796875 0.3298611111111111 0.58984375 0.3368055555555556 0.583984375 0.3368055555555556 0.58203125 0.3402777777777778 0.576171875 0.3402777777777778 0.57421875 0.3368055555555556 0.57421875 0.3298611111111111 0.5703125 0.3263888888888889 0.564453125 0.3125 0.5703125 0.3020833333333333 0.580078125 0.2951388888888889
1 0.4765625 0.4166666666666667 0.478515625 0.4305555555555556 0.4765625 0.4375 0.466796875 0.4513888888888889 0.46875 0.4548611111111111 0.46875 0.4618055555555556 0.455078125 0.4618055555555556 0.455078125 0.4548611111111111 0.458984375 0.4444444444444444 0.458984375 0.4340277777777778 0.462890625 0.4201388888888889 0.466796875 0.4131944444444444 0.47265625 0.4131944444444444 0.474609375 0.4166666666666667
2 0.783203125 0.24305555555555555 0.78515625 0.2534722222222222 0.791015625 0.2638888888888889 0.791015625 0.3333333333333333 0.7890625 0.3368055555555556 0.7890625 0.3472222222222222 0.78515625 0.3506944444444444 0.78125 0.3611111111111111 0.783203125 0.3680555555555556 0.77734375 0.3680555555555556 0.775390625 0.3645833333333333 0.77734375 0.3576388888888889 0.77734375 0.3472222222222222 0.775390625 0.34375 0.775390625 0.3055555555555556 0.7734375 0.3020833333333333 0.765625 0.3055555555555556 0.7734375 0.2951388888888889 0.7734375 0.2777777777777778 0.771484375 0.2743055555555556 0.771484375 0.2673611111111111 0.7734375 0.2638888888888889 0.7734375 0.2465277777777778 0.775390625 0.24305555555555555 0.78125 0.24305555555555555
2 0.6104166666666666 0.4319444444444444 0.025 0.09722222222222222
2 0.599609375 0.2465277777777778 0.603515625 0.25 0.611328125 0.2673611111111111 0.62109375 0.2777777777777778 0.62109375 0.2847222222222222 0.6171875 0.28125 0.61328125 0.2847222222222222 0.611328125 0.28125 0.607421875 0.28125 0.603515625 0.2951388888888889 0.59765625 0.3055555555555556 0.59765625 0.3090277777777778 0.603515625 0.3194444444444444 0.603515625 0.3541666666666667 0.6015625 0.3576388888888889 0.59765625 0.3541666666666667 0.59375 0.3263888888888889 0.5859375 0.3020833333333333 0.5859375 0.28125 0.595703125 0.25 0.59765625 0.25
2 0.5546875 0.2951388888888889 0.5546875 0.2986111111111111 0.560546875 0.3090277777777778 0.560546875 0.3368055555555556 0.564453125 0.34375 0.568359375 0.3645833333333333 0.578125 0.3854166666666667 0.5703125 0.4201388888888889 0.5625 0.4305555555555556 0.564453125 0.4479166666666667 0.568359375 0.4583333333333333 0.568359375 0.46875 0.564453125 0.4722222222222222 0.55859375 0.4722222222222222 0.556640625 0.46875 0.560546875 0.4618055555555556 0.560546875 0.4548611111111111 0.552734375 0.4340277777777778 0.552734375 0.4201388888888889 0.55859375 0.3993055555555556 0.55859375 0.3923611111111111 0.55078125 0.3784722222222222 0.541015625 0.3784722222222222 0.54296875 0.3715277777777778 0.54296875 0.3298611111111111 0.5390625 0.3194444444444444 0.541015625 0.3194444444444444 0.54296875 0.3125 0.548828125 0.3090277777777778 0.552734375 0.3020833333333333 0.55078125 0.2986111111111111 0.546875 0.2986111111111111 0.552734375 0.2951388888888889
2 0.560546875 0.2916666666666667 0.5625 0.2986111111111111 0.5625 0.3090277777777778 0.564453125 0.3125 0.564453125 0.3263888888888889 0.5625 0.3333333333333333 0.560546875 0.3368055555555556 0.55859375 0.3333333333333333 0.552734375 0.3333333333333333 0.544921875 0.3402777777777778 0.5390625 0.3368055555555556 0.537109375 0.3298611111111111 0.537109375 0.3125 0.54296875 0.2986111111111111 0.54296875 0.2881944444444444 0.544921875 0.2847222222222222 0.55078125 0.2847222222222222 0.55859375 0.2916666666666667
2 0.470703125 0.1909722222222222 0.47265625 0.2048611111111111 0.470703125 0.20833333333333334 0.470703125 0.2222222222222222 0.46875 0.22569444444444445 0.466796875 0.24305555555555555 0.47265625 0.25 0.474609375 0.2604166666666667 0.46875 0.2604166666666667 0.466796875 0.2638888888888889 0.466796875 0.2708333333333333 0.46875 0.2743055555555556 0.466796875 0.2777777777777778 0.466796875 0.2847222222222222 0.45703125 0.3020833333333333 0.458984375 0.3159722222222222 0.455078125 0.3159722222222222 0.453125 0.3125 0.4453125 0.3159722222222222 0.44140625 0.3020833333333333 0.447265625 0.2916666666666667 0.453125 0.2743055555555556 0.451171875 0.2673611111111111 0.451171875 0.23958333333333334 0.453125 0.2361111111111111 0.453125 0.2222222222222222 0.4609375 0.2013888888888889 0.4609375 0.19444444444444445 0.462890625 0.1909722222222222 0.46875 0.1909722222222222
2 0.373046875 0.2604166666666667 0.376953125 0.2708333333333333 0.369140625 0.2986111111111111 0.369140625 0.3090277777777778 0.37109375 0.3125 0.37109375 0.3229166666666667 0.369140625 0.3263888888888889 0.369140625 0.3472222222222222 0.376953125 0.3611111111111111 0.376953125 0.3680555555555556 0.369140625 0.3645833333333333 0.36328125 0.3506944444444444 0.357421875 0.3576388888888889 0.357421875 0.375 0.35546875 0.3784722222222222 0.349609375 0.3715277777777778 0.349609375 0.3645833333333333 0.353515625 0.3541666666666667 0.353515625 0.34375 0.3515625 0.3402777777777778 0.3515625 0.3298611111111111 0.34765625 0.3194444444444444 0.34765625 0.3020833333333333 0.35546875 0.2881944444444444 0.36328125 0.2673611111111111 0.37109375 0.2604166666666667
2 0.322265625 0.1909722222222222 0.32421875 0.2013888888888889 0.328125 0.20833333333333334 0.328125 0.2152777777777778 0.32421875 0.2152777777777778 0.318359375 0.2013888888888889 0.31640625 0.2048611111111111 0.31640625 0.21875 0.318359375 0.2222222222222222 0.318359375 0.22916666666666666 0.33203125 0.2604166666666667 0.33203125 0.2708333333333333 0.330078125 0.2708333333333333 0.326171875 0.2604166666666667 0.3203125 0.2534722222222222 0.31640625 0.23958333333333334 0.30859375 0.22569444444444445 0.3046875 0.2326388888888889 0.306640625 0.2465277777777778 0.30078125 0.2534722222222222 0.294921875 0.2361111111111111 0.296875 0.22916666666666666 0.296875 0.21875 0.298828125 0.2152777777777778 0.298828125 0.2013888888888889 0.296875 0.19791666666666666 0.291015625 0.2048611111111111 0.291015625 0.2152777777777778 0.28515625 0.2152777777777778 0.287109375 0.20833333333333334 0.287109375 0.19444444444444445 0.29296875 0.18055555555555555 0.29296875 0.1736111111111111 0.30078125 0.15625 0.306640625 0.15625 0.310546875 0.1701388888888889 0.3203125 0.1909722222222222
2 0.55078125 0.2847222222222222 0.552734375 0.2881944444444444 0.546875 0.2916666666666667 0.54296875 0.3090277777777778 0.537109375 0.3159722222222222 0.537109375 0.3090277777777778 0.541015625 0.2986111111111111 0.541015625 0.2881944444444444 0.54296875 0.2847222222222222 0.548828125 0.2847222222222222
2 0.041015625 0.6354166666666666 0.05859375 0.65625 0.06640625 0.6770833333333334 0.06640625 0.6840277777777778 0.076171875 0.7152777777777778 0.09765625 0.75 0.099609375 0.7569444444444444 0.095703125 0.7673611111111112 0.091796875 0.7638888888888888 0.091796875 0.7534722222222222 0.080078125 0.7326388888888888 0.07421875 0.7291666666666666 0.060546875 0.7083333333333334 0.056640625 0.7118055555555556 0.05078125 0.7118055555555556 0.044921875 0.7222222222222222 0.048828125 0.7361111111111112 0.046875 0.7361111111111112 0.03515625 0.7152777777777778 0.033203125 0.7152777777777778 0.033203125 0.7083333333333334 0.037109375 0.7013888888888888 0.041015625 0.7013888888888888 0.046875 0.6909722222222222 0.03125 0.6631944444444444 0.029296875 0.6631944444444444 0.029296875 0.6527777777777778 0.03125 0.6493055555555556 0.029296875 0.6388888888888888 0.03515625 0.6319444444444444 0.0390625 0.6354166666666666
2 0.560546875 0.4861111111111111 0.5625 0.4861111111111111 0.568359375 0.4756944444444444 0.568359375 0.46875 0.572265625 0.4548611111111111 0.572265625 0.4444444444444444 0.576171875 0.4270833333333333 0.57421875 0.4201388888888889 0.57421875 0.4027777777777778 0.576171875 0.3993055555555556 0.580078125 0.3993055555555556 0.587890625 0.3784722222222222 0.59375 0.3784722222222222 0.59765625 0.3888888888888889 0.595703125 0.3958333333333333 0.599609375 0.4097222222222222 0.599609375 0.4270833333333333 0.59375 0.4409722222222222 0.587890625 0.4618055555555556 0.587890625 0.46875 0.58203125 0.4826388888888889 0.58203125 0.5034722222222222 0.583984375 0.5104166666666666 0.58203125 0.5138888888888888 0.578125 0.5069444444444444 0.57421875 0.5069444444444444 0.57421875 0.4930555555555556 0.5703125 0.4895833333333333 0.5625 0.5 0.556640625 0.5034722222222222 0.552734375 0.5138888888888888 0.548828125 0.5173611111111112 0.546875 0.5138888888888888 0.546875 0.5 0.552734375 0.5 0.560546875 0.4895833333333333
2 0.853515625 0.3368055555555556 0.859375 0.3506944444444444 0.857421875 0.3576388888888889 0.857421875 0.3715277777777778 0.861328125 0.3888888888888889 0.861328125 0.4375 0.865234375 0.4479166666666667 0.857421875 0.4479166666666667 0.85546875 0.4444444444444444 0.8515625 0.4340277777777778 0.8515625 0.4236111111111111 0.845703125 0.4027777777777778 0.841796875 0.3958333333333333 0.841796875 0.3854166666666667 0.8359375 0.375 0.833984375 0.3506944444444444 0.837890625 0.34375 0.837890625 0.3263888888888889 0.841796875 0.3194444444444444 0.84765625 0.3194444444444444 0.84765625 0.3263888888888889 0.8515625 0.3368055555555556
2 0.392578125 0.20833333333333334 0.40234375 0.2222222222222222 0.408203125 0.24305555555555555 0.41015625 0.2708333333333333 0.412109375 0.2743055555555556 0.421875 0.2777777777777778 0.42578125 0.2847222222222222 0.408203125 0.2847222222222222 0.40625 0.2881944444444444 0.412109375 0.2986111111111111 0.408203125 0.3090277777777778 0.404296875 0.3090277777777778 0.404296875 0.3055555555555556 0.39453125 0.2916666666666667 0.39453125 0.2569444444444444 0.388671875 0.23958333333333334 0.388671875 0.2326388888888889 0.3828125 0.2222222222222222 0.3828125 0.21180555555555555 0.384765625 0.20833333333333334 0.390625 0.20833333333333334
2 0.5502604166666667 0.3138888888888889 0.0296875 0.053703703703703705
2 0.533203125 0.3229166666666667 0.533203125 0.3298611111111111 0.5390625 0.3402777777777778 0.5390625 0.3541666666666667 0.529296875 0.3888888888888889 0.533203125 0.3958333333333333 0.541015625 0.3993055555555556 0.54296875 0.4097222222222222 0.541015625 0.4131944444444444 0.537109375 0.4131944444444444 0.533203125 0.40625 0.51953125 0.4305555555555556 0.51953125 0.4340277777777778 0.513671875 0.4409722222222222 0.513671875 0.4479166666666667 0.51171875 0.4513888888888889 0.50390625 0.4479166666666667 0.50390625 0.4375 0.515625 0.4131944444444444 0.509765625 0.3784722222222222 0.51953125 0.3541666666666667 0.51953125 0.34375 0.521484375 0.3368055555555556 0.53125 0.3263888888888889
2 0 0.20833333333333334 0.005859375 0.20833333333333334 0.0078125 0.21180555555555555 0.0078125 0.2326388888888889 0.00390625 0.24305555555555555 0.00390625 0.2638888888888889 0.0078125 0.2743055555555556 0.0078125 0.2986111111111111 0.005859375 0.3020833333333333 0.005859375 0.3159722222222222 0.0078125 0.3229166666666667 0.00390625 0.3333333333333333 0 0.3333333333333333 0 0.21180555555555555
2 0.60546875 0.2847222222222222 0.61328125 0.2847222222222222 0.623046875 0.3090277777777778 0.623046875 0.3576388888888889 0.62109375 0.3611111111111111 0.6171875 0.3611111111111111 0.615234375 0.3576388888888889 0.611328125 0.3611111111111111 0.60546875 0.3611111111111111 0.603515625 0.3576388888888889 0.607421875 0.34375 0.607421875 0.3298611111111111 0.60546875 0.3263888888888889 0.609375 0.3159722222222222 0.60546875 0.3055555555555556 0.60546875 0.2881944444444444
2 0.642578125 0.2638888888888889 0.646484375 0.2708333333333333 0.646484375 0.2847222222222222 0.65234375 0.3125 0.654296875 0.3645833333333333 0.65234375 0.3541666666666667 0.646484375 0.34375 0.640625 0.3402777777777778 0.638671875 0.3333333333333333 0.634765625 0.3333333333333333 0.6328125 0.3298611111111111 0.6328125 0.3125 0.623046875 0.2777777777777778 0.623046875 0.2708333333333333 0.630859375 0.25 0.6328125 0.25 0.640625 0.2638888888888889
2 0.630859375 0.3333333333333333 0.63671875 0.3333333333333333 0.642578125 0.3472222222222222 0.6484375 0.3472222222222222 0.654296875 0.3611111111111111 0.654296875 0.3923611111111111 0.65625 0.3958333333333333 0.65625 0.40625 0.6640625 0.4409722222222222 0.6640625 0.4479166666666667 0.662109375 0.4479166666666667 0.65625 0.4340277777777778 0.654296875 0.4236111111111111 0.64453125 0.40625 0.642578125 0.40625 0.63671875 0.4201388888888889 0.63671875 0.4270833333333333 0.638671875 0.4305555555555556 0.638671875 0.4513888888888889 0.6328125 0.4375 0.630859375 0.4305555555555556 0.630859375 0.4166666666666667 0.626953125 0.4097222222222222 0.626953125 0.3958333333333333 0.625 0.3923611111111111 0.625 0.3576388888888889 0.62890625 0.3541666666666667 0.62890625 0.34375 0.630859375 0.3368055555555556
2 0.57421875 0.28125 0.58203125 0.2916666666666667 0.583984375 0.3020833333333333 0.587890625 0.3090277777777778 0.587890625 0.3159722222222222 0.591796875 0.3263888888888889 0.595703125 0.3541666666666667 0.599609375 0.3611111111111111 0.599609375 0.3715277777777778 0.6015625 0.375 0.599609375 0.3819444444444444 0.595703125 0.375 0.591796875 0.375 0.5859375 0.3611111111111111 0.58203125 0.3611111111111111 0.576171875 0.3715277777777778 0.5703125 0.3611111111111111 0.5703125 0.3506944444444444 0.57421875 0.34375 0.57421875 0.3333333333333333 0.56640625 0.3229166666666667 0.564453125 0.3090277777777778 0.56640625 0.3055555555555556 0.56640625 0.2916666666666667 0.568359375 0.2847222222222222 0.572265625 0.28125
2 0.466796875 0.5347222222222222 0.466796875 0.5277777777777778 0.4609375 0.5173611111111112 0.4609375 0.5034722222222222 0.46484375 0.4965277777777778 0.46484375 0.4861111111111111 0.45703125 0.4756944444444444 0.453125 0.4652777777777778 0.453125 0.4583333333333333 0.45703125 0.4513888888888889 0.4609375 0.4270833333333333 0.466796875 0.4131944444444444 0.466796875 0.4027777777777778 0.470703125 0.3958333333333333 0.4765625 0.3958333333333333 0.478515625 0.3993055555555556 0.478515625 0.4340277777777778 0.474609375 0.4444444444444444 0.474609375 0.4513888888888889 0.48046875 0.46875 0.48046875 0.4895833333333333 0.478515625 0.4930555555555556 0.478515625 0.5034722222222222 0.47265625 0.5173611111111112 0.47265625 0.5277777777777778 0.474609375 0.5347222222222222 0.470703125 0.5381944444444444 0.46875 0.5347222222222222