0 0.974609375 0.3923611111111111 0.9765625 0.3958333333333333 0.98046875 0.3958333333333333 0.98828125 0.4097222222222222 0.98828125 0.4236111111111111 0.984375 0.4270833333333333 0.97265625 0.4270833333333333 0.970703125 0.4305555555555556 0.95703125 0.4305555555555556 0.953125 0.4201388888888889 0.953125 0.4097222222222222 0.9609375 0.3958333333333333 0.97265625 0.3923611111111111
0 0.96484375 0.4791666666666667 0.97265625 0.4861111111111111 0.97265625 0.5069444444444444 0.955078125 0.5277777777777778 0.94921875 0.5277777777777778 0.9453125 0.5243055555555556 0.94140625 0.5104166666666666 0.94140625 0.4965277777777778 0.943359375 0.4930555555555556 0.943359375 0.4861111111111111 0.953125 0.4722222222222222 0.962890625 0.4791666666666667
0 0.498046875 0.4861111111111111 0.501953125 0.4826388888888889 0.515625 0.4826388888888889 0.51953125 0.4861111111111111 0.51953125 0.4895833333333333 0.525390625 0.5 0.525390625 0.5277777777777778 0.517578125 0.5347222222222222 0.5078125 0.5347222222222222 0.5 0.5277777777777778 0.4921875 0.5138888888888888 0.4921875 0.5034722222222222 0.498046875 0.4895833333333333
0 0.951171875 0.6145833333333334 0.955078125 0.6180555555555556 0.96484375 0.6388888888888888 0.96484375 0.6493055555555556 0.9609375 0.6597222222222222 0.953125 0.6701388888888888 0.947265625 0.6631944444444444 0.93359375 0.6597222222222222 0.9296875 0.65625 0.927734375 0.6493055555555556 0.9296875 0.6423611111111112 0.9296875 0.6215277777777778 0.93359375 0.6145833333333334 0.9375 0.6111111111111112 0.947265625 0.6111111111111112 0.94921875 0.6145833333333334
0 0.65625 0.3402777777777778 0.66015625 0.34375 0.6640625 0.3541666666666667 0.662109375 0.3611111111111111 0.662109375 0.3784722222222222 0.66015625 0.3819444444444444 0.65234375 0.3819444444444444 0.634765625 0.3680555555555556 0.63671875 0.3472222222222222 0.646484375 0.3368055555555556 0.65234375 0.3368055555555556 0.654296875 0.3402777777777778
0 0.228515625 0.2569444444444444 0.23828125 0.2777777777777778 0.23828125 0.3020833333333333 0.23046875 0.3090277777777778 0.228515625 0.3055555555555556 0.220703125 0.3055555555555556 0.208984375 0.2916666666666667 0.208984375 0.2708333333333333 0.2109375 0.2638888888888889 0.216796875 0.2569444444444444 0.2265625 0.2569444444444444
0 0.88671875 0.7986111111111112 0.888671875 0.8020833333333334 0.896484375 0.8020833333333334 0.900390625 0.8055555555555556 0.90234375 0.8125 0.90234375 0.8298611111111112 0.8984375 0.8472222222222222 0.896484375 0.8506944444444444 0.884765625 0.8506944444444444 0.8828125 0.8472222222222222 0.875 0.8472222222222222 0.869140625 0.8402777777777778 0.869140625 0.8194444444444444 0.87109375 0.8125 0.876953125 0.8020833333333334 0.884765625 0.8020833333333334
0 0.8976562499999999 0.5166666666666667 0.04010416666666666 0.05925925925925926
0 0.568359375 0.3229166666666667 0.578125 0.3368055555555556 0.580078125 0.34375 0.580078125 0.3645833333333333 0.56640625 0.3680555555555556 0.556640625 0.375 0.552734375 0.3680555555555556 0.548828125 0.3402777777777778 0.5546875 0.3263888888888889 0.56640625 0.3229166666666667
0 0.939453125 0.5069444444444444 0.947265625 0.5243055555555556 0.947265625 0.5347222222222222 0.9453125 0.5347222222222222 0.9375 0.5486111111111112 0.927734375 0.5555555555555556 0.923828125 0.5555555555555556 0.91796875 0.5451388888888888 0.919921875 0.5173611111111112 0.927734375 0.5069444444444444 0.9375 0.5069444444444444
1 0.9921875 0.4236111111111111 0.994140625 0.4375 0.984375 0.4583333333333333 0.984375 0.46875 0.9921875 0.4791666666666667 0.9921875 0.4895833333333333 0.984375 0.5069444444444444 0.982421875 0.5034722222222222 0.978515625 0.5034722222222222 0.974609375 0.4965277777777778 0.974609375 0.4895833333333333 0.96875 0.4791666666666667 0.96484375 0.4791666666666667 0.958984375 0.4722222222222222 0.94921875 0.4722222222222222 0.9453125 0.4652777777777778 0.9453125 0.4548611111111111 0.94921875 0.4444444444444444 0.95703125 0.4340277777777778 0.962890625 0.4340277777777778 0.96484375 0.4305555555555556 0.98046875 0.4305555555555556 0.990234375 0.4236111111111111
1 0.505859375 0.5381944444444444 0.509765625 0.5451388888888888 0.509765625 0.5520833333333334 0.51171875 0.5555555555555556 0.51171875 0.5659722222222222 0.509765625 0.5729166666666666 0.5078125 0.5763888888888888 0.50390625 0.5763888888888888 0.498046875 0.5694444444444444 0.4921875 0.5694444444444444 0.484375 0.5833333333333334 0.484375 0.6041666666666666 0.48046875 0.6180555555555556 0.4609375 0.6180555555555556 0.4609375 0.6041666666666666 0.47265625 0.5625 0.47265625 0.5416666666666666 0.48046875 0.53125 0.486328125 0.5138888888888888 0.4921875 0.5138888888888888 0.50390625 0.5381944444444444
1 0.939453125 0.6631944444444444 0.94140625 0.6666666666666666 0.947265625 0.6666666666666666 0.955078125 0.6770833333333334 0.958984375 0.6770833333333334 0.9609375 0.6805555555555556 0.962890625 0.7013888888888888 0.953125 0.7222222222222222 0.9453125 0.7222222222222222 0.9453125 0.7118055555555556 0.94140625 0.7048611111111112 0.927734375 0.7013888888888888 0.923828125 0.7083333333333334 0.92578125 0.7291666666666666 0.9296875 0.7395833333333334 0.931640625 0.7534722222222222 0.935546875 0.7604166666666666 0.935546875 0.7708333333333334 0.919921875 0.7708333333333334 0.91796875 0.7673611111111112 0.912109375 0.7673611111111112 0.90625 0.7569444444444444 0.90625 0.7534722222222222 0.904296875 0.75 0.900390625 0.75 0.8984375 0.7430555555555556 0.900390625 0.7361111111111112 0.91796875 0.7048611111111112 0.91796875 0.6979166666666666 0.919921875 0.6944444444444444 0.91796875 0.6875 0.919921875 0.6805555555555556 0.919921875 0.6701388888888888 0.923828125 0.6631944444444444 0.9375 0.6631944444444444
1 0.623046875 0.3784722222222222 0.626953125 0.375 0.640625 0.375 0.646484375 0.3819444444444444 0.66015625 0.3819444444444444 0.662109375 0.3854166666666667 0.666015625 0.3854166666666667 0.673828125 0.4027777777777778 0.673828125 0.4131944444444444 0.671875 0.4201388888888889 0.66796875 0.4166666666666667 0.6640625 0.4166666666666667 0.662109375 0.4201388888888889 0.66015625 0.4409722222222222 0.658203125 0.4444444444444444 0.658203125 0.4756944444444444 0.650390625 0.4722222222222222 0.6484375 0.4756944444444444 0.625 0.4756944444444444 0.623046875 0.4791666666666667 0.62109375 0.4756944444444444 0.62109375 0.4652777777777778 0.623046875 0.4618055555555556 0.623046875 0.4270833333333333 0.62109375 0.4236111111111111 0.62109375 0.4027777777777778 0.6171875 0.3958333333333333 0.6171875 0.3923611111111111 0.623046875 0.3819444444444444
1 0.978515625 0.5069444444444444 0.984375 0.5138888888888888 0.98828125 0.5243055555555556 0.9921875 0.5381944444444444 0.9921875 0.5451388888888888 0.99609375 0.5555555555555556 0.99609375 0.5694444444444444 0.998046875 0.5729166666666666 0.998046875 0.6111111111111112 0.990234375 0.6319444444444444 0.9765625 0.6354166666666666 0.974609375 0.6388888888888888 0.97265625 0.6354166666666666 0.966796875 0.6354166666666666 0.955078125 0.6145833333333334 0.947265625 0.6076388888888888 0.94140625 0.6076388888888888 0.94140625 0.5972222222222222 0.939453125 0.59375 0.931640625 0.5868055555555556 0.921875 0.5868055555555556 0.9140625 0.5798611111111112 0.921875 0.5625 0.92578125 0.5625 0.9296875 0.5555555555555556 0.9375 0.5520833333333334 0.943359375 0.5416666666666666 0.951171875 0.5347222222222222 0.955078125 0.5347222222222222 0.96875 0.5138888888888888 0.9765625 0.5069444444444444
1 0.5859375 0.3645833333333333 0.595703125 0.3715277777777778 0.599609375 0.3784722222222222 0.599609375 0.4097222222222222 0.595703125 0.4166666666666667 0.58984375 0.4201388888888889 0.583984375 0.4305555555555556 0.583984375 0.4375 0.5859375 0.4409722222222222 0.59375 0.4409722222222222 0.595703125 0.4375 0.6015625 0.4375 0.603515625 0.4409722222222222 0.603515625 0.4444444444444444 0.591796875 0.4618055555555556 0.580078125 0.4618055555555556 0.576171875 0.4583333333333333 0.57421875 0.4548611111111111 0.57421875 0.4479166666666667 0.578125 0.4409722222222222 0.568359375 0.4270833333333333 0.568359375 0.4097222222222222 0.564453125 0.4027777777777778 0.560546875 0.3993055555555556 0.5546875 0.3993055555555556 0.552734375 0.3958333333333333 0.552734375 0.3854166666666667 0.55859375 0.375 0.57421875 0.3715277777777778 0.583984375 0.3645833333333333
1 0.880859375 0.53125 0.8984375 0.5486111111111112 0.908203125 0.5486111111111112 0.908203125 0.5520833333333334 0.8984375 0.5729166666666666 0.890625 0.5763888888888888 0.8828125 0.5868055555555556 0.873046875 0.5763888888888888 0.8671875 0.5625 0.861328125 0.5694444444444444 0.861328125 0.5868055555555556 0.857421875 0.6006944444444444 0.859375 0.6111111111111112 0.861328125 0.6145833333333334 0.869140625 0.6145833333333334 0.87109375 0.6111111111111112 0.884765625 0.6145833333333334 0.873046875 0.6354166666666666 0.861328125 0.6354166666666666 0.859375 0.6319444444444444 0.8515625 0.6319444444444444 0.841796875 0.625 0.8359375 0.6145833333333334 0.8359375 0.6006944444444444 0.837890625 0.59375 0.84375 0.5902777777777778 0.8515625 0.5763888888888888 0.859375 0.5486111111111112 0.861328125 0.5486111111111112 0.869140625 0.5347222222222222 0.873046875 0.53125 0.87890625 0.53125
1 0.2109375 0.2986111111111111 0.220703125 0.3194444444444444 0.2265625 0.3125 0.23046875 0.3125 0.228515625 0.3368055555555556 0.216796875 0.3784722222222222 0.203125 0.3784722222222222 0.19921875 0.3715277777777778 0.1953125 0.3715277777777778 0.1953125 0.3645833333333333 0.189453125 0.3541666666666667 0.189453125 0.3472222222222222 0.193359375 0.3368055555555556 0.1953125 0.3125 0.201171875 0.3020833333333333 0.208984375 0.2986111111111111
1 0.876953125 0.8611111111111112 0.87890625 0.8645833333333334 0.892578125 0.8611111111111112 0.90234375 0.875 0.90234375 0.8923611111111112 0.8984375 0.90625 0.89453125 0.9131944444444444 0.87890625 0.9131944444444444 0.876953125 0.9166666666666666 0.84375 0.9166666666666666 0.84375 0.8993055555555556 0.84765625 0.8923611111111112 0.8515625 0.8784722222222222 0.8515625 0.8715277777777778 0.859375 0.8506944444444444 0.86328125 0.8472222222222222 0.869140625 0.8472222222222222 0.87109375 0.8611111111111112 0.875 0.8645833333333334
2 0.974609375 0.3923611111111111 0.998046875 0.4201388888888889 0.998046875 0.4270833333333333 0.994140625 0.4409722222222222 0.998046875 0.4513888888888889 0.998046875 0.4756944444444444 0.994140625 0.4756944444444444 0.9921875 0.4791666666666667 0.994140625 0.4861111111111111 0.994140625 0.4930555555555556 0.9921875 0.4965277777777778 0.994140625 0.5 0.994140625 0.5069444444444444 0.998046875 0.5138888888888888 0.998046875 0.5277777777777778 0.99609375 0.53125 0.9921875 0.5277777777777778 0.990234375 0.5173611111111112 0.986328125 0.5104166666666666 0.974609375 0.4965277777777778 0.974609375 0.4895833333333333 0.970703125 0.4791666666666667 0.966796875 0.4791666666666667 0.9609375 0.4722222222222222 0.947265625 0.4722222222222222 0.9453125 0.46875 0.9453125 0.4513888888888889 0.951171875 0.4375 0.953125 0.4097222222222222 0.9609375 0.3958333333333333 0.97265625 0.3923611111111111
2 0.828125 0.7013888888888888 0.830078125 0.7013888888888888 0.83984375 0.6805555555555556 0.837890625 0.65625 0.833984375 0.6423611111111112 0.833984375 0.625 0.83203125 0.6215277777777778 0.833984375 0.6145833333333334 0.833984375 0.6041666666666666 0.837890625 0.59375 0.84375 0.5902777777777778 0.8515625 0.5763888888888888 0.857421875 0.5555555555555556 0.8671875 0.5381944444444444 0.87890625 0.5243055555555556 0.87890625 0.5034722222222222 0.880859375 0.4965277777777778 0.888671875 0.4895833333333333 0.90234375 0.4895833333333333 0.904296875 0.4930555555555556 0.908203125 0.4930555555555556 0.916015625 0.5104166666666666 0.916015625 0.5173611111111112 0.91796875 0.5208333333333334 0.916015625 0.5277777777777778 0.916015625 0.5381944444444444 0.908203125 0.5520833333333334 0.908203125 0.5590277777777778 0.896484375 0.5763888888888888 0.8984375 0.5833333333333334 0.89453125 0.5902777777777778 0.89453125 0.6006944444444444 0.890625 0.6041666666666666 0.873046875 0.6354166666666666 0.87109375 0.6493055555555556 0.875 0.6666666666666666 0.87890625 0.7152777777777778 0.87109375 0.7291666666666666 0.845703125 0.7534722222222222 0.837890625 0.7673611111111112 0.837890625 0.8020833333333334 0.833984375 0.8159722222222222 0.830078125 0.8229166666666666 0.826171875 0.8229166666666666 0.82421875 0.8194444444444444 0.82421875 0.7777777777777778 0.818359375 0.7673611111111112 0.810546875 0.7673611111111112 0.80859375 0.7638888888888888 0.8125 0.7395833333333334 0.8203125 0.7256944444444444 0.828125 0.7048611111111112
2 0.548828125 0.34375 0.55078125 0.3402777777777778 0.55078125 0.3333333333333333 0.5546875 0.3263888888888889 0.55859375 0.3263888888888889 0.560546875 0.3229166666666667 0.572265625 0.3263888888888889 0.578125 0.3368055555555556 0.583984375 0.3611111111111111 0.599609375 0.375 0.599609375 0.3958333333333333 0.6015625 0.4027777777777778 0.599609375 0.4097222222222222 0.591796875 0.4166666666666667 0.583984375 0.4305555555555556 0.583984375 0.4340277777777778 0.587890625 0.4409722222222222 0.591796875 0.4409722222222222 0.59375 0.4375 0.60546875 0.4375 0.611328125 0.4583333333333333 0.611328125 0.4861111111111111 0.609375 0.4895833333333333 0.609375 0.5138888888888888 0.607421875 0.5173611111111112 0.607421875 0.5486111111111112 0.603515625 0.5520833333333334 0.591796875 0.5381944444444444 0.587890625 0.5451388888888888 0.583984375 0.5451388888888888 0.58203125 0.5486111111111112 0.578125 0.5486111111111112 0.576171875 0.5451388888888888 0.568359375 0.5486111111111112 0.564453125 0.5451388888888888 0.56640625 0.5381944444444444 0.57421875 0.53125 0.57421875 0.5243055555555556 0.568359375 0.5069444444444444 0.560546875 0.4930555555555556 0.560546875 0.4791666666666667 0.568359375 0.4652777777777778 0.568359375 0.4583333333333333 0.564453125 0.4548611111111111 0.560546875 0.4618055555555556 0.556640625 0.4618055555555556 0.552734375 0.4548611111111111 0.556640625 0.4409722222222222 0.556640625 0.4097222222222222 0.552734375 0.3958333333333333 0.552734375 0.3819444444444444 0.5546875 0.375 0.552734375 0.3715277777777778 0.55078125 0.3472222222222222
2 0.951171875 0.6145833333333334 0.955078125 0.6180555555555556 0.962890625 0.6354166666666666 0.978515625 0.6493055555555556 0.978515625 0.6597222222222222 0.97265625 0.6666666666666666 0.962890625 0.7048611111111112 0.966796875 0.7152777777777778 0.974609375 0.7152777777777778 0.962890625 0.7256944444444444 0.958984375 0.7326388888888888 0.95703125 0.7430555555555556 0.951171875 0.7534722222222222 0.947265625 0.7569444444444444 0.94140625 0.7569444444444444 0.939453125 0.7604166666666666 0.939453125 0.7673611111111112 0.9375 0.7708333333333334 0.9375 0.7881944444444444 0.93359375 0.7986111111111112 0.93359375 0.8194444444444444 0.931640625 0.8229166666666666 0.931640625 0.8298611111111112 0.91796875 0.8368055555555556 0.908203125 0.8541666666666666 0.908203125 0.8576388888888888 0.904296875 0.8611111111111112 0.904296875 0.8645833333333334 0.900390625 0.8645833333333334 0.8984375 0.8611111111111112 0.900390625 0.8576388888888888 0.900390625 0.8472222222222222 0.904296875 0.8368055555555556 0.904296875 0.8125 0.90234375 0.8055555555555556 0.896484375 0.7986111111111112 0.896484375 0.7465277777777778 0.919921875 0.6979166666666666 0.919921875 0.6701388888888888 0.927734375 0.65625 0.927734375 0.6458333333333334 0.9296875 0.6423611111111112 0.9296875 0.6215277777777778 0.9375 0.6111111111111112 0.947265625 0.6111111111111112 0.94921875 0.6145833333333334
2 0.501953125 0.6319444444444444 0.509765625 0.6388888888888888 0.515625 0.6666666666666666 0.5234375 0.6840277777777778 0.521484375 0.6909722222222222 0.521484375 0.7118055555555556 0.5234375 0.7152777777777778 0.521484375 0.75 0.525390625 0.7638888888888888 0.53515625 0.78125 0.544921875 0.7881944444444444 0.544921875 0.7916666666666666 0.541015625 0.7951388888888888 0.515625 0.7916666666666666 0.51171875 0.7881944444444444 0.51171875 0.7777777777777778 0.513671875 0.7743055555555556 0.513671875 0.7638888888888888 0.51171875 0.7604166666666666 0.494140625 0.7604166666666666 0.4921875 0.7569444444444444 0.498046875 0.7361111111111112 0.49609375 0.6979166666666666 0.494140625 0.6944444444444444 0.48828125 0.7048611111111112 0.484375 0.7013888888888888 0.482421875 0.6979166666666666 0.484375 0.6909722222222222 0.484375 0.6736111111111112 0.478515625 0.6631944444444444 0.46875 0.65625 0.462890625 0.6458333333333334 0.4609375 0.6458333333333334 0.458984375 0.6388888888888888 0.458984375 0.6180555555555556 0.4609375 0.6145833333333334 0.4609375 0.6041666666666666 0.47265625 0.5625 0.470703125 0.5555555555555556 0.470703125 0.5451388888888888 0.48046875 0.53125 0.482421875 0.5208333333333334 0.4921875 0.5034722222222222 0.4921875 0.5 0.501953125 0.4826388888888889 0.515625 0.4826388888888889 0.525390625 0.5034722222222222 0.525390625 0.5243055555555556 0.521484375 0.53125 0.513671875 0.5347222222222222 0.509765625 0.5416666666666666 0.51171875 0.5659722222222222 0.498046875 0.59375 0.498046875 0.6006944444444444 0.49609375 0.6041666666666666 0.49609375 0.6215277777777778 0.5 0.6319444444444444
2 0.9453125 0.4826388888888889 0.953125 0.4756944444444444 0.958984375 0.4756944444444444 0.9609375 0.4791666666666667 0.970703125 0.4826388888888889 0.97265625 0.4965277777777778 0.982421875 0.5138888888888888 0.984375 0.5138888888888888 0.98828125 0.5243055555555556 0.990234375 0.5416666666666666 0.99609375 0.5555555555555556 0.99609375 0.5729166666666666 0.998046875 0.5763888888888888 0.998046875 0.6111111111111112 0.994140625 0.6180555555555556 0.994140625 0.6319444444444444 0.9921875 0.6354166666666666 0.984375 0.6354166666666666 0.982421875 0.6388888888888888 0.97265625 0.6388888888888888 0.970703125 0.6354166666666666 0.966796875 0.6354166666666666 0.955078125 0.6145833333333334 0.947265625 0.6076388888888888 0.93359375 0.6076388888888888 0.931640625 0.6111111111111112 0.9296875 0.6076388888888888 0.921875 0.6076388888888888 0.919921875 0.6111111111111112 0.904296875 0.6111111111111112 0.900390625 0.6076388888888888 0.896484375 0.6006944444444444 0.896484375 0.59375 0.904296875 0.5833333333333334 0.91015625 0.5868055555555556 0.9140625 0.5798611111111112 0.916015625 0.5694444444444444 0.921875 0.5590277777777778 0.921875 0.5486111111111112 0.919921875 0.5451388888888888 0.921875 0.5381944444444444 0.921875 0.5243055555555556 0.92578125 0.5277777777777778 0.935546875 0.5277777777777778 0.9375 0.5243055555555556 0.931640625 0.5173611111111112 0.931640625 0.5104166666666666 0.939453125 0.5104166666666666 0.9453125 0.4861111111111111
2 0.958984375 0.4756944444444444 0.9609375 0.4791666666666667 0.970703125 0.4826388888888889 0.97265625 0.4965277777777778 0.984375 0.5138888888888888 0.98828125 0.5243055555555556 0.990234375 0.5416666666666666 0.99609375 0.5555555555555556 0.99609375 0.5659722222222222 0.998046875 0.5694444444444444 0.998046875 0.6145833333333334 0.994140625 0.6215277777777778 0.994140625 0.6284722222222222 0.986328125 0.6354166666666666 0.978515625 0.6354166666666666 0.9765625 0.6388888888888888 0.97265625 0.6354166666666666 0.966796875 0.6354166666666666 0.958984375 0.6180555555555556 0.947265625 0.6076388888888888 0.921875 0.6076388888888888 0.919921875 0.6111111111111112 0.904296875 0.6111111111111112 0.896484375 0.6006944444444444 0.8984375 0.5868055555555556 0.90234375 0.5833333333333334 0.91015625 0.5868055555555556 0.9140625 0.5798611111111112 0.916015625 0.5694444444444444 0.921875 0.5590277777777778 0.921875 0.5486111111111112 0.919921875 0.5451388888888888 0.921875 0.5381944444444444 0.921875 0.5416666666666666 0.92578125 0.5451388888888888 0.927734375 0.5416666666666666 0.927734375 0.5243055555555556 0.931640625 0.5243055555555556 0.93359375 0.5208333333333334 0.92578125 0.5138888888888888 0.9296875 0.5104166666666666 0.9375 0.5104166666666666 0.94140625 0.5034722222222222 0.9453125 0.4826388888888889 0.951171875 0.4756944444444444 0.95703125 0.4756944444444444
2 0.23046875 0.2604166666666667 0.23828125 0.2777777777777778 0.23828125 0.2951388888888889 0.240234375 0.3020833333333333 0.234375 0.3055555555555556 0.23046875 0.3125 0.23046875 0.3298611111111111 0.21875 0.375 0.232421875 0.3993055555555556 0.240234375 0.4270833333333333 0.24609375 0.4375 0.248046875 0.4479166666666667 0.251953125 0.4548611111111111 0.251953125 0.4618055555555556 0.259765625 0.4861111111111111 0.259765625 0.4930555555555556 0.265625 0.5069444444444444 0.279296875 0.5243055555555556 0.28125 0.53125 0.279296875 0.5347222222222222 0.271484375 0.5347222222222222 0.2578125 0.5243055555555556 0.2578125 0.5069444444444444 0.24609375 0.4826388888888889 0.23828125 0.4548611111111111 0.228515625 0.4375 0.224609375 0.4375 0.22265625 0.4409722222222222 0.22265625 0.4618055555555556 0.220703125 0.46875 0.20703125 0.4930555555555556 0.20703125 0.5243055555555556 0.203125 0.53125 0.197265625 0.53125 0.193359375 0.5173611111111112 0.193359375 0.4930555555555556 0.201171875 0.4826388888888889 0.203125 0.46875 0.20703125 0.4618055555555556 0.20703125 0.4479166666666667 0.193359375 0.4201388888888889 0.1875 0.3958333333333333 0.1875 0.3854166666666667 0.18359375 0.3784722222222222 0.18359375 0.3680555555555556 0.19140625 0.34375 0.1953125 0.3125 0.201171875 0.3020833333333333 0.208984375 0.2951388888888889 0.208984375 0.2708333333333333 0.2109375 0.2638888888888889 0.216796875 0.2569444444444444 0.2265625 0.2569444444444444 0.228515625 0.2604166666666667
2 0.9375 0.4166666666666667 0.9453125 0.4097222222222222 0.951171875 0.4097222222222222 0.953125 0.4166666666666667 0.953125 0.4340277777777778 0.9453125 0.4548611111111111 0.9453125 0.4756944444444444 0.939453125 0.4895833333333333 0.935546875 0.4895833333333333 0.93359375 0.4826388888888889 0.93359375 0.4618055555555556 0.935546875 0.4583333333333333 0.93359375 0.4305555555555556 0.9375 0.4201388888888889
2 0.896484375 0.8020833333333334 0.90234375 0.8125 0.90234375 0.8333333333333334 0.896484375 0.8541666666666666 0.896484375 0.8645833333333334 0.90234375 0.875 0.90234375 0.8958333333333334 0.900390625 0.8993055555555556 0.900390625 0.90625 0.896484375 0.9131944444444444 0.880859375 0.9131944444444444 0.87890625 0.9166666666666666 0.84375 0.9166666666666666 0.841796875 0.9131944444444444 0.84375 0.9097222222222222 0.84375 0.8993055555555556 0.84765625 0.8923611111111112 0.8515625 0.8784722222222222 0.8515625 0.8715277777777778 0.85546875 0.8645833333333334 0.857421875 0.8541666666666666 0.869140625 0.8368055555555556 0.869140625 0.8159722222222222 0.876953125 0.8020833333333334 0.89453125 0.8020833333333334
2 0.650390625 0.3368055555555556 0.662109375 0.3472222222222222 0.662109375 0.3784722222222222 0.673828125 0.4027777777777778 0.673828125 0.4131944444444444 0.671875 0.4166666666666667 0.673828125 0.4583333333333333 0.669921875 0.4652777777777778 0.6640625 0.4618055555555556 0.6640625 0.4513888888888889 0.66015625 0.4444444444444444 0.658203125 0.4479166666666667 0.658203125 0.4583333333333333 0.66015625 0.4618055555555556 0.658203125 0.46875 0.666015625 0.4861111111111111 0.673828125 0.5138888888888888 0.673828125 0.53125 0.67578125 0.5347222222222222 0.677734375 0.5520833333333334 0.681640625 0.5625 0.68359375 0.6041666666666666 0.693359375 0.625 0.689453125 0.6319444444444444 0.673828125 0.6319444444444444 0.673828125 0.5972222222222222 0.66796875 0.5763888888888888 0.66796875 0.5625 0.66015625 0.5381944444444444 0.65625 0.5347222222222222 0.64453125 0.5104166666666666 0.63671875 0.5104166666666666 0.62890625 0.5173611111111112 0.623046875 0.5277777777777778 0.62109375 0.5520833333333334 0.615234375 0.5659722222222222 0.615234375 0.5868055555555556 0.61328125 0.5902777777777778 0.61328125 0.6006944444444444 0.611328125 0.6041666666666666 0.607421875 0.6006944444444444 0.59765625 0.6006944444444444 0.59765625 0.59375 0.607421875 0.5763888888888888 0.607421875 0.5590277777777778 0.609375 0.5555555555555556 0.611328125 0.5277777777777778 0.615234375 0.5173611111111112 0.6171875 0.4826388888888889 0.623046875 0.4618055555555556 0.623046875 0.4236111111111111 0.62109375 0.4201388888888889 0.6171875 0.4201388888888889 0.607421875 0.4270833333333333 0.603515625 0.4340277777777778 0.595703125 0.4340277777777778 0.59375 0.4375 0.587890625 0.4375 0.5859375 0.4340277777777778 0.587890625 0.4270833333333333 0.595703125 0.4166666666666667 0.603515625 0.4097222222222222 0.607421875 0.4097222222222222 0.623046875 0.3819444444444444 0.625 0.375 0.630859375 0.375 0.634765625 0.3680555555555556 0.634765625 0.3576388888888889 0.63671875 0.3506944444444444 0.642578125 0.3402777777777778 0.6484375 0.3368055555555556