0 0.205078125 0.16319444444444445 0.208984375 0.18055555555555555 0.208984375 0.1875 0.20703125 0.1909722222222222 0.1953125 0.1736111111111111 0.1953125 0.16666666666666666 0.197265625 0.16319444444444445 0.203125 0.16319444444444445
0 0.49609375 0.1111111111111111 0.5 0.1076388888888889 0.505859375 0.1111111111111111 0.505859375 0.13194444444444445 0.50390625 0.13541666666666666 0.498046875 0.125 0.49609375 0.11458333333333333
0 0.509765625 0.21875 0.51171875 0.2222222222222222 0.51171875 0.2326388888888889 0.509765625 0.2361111111111111 0.50390625 0.2361111111111111 0.5 0.22916666666666666 0.5 0.2222222222222222 0.501953125 0.21875 0.5078125 0.21875
0 0.48984374999999997 0.31851851851851853 0.015104166666666667 0.02037037037037037
0 0.302734375 0.5625 0.30859375 0.5590277777777778 0.318359375 0.5659722222222222 0.318359375 0.5763888888888888 0.3125 0.5868055555555556 0.302734375 0.5798611111111112 0.302734375 0.5659722222222222
0 0.4921875 0.5659722222222222 0.494140625 0.5694444444444444 0.494140625 0.5798611111111112 0.486328125 0.5902777777777778 0.482421875 0.5729166666666666 0.490234375 0.5659722222222222
0 0.91796875 0.28125 0.919921875 0.2847222222222222 0.916015625 0.2986111111111111 0.908203125 0.2986111111111111 0.90625 0.2951388888888889 0.90625 0.2881944444444444 0.91015625 0.28125 0.916015625 0.28125
0 0.8869791666666667 0.29212962962962963 0.0125 0.025
0 0.7927083333333333 0.29259259259259257 0.0125 0.025925925925925925
0 0.6328125 0.17708333333333334 0.642578125 0.17708333333333334 0.642578125 0.19791666666666666 0.63671875 0.19791666666666666 0.6328125 0.1875 0.6328125 0.18055555555555555
0 0.62890625 0.2326388888888889 0.63671875 0.2326388888888889 0.63671875 0.23958333333333334 0.638671875 0.24305555555555555 0.63671875 0.2569444444444444 0.634765625 0.2569444444444444 0.62890625 0.24305555555555555 0.62890625 0.2361111111111111
0 0.6328125 0.3541666666666667 0.6328125 0.3715277777777778 0.630859375 0.375 0.626953125 0.375 0.62109375 0.3680555555555556 0.62109375 0.3541666666666667 0.623046875 0.3506944444444444 0.62890625 0.3506944444444444 0.630859375 0.3541666666666667
0 0.66796875 0.16666666666666666 0.677734375 0.16666666666666666 0.677734375 0.18055555555555555 0.67578125 0.1840277777777778 0.669921875 0.18055555555555555 0.66796875 0.1701388888888889
0 0.6841145833333333 0.2037037037037037 0.015104166666666667 0.025925925925925925
0 0.66640625 0.21805555555555556 0.011979166666666666 0.01759259259259259
0 0.6171875 0.2986111111111111 0.62109375 0.2881944444444444 0.62890625 0.2916666666666667 0.630859375 0.2951388888888889 0.62890625 0.3125 0.625 0.3125 0.619140625 0.3020833333333333
0 0.662109375 0.2569444444444444 0.666015625 0.2638888888888889 0.666015625 0.2743055555555556 0.65625 0.2743055555555556 0.65625 0.2604166666666667 0.66015625 0.2604166666666667
0 0.654296875 0.2361111111111111 0.658203125 0.23958333333333334 0.662109375 0.25 0.658203125 0.2569444444444444 0.654296875 0.2569444444444444 0.65234375 0.2534722222222222 0.65234375 0.23958333333333334
0 0.64453125 0.2847222222222222 0.646484375 0.2916666666666667 0.6484375 0.2881944444444444 0.6484375 0.2986111111111111 0.642578125 0.3055555555555556 0.63671875 0.2986111111111111 0.63671875 0.2916666666666667 0.642578125 0.2847222222222222
1 0.5 0.5798611111111112 0.501953125 0.5833333333333334 0.505859375 0.5833333333333334 0.505859375 0.5868055555555556 0.509765625 0.5902777777777778 0.509765625 0.59375 0.515625 0.6041666666666666 0.515625 0.6180555555555556 0.5078125 0.625 0.501953125 0.6215277777777778 0.4921875 0.6041666666666666 0.484375 0.5972222222222222 0.484375 0.5902777777777778 0.48828125 0.5833333333333334 0.4921875 0.5798611111111112 0.498046875 0.5798611111111112
1 0.623046875 0.24305555555555555 0.6328125 0.2569444444444444 0.6328125 0.2604166666666667 0.626953125 0.2673611111111111 0.626953125 0.28125 0.619140625 0.2881944444444444 0.60546875 0.2847222222222222 0.615234375 0.25 0.62109375 0.2465277777777778
1 0.880859375 0.2986111111111111 0.888671875 0.3055555555555556 0.888671875 0.3159722222222222 0.88671875 0.3229166666666667 0.8828125 0.3263888888888889 0.876953125 0.3263888888888889 0.873046875 0.3333333333333333 0.876953125 0.34375 0.865234375 0.3402777777777778 0.865234375 0.3298611111111111 0.87109375 0.3194444444444444 0.873046875 0.3055555555555556 0.87890625 0.2986111111111111
1 0.689453125 0.17708333333333334 0.69140625 0.1875 0.697265625 0.19444444444444445 0.69921875 0.2013888888888889 0.697265625 0.20833333333333334 0.693359375 0.20833333333333334 0.6875 0.1909722222222222 0.6796875 0.1909722222222222 0.67578125 0.19791666666666666 0.671875 0.19791666666666666 0.669921875 0.19444444444444445 0.67578125 0.17708333333333334 0.6796875 0.1736111111111111 0.685546875 0.1736111111111111 0.6875 0.17708333333333334
1 0.65625 0.2951388888888889 0.66015625 0.3020833333333333 0.66015625 0.3125 0.669921875 0.3333333333333333 0.66015625 0.34375 0.65234375 0.34375 0.650390625 0.3263888888888889 0.6484375 0.3229166666666667 0.64453125 0.3229166666666667 0.642578125 0.3159722222222222 0.64453125 0.3090277777777778 0.65234375 0.2951388888888889 0.654296875 0.2951388888888889
1 0.201171875 0.18055555555555555 0.205078125 0.1875 0.1953125 0.2222222222222222 0.18359375 0.2222222222222222 0.181640625 0.21875 0.18359375 0.2152777777777778 0.185546875 0.19791666666666666 0.189453125 0.1875 0.1953125 0.17708333333333334 0.19921875 0.18055555555555555
1 0.474609375 0.3298611111111111 0.478515625 0.3263888888888889 0.48828125 0.3263888888888889 0.490234375 0.3298611111111111 0.490234375 0.34375 0.48828125 0.3506944444444444 0.482421875 0.3576388888888889 0.48046875 0.3576388888888889 0.474609375 0.34375 0.470703125 0.34375 0.474609375 0.3333333333333333
1 0.318359375 0.5833333333333334 0.322265625 0.5902777777777778 0.322265625 0.6041666666666666 0.32421875 0.6076388888888888 0.32421875 0.625 0.322265625 0.6284722222222222 0.322265625 0.6354166666666666 0.306640625 0.6354166666666666 0.30078125 0.6076388888888888 0.296875 0.6041666666666666 0.294921875 0.5972222222222222 0.294921875 0.5902777777777778 0.298828125 0.5833333333333334 0.31640625 0.5833333333333334
1 0.5 0.22916666666666666 0.505859375 0.2361111111111111 0.50390625 0.25 0.5 0.2534722222222222 0.498046875 0.2465277777777778 0.494140625 0.2465277777777778 0.490234375 0.2638888888888889 0.48046875 0.2604166666666667 0.484375 0.25 0.49609375 0.22916666666666666 0.498046875 0.22916666666666666
1 0.68359375 0.2152777777777778 0.685546875 0.21875 0.685546875 0.2604166666666667 0.681640625 0.2638888888888889 0.671875 0.2638888888888889 0.669921875 0.2569444444444444 0.658203125 0.23958333333333334 0.658203125 0.2361111111111111 0.66796875 0.21875 0.671875 0.2152777777777778 0.681640625 0.2152777777777778
1 0.49583333333333335 0.1412037037037037 0.02395833333333333 0.03981481481481482
1 0.916015625 0.2951388888888889 0.923828125 0.3055555555555556 0.919921875 0.3159722222222222 0.919921875 0.3333333333333333 0.91796875 0.3368055555555556 0.90625 0.3368055555555556 0.904296875 0.3402777777777778 0.90234375 0.3368055555555556 0.90234375 0.3229166666666667 0.8984375 0.3055555555555556 0.90234375 0.2986111111111111 0.9140625 0.2951388888888889
1 0.62109375 0.3680555555555556 0.62890625 0.3784722222222222 0.62890625 0.3888888888888889 0.625 0.3888888888888889 0.623046875 0.3923611111111111 0.619140625 0.4201388888888889 0.615234375 0.4201388888888889 0.611328125 0.4131944444444444 0.603515625 0.4131944444444444 0.603515625 0.4027777777777778 0.609375 0.3819444444444444 0.6171875 0.3680555555555556 0.619140625 0.3680555555555556
1 0.619140625 0.3055555555555556 0.626953125 0.3125 0.626953125 0.3194444444444444 0.62109375 0.3194444444444444 0.6171875 0.3263888888888889 0.619140625 0.3333333333333333 0.61328125 0.34375 0.611328125 0.3402777777777778 0.603515625 0.3402777777777778 0.599609375 0.3368055555555556 0.599609375 0.3263888888888889 0.611328125 0.3090277777777778 0.6171875 0.3055555555555556
1 0.673828125 0.2743055555555556 0.677734375 0.28125 0.677734375 0.2847222222222222 0.673828125 0.2881944444444444 0.673828125 0.3125 0.67578125 0.3159722222222222 0.67578125 0.3263888888888889 0.673828125 0.3263888888888889 0.669921875 0.3368055555555556 0.666015625 0.3368055555555556 0.658203125 0.34375 0.654296875 0.34375 0.65234375 0.3402777777777778 0.654296875 0.3263888888888889 0.658203125 0.3263888888888889 0.66015625 0.3194444444444444 0.658203125 0.3159722222222222 0.658203125 0.3055555555555556 0.654296875 0.2986111111111111 0.650390625 0.28125 0.654296875 0.2743055555555556 0.671875 0.2743055555555556
1 0.634765625 0.1875 0.638671875 0.1909722222222222 0.640625 0.19791666666666666 0.634765625 0.21180555555555555 0.630859375 0.21180555555555555 0.62890625 0.2152777777777778 0.625 0.2152777777777778 0.623046875 0.20833333333333334 0.62109375 0.2152777777777778 0.619140625 0.2152777777777778 0.619140625 0.20833333333333334 0.626953125 0.1909722222222222 0.6328125 0.1875
1 0.6953125 0.21180555555555555 0.703125 0.2222222222222222 0.703125 0.22916666666666666 0.70703125 0.23958333333333334 0.70703125 0.2465277777777778 0.703125 0.2465277777777778 0.701171875 0.25 0.689453125 0.25 0.6875 0.2465277777777778 0.6875 0.2326388888888889 0.689453125 0.22916666666666666 0.6875 0.2152777777777778 0.693359375 0.21180555555555555
1 0.802734375 0.2986111111111111 0.806640625 0.3055555555555556 0.8125 0.3263888888888889 0.8125 0.3298611111111111 0.806640625 0.3368055555555556 0.794921875 0.3368055555555556 0.7890625 0.3229166666666667 0.7890625 0.3055555555555556 0.794921875 0.2986111111111111 0.80078125 0.2986111111111111
2 0.63671875 0.2326388888888889 0.640625 0.23958333333333334 0.640625 0.2638888888888889 0.63671875 0.2743055555555556 0.630859375 0.2673611111111111 0.62890625 0.2708333333333333 0.62890625 0.2847222222222222 0.62109375 0.2847222222222222 0.615234375 0.2951388888888889 0.615234375 0.3020833333333333 0.61328125 0.3055555555555556 0.607421875 0.3055555555555556 0.6015625 0.2881944444444444 0.609375 0.2743055555555556 0.609375 0.2673611111111111 0.6171875 0.2465277777777778 0.623046875 0.24305555555555555 0.62890625 0.2326388888888889 0.634765625 0.2326388888888889
2 0.5 0.3611111111111111 0.498046875 0.3680555555555556 0.48828125 0.3680555555555556 0.486328125 0.3715277777777778 0.48828125 0.3784722222222222 0.48828125 0.3888888888888889 0.482421875 0.3993055555555556 0.48046875 0.4097222222222222 0.474609375 0.4097222222222222 0.47265625 0.40625 0.478515625 0.3854166666666667 0.474609375 0.3784722222222222 0.46875 0.3784722222222222 0.46484375 0.3958333333333333 0.455078125 0.40625 0.451171875 0.40625 0.447265625 0.4131944444444444 0.447265625 0.4201388888888889 0.44140625 0.4201388888888889 0.44140625 0.4027777777777778 0.443359375 0.3993055555555556 0.453125 0.3958333333333333 0.45703125 0.3888888888888889 0.458984375 0.3819444444444444 0.458984375 0.3715277777777778 0.4609375 0.3680555555555556 0.4609375 0.3576388888888889 0.47265625 0.3402777777777778 0.474609375 0.3298611111111111 0.478515625 0.3263888888888889 0.486328125 0.3090277777777778 0.4921875 0.3090277777777778 0.49609375 0.3159722222222222 0.49609375 0.3229166666666667 0.4921875 0.3298611111111111 0.490234375 0.34375 0.486328125 0.3541666666666667 0.490234375 0.3611111111111111 0.498046875 0.3611111111111111
2 0.875 0.2986111111111111 0.876953125 0.2986111111111111 0.8828125 0.2847222222222222 0.888671875 0.2847222222222222 0.890625 0.2881944444444444 0.888671875 0.3194444444444444 0.88671875 0.3229166666666667 0.89453125 0.3368055555555556 0.89453125 0.3402777777777778 0.8828125 0.3402777777777778 0.87890625 0.3472222222222222 0.88671875 0.3680555555555556 0.88671875 0.3784722222222222 0.87890625 0.3958333333333333 0.87890625 0.40625 0.880859375 0.4097222222222222 0.875 0.4097222222222222 0.87109375 0.4027777777777778 0.87890625 0.3819444444444444 0.87890625 0.3715277777777778 0.876953125 0.3680555555555556 0.869140625 0.3680555555555556 0.865234375 0.3819444444444444 0.8515625 0.40625 0.8515625 0.4201388888888889 0.84375 0.4201388888888889 0.841796875 0.4166666666666667 0.84375 0.40625 0.84765625 0.4027777777777778 0.859375 0.3784722222222222 0.859375 0.3680555555555556 0.86328125 0.3506944444444444 0.86328125 0.3368055555555556 0.87109375 0.3194444444444444 0.875 0.3020833333333333
2 0.669921875 0.16666666666666666 0.67578125 0.16666666666666666 0.681640625 0.1736111111111111 0.689453125 0.17708333333333334 0.689453125 0.18055555555555555 0.705078125 0.20833333333333334 0.705078125 0.2152777777777778 0.69921875 0.2152777777777778 0.693359375 0.20833333333333334 0.689453125 0.19444444444444445 0.68359375 0.1875 0.681640625 0.1875 0.67578125 0.19791666666666666 0.671875 0.19791666666666666 0.669921875 0.19444444444444445 0.669921875 0.1701388888888889
2 0.20703125 0.16319444444444445 0.20703125 0.17708333333333334 0.208984375 0.1840277777777778 0.203125 0.19444444444444445 0.19921875 0.20833333333333334 0.19921875 0.21875 0.205078125 0.2326388888888889 0.205078125 0.24305555555555555 0.19921875 0.2569444444444444 0.19921875 0.2743055555555556 0.1953125 0.2847222222222222 0.185546875 0.2847222222222222 0.18359375 0.28125 0.189453125 0.2569444444444444 0.189453125 0.24305555555555555 0.185546875 0.2361111111111111 0.181640625 0.21875 0.18359375 0.2152777777777778 0.185546875 0.19791666666666666 0.1953125 0.1736111111111111 0.1953125 0.16666666666666666 0.201171875 0.1597222222222222 0.205078125 0.16319444444444445
2 0.296875 0.5833333333333334 0.30078125 0.5798611111111112 0.3046875 0.5625 0.314453125 0.5625 0.31640625 0.5659722222222222 0.31640625 0.5798611111111112 0.3203125 0.5833333333333334 0.322265625 0.5902777777777778 0.322265625 0.6006944444444444 0.32421875 0.6041666666666666 0.32421875 0.6319444444444444 0.330078125 0.6493055555555556 0.330078125 0.6631944444444444 0.333984375 0.6701388888888888 0.33984375 0.6736111111111112 0.341796875 0.6805555555555556 0.353515625 0.6909722222222222 0.341796875 0.6909722222222222 0.328125 0.6770833333333334 0.318359375 0.65625 0.314453125 0.65625 0.306640625 0.6701388888888888 0.306640625 0.7048611111111112 0.310546875 0.71875 0.306640625 0.7222222222222222 0.302734375 0.7222222222222222 0.30078125 0.71875 0.30078125 0.6770833333333334 0.298828125 0.6736111111111112 0.298828125 0.6631944444444444 0.3046875 0.6423611111111112 0.3046875 0.6215277777777778 0.294921875 0.6006944444444444 0.294921875 0.5902777777777778 0.296875 0.5868055555555556
2 0.640625 0.2569444444444444 0.6484375 0.2708333333333333 0.6484375 0.28125 0.638671875 0.2847222222222222 0.634765625 0.2916666666666667 0.626953125 0.2847222222222222 0.626953125 0.2708333333333333 0.62890625 0.2638888888888889 0.638671875 0.2604166666666667
2 0.5 0.21875 0.505859375 0.2152777777777778 0.51171875 0.2222222222222222 0.509765625 0.2361111111111111 0.5 0.2604166666666667 0.5 0.2743055555555556 0.50390625 0.2881944444444444 0.501953125 0.2916666666666667 0.5 0.3090277777777778 0.498046875 0.3159722222222222 0.49609375 0.3159722222222222 0.48828125 0.3055555555555556 0.484375 0.3125 0.48046875 0.3125 0.474609375 0.3229166666666667 0.474609375 0.3263888888888889 0.470703125 0.3263888888888889 0.470703125 0.3090277777777778 0.474609375 0.3090277777777778 0.482421875 0.2986111111111111 0.482421875 0.2916666666666667 0.478515625 0.28125 0.478515625 0.2673611111111111 0.484375 0.25 0.5 0.2222222222222222
2 0.685546875 0.2152777777777778 0.689453125 0.2222222222222222 0.685546875 0.2361111111111111 0.685546875 0.2604166666666667 0.689453125 0.2743055555555556 0.689453125 0.2881944444444444 0.69921875 0.3159722222222222 0.693359375 0.3263888888888889 0.681640625 0.3263888888888889 0.6796875 0.3229166666666667 0.6796875 0.3125 0.681640625 0.3090277777777778 0.6796875 0.3020833333333333 0.681640625 0.2986111111111111 0.681640625 0.2847222222222222 0.669921875 0.2638888888888889 0.666015625 0.25 0.65625 0.24305555555555555 0.65625 0.2361111111111111 0.673828125 0.20833333333333334 0.6796875 0.20833333333333334 0.68359375 0.2152777777777778
2 0.49609375 0.1111111111111111 0.5 0.1076388888888889 0.505859375 0.1111111111111111 0.5078125 0.11805555555555555 0.505859375 0.125 0.505859375 0.14930555555555555 0.513671875 0.1701388888888889 0.513671875 0.18055555555555555 0.51171875 0.1840277777777778 0.51171875 0.2048611111111111 0.513671875 0.21180555555555555 0.501953125 0.21180555555555555 0.505859375 0.2013888888888889 0.505859375 0.18055555555555555 0.501953125 0.1736111111111111 0.49609375 0.1840277777777778 0.494140625 0.2013888888888889 0.490234375 0.21180555555555555 0.490234375 0.22569444444444445 0.482421875 0.22569444444444445 0.48828125 0.2013888888888889 0.48828125 0.1736111111111111 0.484375 0.16319444444444445 0.484375 0.1423611111111111 0.49609375 0.11805555555555555 0.49609375 0.11458333333333333
2 0.916015625 0.28125 0.91796875 0.2951388888888889 0.923828125 0.3055555555555556 0.921875 0.3125 0.923828125 0.3368055555555556 0.919921875 0.34375 0.923828125 0.3576388888888889 0.923828125 0.40625 0.92578125 0.4131944444444444 0.921875 0.4131944444444444 0.919921875 0.4097222222222222 0.919921875 0.4027777777777778 0.9140625 0.3819444444444444 0.908203125 0.3715277777777778 0.904296875 0.3576388888888889 0.904296875 0.3402777777777778 0.8984375 0.3125 0.8984375 0.3055555555555556 0.90625 0.2951388888888889 0.90625 0.2847222222222222 0.908203125 0.28125 0.9140625 0.28125
2 0.599609375 0.4548611111111111 0.603515625 0.4409722222222222 0.599609375 0.4270833333333333 0.6015625 0.4097222222222222 0.609375 0.3819444444444444 0.615234375 0.3715277777777778 0.619140625 0.3611111111111111 0.619140625 0.3541666666666667 0.623046875 0.3472222222222222 0.62890625 0.3472222222222222 0.6328125 0.3576388888888889 0.630859375 0.3854166666666667 0.626953125 0.4027777777777778 0.62890625 0.4131944444444444 0.625 0.4131944444444444 0.619140625 0.4201388888888889 0.623046875 0.4305555555555556 0.625 0.4548611111111111 0.626953125 0.4583333333333333 0.625 0.4895833333333333 0.630859375 0.4965277777777778 0.62890625 0.5 0.619140625 0.5 0.6171875 0.4965277777777778 0.6171875 0.4826388888888889 0.619140625 0.4791666666666667 0.619140625 0.4652777777777778 0.6171875 0.4583333333333333 0.615234375 0.4548611111111111 0.6015625 0.4548611111111111
2 0.4921875 0.5694444444444444 0.498046875 0.5798611111111112 0.505859375 0.5833333333333334 0.517578125 0.6076388888888888 0.517578125 0.625 0.51953125 0.6319444444444444 0.515625 0.6388888888888888 0.515625 0.6493055555555556 0.517578125 0.6527777777777778 0.517578125 0.6631944444444444 0.52734375 0.6770833333333334 0.525390625 0.6875 0.521484375 0.6944444444444444 0.515625 0.6944444444444444 0.515625 0.6805555555555556 0.51171875 0.6770833333333334 0.509765625 0.6666666666666666 0.50390625 0.6527777777777778 0.50390625 0.6319444444444444 0.501953125 0.6284722222222222 0.498046875 0.6284722222222222 0.494140625 0.6111111111111112 0.484375 0.6006944444444444 0.482421875 0.5729166666666666 0.484375 0.5694444444444444 0.490234375 0.5694444444444444
2 0.626953125 0.2881944444444444 0.630859375 0.2916666666666667 0.6328125 0.2986111111111111 0.6328125 0.3055555555555556 0.630859375 0.3090277777777778 0.630859375 0.3194444444444444 0.6328125 0.3263888888888889 0.626953125 0.3333333333333333 0.623046875 0.3333333333333333 0.619140625 0.3402777777777778 0.61328125 0.3611111111111111 0.61328125 0.3715277777777778 0.599609375 0.3923611111111111 0.599609375 0.4027777777777778 0.59765625 0.40625 0.5859375 0.40625 0.58203125 0.3958333333333333 0.58203125 0.3888888888888889 0.583984375 0.3854166666666667 0.587890625 0.3854166666666667 0.59765625 0.3645833333333333 0.59765625 0.3298611111111111 0.603515625 0.3229166666666667 0.619140625 0.2916666666666667 0.625 0.2881944444444444
2 0.6640625 0.2569444444444444 0.666015625 0.2638888888888889 0.673828125 0.2777777777777778 0.67578125 0.2777777777777778 0.673828125 0.3125 0.67578125 0.3159722222222222 0.67578125 0.3298611111111111 0.677734375 0.3368055555555556 0.673828125 0.3402777777777778 0.673828125 0.3576388888888889 0.671875 0.3611111111111111 0.669921875 0.3819444444444444 0.6796875 0.4166666666666667 0.677734375 0.4236111111111111 0.673828125 0.4236111111111111 0.671875 0.4201388888888889 0.671875 0.40625 0.662109375 0.3819444444444444 0.658203125 0.3854166666666667 0.658203125 0.3958333333333333 0.6640625 0.4097222222222222 0.65625 0.4201388888888889 0.64453125 0.4201388888888889 0.64453125 0.4131944444444444 0.646484375 0.4097222222222222 0.646484375 0.3854166666666667 0.64453125 0.3784722222222222 0.646484375 0.375 0.6484375 0.3576388888888889 0.65234375 0.3506944444444444 0.650390625 0.3263888888888889 0.64453125 0.3194444444444444 0.64453125 0.3090277777777778 0.650390625 0.2986111111111111 0.650390625 0.28125 0.654296875 0.2743055555555556 0.654296875 0.2604166666666667 0.65625 0.2569444444444444 0.662109375 0.2569444444444444
2 0.63671875 0.1736111111111111 0.64453125 0.18055555555555555 0.64453125 0.1875 0.640625 0.2013888888888889 0.6328125 0.21875 0.63671875 0.2326388888888889 0.634765625 0.22916666666666666 0.630859375 0.22916666666666666 0.62109375 0.24305555555555555 0.615234375 0.24305555555555555 0.615234375 0.21875 0.6171875 0.21180555555555555 0.62109375 0.2013888888888889 0.6328125 0.1840277777777778 0.634765625 0.17708333333333334
2 0.6875 0.1909722222222222 0.693359375 0.2048611111111111 0.69921875 0.20833333333333334 0.708984375 0.2465277777777778 0.708984375 0.2534722222222222 0.703125 0.2743055555555556 0.705078125 0.28125 0.703125 0.2986111111111111 0.705078125 0.3020833333333333 0.705078125 0.3125 0.708984375 0.3229166666666667 0.70703125 0.3263888888888889 0.703125 0.3263888888888889 0.69921875 0.3020833333333333 0.6953125 0.2951388888888889 0.6875 0.2673611111111111 0.6875 0.2152777777777778 0.677734375 0.2048611111111111 0.677734375 0.19444444444444445 0.6796875 0.1909722222222222 0.685546875 0.1909722222222222
2 0.796875 0.2847222222222222 0.806640625 0.3055555555555556 0.814453125 0.3333333333333333 0.81640625 0.3576388888888889 0.818359375 0.3611111111111111 0.82421875 0.3611111111111111 0.826171875 0.3645833333333333 0.826171875 0.3715277777777778 0.814453125 0.3715277777777778 0.806640625 0.3506944444444444 0.798828125 0.3506944444444444 0.7890625 0.3645833333333333 0.78515625 0.3923611111111111 0.78125 0.3923611111111111 0.779296875 0.3958333333333333 0.77734375 0.3888888888888889 0.779296875 0.3854166666666667 0.783203125 0.3576388888888889 0.791015625 0.3368055555555556 0.791015625 0.3263888888888889 0.787109375 0.3159722222222222 0.787109375 0.2986111111111111 0.78515625 0.2951388888888889 0.78515625 0.2881944444444444 0.791015625 0.28125 0.794921875 0.2847222222222222
0 0.03515625 0.8854166666666666 0.0390625 0.8819444444444444 0.044921875 0.8819444444444444 0.052734375 0.8888888888888888 0.052734375 0.90625 0.05078125 0.9097222222222222 0.03515625 0.9097222222222222 0.03125 0.90625 0.03125 0.8958333333333334 0.03515625 0.8888888888888888