0 0.84375 0.3263888888888889 0.845703125 0.3298611111111111 0.845703125 0.3402777777777778 0.841796875 0.34375 0.8359375 0.34375 0.833984375 0.3402777777777778 0.833984375 0.3298611111111111 0.8359375 0.3263888888888889 0.841796875 0.3263888888888889
0 0.62890625 0.5520833333333334 0.634765625 0.5625 0.634765625 0.5659722222222222 0.626953125 0.5763888888888888 0.623046875 0.5763888888888888 0.62109375 0.5729166666666666 0.62109375 0.5590277777777778 0.626953125 0.5520833333333334
0 0.685546875 0.3715277777777778 0.693359375 0.3715277777777778 0.6953125 0.3784722222222222 0.6953125 0.3854166666666667 0.693359375 0.3888888888888889 0.685546875 0.3888888888888889 0.685546875 0.375
0 0.68359375 0.3472222222222222 0.69140625 0.3472222222222222 0.69140625 0.3576388888888889 0.689453125 0.3611111111111111 0.68359375 0.3611111111111111 0.68359375 0.3506944444444444
0 0.671875 0.3055555555555556 0.67578125 0.3055555555555556 0.677734375 0.3090277777777778 0.67578125 0.3159722222222222 0.67578125 0.3298611111111111 0.673828125 0.3333333333333333 0.66796875 0.3263888888888889 0.66796875 0.3194444444444444 0.671875 0.3090277777777778
0 0.693359375 0.2847222222222222 0.69921875 0.2916666666666667 0.697265625 0.3055555555555556 0.6953125 0.3090277777777778 0.69140625 0.3055555555555556 0.689453125 0.2986111111111111 0.689453125 0.2916666666666667 0.69140625 0.2881944444444444
0 0.705078125 0.2673611111111111 0.705078125 0.2569444444444444 0.70703125 0.2534722222222222 0.712890625 0.2534722222222222 0.71484375 0.2569444444444444 0.71484375 0.2673611111111111 0.712890625 0.2708333333333333 0.708984375 0.2708333333333333 0.70703125 0.2673611111111111
0 0.7109375 0.2361111111111111 0.71484375 0.2326388888888889 0.720703125 0.2326388888888889 0.720703125 0.2465277777777778 0.716796875 0.25 0.712890625 0.25 0.7109375 0.2465277777777778 0.7109375 0.23958333333333334
0 0.7578125 0.2048611111111111 0.76171875 0.21180555555555555 0.76171875 0.21875 0.755859375 0.22916666666666666 0.751953125 0.22916666666666666 0.75 0.22569444444444445 0.75 0.20833333333333334 0.755859375 0.2048611111111111
0 0.87890625 0.2743055555555556 0.884765625 0.2743055555555556 0.88671875 0.2777777777777778 0.88671875 0.2881944444444444 0.8828125 0.2951388888888889 0.87890625 0.2951388888888889 0.87890625 0.2881944444444444 0.876953125 0.2847222222222222 0.87890625 0.2777777777777778
0 0.8942708333333333 0.25787037037037036 0.0125 0.021296296296296296
0 0.09765625 0.8680555555555556 0.1015625 0.8645833333333334 0.107421875 0.8645833333333334 0.111328125 0.875 0.111328125 0.8888888888888888 0.107421875 0.8923611111111112 0.099609375 0.8923611111111112 0.095703125 0.8854166666666666 0.095703125 0.875 0.09765625 0.8715277777777778
0 0.02734375 0.8784722222222222 0.0234375 0.8680555555555556 0.0234375 0.8611111111111112 0.029296875 0.8506944444444444 0.0390625 0.8506944444444444 0.04296875 0.8611111111111112 0.04296875 0.8784722222222222 0.029296875 0.8784722222222222
0 0.060546875 0.34375 0.064453125 0.3506944444444444 0.064453125 0.3645833333333333 0.0625 0.3680555555555556 0.056640625 0.3680555555555556 0.05078125 0.3611111111111111 0.05078125 0.3506944444444444 0.05859375 0.34375
0 0.287109375 0.1388888888888889 0.29296875 0.14583333333333334 0.29296875 0.1597222222222222 0.28125 0.1597222222222222 0.28125 0.1423611111111111 0.28515625 0.1388888888888889
0 0.525390625 0.5520833333333334 0.525390625 0.5694444444444444 0.521484375 0.5763888888888888 0.515625 0.5763888888888888 0.513671875 0.5729166666666666 0.513671875 0.5520833333333334 0.515625 0.5486111111111112 0.5234375 0.5520833333333334
0 0.626953125 0.4236111111111111 0.62890625 0.4270833333333333 0.62890625 0.4375 0.623046875 0.4444444444444444 0.6171875 0.4340277777777778 0.6171875 0.4270833333333333 0.62109375 0.4201388888888889 0.625 0.4236111111111111
0 0.642578125 0.3472222222222222 0.64453125 0.3506944444444444 0.64453125 0.3645833333333333 0.640625 0.3715277777777778 0.634765625 0.3715277777777778 0.630859375 0.3645833333333333 0.630859375 0.3541666666666667 0.634765625 0.3472222222222222 0.640625 0.3472222222222222
0 0.650390625 0.2916666666666667 0.654296875 0.2986111111111111 0.654296875 0.3090277777777778 0.650390625 0.3159722222222222 0.6484375 0.3159722222222222 0.642578125 0.3020833333333333 0.642578125 0.2986111111111111 0.6484375 0.2916666666666667
0 0.65625 0.24305555555555555 0.666015625 0.24305555555555555 0.666015625 0.2569444444444444 0.658203125 0.2569444444444444 0.65625 0.2534722222222222 0.65625 0.2465277777777778
0 0.642578125 0.16666666666666666 0.646484375 0.16666666666666666 0.650390625 0.1736111111111111 0.650390625 0.1875 0.642578125 0.1875 0.638671875 0.17708333333333334 0.642578125 0.1701388888888889
0 0.564453125 0.09375 0.564453125 0.10069444444444445 0.560546875 0.10416666666666667 0.560546875 0.11458333333333333 0.5546875 0.11458333333333333 0.55078125 0.09722222222222222 0.552734375 0.09375 0.5625 0.09375
0 0.5260416666666666 0.24259259259259258 0.013541666666666667 0.022222222222222223
0 0.48828125 0.2916666666666667 0.490234375 0.2986111111111111 0.490234375 0.3090277777777778 0.486328125 0.3125 0.482421875 0.3125 0.474609375 0.3055555555555556 0.474609375 0.2951388888888889 0.478515625 0.2881944444444444 0.484375 0.2881944444444444 0.486328125 0.2916666666666667
1 0.05078125 0.3645833333333333 0.052734375 0.3680555555555556 0.060546875 0.3680555555555556 0.060546875 0.3888888888888889 0.05859375 0.3923611111111111 0.05859375 0.3993055555555556 0.0546875 0.40625 0.048828125 0.3958333333333333 0.046875 0.3888888888888889 0.046875 0.3715277777777778 0.048828125 0.3680555555555556
1 0.70703125 0.375 0.712890625 0.3819444444444444 0.720703125 0.3819444444444444 0.7265625 0.3888888888888889 0.71875 0.4027777777777778 0.7109375 0.4097222222222222 0.703125 0.4097222222222222 0.69921875 0.3993055555555556 0.693359375 0.40625 0.69140625 0.4027777777777778 0.69140625 0.3923611111111111 0.693359375 0.3854166666666667 0.69921875 0.375 0.705078125 0.375
1 0.626953125 0.3611111111111111 0.6328125 0.3715277777777778 0.6328125 0.3784722222222222 0.630859375 0.3819444444444444 0.625 0.3819444444444444 0.619140625 0.3923611111111111 0.607421875 0.3784722222222222 0.599609375 0.3784722222222222 0.599609375 0.3680555555555556 0.603515625 0.3611111111111111 0.625 0.3611111111111111
1 0.728515625 0.2465277777777778 0.73046875 0.25 0.740234375 0.25 0.74609375 0.2604166666666667 0.74609375 0.2743055555555556 0.736328125 0.28125 0.7265625 0.28125 0.7265625 0.2708333333333333 0.724609375 0.2673611111111111 0.71875 0.2743055555555556 0.71484375 0.2743055555555556 0.71484375 0.2638888888888889 0.720703125 0.2534722222222222 0.720703125 0.25 0.7265625 0.2465277777777778
1 0.88671875 0.2847222222222222 0.888671875 0.2881944444444444 0.892578125 0.2881944444444444 0.896484375 0.2951388888888889 0.896484375 0.3020833333333333 0.904296875 0.3298611111111111 0.896484375 0.3368055555555556 0.890625 0.3368055555555556 0.888671875 0.3298611111111111 0.8828125 0.3229166666666667 0.880859375 0.2986111111111111 0.8828125 0.2916666666666667 0.88671875 0.2881944444444444
1 0.48046875 0.3055555555555556 0.482421875 0.3090277777777778 0.482421875 0.3263888888888889 0.474609375 0.3402777777777778 0.47265625 0.3402777777777778 0.466796875 0.3298611111111111 0.462890625 0.3368055555555556 0.462890625 0.34375 0.458984375 0.34375 0.458984375 0.3402777777777778 0.466796875 0.3229166666666667 0.46875 0.3125 0.47265625 0.3055555555555556 0.478515625 0.3055555555555556
1 0.51171875 0.5694444444444444 0.513671875 0.5729166666666666 0.51953125 0.5729166666666666 0.5234375 0.5763888888888888 0.5234375 0.5868055555555556 0.51953125 0.5868055555555556 0.515625 0.59375 0.51171875 0.6180555555555556 0.498046875 0.6180555555555556 0.49609375 0.6145833333333334 0.50390625 0.5798611111111112 0.509765625 0.5729166666666666
1 0.611328125 0.3090277777777778 0.619140625 0.2986111111111111 0.640625 0.2986111111111111 0.64453125 0.3159722222222222 0.642578125 0.3194444444444444 0.63671875 0.3194444444444444 0.6328125 0.3159722222222222 0.62890625 0.3229166666666667 0.62109375 0.3159722222222222 0.6171875 0.3159722222222222 0.61328125 0.3090277777777778
1 0.55078125 0.10416666666666667 0.5625 0.11458333333333333 0.560546875 0.13194444444444445 0.5546875 0.1423611111111111 0.5546875 0.14583333333333334 0.55078125 0.14930555555555555 0.546875 0.14583333333333334 0.541015625 0.13194444444444445 0.54296875 0.1111111111111111 0.548828125 0.10416666666666667
1 0.76171875 0.21875 0.76953125 0.22916666666666666 0.779296875 0.2361111111111111 0.779296875 0.24305555555555555 0.775390625 0.25 0.765625 0.25 0.76171875 0.23958333333333334 0.7578125 0.23958333333333334 0.75390625 0.2326388888888889 0.75390625 0.22916666666666666 0.759765625 0.2222222222222222
1 0.828125 0.3472222222222222 0.841796875 0.34375 0.84375 0.3472222222222222 0.849609375 0.3472222222222222 0.853515625 0.3541666666666667 0.849609375 0.3680555555555556 0.849609375 0.3854166666666667 0.8359375 0.3888888888888889 0.83203125 0.3784722222222222 0.83203125 0.3576388888888889 0.828125 0.3541666666666667 0.828125 0.3506944444444444
1 0.025390625 0.875 0.02734375 0.8784722222222222 0.04296875 0.8854166666666666 0.044921875 0.9027777777777778 0.0390625 0.9131944444444444 0.03515625 0.9131944444444444 0.033203125 0.9166666666666666 0.0234375 0.9166666666666666 0.01953125 0.9131944444444444 0.01953125 0.8784722222222222 0.0234375 0.8784722222222222
1 0.083984375 0.8923611111111112 0.087890625 0.8888888888888888 0.09765625 0.8888888888888888 0.099609375 0.8923611111111112 0.109375 0.8958333333333334 0.11328125 0.9027777777777778 0.109375 0.9166666666666666 0.0859375 0.9166666666666666 0.083984375 0.9131944444444444 0.083984375 0.8958333333333334
1 0.6875 0.3159722222222222 0.703125 0.3159722222222222 0.70703125 0.3194444444444444 0.70703125 0.3229166666666667 0.6953125 0.3402777777777778 0.6875 0.3402777777777778 0.685546875 0.3368055555555556 0.6875 0.3298611111111111 0.6875 0.3194444444444444
1 0.51953125 0.24305555555555555 0.525390625 0.2569444444444444 0.515625 0.28125 0.513671875 0.28125 0.515625 0.2673611111111111 0.51171875 0.2604166666666667 0.505859375 0.28125 0.501953125 0.2777777777777778 0.501953125 0.2673611111111111 0.51171875 0.2465277777777778 0.517578125 0.24305555555555555
1 0.28515625 0.1597222222222222 0.291015625 0.16666666666666666 0.2890625 0.2048611111111111 0.28515625 0.21180555555555555 0.27734375 0.21180555555555555 0.275390625 0.20833333333333334 0.275390625 0.2013888888888889 0.27734375 0.19791666666666666 0.27734375 0.16666666666666666 0.283203125 0.1597222222222222
1 0.90625 0.2604166666666667 0.921875 0.2777777777777778 0.912109375 0.3020833333333333 0.8984375 0.2847222222222222 0.89453125 0.2743055555555556 0.896484375 0.2638888888888889 0.900390625 0.2569444444444444 0.904296875 0.2604166666666667
1 0.63671875 0.5694444444444444 0.64453125 0.5833333333333334 0.646484375 0.59375 0.65234375 0.6041666666666666 0.650390625 0.6111111111111112 0.642578125 0.6180555555555556 0.638671875 0.6145833333333334 0.63671875 0.59375 0.634765625 0.5902777777777778 0.626953125 0.59375 0.625 0.5868055555555556 0.625 0.5798611111111112 0.634765625 0.5694444444444444
1 0.640625 0.18055555555555555 0.64453125 0.1875 0.64453125 0.19444444444444445 0.638671875 0.2048611111111111 0.6328125 0.19791666666666666 0.62890625 0.2013888888888889 0.625 0.2013888888888889 0.623046875 0.19791666666666666 0.623046875 0.19444444444444445 0.6328125 0.18055555555555555 0.638671875 0.18055555555555555
1 0.70703125 0.3472222222222222 0.71484375 0.3541666666666667 0.72265625 0.3541666666666667 0.7265625 0.3611111111111111 0.724609375 0.3715277777777778 0.71875 0.3784722222222222 0.7109375 0.3784722222222222 0.705078125 0.3715277777777778 0.6953125 0.3715277777777778 0.69140625 0.3645833333333333 0.697265625 0.34375 0.705078125 0.3472222222222222
1 0.626953125 0.2569444444444444 0.6328125 0.25 0.654296875 0.25 0.658203125 0.2604166666666667 0.65625 0.2708333333333333 0.6484375 0.2708333333333333 0.646484375 0.2743055555555556 0.640625 0.2743055555555556 0.6328125 0.2638888888888889 0.62890625 0.2638888888888889 0.626953125 0.2673611111111111 0.625 0.2638888888888889 0.626953125 0.2604166666666667
1 0.701171875 0.2916666666666667 0.71484375 0.2916666666666667 0.7265625 0.3055555555555556 0.72265625 0.3125 0.708984375 0.3159722222222222 0.708984375 0.3055555555555556 0.70703125 0.3020833333333333 0.701171875 0.3125 0.69921875 0.3125 0.69921875 0.2986111111111111 0.701171875 0.2951388888888889
2 0.5 0.6423611111111112 0.49609375 0.6284722222222222 0.49609375 0.6111111111111112 0.50390625 0.5798611111111112 0.51171875 0.5659722222222222 0.51171875 0.5555555555555556 0.515625 0.5486111111111112 0.521484375 0.5486111111111112 0.525390625 0.5555555555555556 0.525390625 0.5625 0.5234375 0.5659722222222222 0.5234375 0.5868055555555556 0.51953125 0.6006944444444444 0.51953125 0.6180555555555556 0.521484375 0.6215277777777778 0.521484375 0.6319444444444444 0.525390625 0.6388888888888888 0.5234375 0.6701388888888888 0.529296875 0.6770833333333334 0.521484375 0.6770833333333334 0.517578125 0.6840277777777778 0.51953125 0.6979166666666666 0.513671875 0.6979166666666666 0.509765625 0.6944444444444444 0.509765625 0.6840277777777778 0.513671875 0.6701388888888888 0.513671875 0.65625 0.505859375 0.6388888888888888 0.501953125 0.6423611111111112
2 0.62109375 0.2951388888888889 0.62109375 0.2881944444444444 0.623046875 0.2847222222222222 0.623046875 0.2673611111111111 0.62890625 0.2534722222222222 0.6328125 0.25 0.650390625 0.25 0.658203125 0.23958333333333334 0.6640625 0.23958333333333334 0.66796875 0.25 0.66796875 0.2534722222222222 0.65625 0.2708333333333333 0.658203125 0.2916666666666667 0.6640625 0.3020833333333333 0.6640625 0.3055555555555556 0.662109375 0.3055555555555556 0.65234375 0.2881944444444444 0.6484375 0.2881944444444444 0.646484375 0.2847222222222222 0.638671875 0.2951388888888889 0.623046875 0.2951388888888889
2 0.685546875 0.3715277777777778 0.70703125 0.375 0.7109375 0.3819444444444444 0.720703125 0.3819444444444444 0.724609375 0.3854166666666667 0.728515625 0.3958333333333333 0.728515625 0.4131944444444444 0.72265625 0.4236111111111111 0.716796875 0.4409722222222222 0.724609375 0.4548611111111111 0.7265625 0.4618055555555556 0.724609375 0.46875 0.7109375 0.46875 0.716796875 0.4583333333333333 0.701171875 0.4340277777777778 0.697265625 0.4375 0.69140625 0.4618055555555556 0.6875 0.4618055555555556 0.69140625 0.4444444444444444 0.69140625 0.4305555555555556 0.689453125 0.4270833333333333 0.69140625 0.3958333333333333 0.685546875 0.3854166666666667 0.685546875 0.375
2 0.748046875 0.2604166666666667 0.748046875 0.2708333333333333 0.75 0.2743055555555556 0.748046875 0.3020833333333333 0.744140625 0.3020833333333333 0.740234375 0.3090277777777778 0.74609375 0.3194444444444444 0.744140625 0.3263888888888889 0.73828125 0.3229166666666667 0.73828125 0.3159722222222222 0.736328125 0.3125 0.720703125 0.2951388888888889 0.71484375 0.2847222222222222 0.70703125 0.2638888888888889 0.70703125 0.2534722222222222 0.7109375 0.2465277777777778 0.71484375 0.25 0.71875 0.25 0.720703125 0.2465277777777778 0.73046875 0.2465277777777778 0.732421875 0.25 0.740234375 0.25 0.74609375 0.2604166666666667
2 0.888671875 0.2743055555555556 0.888671875 0.28125 0.896484375 0.2951388888888889 0.8984375 0.3125 0.904296875 0.3298611111111111 0.904296875 0.34375 0.89453125 0.3645833333333333 0.89453125 0.4166666666666667 0.8828125 0.4166666666666667 0.8828125 0.4097222222222222 0.88671875 0.3993055555555556 0.88671875 0.375 0.884765625 0.3680555555555556 0.888671875 0.3506944444444444 0.888671875 0.3368055555555556 0.880859375 0.3298611111111111 0.876953125 0.3333333333333333 0.865234375 0.3229166666666667 0.8671875 0.3125 0.876953125 0.3194444444444444 0.880859375 0.3125 0.880859375 0.2951388888888889 0.876953125 0.2881944444444444 0.876953125 0.28125 0.880859375 0.2743055555555556 0.88671875 0.2743055555555556
2 0.701171875 0.2881944444444444 0.703125 0.2916666666666667 0.70703125 0.2881944444444444 0.708984375 0.2916666666666667 0.716796875 0.2916666666666667 0.720703125 0.2986111111111111 0.7265625 0.3020833333333333 0.732421875 0.3125 0.73046875 0.3159722222222222 0.73046875 0.3368055555555556 0.732421875 0.3402777777777778 0.734375 0.3576388888888889 0.73046875 0.3576388888888889 0.73046875 0.3541666666666667 0.724609375 0.34375 0.716796875 0.3402777777777778 0.70703125 0.3159722222222222 0.693359375 0.3125 0.6875 0.3055555555555556 0.6875 0.2916666666666667 0.69140625 0.2847222222222222 0.697265625 0.2847222222222222 0.69921875 0.2881944444444444
2 0.4731770833333333 0.3560185185185185 0.034895833333333334 0.1398148148148148
2 0.650390625 0.2916666666666667 0.654296875 0.3055555555555556 0.65234375 0.3125 0.646484375 0.3159722222222222 0.642578125 0.3229166666666667 0.64453125 0.3506944444444444 0.646484375 0.3541666666666667 0.646484375 0.3611111111111111 0.64453125 0.3645833333333333 0.64453125 0.3541666666666667 0.638671875 0.34375 0.6328125 0.34375 0.630859375 0.3506944444444444 0.623046875 0.3576388888888889 0.62109375 0.3541666666666667 0.615234375 0.3541666666666667 0.615234375 0.3402777777777778 0.61328125 0.3333333333333333 0.609375 0.3298611111111111 0.607421875 0.3159722222222222 0.609375 0.3090277777777778 0.6171875 0.2986111111111111 0.638671875 0.2986111111111111 0.642578125 0.2916666666666667 0.6484375 0.2916666666666667
2 0.556640625 0.09027777777777778 0.5625 0.09722222222222222 0.560546875 0.14583333333333334 0.5546875 0.16666666666666666 0.5546875 0.2013888888888889 0.55859375 0.21180555555555555 0.556640625 0.2152777777777778 0.548828125 0.20833333333333334 0.548828125 0.19791666666666666 0.546875 0.19444444444444445 0.544921875 0.19791666666666666 0.544921875 0.20833333333333334 0.541015625 0.2048611111111111 0.541015625 0.19444444444444445 0.54296875 0.1909722222222222 0.541015625 0.12152777777777778 0.54296875 0.11805555555555555 0.54296875 0.1111111111111111 0.548828125 0.10416666666666667 0.552734375 0.09375 0.5546875 0.09375
2 0.755859375 0.2048611111111111 0.759765625 0.20833333333333334 0.763671875 0.2222222222222222 0.7734375 0.22916666666666666 0.779296875 0.2361111111111111 0.78125 0.24305555555555555 0.783203125 0.24305555555555555 0.783203125 0.25 0.78515625 0.2534722222222222 0.783203125 0.2569444444444444 0.783203125 0.2708333333333333 0.78515625 0.2777777777777778 0.783203125 0.28125 0.77734375 0.28125 0.77734375 0.2777777777777778 0.771484375 0.2708333333333333 0.76953125 0.2777777777777778 0.7734375 0.2847222222222222 0.775390625 0.2951388888888889 0.7734375 0.2986111111111111 0.765625 0.2986111111111111 0.767578125 0.2951388888888889 0.767578125 0.2881944444444444 0.7578125 0.2708333333333333 0.755859375 0.2708333333333333 0.7578125 0.2673611111111111 0.755859375 0.2604166666666667 0.755859375 0.23958333333333334 0.748046875 0.2222222222222222 0.75 0.20833333333333334 0.75390625 0.20833333333333334
2 0.63671875 0.3472222222222222 0.640625 0.3541666666666667 0.640625 0.3645833333333333 0.630859375 0.3819444444444444 0.630859375 0.3993055555555556 0.6328125 0.4027777777777778 0.6328125 0.4166666666666667 0.634765625 0.4201388888888889 0.6328125 0.4270833333333333 0.6328125 0.4375 0.630859375 0.4340277777777778 0.630859375 0.4270833333333333 0.623046875 0.4131944444444444 0.6171875 0.4166666666666667 0.61328125 0.4236111111111111 0.595703125 0.4236111111111111 0.59375 0.4270833333333333 0.591796875 0.4270833333333333 0.591796875 0.4236111111111111 0.595703125 0.4201388888888889 0.59375 0.40625 0.6015625 0.3993055555555556 0.59765625 0.3854166666666667 0.59765625 0.3715277777777778 0.603515625 0.3611111111111111 0.615234375 0.3611111111111111 0.6171875 0.3576388888888889 0.623046875 0.3611111111111111 0.634765625 0.3472222222222222
2 0.029296875 0.8472222222222222 0.037109375 0.8472222222222222 0.04296875 0.8611111111111112 0.041015625 0.8680555555555556 0.041015625 0.8819444444444444 0.04296875 0.8854166666666666 0.044921875 0.9097222222222222 0.046875 0.9131944444444444 0.037109375 0.9131944444444444 0.03515625 0.9166666666666666 0.021484375 0.9166666666666666 0.01953125 0.9131944444444444 0.01953125 0.8958333333333334 0.017578125 0.8923611111111112 0.017578125 0.8854166666666666 0.01953125 0.8784722222222222 0.025390625 0.8715277777777778 0.025390625 0.8576388888888888 0.029296875 0.8506944444444444
2 0.111328125 0.8958333333333334 0.11328125 0.9027777777777778 0.109375 0.9166666666666666 0.0859375 0.9166666666666666 0.083984375 0.9131944444444444 0.083984375 0.8958333333333334 0.095703125 0.8819444444444444 0.095703125 0.8680555555555556 0.1015625 0.8611111111111112 0.103515625 0.8611111111111112 0.109375 0.8715277777777778 0.109375 0.8854166666666666 0.107421875 0.8888888888888888 0.109375 0.8958333333333334
2 0.283203125 0.1388888888888889 0.2890625 0.1388888888888889 0.29296875 0.14583333333333334 0.29296875 0.16319444444444445 0.294921875 0.16666666666666666 0.2890625 0.1840277777777778 0.291015625 0.2361111111111111 0.28515625 0.25 0.28515625 0.2673611111111111 0.287109375 0.2708333333333333 0.287109375 0.2777777777777778 0.27734375 0.2777777777777778 0.279296875 0.22569444444444445 0.275390625 0.21180555555555555 0.275390625 0.2013888888888889 0.27734375 0.19791666666666666 0.27734375 0.16666666666666666 0.28125 0.1597222222222222 0.28125 0.14583333333333334 0.283203125 0.1423611111111111
2 0.671875 0.3159722222222222 0.67578125 0.3159722222222222 0.677734375 0.3194444444444444 0.681640625 0.3159722222222222 0.705078125 0.3159722222222222 0.716796875 0.3402777777777778 0.720703125 0.3402777777777778 0.724609375 0.3472222222222222 0.724609375 0.3506944444444444 0.71875 0.3506944444444444 0.716796875 0.3472222222222222 0.708984375 0.3472222222222222 0.70703125 0.34375 0.69140625 0.34375 0.689453125 0.3402777777777778 0.685546875 0.3402777777777778 0.68359375 0.34375 0.673828125 0.3298611111111111 0.671875 0.3194444444444444
2 0.529296875 0.2326388888888889 0.53125 0.2465277777777778 0.517578125 0.2743055555555556 0.517578125 0.3125 0.515625 0.3159722222222222 0.517578125 0.3298611111111111 0.509765625 0.3298611111111111 0.505859375 0.3402777777777778 0.51171875 0.3506944444444444 0.51171875 0.3541666666666667 0.50390625 0.3541666666666667 0.5 0.3506944444444444 0.501953125 0.3333333333333333 0.5078125 0.3125 0.498046875 0.2951388888888889 0.498046875 0.2777777777777778 0.501953125 0.2638888888888889 0.513671875 0.24305555555555555 0.515625 0.24305555555555555 0.521484375 0.2326388888888889 0.52734375 0.2326388888888889
2 0.828125 0.3472222222222222 0.833984375 0.3402777777777778 0.833984375 0.3298611111111111 0.8359375 0.3263888888888889 0.841796875 0.3263888888888889 0.845703125 0.3333333333333333 0.845703125 0.34375 0.853515625 0.3541666666666667 0.8515625 0.3611111111111111 0.8515625 0.3715277777777778 0.85546875 0.3854166666666667 0.85546875 0.40625 0.857421875 0.4097222222222222 0.85546875 0.4131944444444444 0.85546875 0.4201388888888889 0.861328125 0.4270833333333333 0.8671875 0.4444444444444444 0.873046875 0.4513888888888889 0.87109375 0.4548611111111111 0.8671875 0.4513888888888889 0.845703125 0.4131944444444444 0.841796875 0.4131944444444444 0.833984375 0.4305555555555556 0.833984375 0.4722222222222222 0.826171875 0.4722222222222222 0.82421875 0.46875 0.830078125 0.4618055555555556 0.828125 0.4548611111111111 0.828125 0.4270833333333333 0.830078125 0.4236111111111111 0.830078125 0.4097222222222222 0.8359375 0.3923611111111111 0.83203125 0.3784722222222222 0.822265625 0.3854166666666667 0.826171875 0.375 0.828125 0.3506944444444444
2 0.052734375 0.34375 0.0625 0.34375 0.06640625 0.3506944444444444 0.060546875 0.375 0.060546875 0.3923611111111111 0.068359375 0.4027777777777778 0.068359375 0.40625 0.064453125 0.40625 0.0625 0.4027777777777778 0.05859375 0.40625 0.05859375 0.4131944444444444 0.0625 0.4236111111111111 0.060546875 0.4270833333333333 0.0625 0.4340277777777778 0.0625 0.4722222222222222 0.068359375 0.4791666666666667 0.068359375 0.4861111111111111 0.060546875 0.4861111111111111 0.056640625 0.4791666666666667 0.056640625 0.4722222222222222 0.0546875 0.46875 0.052734375 0.4722222222222222 0.052734375 0.4861111111111111 0.056640625 0.4965277777777778 0.046875 0.4965277777777778 0.046875 0.4618055555555556 0.048828125 0.4583333333333333 0.048828125 0.4513888888888889 0.04296875 0.4236111111111111 0.04296875 0.4097222222222222 0.044921875 0.40625 0.04296875 0.4027777777777778 0.04296875 0.3923611111111111 0.044921875 0.3888888888888889 0.044921875 0.375 0.046875 0.3680555555555556 0.05078125 0.3645833333333333 0.05078125 0.3506944444444444 0.052734375 0.3472222222222222
2 0.89453125 0.2465277777777778 0.904296875 0.2604166666666667 0.908203125 0.2604166666666667 0.9140625 0.2708333333333333 0.919921875 0.2743055555555556 0.927734375 0.2881944444444444 0.92578125 0.3055555555555556 0.91796875 0.3229166666666667 0.91796875 0.3611111111111111 0.916015625 0.3680555555555556 0.908203125 0.3680555555555556 0.91015625 0.3611111111111111 0.91015625 0.3194444444444444 0.908203125 0.3159722222222222 0.908203125 0.3020833333333333 0.900390625 0.2847222222222222 0.888671875 0.2708333333333333 0.888671875 0.2534722222222222 0.892578125 0.25
2 0.564453125 0.4965277777777778 0.5703125 0.4861111111111111 0.57421875 0.4861111111111111 0.583984375 0.4722222222222222 0.583984375 0.4652777777777778 0.580078125 0.4548611111111111 0.580078125 0.4375 0.583984375 0.4305555555555556 0.587890625 0.4305555555555556 0.58984375 0.4270833333333333 0.59375 0.4305555555555556 0.59765625 0.4270833333333333 0.61328125 0.4270833333333333 0.619140625 0.4201388888888889 0.625 0.4201388888888889 0.62890625 0.4340277777777778 0.62109375 0.4479166666666667 0.615234375 0.4479166666666667 0.611328125 0.4548611111111111 0.611328125 0.46875 0.619140625 0.4895833333333333 0.619140625 0.4965277777777778 0.615234375 0.4965277777777778 0.61328125 0.4930555555555556 0.61328125 0.4861111111111111 0.607421875 0.4791666666666667 0.59765625 0.5 0.59765625 0.5069444444444444 0.603515625 0.5138888888888888 0.6015625 0.5173611111111112 0.595703125 0.5173611111111112 0.587890625 0.5104166666666666 0.59375 0.4930555555555556 0.59375 0.4861111111111111 0.591796875 0.4826388888888889 0.583984375 0.4895833333333333 0.578125 0.4895833333333333 0.57421875 0.4965277777777778 0.57421875 0.5069444444444444 0.5703125 0.5069444444444444 0.56640625 0.5
2 0.62890625 0.5520833333333334 0.654296875 0.6076388888888888 0.65625 0.6145833333333334 0.65625 0.6284722222222222 0.66015625 0.6458333333333334 0.666015625 0.6527777777777778 0.669921875 0.6666666666666666 0.67578125 0.6770833333333334 0.677734375 0.6875 0.669921875 0.6944444444444444 0.66796875 0.6909722222222222 0.669921875 0.6875 0.669921875 0.6770833333333334 0.6484375 0.6423611111111112 0.64453125 0.6423611111111112 0.634765625 0.6527777777777778 0.6328125 0.6597222222222222 0.6328125 0.6736111111111112 0.626953125 0.6979166666666666 0.619140625 0.6944444444444444 0.619140625 0.6909722222222222 0.625 0.6840277777777778 0.625 0.6770833333333334 0.626953125 0.6736111111111112 0.626953125 0.6527777777777778 0.62890625 0.6493055555555556 0.62890625 0.6284722222222222 0.6328125 0.6215277777777778 0.6328125 0.6111111111111112 0.625 0.5868055555555556 0.625 0.5798611111111112 0.62109375 0.5729166666666666 0.62109375 0.5625 0.623046875 0.5555555555555556 0.626953125 0.5520833333333334
2 0.64453125 0.16666666666666666 0.650390625 0.1736111111111111 0.650390625 0.1875 0.634765625 0.21180555555555555 0.6328125 0.21875 0.6328125 0.22916666666666666 0.634765625 0.2326388888888889 0.6328125 0.2465277777777778 0.626953125 0.2569444444444444 0.625 0.2569444444444444 0.623046875 0.2638888888888889 0.625 0.23958333333333334 0.6171875 0.21875 0.6171875 0.2048611111111111 0.625 0.1909722222222222 0.642578125 0.1701388888888889
2 0.68359375 0.34375 0.701171875 0.34375 0.703125 0.3472222222222222 0.716796875 0.3506944444444444 0.7265625 0.3576388888888889 0.73046875 0.3715277777777778 0.73046875 0.3784722222222222 0.728515625 0.3819444444444444 0.72265625 0.3819444444444444 0.720703125 0.3784722222222222 0.7109375 0.3784722222222222 0.705078125 0.3715277777777778 0.685546875 0.3680555555555556 0.68359375 0.3611111111111111 0.68359375 0.3472222222222222