0 0.783203125 0.7013888888888888 0.791015625 0.7118055555555556 0.791015625 0.71875 0.79296875 0.7222222222222222 0.79296875 0.7361111111111112 0.7890625 0.75 0.76953125 0.75 0.763671875 0.7430555555555556 0.763671875 0.7222222222222222 0.767578125 0.7083333333333334 0.771484375 0.7013888888888888 0.775390625 0.7013888888888888 0.77734375 0.6979166666666666 0.78125 0.7013888888888888
0 0.048828125 0.22569444444444445 0.05859375 0.24305555555555555 0.056640625 0.2604166666666667 0.048828125 0.28125 0.041015625 0.28125 0.033203125 0.2673611111111111 0.03125 0.2673611111111111 0.02734375 0.2569444444444444 0.02734375 0.2361111111111111 0.03125 0.22916666666666666 0.03515625 0.22916666666666666 0.037109375 0.22569444444444445 0.046875 0.22569444444444445
0 0.33984375 0.7708333333333334 0.341796875 0.7743055555555556 0.345703125 0.7743055555555556 0.3515625 0.7916666666666666 0.3515625 0.8125 0.345703125 0.8263888888888888 0.341796875 0.8263888888888888 0.328125 0.8159722222222222 0.322265625 0.8159722222222222 0.3203125 0.8125 0.3203125 0.7916666666666666 0.322265625 0.7847222222222222 0.328125 0.7743055555555556 0.33203125 0.7708333333333334 0.337890625 0.7708333333333334
0 0.10546875 0.6388888888888888 0.11328125 0.6493055555555556 0.11328125 0.6666666666666666 0.115234375 0.6701388888888888 0.115234375 0.6840277777777778 0.11328125 0.6875 0.08984375 0.6840277777777778 0.08203125 0.6736111111111112 0.0859375 0.6666666666666666 0.0859375 0.6597222222222222 0.08984375 0.6493055555555556 0.103515625 0.6388888888888888
0 0.5317708333333333 0.5509259259259259 0.016666666666666666 0.05185185185185185
0 0.63671875 0.4409722222222222 0.638671875 0.4444444444444444 0.642578125 0.4444444444444444 0.642578125 0.4479166666666667 0.6484375 0.4583333333333333 0.6484375 0.4652777777777778 0.642578125 0.4756944444444444 0.6328125 0.4756944444444444 0.62890625 0.4826388888888889 0.623046875 0.4756944444444444 0.623046875 0.4513888888888889 0.634765625 0.4409722222222222
0 0.51171875 0.5402777777777777 0.0296875 0.05092592592592592
0 0.45703125 0.7430555555555556 0.462890625 0.75 0.462890625 0.7673611111111112 0.46484375 0.7708333333333334 0.46484375 0.7881944444444444 0.462890625 0.7951388888888888 0.44140625 0.7951388888888888 0.4375 0.7847222222222222 0.4375 0.7673611111111112 0.44140625 0.75 0.44921875 0.7430555555555556 0.455078125 0.7430555555555556
0 0.640625 0.4756944444444444 0.64453125 0.4826388888888889 0.638671875 0.4965277777777778 0.6328125 0.4965277777777778 0.630859375 0.4930555555555556 0.630859375 0.4826388888888889 0.638671875 0.4756944444444444
1 0.482421875 0.5520833333333334 0.484375 0.5555555555555556 0.4921875 0.5555555555555556 0.494140625 0.5520833333333334 0.498046875 0.5625 0.484375 0.5625 0.4765625 0.5729166666666666 0.466796875 0.5694444444444444 0.474609375 0.5520833333333334 0.48046875 0.5520833333333334
1 0.806640625 0.7604166666666666 0.810546875 0.7638888888888888 0.810546875 0.7708333333333334 0.8125 0.7743055555555556 0.8125 0.7916666666666666 0.806640625 0.8090277777777778 0.8046875 0.8333333333333334 0.802734375 0.8368055555555556 0.802734375 0.8576388888888888 0.8046875 0.8645833333333334 0.802734375 0.8715277777777778 0.798828125 0.875 0.787109375 0.875 0.78515625 0.8784722222222222 0.7578125 0.8784722222222222 0.7578125 0.8715277777777778 0.755859375 0.8680555555555556 0.755859375 0.84375 0.75390625 0.8402777777777778 0.755859375 0.8368055555555556 0.75390625 0.8298611111111112 0.75390625 0.8090277777777778 0.74609375 0.7916666666666666 0.74609375 0.7708333333333334 0.751953125 0.7604166666666666 0.76953125 0.7604166666666666 0.771484375 0.7638888888888888 0.8046875 0.7604166666666666
1 0.06640625 0.6805555555555556 0.083984375 0.6805555555555556 0.08984375 0.6875 0.11328125 0.6909722222222222 0.126953125 0.7013888888888888 0.126953125 0.7291666666666666 0.12109375 0.7291666666666666 0.111328125 0.7430555555555556 0.109375 0.7986111111111112 0.1015625 0.7986111111111112 0.099609375 0.7951388888888888 0.08203125 0.7951388888888888 0.07421875 0.7881944444444444 0.068359375 0.7881944444444444 0.068359375 0.7465277777777778 0.060546875 0.71875 0.0625 0.6944444444444444 0.06640625 0.6840277777777778
1 0.326171875 0.8298611111111112 0.33203125 0.8402777777777778 0.345703125 0.8402777777777778 0.349609375 0.8472222222222222 0.349609375 0.8541666666666666 0.353515625 0.8680555555555556 0.345703125 0.875 0.326171875 0.8784722222222222 0.322265625 0.8854166666666666 0.322265625 0.8993055555555556 0.3203125 0.9027777777777778 0.318359375 0.9270833333333334 0.31640625 0.9305555555555556 0.31640625 0.9548611111111112 0.3125 0.9548611111111112 0.306640625 0.9479166666666666 0.306640625 0.9375 0.30859375 0.9340277777777778 0.30859375 0.9131944444444444 0.3046875 0.8993055555555556 0.3046875 0.8819444444444444 0.30078125 0.8680555555555556 0.30078125 0.8368055555555556 0.306640625 0.8229166666666666 0.3203125 0.8229166666666666 0.32421875 0.8298611111111112
1 0.025390625 0.2604166666666667 0.041015625 0.2847222222222222 0.04296875 0.2847222222222222 0.044921875 0.2916666666666667 0.044921875 0.3055555555555556 0.04296875 0.3125 0.03125 0.3090277777777778 0.029296875 0.3055555555555556 0.025390625 0.3090277777777778 0.025390625 0.3368055555555556 0.029296875 0.3541666666666667 0.02734375 0.3611111111111111 0.02734375 0.375 0.025390625 0.3784722222222222 0.0078125 0.3784722222222222 0.00390625 0.3715277777777778 0 0.3715277777777778 0 0.3159722222222222 0.00390625 0.3125 0.00390625 0.3055555555555556 0.0078125 0.2986111111111111 0.0078125 0.2916666666666667 0.013671875 0.2743055555555556 0.0234375 0.2638888888888889
1 0.482421875 0.5520833333333334 0.4921875 0.5590277777777778 0.484375 0.5625 0.4765625 0.5729166666666666 0.466796875 0.5694444444444444 0.470703125 0.5555555555555556 0.474609375 0.5520833333333334 0.48046875 0.5520833333333334
1 0.6640625 0.4618055555555556 0.669921875 0.4722222222222222 0.669921875 0.4756944444444444 0.662109375 0.4826388888888889 0.662109375 0.4930555555555556 0.671875 0.5069444444444444 0.673828125 0.5138888888888888 0.671875 0.5277777777777778 0.67578125 0.5381944444444444 0.671875 0.5381944444444444 0.666015625 0.5486111111111112 0.662109375 0.5520833333333334 0.65625 0.5520833333333334 0.654296875 0.5555555555555556 0.65234375 0.5555555555555556 0.642578125 0.5347222222222222 0.630859375 0.53125 0.626953125 0.5208333333333334 0.626953125 0.5138888888888888 0.6328125 0.5 0.6328125 0.4826388888888889 0.63671875 0.4791666666666667 0.640625 0.4826388888888889 0.65234375 0.4618055555555556 0.662109375 0.4618055555555556
1 0.44140625 0.8020833333333334 0.443359375 0.8055555555555556 0.447265625 0.8020833333333334 0.466796875 0.8020833333333334 0.46875 0.8055555555555556 0.474609375 0.8055555555555556 0.48046875 0.8159722222222222 0.48046875 0.8263888888888888 0.4765625 0.8333333333333334 0.470703125 0.8368055555555556 0.462890625 0.8506944444444444 0.462890625 0.8680555555555556 0.46484375 0.8715277777777778 0.462890625 0.875 0.423828125 0.875 0.423828125 0.8645833333333334 0.421875 0.8576388888888888 0.4140625 0.84375 0.4140625 0.8298611111111112 0.412109375 0.8263888888888888 0.4140625 0.8055555555555556 0.419921875 0.7986111111111112 0.43359375 0.7986111111111112 0.435546875 0.8020833333333334 0.439453125 0.8020833333333334
1 0.5 0.5659722222222222 0.5078125 0.5763888888888888 0.521484375 0.5729166666666666 0.529296875 0.5798611111111112 0.53515625 0.5798611111111112 0.5390625 0.5868055555555556 0.5390625 0.6111111111111112 0.533203125 0.6180555555555556 0.52734375 0.6319444444444444 0.52734375 0.6458333333333334 0.525390625 0.6493055555555556 0.525390625 0.6805555555555556 0.521484375 0.6840277777777778 0.48828125 0.6805555555555556 0.482421875 0.6666666666666666 0.484375 0.6597222222222222 0.484375 0.6111111111111112 0.4765625 0.5972222222222222 0.4765625 0.5763888888888888 0.484375 0.5659722222222222 0.498046875 0.5659722222222222
2 0.322265625 0.9583333333333334 0.32421875 0.9618055555555556 0.328125 0.9618055555555556 0.326171875 0.96875 0.328125 0.9722222222222222 0.328125 0.9826388888888888 0.330078125 0.9895833333333334 0.328125 0.9930555555555556 0.3203125 0.9930555555555556 0.318359375 0.9965277777777778 0.30859375 0.9965277777777778 0.306640625 0.9930555555555556 0.306640625 0.9826388888888888 0.3046875 0.9791666666666666 0.3046875 0.9513888888888888 0.30859375 0.9340277777777778 0.30859375 0.9131944444444444 0.3046875 0.8993055555555556 0.3046875 0.8819444444444444 0.30078125 0.8680555555555556 0.30078125 0.8368055555555556 0.306640625 0.8229166666666666 0.31640625 0.8229166666666666 0.3203125 0.8159722222222222 0.3203125 0.7916666666666666 0.322265625 0.7847222222222222 0.328125 0.7743055555555556 0.33203125 0.7743055555555556 0.333984375 0.7708333333333334 0.345703125 0.7743055555555556 0.3515625 0.7916666666666666 0.3515625 0.8125 0.345703125 0.8263888888888888 0.345703125 0.8368055555555556 0.353515625 0.8611111111111112 0.353515625 0.8715277777777778 0.349609375 0.875 0.32421875 0.8784722222222222 0.322265625 0.8819444444444444 0.322265625 0.8993055555555556 0.318359375 0.9131944444444444 0.318359375 0.9340277777777778 0.31640625 0.9375 0.318359375 0.9409722222222222 0.31640625 0.9479166666666666 0.3203125 0.9583333333333334
2 0.779296875 0.6979166666666666 0.791015625 0.7118055555555556 0.791015625 0.71875 0.79296875 0.7222222222222222 0.791015625 0.7534722222222222 0.796875 0.7604166666666666 0.80859375 0.7604166666666666 0.8125 0.7708333333333334 0.814453125 0.7951388888888888 0.818359375 0.8020833333333334 0.82421875 0.8020833333333334 0.830078125 0.8159722222222222 0.830078125 0.8368055555555556 0.828125 0.8402777777777778 0.8203125 0.8402777777777778 0.810546875 0.8263888888888888 0.806640625 0.8263888888888888 0.802734375 0.8333333333333334 0.802734375 0.8576388888888888 0.8046875 0.8611111111111112 0.8046875 0.9236111111111112 0.802734375 0.9270833333333334 0.802734375 0.9375 0.798828125 0.9513888888888888 0.798828125 0.96875 0.796875 0.9722222222222222 0.796875 0.9895833333333334 0.798828125 0.9930555555555556 0.796875 0.9965277777777778 0.79296875 0.9930555555555556 0.787109375 0.9930555555555556 0.79296875 0.9930555555555556 0.794921875 0.9895833333333334 0.794921875 0.9756944444444444 0.79296875 0.9722222222222222 0.787109375 0.9722222222222222 0.783203125 0.96875 0.78125 0.9652777777777778 0.78125 0.9513888888888888 0.779296875 0.9479166666666666 0.771484375 0.96875 0.767578125 0.96875 0.765625 0.9722222222222222 0.76171875 0.9722222222222222 0.759765625 0.96875 0.75 0.96875 0.75 0.9583333333333334 0.751953125 0.9548611111111112 0.751953125 0.9166666666666666 0.755859375 0.9027777777777778 0.755859375 0.8854166666666666 0.7578125 0.8819444444444444 0.7578125 0.8715277777777778 0.755859375 0.8680555555555556 0.755859375 0.84375 0.751953125 0.8368055555555556 0.748046875 0.84375 0.748046875 0.8506944444444444 0.740234375 0.8645833333333334 0.736328125 0.8645833333333334 0.73046875 0.8541666666666666 0.73046875 0.84375 0.74609375 0.7951388888888888 0.74609375 0.7708333333333334 0.751953125 0.7604166666666666 0.759765625 0.7604166666666666 0.765625 0.75 0.763671875 0.7465277777777778 0.763671875 0.7222222222222222 0.76953125 0.7048611111111112 0.77734375 0.7013888888888888
2 0.111328125 0.6458333333333334 0.11328125 0.6493055555555556 0.115234375 0.6909722222222222 0.126953125 0.7013888888888888 0.126953125 0.7291666666666666 0.125 0.7326388888888888 0.125 0.7673611111111112 0.126953125 0.7708333333333334 0.126953125 0.84375 0.12109375 0.8645833333333334 0.115234375 0.8645833333333334 0.11328125 0.8611111111111112 0.111328125 0.8645833333333334 0.109375 0.8715277777777778 0.107421875 0.9027777777777778 0.095703125 0.9479166666666666 0.0859375 0.9722222222222222 0.0859375 0.9895833333333334 0.083984375 0.9965277777777778 0.078125 0.9965277777777778 0.076171875 0.9930555555555556 0.076171875 0.9722222222222222 0.083984375 0.9479166666666666 0.0859375 0.9236111111111112 0.091796875 0.90625 0.091796875 0.8854166666666666 0.087890625 0.875 0.0859375 0.875 0.08203125 0.8854166666666666 0.08203125 0.90625 0.07421875 0.9305555555555556 0.07421875 0.9409722222222222 0.068359375 0.9583333333333334 0.06640625 0.9756944444444444 0.060546875 0.9965277777777778 0.0546875 0.9965277777777778 0.0546875 0.9826388888888888 0.05859375 0.9652777777777778 0.05859375 0.9409722222222222 0.06640625 0.9131944444444444 0.06640625 0.8784722222222222 0.064453125 0.875 0.064453125 0.84375 0.0625 0.8402777777777778 0.0625 0.8333333333333334 0.064453125 0.8298611111111112 0.064453125 0.8125 0.052734375 0.78125 0.048828125 0.7534722222222222 0.0546875 0.7256944444444444 0.060546875 0.7152777777777778 0.064453125 0.6875 0.068359375 0.6805555555555556 0.078125 0.6805555555555556 0.0859375 0.6666666666666666 0.0859375 0.6597222222222222 0.09375 0.6458333333333334 0.103515625 0.6388888888888888 0.109375 0.6458333333333334
2 0.05078125 0.22916666666666666 0.056640625 0.23958333333333334 0.05859375 0.25 0.052734375 0.2743055555555556 0.044921875 0.2881944444444444 0.044921875 0.3090277777777778 0.04296875 0.3125 0.04296875 0.3194444444444444 0.046875 0.3263888888888889 0.05078125 0.3263888888888889 0.052734375 0.3298611111111111 0.05859375 0.3298611111111111 0.064453125 0.3194444444444444 0.06640625 0.3229166666666667 0.072265625 0.3229166666666667 0.07421875 0.3194444444444444 0.07421875 0.3229166666666667 0.08203125 0.3333333333333333 0.08203125 0.3472222222222222 0.060546875 0.3472222222222222 0.056640625 0.3541666666666667 0.052734375 0.3541666666666667 0.04296875 0.3645833333333333 0.03515625 0.3645833333333333 0.033203125 0.3611111111111111 0.02734375 0.3680555555555556 0.02734375 0.3854166666666667 0.056640625 0.4409722222222222 0.056640625 0.4548611111111111 0.068359375 0.5069444444444444 0.076171875 0.5208333333333334 0.095703125 0.5208333333333334 0.091796875 0.53125 0.076171875 0.5451388888888888 0.068359375 0.5451388888888888 0.05859375 0.5104166666666666 0.046875 0.4861111111111111 0.046875 0.4791666666666667 0.044921875 0.4756944444444444 0.044921875 0.4583333333333333 0.041015625 0.4513888888888889 0.017578125 0.4305555555555556 0.009765625 0.4513888888888889 0.001953125 0.4652777777777778 0 0.4652777777777778 0 0.3159722222222222 0.00390625 0.3125 0.0078125 0.2881944444444444 0.01171875 0.2777777777777778 0.02734375 0.2534722222222222 0.02734375 0.2361111111111111 0.03125 0.22916666666666666 0.03515625 0.22916666666666666 0.037109375 0.22569444444444445 0.046875 0.22569444444444445 0.048828125 0.22916666666666666
2 0.642578125 0.4444444444444444 0.642578125 0.4479166666666667 0.650390625 0.4618055555555556 0.662109375 0.4618055555555556 0.673828125 0.4791666666666667 0.6875 0.4861111111111111 0.69140625 0.4965277777777778 0.69140625 0.5034722222222222 0.68359375 0.5138888888888888 0.681640625 0.5208333333333334 0.681640625 0.53125 0.6796875 0.5347222222222222 0.6796875 0.5416666666666666 0.685546875 0.5555555555555556 0.685546875 0.59375 0.673828125 0.6180555555555556 0.666015625 0.625 0.666015625 0.6458333333333334 0.6640625 0.6527777777777778 0.658203125 0.6631944444444444 0.654296875 0.6631944444444444 0.65234375 0.6666666666666666 0.6484375 0.6666666666666666 0.646484375 0.6631944444444444 0.625 0.6666666666666666 0.615234375 0.6597222222222222 0.6171875 0.65625 0.62109375 0.65625 0.626953125 0.6458333333333334 0.625 0.6423611111111112 0.625 0.6076388888888888 0.623046875 0.6041666666666666 0.623046875 0.5902777777777778 0.625 0.5902777777777778 0.6328125 0.5763888888888888 0.64453125 0.5625 0.64453125 0.5520833333333334 0.640625 0.5416666666666666 0.626953125 0.5208333333333334 0.6328125 0.4965277777777778 0.623046875 0.4722222222222222 0.623046875 0.4513888888888889 0.630859375 0.4444444444444444 0.640625 0.4444444444444444
2 0.521484375 0.5208333333333334 0.525390625 0.5277777777777778 0.525390625 0.5347222222222222 0.52734375 0.5381944444444444 0.52734375 0.5486111111111112 0.525390625 0.5520833333333334 0.5234375 0.5694444444444444 0.53125 0.5798611111111112 0.537109375 0.5798611111111112 0.5390625 0.5868055555555556 0.5390625 0.6180555555555556 0.541015625 0.6215277777777778 0.54296875 0.6493055555555556 0.546875 0.6666666666666666 0.546875 0.6875 0.548828125 0.6909722222222222 0.548828125 0.7083333333333334 0.55078125 0.7118055555555556 0.55078125 0.71875 0.548828125 0.7256944444444444 0.54296875 0.7256944444444444 0.5390625 0.7118055555555556 0.5390625 0.6909722222222222 0.53515625 0.6770833333333334 0.53515625 0.6666666666666666 0.533203125 0.6631944444444444 0.529296875 0.6631944444444444 0.52734375 0.6666666666666666 0.52734375 0.6805555555555556 0.529296875 0.6840277777777778 0.529296875 0.7118055555555556 0.53125 0.7152777777777778 0.53125 0.7326388888888888 0.529296875 0.7361111111111112 0.529296875 0.7569444444444444 0.53125 0.7604166666666666 0.53125 0.7986111111111112 0.529296875 0.8020833333333334 0.52734375 0.84375 0.53515625 0.8680555555555556 0.533203125 0.8715277777777778 0.525390625 0.8715277777777778 0.517578125 0.8611111111111112 0.517578125 0.8472222222222222 0.51953125 0.84375 0.51953125 0.7569444444444444 0.515625 0.75 0.5078125 0.7638888888888888 0.5078125 0.7708333333333334 0.505859375 0.7743055555555556 0.505859375 0.8125 0.5078125 0.8159722222222222 0.509765625 0.8506944444444444 0.513671875 0.8680555555555556 0.51171875 0.875 0.5078125 0.875 0.505859375 0.8715277777777778 0.505859375 0.8645833333333334 0.501953125 0.8541666666666666 0.501953125 0.8472222222222222 0.494140625 0.8125 0.494140625 0.78125 0.48828125 0.7569444444444444 0.48828125 0.7152777777777778 0.486328125 0.7118055555555556 0.486328125 0.7048611111111112 0.4765625 0.6840277777777778 0.474609375 0.6736111111111112 0.46875 0.6631944444444444 0.466796875 0.6493055555555556 0.470703125 0.6388888888888888 0.470703125 0.625 0.4765625 0.6041666666666666 0.4765625 0.5868055555555556 0.474609375 0.5833333333333334 0.4765625 0.5763888888888888 0.484375 0.5659722222222222 0.494140625 0.5659722222222222 0.498046875 0.5590277777777778 0.498046875 0.5416666666666666 0.50390625 0.5208333333333334 0.5078125 0.5173611111111112 0.517578125 0.5173611111111112 0.51953125 0.5208333333333334
2 0.482421875 0.5520833333333334 0.484375 0.5555555555555556 0.494140625 0.5555555555555556 0.494140625 0.5590277777777778 0.490234375 0.5625 0.482421875 0.5625 0.47265625 0.5798611111111112 0.474609375 0.6006944444444444 0.470703125 0.6111111111111112 0.46875 0.6354166666666666 0.46484375 0.6493055555555556 0.45703125 0.6423611111111112 0.453125 0.6423611111111112 0.447265625 0.6354166666666666 0.435546875 0.6319444444444444 0.427734375 0.6423611111111112 0.404296875 0.6493055555555556 0.40234375 0.65625 0.396484375 0.65625 0.39453125 0.6493055555555556 0.39453125 0.6388888888888888 0.390625 0.6319444444444444 0.390625 0.6111111111111112 0.39453125 0.6076388888888888 0.40234375 0.6284722222222222 0.408203125 0.6284722222222222 0.435546875 0.6041666666666666 0.462890625 0.5902777777777778 0.46484375 0.5868055555555556 0.466796875 0.5659722222222222 0.470703125 0.5555555555555556 0.474609375 0.5520833333333334 0.48046875 0.5520833333333334
2 0.45703125 0.7430555555555556 0.462890625 0.75 0.462890625 0.7604166666666666 0.46484375 0.7638888888888888 0.46484375 0.7986111111111112 0.470703125 0.8055555555555556 0.478515625 0.8090277777777778 0.48046875 0.8159722222222222 0.48046875 0.8263888888888888 0.478515625 0.8298611111111112 0.48046875 0.875 0.41796875 0.875 0.4140625 0.8715277777777778 0.4140625 0.8333333333333334 0.412109375 0.8298611111111112 0.4140625 0.8055555555555556 0.419921875 0.7986111111111112 0.435546875 0.7986111111111112 0.4375 0.7951388888888888 0.4375 0.7638888888888888 0.44140625 0.75 0.44921875 0.7430555555555556 0.455078125 0.7430555555555556