0 0.9286458333333333 0.25833333333333336 0.029166666666666667 0.05
0 0.115234375 0.2534722222222222 0.123046875 0.2638888888888889 0.123046875 0.2881944444444444 0.1171875 0.3020833333333333 0.09765625 0.2847222222222222 0.099609375 0.2638888888888889 0.107421875 0.2534722222222222 0.11328125 0.2534722222222222
0 0.373046875 0.4444444444444444 0.3828125 0.4513888888888889 0.384765625 0.4583333333333333 0.384765625 0.4722222222222222 0.37890625 0.4826388888888889 0.37109375 0.4826388888888889 0.369140625 0.4861111111111111 0.357421875 0.4861111111111111 0.3515625 0.4791666666666667 0.3515625 0.4722222222222222 0.353515625 0.46875 0.353515625 0.4548611111111111 0.357421875 0.4479166666666667 0.361328125 0.4444444444444444 0.37109375 0.4444444444444444
0 0.2484375 0.36851851851851847 0.026041666666666668 0.044444444444444446
0 0.583984375 0.3055555555555556 0.58984375 0.3194444444444444 0.58984375 0.3368055555555556 0.587890625 0.3402777777777778 0.57421875 0.3402777777777778 0.572265625 0.34375 0.5703125 0.34375 0.568359375 0.3368055555555556 0.568359375 0.3125 0.572265625 0.3055555555555556 0.58203125 0.3055555555555556
0 0.359375 0.2361111111111111 0.369140625 0.2604166666666667 0.369140625 0.2743055555555556 0.3671875 0.28125 0.36328125 0.2847222222222222 0.357421875 0.2847222222222222 0.3515625 0.2777777777777778 0.34765625 0.2673611111111111 0.34765625 0.2534722222222222 0.349609375 0.2465277777777778 0.35546875 0.2361111111111111 0.357421875 0.2361111111111111
0 0.47239583333333335 0.4930555555555556 0.026041666666666668 0.041666666666666664
1 0.091796875 0.2916666666666667 0.09375 0.2916666666666667 0.08984375 0.2986111111111111 0.08984375 0.3090277777777778 0.091796875 0.3125 0.08984375 0.3159722222222222 0.091796875 0.3194444444444444 0.10546875 0.3020833333333333 0.103515625 0.2951388888888889 0.099609375 0.2951388888888889 0.09765625 0.2916666666666667 0.1015625 0.2916666666666667 0.107421875 0.3020833333333333 0.119140625 0.3055555555555556 0.126953125 0.3159722222222222 0.126953125 0.3298611111111111 0.123046875 0.3368055555555556 0.115234375 0.3368055555555556 0.109375 0.34375 0.109375 0.3645833333333333 0.111328125 0.3680555555555556 0.111328125 0.3784722222222222 0.1171875 0.3888888888888889 0.12109375 0.3888888888888889 0.125 0.3993055555555556 0.125 0.40625 0.12109375 0.4097222222222222 0.115234375 0.4097222222222222 0.11328125 0.4131944444444444 0.091796875 0.4131944444444444 0.08984375 0.4097222222222222 0.08984375 0.3819444444444444 0.091796875 0.375 0.08984375 0.3715277777777778 0.08984375 0.3611111111111111 0.083984375 0.3472222222222222 0.08203125 0.3298611111111111 0.078125 0.3194444444444444 0.078125 0.3020833333333333 0.08984375 0.2916666666666667
1 0.36328125 0.4097222222222222 0.369140625 0.4201388888888889 0.37109375 0.4409722222222222 0.36328125 0.4409722222222222 0.353515625 0.4513888888888889 0.349609375 0.4513888888888889 0.341796875 0.46875 0.3359375 0.4618055555555556 0.3359375 0.4513888888888889 0.333984375 0.4479166666666667 0.33984375 0.4236111111111111 0.341796875 0.4201388888888889 0.34765625 0.4201388888888889 0.35546875 0.4097222222222222 0.361328125 0.4097222222222222
1 0.501953125 0.4652777777777778 0.509765625 0.4722222222222222 0.515625 0.4861111111111111 0.515625 0.5173611111111112 0.50390625 0.5347222222222222 0.4921875 0.5381944444444444 0.490234375 0.5416666666666666 0.482421875 0.5416666666666666 0.47265625 0.5347222222222222 0.46875 0.5277777777777778 0.470703125 0.5208333333333334 0.46875 0.5173611111111112 0.484375 0.5034722222222222 0.486328125 0.4895833333333333 0.482421875 0.4756944444444444 0.48828125 0.4652777777777778 0.4921875 0.4618055555555556 0.498046875 0.4618055555555556 0.5 0.4652777777777778
1 0.267578125 0.3958333333333333 0.271484375 0.4027777777777778 0.2734375 0.4166666666666667 0.263671875 0.4409722222222222 0.263671875 0.4479166666666667 0.265625 0.4513888888888889 0.265625 0.4826388888888889 0.234375 0.4826388888888889 0.23046875 0.4756944444444444 0.23046875 0.4513888888888889 0.21875 0.4201388888888889 0.21875 0.4027777777777778 0.2265625 0.3958333333333333 0.255859375 0.3958333333333333 0.2578125 0.3923611111111111 0.265625 0.3958333333333333
1 0.56640625 0.3576388888888889 0.568359375 0.3611111111111111 0.591796875 0.3611111111111111 0.595703125 0.3576388888888889 0.599609375 0.3611111111111111 0.60546875 0.375 0.60546875 0.3888888888888889 0.59765625 0.3958333333333333 0.59765625 0.4201388888888889 0.595703125 0.4236111111111111 0.59765625 0.4305555555555556 0.595703125 0.4375 0.59765625 0.4409722222222222 0.59765625 0.4548611111111111 0.6015625 0.46875 0.59765625 0.4756944444444444 0.583984375 0.4756944444444444 0.58203125 0.4791666666666667 0.568359375 0.4791666666666667 0.564453125 0.4756944444444444 0.564453125 0.4166666666666667 0.55859375 0.3958333333333333 0.5546875 0.3923611111111111 0.552734375 0.3854166666666667 0.552734375 0.3645833333333333 0.55859375 0.3576388888888889 0.564453125 0.3576388888888889
1 0.36328125 0.24305555555555555 0.365234375 0.23958333333333334 0.37109375 0.23958333333333334 0.376953125 0.25 0.376953125 0.2638888888888889 0.37109375 0.2743055555555556 0.369140625 0.2847222222222222 0.365234375 0.2916666666666667 0.3671875 0.2986111111111111 0.3671875 0.3090277777777778 0.36328125 0.3159722222222222 0.349609375 0.3194444444444444 0.341796875 0.3055555555555556 0.333984375 0.3055555555555556 0.333984375 0.2777777777777778 0.3359375 0.2743055555555556 0.3359375 0.2673611111111111 0.33984375 0.2604166666666667 0.345703125 0.2569444444444444 0.34765625 0.2604166666666667 0.34765625 0.2673611111111111 0.357421875 0.2847222222222222 0.36328125 0.2847222222222222 0.369140625 0.2743055555555556 0.37109375 0.2638888888888889 0.365234375 0.2465277777777778
1 0.92578125 0.2881944444444444 0.9375 0.2743055555555556 0.943359375 0.2743055555555556 0.94921875 0.2847222222222222 0.953125 0.2986111111111111 0.951171875 0.3229166666666667 0.943359375 0.3229166666666667 0.94140625 0.3263888888888889 0.94140625 0.3368055555555556 0.9453125 0.3472222222222222 0.9453125 0.3611111111111111 0.943359375 0.3645833333333333 0.943359375 0.3819444444444444 0.9453125 0.3854166666666667 0.935546875 0.3854166666666667 0.92578125 0.3784722222222222 0.92578125 0.34375 0.923828125 0.3402777777777778 0.92578125 0.3333333333333333 0.92578125 0.3263888888888889 0.923828125 0.3229166666666667 0.923828125 0.2986111111111111 0.92578125 0.2916666666666667
2 0.587890625 0.3125 0.58984375 0.3194444444444444 0.58984375 0.3402777777777778 0.60546875 0.375 0.60546875 0.3958333333333333 0.609375 0.4027777777777778 0.61328125 0.4027777777777778 0.6171875 0.4131944444444444 0.615234375 0.4166666666666667 0.615234375 0.4270833333333333 0.607421875 0.4270833333333333 0.599609375 0.4131944444444444 0.595703125 0.4201388888888889 0.595703125 0.4270833333333333 0.59765625 0.4305555555555556 0.59765625 0.4548611111111111 0.607421875 0.4895833333333333 0.607421875 0.5416666666666666 0.599609375 0.5625 0.599609375 0.5798611111111112 0.6015625 0.5868055555555556 0.611328125 0.6006944444444444 0.611328125 0.6076388888888888 0.603515625 0.6145833333333334 0.59765625 0.6145833333333334 0.595703125 0.6076388888888888 0.59765625 0.5902777777777778 0.591796875 0.5798611111111112 0.58203125 0.6041666666666666 0.58203125 0.6215277777777778 0.578125 0.6215277777777778 0.576171875 0.6145833333333334 0.576171875 0.5833333333333334 0.583984375 0.5763888888888888 0.587890625 0.5659722222222222 0.5859375 0.5590277777777778 0.5859375 0.5243055555555556 0.564453125 0.4791666666666667 0.564453125 0.46875 0.5625 0.4652777777777778 0.5625 0.4548611111111111 0.564453125 0.4513888888888889 0.564453125 0.4166666666666667 0.560546875 0.4097222222222222 0.552734375 0.4270833333333333 0.552734375 0.4340277777777778 0.55078125 0.4375 0.55078125 0.4513888888888889 0.5546875 0.4618055555555556 0.5546875 0.46875 0.552734375 0.4722222222222222 0.548828125 0.4722222222222222 0.544921875 0.4652777777777778 0.544921875 0.4236111111111111 0.546875 0.4201388888888889 0.546875 0.4131944444444444 0.55078125 0.40625 0.55078125 0.3958333333333333 0.552734375 0.3923611111111111 0.552734375 0.3645833333333333 0.55859375 0.3576388888888889 0.564453125 0.3576388888888889 0.5703125 0.34375 0.568359375 0.3368055555555556 0.568359375 0.3159722222222222 0.5703125 0.3090277777777778 0.572265625 0.3055555555555556 0.58203125 0.3055555555555556 0.5859375 0.3125
2 0.935546875 0.2361111111111111 0.94140625 0.2465277777777778 0.94140625 0.2534722222222222 0.943359375 0.2569444444444444 0.94140625 0.2604166666666667 0.94140625 0.2708333333333333 0.947265625 0.2777777777777778 0.953125 0.2986111111111111 0.953125 0.3125 0.951171875 0.3194444444444444 0.953125 0.3229166666666667 0.953125 0.3368055555555556 0.955078125 0.3402777777777778 0.955078125 0.3819444444444444 0.951171875 0.3854166666666667 0.951171875 0.3923611111111111 0.953125 0.3958333333333333 0.953125 0.4236111111111111 0.958984375 0.4444444444444444 0.958984375 0.4826388888888889 0.96484375 0.5 0.96484375 0.5138888888888888 0.9453125 0.5138888888888888 0.943359375 0.5104166666666666 0.951171875 0.5 0.951171875 0.4930555555555556 0.953125 0.4895833333333333 0.951171875 0.4861111111111111 0.951171875 0.4756944444444444 0.94921875 0.4722222222222222 0.94921875 0.4618055555555556 0.947265625 0.4583333333333333 0.9453125 0.4409722222222222 0.94140625 0.4270833333333333 0.935546875 0.4166666666666667 0.93359375 0.4166666666666667 0.923828125 0.4340277777777778 0.91796875 0.46875 0.912109375 0.4791666666666667 0.908203125 0.4930555555555556 0.908203125 0.5104166666666666 0.904296875 0.5173611111111112 0.896484375 0.5173611111111112 0.88671875 0.5104166666666666 0.88671875 0.5069444444444444 0.890625 0.5 0.896484375 0.4965277777777778 0.90234375 0.4861111111111111 0.90625 0.4618055555555556 0.91015625 0.4513888888888889 0.91015625 0.4375 0.912109375 0.4340277777777778 0.9140625 0.4097222222222222 0.92578125 0.3784722222222222 0.92578125 0.3576388888888889 0.921875 0.3506944444444444 0.912109375 0.3680555555555556 0.908203125 0.3819444444444444 0.904296875 0.3784722222222222 0.904296875 0.3680555555555556 0.90625 0.3611111111111111 0.9140625 0.3472222222222222 0.916015625 0.3472222222222222 0.923828125 0.3298611111111111 0.923828125 0.2951388888888889 0.92578125 0.2881944444444444 0.919921875 0.2777777777777778 0.916015625 0.2638888888888889 0.916015625 0.25 0.923828125 0.2361111111111111 0.93359375 0.2361111111111111
2 0.34765625 0.3958333333333333 0.357421875 0.4097222222222222 0.36328125 0.4097222222222222 0.369140625 0.4201388888888889 0.37109375 0.4409722222222222 0.375 0.4479166666666667 0.37890625 0.4479166666666667 0.384765625 0.4583333333333333 0.384765625 0.4722222222222222 0.37890625 0.4826388888888889 0.37109375 0.4826388888888889 0.369140625 0.4861111111111111 0.357421875 0.4861111111111111 0.34765625 0.4791666666666667 0.333984375 0.4791666666666667 0.328125 0.4722222222222222 0.3203125 0.4722222222222222 0.318359375 0.4756944444444444 0.30078125 0.4756944444444444 0.298828125 0.4791666666666667 0.28125 0.4791666666666667 0.275390625 0.4895833333333333 0.271484375 0.5034722222222222 0.26953125 0.5069444444444444 0.267578125 0.5034722222222222 0.26953125 0.5 0.26953125 0.46875 0.2734375 0.4652777777777778 0.275390625 0.4583333333333333 0.275390625 0.4479166666666667 0.28125 0.4479166666666667 0.283203125 0.4513888888888889 0.296875 0.4513888888888889 0.30859375 0.4375 0.310546875 0.4305555555555556 0.318359375 0.4236111111111111 0.330078125 0.4236111111111111 0.337890625 0.4027777777777778 0.345703125 0.3993055555555556
2 0.34765625 0.3958333333333333 0.35546875 0.40625 0.36328125 0.4097222222222222 0.369140625 0.4201388888888889 0.37109375 0.4270833333333333 0.37109375 0.4375 0.376953125 0.4479166666666667 0.384765625 0.4513888888888889 0.384765625 0.4722222222222222 0.3828125 0.4791666666666667 0.37890625 0.4826388888888889 0.373046875 0.4826388888888889 0.37109375 0.4861111111111111 0.35546875 0.4861111111111111 0.34765625 0.4791666666666667 0.3359375 0.4791666666666667 0.328125 0.46875 0.328125 0.4548611111111111 0.33203125 0.4548611111111111 0.333984375 0.4513888888888889 0.333984375 0.4409722222222222 0.337890625 0.4305555555555556 0.337890625 0.4270833333333333 0.333984375 0.4236111111111111 0.33203125 0.4270833333333333 0.33203125 0.4340277777777778 0.330078125 0.4340277777777778 0.33203125 0.4270833333333333 0.33203125 0.4131944444444444 0.337890625 0.4027777777777778 0.345703125 0.3993055555555556
2 0.498046875 0.4479166666666667 0.50390625 0.4548611111111111 0.50390625 0.4618055555555556 0.509765625 0.4722222222222222 0.51171875 0.4722222222222222 0.515625 0.4826388888888889 0.515625 0.5173611111111112 0.50390625 0.5347222222222222 0.5 0.5381944444444444 0.4921875 0.5381944444444444 0.490234375 0.5416666666666666 0.482421875 0.5416666666666666 0.466796875 0.53125 0.46484375 0.5243055555555556 0.46484375 0.5173611111111112 0.466796875 0.5138888888888888 0.4609375 0.5 0.4609375 0.4826388888888889 0.466796875 0.4722222222222222 0.46484375 0.4583333333333333 0.470703125 0.4479166666666667 0.4765625 0.4479166666666667 0.486328125 0.4548611111111111 0.490234375 0.4513888888888889 0.49609375 0.4513888888888889
2 0.22265625 0.4618055555555556 0.22265625 0.4548611111111111 0.220703125 0.4513888888888889 0.22265625 0.4305555555555556 0.21875 0.4201388888888889 0.21875 0.4027777777777778 0.2265625 0.3958333333333333 0.232421875 0.3958333333333333 0.236328125 0.3888888888888889 0.236328125 0.3715277777777778 0.240234375 0.3576388888888889 0.24609375 0.3472222222222222 0.251953125 0.3472222222222222 0.259765625 0.3611111111111111 0.259765625 0.3854166666666667 0.263671875 0.3958333333333333 0.267578125 0.3958333333333333 0.271484375 0.4027777777777778 0.271484375 0.4097222222222222 0.2734375 0.4131944444444444 0.2734375 0.4201388888888889 0.271484375 0.4236111111111111 0.2734375 0.4618055555555556 0.267578125 0.46875 0.267578125 0.4965277777777778 0.265625 0.5 0.265625 0.5381944444444444 0.263671875 0.5416666666666666 0.263671875 0.5590277777777778 0.259765625 0.5763888888888888 0.259765625 0.5972222222222222 0.248046875 0.6493055555555556 0.248046875 0.6701388888888888 0.2421875 0.6701388888888888 0.240234375 0.6666666666666666 0.240234375 0.6527777777777778 0.2421875 0.6493055555555556 0.2421875 0.5972222222222222 0.23828125 0.5798611111111112 0.23828125 0.5381944444444444 0.232421875 0.5173611111111112 0.232421875 0.4826388888888889 0.23046875 0.4791666666666667 0.23046875 0.46875 0.224609375 0.4618055555555556
2 0.1171875 0.2569444444444444 0.123046875 0.2638888888888889 0.123046875 0.2881944444444444 0.119140625 0.3020833333333333 0.126953125 0.3159722222222222 0.126953125 0.3298611111111111 0.123046875 0.3402777777777778 0.123046875 0.3541666666666667 0.126953125 0.3611111111111111 0.1328125 0.3611111111111111 0.134765625 0.3645833333333333 0.134765625 0.3715277777777778 0.123046875 0.3888888888888889 0.125 0.40625 0.12890625 0.4166666666666667 0.12890625 0.4270833333333333 0.130859375 0.4305555555555556 0.130859375 0.4513888888888889 0.1328125 0.4548611111111111 0.1328125 0.4652777777777778 0.130859375 0.46875 0.130859375 0.4791666666666667 0.126953125 0.4861111111111111 0.126953125 0.4965277777777778 0.12890625 0.5 0.12890625 0.5104166666666666 0.1328125 0.5208333333333334 0.146484375 0.5173611111111112 0.146484375 0.5277777777777778 0.13671875 0.5451388888888888 0.13671875 0.5486111111111112 0.1328125 0.5520833333333334 0.126953125 0.5520833333333334 0.125 0.5486111111111112 0.125 0.53125 0.12109375 0.5173611111111112 0.115234375 0.5069444444444444 0.111328125 0.5104166666666666 0.103515625 0.5243055555555556 0.1015625 0.5243055555555556 0.095703125 0.5381944444444444 0.095703125 0.5729166666666666 0.091796875 0.5729166666666666 0.0859375 0.5625 0.083984375 0.5486111111111112 0.078125 0.5347222222222222 0.078125 0.5277777777777778 0.083984375 0.5208333333333334 0.08984375 0.5208333333333334 0.099609375 0.5034722222222222 0.099609375 0.5 0.111328125 0.4756944444444444 0.111328125 0.4618055555555556 0.1015625 0.4305555555555556 0.08984375 0.4097222222222222 0.08984375 0.3784722222222222 0.091796875 0.375 0.087890625 0.3680555555555556 0.07421875 0.3645833333333333 0.068359375 0.3541666666666667 0.0703125 0.3506944444444444 0.0703125 0.3402777777777778 0.078125 0.3194444444444444 0.078125 0.3055555555555556 0.080078125 0.2986111111111111 0.087890625 0.2916666666666667 0.091796875 0.2916666666666667 0.09765625 0.28125 0.099609375 0.2743055555555556 0.099609375 0.2638888888888889 0.103515625 0.2569444444444444 0.107421875 0.2534722222222222 0.11328125 0.2534722222222222 0.115234375 0.2569444444444444
2 0.330078125 0.40625 0.33203125 0.3854166666666667 0.333984375 0.3819444444444444 0.333984375 0.2743055555555556 0.3359375 0.2673611111111111 0.33984375 0.2604166666666667 0.345703125 0.2569444444444444 0.35546875 0.2361111111111111 0.37109375 0.23958333333333334 0.376953125 0.25 0.37890625 0.3194444444444444 0.376953125 0.3194444444444444 0.375 0.3263888888888889 0.376953125 0.3298611111111111 0.376953125 0.34375 0.380859375 0.3576388888888889 0.380859375 0.3680555555555556 0.384765625 0.3819444444444444 0.384765625 0.4131944444444444 0.38671875 0.4166666666666667 0.38671875 0.4340277777777778 0.396484375 0.4513888888888889 0.396484375 0.4548611111111111 0.39453125 0.4583333333333333 0.392578125 0.4548611111111111 0.38671875 0.4548611111111111 0.380859375 0.4444444444444444 0.37890625 0.4375 0.376953125 0.4097222222222222 0.373046875 0.3958333333333333 0.37109375 0.3715277777777778 0.353515625 0.3368055555555556 0.349609375 0.3402777777777778 0.345703125 0.3576388888888889 0.345703125 0.3819444444444444 0.34765625 0.3888888888888889 0.341796875 0.3958333333333333 0.337890625 0.3958333333333333 0.33203125 0.40625