0 0.38671875 0.4930555555555556 0.390625 0.5069444444444444 0.38671875 0.5173611111111112 0.380859375 0.5173611111111112 0.375 0.5104166666666666 0.376953125 0.4965277777777778 0.37890625 0.4930555555555556 0.384765625 0.4930555555555556
0 0.51953125 0.5486111111111112 0.5234375 0.5520833333333334 0.5234375 0.5659722222222222 0.51171875 0.5763888888888888 0.5078125 0.5729166666666666 0.5078125 0.5590277777777778 0.51171875 0.5520833333333334 0.517578125 0.5486111111111112
0 0.4635416666666667 0.4134259259259259 0.015625 0.03425925925925926
0 0.466796875 0.4895833333333333 0.470703125 0.4930555555555556 0.470703125 0.5034722222222222 0.47265625 0.5069444444444444 0.470703125 0.5138888888888888 0.46484375 0.5138888888888888 0.4609375 0.5104166666666666 0.4609375 0.5034722222222222 0.458984375 0.5 0.4609375 0.4930555555555556 0.46484375 0.4895833333333333
0 0.44140625 0.5659722222222222 0.44140625 0.5590277777777778 0.447265625 0.5451388888888888 0.453125 0.5451388888888888 0.455078125 0.5486111111111112 0.455078125 0.5694444444444444 0.447265625 0.5729166666666666 0.443359375 0.5659722222222222
0 0.609375 0.6666666666666666 0.60546875 0.65625 0.607421875 0.6458333333333334 0.611328125 0.6388888888888888 0.6171875 0.6388888888888888 0.623046875 0.6527777777777778 0.62109375 0.6597222222222222 0.611328125 0.6631944444444444
0 0.669921875 0.3680555555555556 0.67578125 0.375 0.67578125 0.3888888888888889 0.66796875 0.3958333333333333 0.6640625 0.3958333333333333 0.66015625 0.3819444444444444 0.662109375 0.3715277777777778 0.66796875 0.3680555555555556
0 0.47265625 0.059027777777777776 0.4765625 0.06944444444444445 0.470703125 0.08333333333333333 0.466796875 0.08333333333333333 0.46484375 0.0798611111111111 0.46484375 0.06597222222222222 0.470703125 0.059027777777777776
0 0.421875 0.3402777777777778 0.427734375 0.3368055555555556 0.431640625 0.3402777777777778 0.43359375 0.3472222222222222 0.43359375 0.3576388888888889 0.431640625 0.3645833333333333 0.42578125 0.3645833333333333 0.42578125 0.3611111111111111 0.419921875 0.3506944444444444 0.421875 0.34375
0 0.38958333333333334 0.2962962962962963 0.017708333333333333 0.02962962962962963
0 0.400390625 0.3854166666666667 0.404296875 0.3923611111111111 0.404296875 0.4097222222222222 0.3984375 0.4166666666666667 0.396484375 0.4166666666666667 0.390625 0.4027777777777778 0.392578125 0.3888888888888889 0.3984375 0.3854166666666667
0 0.982421875 0.4930555555555556 0.98828125 0.5 0.98828125 0.5104166666666666 0.986328125 0.5173611111111112 0.982421875 0.5243055555555556 0.9765625 0.5243055555555556 0.974609375 0.5208333333333334 0.974609375 0.5 0.9765625 0.4965277777777778 0.98046875 0.4965277777777778
0 0.220703125 0.2604166666666667 0.224609375 0.2673611111111111 0.2265625 0.2777777777777778 0.224609375 0.28125 0.21484375 0.28125 0.212890625 0.2743055555555556 0.21484375 0.2673611111111111 0.21875 0.2638888888888889
0 0.380859375 0.23958333333333334 0.3828125 0.24305555555555555 0.38671875 0.24305555555555555 0.388671875 0.25 0.388671875 0.2604166666666667 0.38671875 0.2673611111111111 0.380859375 0.2673611111111111 0.373046875 0.2534722222222222 0.373046875 0.25 0.37890625 0.24305555555555555
0 0.462890625 0.3159722222222222 0.466796875 0.3194444444444444 0.46875 0.3298611111111111 0.4609375 0.3472222222222222 0.455078125 0.3402777777777778 0.455078125 0.3229166666666667 0.4609375 0.3159722222222222
0 0.3828125 0.052083333333333336 0.390625 0.052083333333333336 0.392578125 0.05555555555555555 0.392578125 0.06944444444444445 0.390625 0.07291666666666667 0.3828125 0.06944444444444445 0.380859375 0.0625 0.3828125 0.05555555555555555
0 0.453125 0.2326388888888889 0.45703125 0.24305555555555555 0.45703125 0.2569444444444444 0.453125 0.2638888888888889 0.4453125 0.2534722222222222 0.4453125 0.23958333333333334 0.451171875 0.2326388888888889
0 0.42578125 0.5833333333333334 0.42578125 0.6041666666666666 0.421875 0.6076388888888888 0.4140625 0.6041666666666666 0.412109375 0.5972222222222222 0.419921875 0.5798611111111112 0.423828125 0.5833333333333334
0 0.591796875 0.22569444444444445 0.59765625 0.2326388888888889 0.59765625 0.23958333333333334 0.58984375 0.25 0.5859375 0.2465277777777778 0.5859375 0.22916666666666666 0.58984375 0.22569444444444445
0 0.869140625 0.1736111111111111 0.87109375 0.17708333333333334 0.87109375 0.1875 0.8671875 0.1909722222222222 0.86328125 0.2013888888888889 0.857421875 0.19791666666666666 0.85546875 0.1909722222222222 0.85546875 0.18055555555555555 0.86328125 0.1701388888888889 0.8671875 0.1736111111111111
1 0.37109375 0.3020833333333333 0.375 0.2986111111111111 0.380859375 0.2986111111111111 0.388671875 0.3090277777777778 0.388671875 0.3229166666666667 0.384765625 0.3368055555555556 0.380859375 0.34375 0.375 0.34375 0.373046875 0.3402777777777778 0.3671875 0.3402777777777778 0.36328125 0.3368055555555556 0.359375 0.3229166666666667 0.361328125 0.3159722222222222 0.3671875 0.3125 0.37109375 0.3055555555555556
1 0.37005208333333334 0.5472222222222222 0.0265625 0.07222222222222223
1 0.453125 0.2326388888888889 0.45703125 0.22916666666666666 0.486328125 0.22916666666666666 0.490234375 0.2361111111111111 0.48828125 0.25 0.478515625 0.2569444444444444 0.47265625 0.2569444444444444 0.46875 0.2604166666666667 0.466796875 0.2673611111111111 0.4609375 0.2673611111111111 0.458984375 0.2638888888888889 0.45703125 0.23958333333333334 0.455078125 0.2361111111111111
1 0.529296875 0.6215277777777778 0.52734375 0.6111111111111112 0.515625 0.5868055555555556 0.515625 0.5763888888888888 0.51953125 0.5694444444444444 0.525390625 0.5694444444444444 0.53515625 0.5868055555555556 0.544921875 0.6111111111111112 0.544921875 0.6215277777777778 0.541015625 0.6215277777777778 0.5390625 0.625 0.53125 0.6215277777777778
1 0.470703125 0.4097222222222222 0.474609375 0.40625 0.48828125 0.40625 0.490234375 0.4097222222222222 0.498046875 0.4097222222222222 0.501953125 0.4166666666666667 0.501953125 0.4201388888888889 0.490234375 0.4340277777777778 0.486328125 0.4375 0.4765625 0.4375 0.474609375 0.4409722222222222 0.46875 0.4340277777777778 0.46875 0.4166666666666667 0.470703125 0.4131944444444444
1 0.4375 0.5694444444444444 0.443359375 0.5694444444444444 0.44921875 0.5763888888888888 0.44921875 0.5868055555555556 0.4453125 0.6006944444444444 0.439453125 0.6076388888888888 0.439453125 0.6180555555555556 0.44140625 0.6215277777777778 0.435546875 0.6215277777777778 0.427734375 0.6111111111111112 0.427734375 0.6006944444444444 0.4296875 0.5972222222222222 0.4296875 0.5868055555555556 0.4375 0.5729166666666666
1 0.623046875 0.6597222222222222 0.625 0.6631944444444444 0.62890625 0.6631944444444444 0.630859375 0.6701388888888888 0.630859375 0.6805555555555556 0.634765625 0.6875 0.634765625 0.6979166666666666 0.640625 0.7152777777777778 0.640625 0.7222222222222222 0.6328125 0.7291666666666666 0.625 0.7291666666666666 0.62109375 0.71875 0.6171875 0.6944444444444444 0.607421875 0.6840277777777778 0.607421875 0.6736111111111112 0.611328125 0.6666666666666666 0.62109375 0.6631944444444444
1 0.4921875 0.0798611111111111 0.501953125 0.09027777777777778 0.50390625 0.09375 0.50390625 0.10069444444444445 0.486328125 0.10069444444444445 0.4765625 0.09375 0.474609375 0.09027777777777778 0.474609375 0.0763888888888889 0.4765625 0.07291666666666667 0.482421875 0.07291666666666667 0.490234375 0.0798611111111111
1 0.677734375 0.3923611111111111 0.681640625 0.3993055555555556 0.68359375 0.4409722222222222 0.6796875 0.4409722222222222 0.67578125 0.4479166666666667 0.671875 0.4479166666666667 0.66796875 0.4409722222222222 0.66796875 0.4305555555555556 0.6640625 0.4201388888888889 0.66796875 0.40625 0.66796875 0.3993055555555556 0.67578125 0.3923611111111111
1 0.38671875 0.4027777777777778 0.392578125 0.4131944444444444 0.392578125 0.4201388888888889 0.390625 0.4236111111111111 0.38671875 0.4166666666666667 0.380859375 0.4270833333333333 0.380859375 0.4375 0.376953125 0.4444444444444444 0.37109375 0.4444444444444444 0.361328125 0.4375 0.357421875 0.4201388888888889 0.373046875 0.40625 0.384765625 0.40625
1 0.5 0.4826388888888889 0.501953125 0.4861111111111111 0.505859375 0.4861111111111111 0.505859375 0.4895833333333333 0.5 0.4965277777777778 0.5 0.5034722222222222 0.490234375 0.5243055555555556 0.474609375 0.5138888888888888 0.47265625 0.5069444444444444 0.47265625 0.4895833333333333 0.48046875 0.4826388888888889 0.498046875 0.4826388888888889
1 0.98828125 0.5104166666666666 0.99609375 0.5104166666666666 0.998046875 0.5138888888888888 0.998046875 0.5486111111111112 0.984375 0.5277777777777778 0.984375 0.5208333333333334 0.98828125 0.5138888888888888
1 0.376953125 0.2604166666666667 0.380859375 0.2708333333333333 0.380859375 0.2777777777777778 0.376953125 0.2881944444444444 0.373046875 0.2743055555555556 0.369140625 0.28125 0.369140625 0.2986111111111111 0.35546875 0.2951388888888889 0.34765625 0.2847222222222222 0.36328125 0.2604166666666667 0.3671875 0.2569444444444444 0.373046875 0.2569444444444444 0.375 0.2604166666666667
1 0.49609375 0.3298611111111111 0.498046875 0.3333333333333333 0.498046875 0.3472222222222222 0.484375 0.3576388888888889 0.48046875 0.3645833333333333 0.4765625 0.3645833333333333 0.47265625 0.3715277777777778 0.46484375 0.3715277777777778 0.462890625 0.3472222222222222 0.466796875 0.3333333333333333 0.46875 0.3298611111111111 0.494140625 0.3298611111111111
1 0.42578125 0.3819444444444444 0.419921875 0.3715277777777778 0.41796875 0.3715277777777778 0.416015625 0.375 0.41796875 0.3923611111111111 0.416015625 0.3958333333333333 0.408203125 0.3958333333333333 0.404296875 0.3854166666666667 0.404296875 0.3784722222222222 0.40625 0.375 0.404296875 0.3541666666666667 0.408203125 0.3472222222222222 0.41796875 0.3472222222222222 0.423828125 0.3576388888888889 0.427734375 0.3784722222222222
1 0.37890625 0.06944444444444445 0.384765625 0.06944444444444445 0.38671875 0.0763888888888889 0.38671875 0.08680555555555555 0.3828125 0.09375 0.380859375 0.1076388888888889 0.376953125 0.1076388888888889 0.375 0.10416666666666667 0.37109375 0.10416666666666667 0.37109375 0.09375 0.373046875 0.09027777777777778 0.373046875 0.08333333333333333 0.37890625 0.07291666666666667
1 0.376953125 0.3576388888888889 0.380859375 0.3541666666666667 0.384765625 0.3576388888888889 0.400390625 0.3541666666666667 0.40234375 0.3576388888888889 0.40234375 0.3645833333333333 0.3984375 0.375 0.400390625 0.3784722222222222 0.38671875 0.3958333333333333 0.373046875 0.3958333333333333 0.373046875 0.3819444444444444 0.375 0.3784722222222222 0.375 0.3645833333333333 0.376953125 0.3611111111111111
1 0.220703125 0.2986111111111111 0.22265625 0.3020833333333333 0.22265625 0.34375 0.220703125 0.3472222222222222 0.21484375 0.3472222222222222 0.212890625 0.34375 0.212890625 0.3368055555555556 0.216796875 0.3263888888888889 0.216796875 0.3194444444444444 0.21484375 0.3159722222222222 0.212890625 0.3159722222222222 0.20703125 0.3263888888888889 0.20703125 0.3333333333333333 0.203125 0.3194444444444444 0.1953125 0.3090277777777778 0.1953125 0.3020833333333333 0.20703125 0.2847222222222222 0.212890625 0.2847222222222222 0.21875 0.2986111111111111
1 0.412109375 0.6006944444444444 0.41796875 0.6111111111111112 0.419921875 0.6111111111111112 0.419921875 0.6284722222222222 0.41796875 0.6354166666666666 0.416015625 0.6319444444444444 0.412109375 0.6354166666666666 0.412109375 0.6423611111111112 0.408203125 0.65625 0.3984375 0.6493055555555556 0.39453125 0.6388888888888888 0.404296875 0.6076388888888888 0.41015625 0.6006944444444444
1 0.603515625 0.24305555555555555 0.609375 0.2708333333333333 0.609375 0.2881944444444444 0.603515625 0.2881944444444444 0.6015625 0.2916666666666667 0.599609375 0.2916666666666667 0.59765625 0.2743055555555556 0.595703125 0.2708333333333333 0.591796875 0.2708333333333333 0.587890625 0.2604166666666667 0.595703125 0.24305555555555555 0.6015625 0.24305555555555555
1 0.873046875 0.1875 0.88671875 0.20833333333333334 0.88671875 0.21180555555555555 0.892578125 0.2222222222222222 0.892578125 0.22916666666666666 0.88671875 0.2326388888888889 0.87890625 0.2222222222222222 0.873046875 0.22569444444444445 0.873046875 0.2222222222222222 0.865234375 0.20833333333333334 0.865234375 0.19791666666666666 0.87109375 0.1909722222222222
2 0.421875 0.5798611111111112 0.42578125 0.5868055555555556 0.42578125 0.6041666666666666 0.421875 0.6111111111111112 0.421875 0.6284722222222222 0.419921875 0.6319444444444444 0.419921875 0.6493055555555556 0.41796875 0.6527777777777778 0.41796875 0.6770833333333334 0.416015625 0.6805555555555556 0.416015625 0.7013888888888888 0.41796875 0.7048611111111112 0.41796875 0.7222222222222222 0.419921875 0.7291666666666666 0.427734375 0.7361111111111112 0.427734375 0.7395833333333334 0.419921875 0.7395833333333334 0.412109375 0.7326388888888888 0.412109375 0.7152777777777778 0.41015625 0.7118055555555556 0.41015625 0.7048611111111112 0.40625 0.7013888888888888 0.40625 0.6909722222222222 0.404296875 0.6875 0.392578125 0.7013888888888888 0.380859375 0.7256944444444444 0.37890625 0.7326388888888888 0.37890625 0.7395833333333334 0.3828125 0.7465277777777778 0.380859375 0.75 0.369140625 0.7395833333333334 0.37890625 0.7083333333333334 0.388671875 0.6909722222222222 0.388671875 0.6840277777777778 0.390625 0.6805555555555556 0.390625 0.6493055555555556 0.39453125 0.6423611111111112 0.400390625 0.6180555555555556 0.404296875 0.6076388888888888 0.41015625 0.5972222222222222 0.412109375 0.5972222222222222 0.41796875 0.5833333333333334 0.419921875 0.5833333333333334
2 0.37890625 0.2916666666666667 0.384765625 0.2847222222222222 0.39453125 0.2847222222222222 0.396484375 0.2916666666666667 0.396484375 0.3055555555555556 0.388671875 0.3194444444444444 0.388671875 0.3263888888888889 0.380859375 0.3472222222222222 0.373046875 0.3611111111111111 0.373046875 0.3680555555555556 0.369140625 0.3680555555555556 0.3671875 0.3715277777777778 0.3671875 0.3784722222222222 0.369140625 0.3819444444444444 0.3671875 0.3854166666666667 0.357421875 0.3854166666666667 0.357421875 0.3784722222222222 0.36328125 0.3576388888888889 0.357421875 0.3506944444444444 0.3515625 0.3368055555555556 0.3515625 0.3298611111111111 0.357421875 0.3194444444444444 0.36328125 0.3159722222222222 0.37109375 0.3020833333333333 0.37890625 0.2951388888888889
2 0.5859375 0.22916666666666666 0.58984375 0.22569444444444445 0.595703125 0.22916666666666666 0.599609375 0.23958333333333334 0.603515625 0.24305555555555555 0.607421875 0.2569444444444444 0.611328125 0.3055555555555556 0.60546875 0.3229166666666667 0.60546875 0.3298611111111111 0.607421875 0.3333333333333333 0.607421875 0.34375 0.61328125 0.3611111111111111 0.61328125 0.3680555555555556 0.60546875 0.375 0.60546875 0.3576388888888889 0.6015625 0.3541666666666667 0.59765625 0.3680555555555556 0.599609375 0.3715277777777778 0.599609375 0.3784722222222222 0.59765625 0.3819444444444444 0.58984375 0.3819444444444444 0.5859375 0.3784722222222222 0.58984375 0.375 0.595703125 0.3611111111111111 0.595703125 0.3368055555555556 0.591796875 0.3298611111111111 0.59375 0.2881944444444444 0.587890625 0.2604166666666667 0.58984375 0.2569444444444444 0.5859375 0.2465277777777778 0.5859375 0.2326388888888889
2 0.333984375 0.6527777777777778 0.3359375 0.6388888888888888 0.35546875 0.59375 0.35546875 0.5694444444444444 0.359375 0.5625 0.361328125 0.5381944444444444 0.365234375 0.5243055555555556 0.380859375 0.4930555555555556 0.38671875 0.4930555555555556 0.388671875 0.4965277777777778 0.388671875 0.5138888888888888 0.3828125 0.5243055555555556 0.3828125 0.5347222222222222 0.380859375 0.5381944444444444 0.380859375 0.6215277777777778 0.3828125 0.625 0.3828125 0.6354166666666666 0.388671875 0.6527777777777778 0.38671875 0.65625 0.37890625 0.6527777777777778 0.37890625 0.6388888888888888 0.375 0.625 0.375 0.6145833333333334 0.369140625 0.6006944444444444 0.35546875 0.6180555555555556 0.341796875 0.6423611111111112 0.341796875 0.6493055555555556 0.345703125 0.6597222222222222 0.33984375 0.6597222222222222 0.3359375 0.6527777777777778
2 0.4921875 0.2361111111111111 0.494140625 0.24305555555555555 0.494140625 0.2534722222222222 0.490234375 0.2604166666666667 0.486328125 0.2777777777777778 0.490234375 0.2847222222222222 0.50390625 0.2847222222222222 0.505859375 0.2881944444444444 0.505859375 0.2986111111111111 0.50390625 0.3055555555555556 0.5 0.3090277777777778 0.498046875 0.3055555555555556 0.498046875 0.2986111111111111 0.494140625 0.2916666666666667 0.482421875 0.2916666666666667 0.478515625 0.3020833333333333 0.46875 0.3020833333333333 0.47265625 0.2916666666666667 0.470703125 0.2881944444444444 0.466796875 0.2881944444444444 0.46484375 0.2916666666666667 0.46484375 0.3020833333333333 0.462890625 0.3090277777777778 0.45703125 0.3159722222222222 0.4609375 0.2986111111111111 0.4609375 0.2777777777777778 0.462890625 0.2743055555555556 0.458984375 0.2638888888888889 0.451171875 0.2638888888888889 0.4453125 0.2534722222222222 0.4453125 0.23958333333333334 0.45703125 0.22916666666666666 0.486328125 0.22916666666666666 0.490234375 0.2361111111111111
2 0.51953125 0.5486111111111112 0.525390625 0.5555555555555556 0.525390625 0.5694444444444444 0.537109375 0.5902777777777778 0.544921875 0.6111111111111112 0.544921875 0.6284722222222222 0.541015625 0.6423611111111112 0.53515625 0.6527777777777778 0.537109375 0.6840277777777778 0.541015625 0.6979166666666666 0.541015625 0.7083333333333334 0.537109375 0.7083333333333334 0.53515625 0.7118055555555556 0.529296875 0.7118055555555556 0.52734375 0.7083333333333334 0.533203125 0.6979166666666666 0.529296875 0.6909722222222222 0.5234375 0.6909722222222222 0.5234375 0.6875 0.52734375 0.6875 0.529296875 0.6840277777777778 0.52734375 0.65625 0.521484375 0.6423611111111112 0.521484375 0.6180555555555556 0.5234375 0.6145833333333334 0.5234375 0.6076388888888888 0.51953125 0.6006944444444444 0.515625 0.5833333333333334 0.509765625 0.5729166666666666 0.5078125 0.5729166666666666 0.5078125 0.5590277777777778 0.51171875 0.5520833333333334 0.517578125 0.5486111111111112
2 0.470703125 0.4027777777777778 0.47265625 0.40625 0.5 0.4097222222222222 0.5078125 0.4236111111111111 0.5078125 0.4444444444444444 0.50390625 0.4618055555555556 0.5078125 0.46875 0.513671875 0.46875 0.515625 0.4722222222222222 0.525390625 0.4756944444444444 0.529296875 0.4826388888888889 0.52734375 0.4895833333333333 0.521484375 0.4965277777777778 0.51953125 0.4965277777777778 0.51953125 0.4895833333333333 0.515625 0.4826388888888889 0.51171875 0.4826388888888889 0.50390625 0.4756944444444444 0.501953125 0.4791666666666667 0.498046875 0.4791666666666667 0.490234375 0.4583333333333333 0.48828125 0.4618055555555556 0.48828125 0.4722222222222222 0.4921875 0.4791666666666667 0.484375 0.4791666666666667 0.48046875 0.4652777777777778 0.4765625 0.4618055555555556 0.470703125 0.4722222222222222 0.470703125 0.4826388888888889 0.466796875 0.4895833333333333 0.46484375 0.4826388888888889 0.46875 0.4722222222222222 0.470703125 0.4375 0.46484375 0.4270833333333333 0.4609375 0.4270833333333333 0.45703125 0.4201388888888889 0.45703125 0.4097222222222222 0.4609375 0.3993055555555556 0.466796875 0.3993055555555556 0.46875 0.4027777777777778
2 0.421875 0.6631944444444444 0.419921875 0.65625 0.42578125 0.6284722222222222 0.423828125 0.6215277777777778 0.423828125 0.6111111111111112 0.427734375 0.6041666666666666 0.427734375 0.5902777777777778 0.4375 0.5729166666666666 0.443359375 0.5520833333333334 0.447265625 0.5451388888888888 0.453125 0.5451388888888888 0.455078125 0.5486111111111112 0.455078125 0.5694444444444444 0.44921875 0.5833333333333334 0.44921875 0.5902777777777778 0.4453125 0.6041666666666666 0.4453125 0.6180555555555556 0.44921875 0.6354166666666666 0.451171875 0.6875 0.45703125 0.6979166666666666 0.45703125 0.7013888888888888 0.453125 0.7013888888888888 0.447265625 0.6944444444444444 0.443359375 0.6527777777777778 0.439453125 0.6458333333333334 0.431640625 0.6423611111111112 0.423828125 0.6597222222222222
2 0.505859375 0.4861111111111111 0.509765625 0.4930555555555556 0.509765625 0.5208333333333334 0.5078125 0.5243055555555556 0.509765625 0.53125 0.517578125 0.5381944444444444 0.53125 0.5416666666666666 0.533203125 0.5486111111111112 0.529296875 0.5555555555555556 0.525390625 0.5555555555555556 0.521484375 0.5486111111111112 0.5078125 0.5486111111111112 0.501953125 0.5381944444444444 0.49609375 0.5347222222222222 0.494140625 0.5381944444444444 0.49609375 0.5416666666666666 0.49609375 0.5486111111111112 0.501953125 0.5625 0.501953125 0.5694444444444444 0.498046875 0.5729166666666666 0.490234375 0.5729166666666666 0.48828125 0.5694444444444444 0.4921875 0.5625 0.4921875 0.5555555555555556 0.486328125 0.5451388888888888 0.484375 0.5347222222222222 0.48046875 0.5277777777777778 0.470703125 0.5555555555555556 0.466796875 0.5520833333333334 0.47265625 0.5347222222222222 0.474609375 0.5173611111111112 0.47265625 0.5138888888888888 0.46484375 0.5138888888888888 0.4609375 0.5104166666666666 0.4609375 0.4930555555555556 0.462890625 0.4895833333333333 0.46875 0.4895833333333333 0.470703125 0.4930555555555556 0.474609375 0.4861111111111111 0.478515625 0.4861111111111111 0.48046875 0.4826388888888889 0.501953125 0.4826388888888889 0.50390625 0.4861111111111111
2 0.6171875 0.6388888888888888 0.62109375 0.6458333333333334 0.62109375 0.6527777777777778 0.62890625 0.6631944444444444 0.630859375 0.6701388888888888 0.630859375 0.6805555555555556 0.640625 0.7152777777777778 0.640625 0.7673611111111112 0.642578125 0.7708333333333334 0.642578125 0.8020833333333334 0.64453125 0.8055555555555556 0.64453125 0.8090277777777778 0.640625 0.8125 0.638671875 0.8090277777777778 0.634765625 0.8090277777777778 0.638671875 0.7986111111111112 0.63671875 0.7951388888888888 0.63671875 0.7743055555555556 0.630859375 0.7569444444444444 0.625 0.7638888888888888 0.625 0.78125 0.62109375 0.7951388888888888 0.62109375 0.8090277777777778 0.619140625 0.8125 0.61328125 0.8125 0.611328125 0.8090277777777778 0.6171875 0.7986111111111112 0.6171875 0.7708333333333334 0.619140625 0.7673611111111112 0.619140625 0.75 0.6171875 0.7465277777777778 0.62109375 0.7326388888888888 0.62109375 0.71875 0.619140625 0.7152777777777778 0.6171875 0.6979166666666666 0.607421875 0.6840277777777778 0.607421875 0.6458333333333334 0.615234375 0.6388888888888888
2 0.19140625 0.3298611111111111 0.19140625 0.3090277777777778 0.205078125 0.2847222222222222 0.20703125 0.2847222222222222 0.216796875 0.2638888888888889 0.22265625 0.2638888888888889 0.2265625 0.2777777777777778 0.22265625 0.2951388888888889 0.22265625 0.3576388888888889 0.224609375 0.3611111111111111 0.224609375 0.4166666666666667 0.228515625 0.4270833333333333 0.220703125 0.4305555555555556 0.216796875 0.4236111111111111 0.216796875 0.3993055555555556 0.212890625 0.3958333333333333 0.208984375 0.4027777777777778 0.20703125 0.4097222222222222 0.20703125 0.4201388888888889 0.205078125 0.4236111111111111 0.205078125 0.4375 0.20703125 0.4409722222222222 0.19921875 0.4409722222222222 0.197265625 0.4375 0.19921875 0.4166666666666667 0.201171875 0.4131944444444444 0.201171875 0.4027777777777778 0.203125 0.3993055555555556 0.203125 0.3819444444444444 0.201171875 0.3784722222222222 0.201171875 0.3472222222222222 0.193359375 0.3298611111111111
2 0.470703125 0.059027777777777776 0.48046875 0.07291666666666667 0.48828125 0.0763888888888889 0.50390625 0.09375 0.505859375 0.1111111111111111 0.50390625 0.11458333333333333 0.501953125 0.1111111111111111 0.4921875 0.1284722222222222 0.494140625 0.1701388888888889 0.4921875 0.1736111111111111 0.482421875 0.1736111111111111 0.482421875 0.16666666666666666 0.486328125 0.1527777777777778 0.484375 0.14930555555555555 0.484375 0.1423611111111111 0.48046875 0.1388888888888889 0.48046875 0.10069444444444445 0.47265625 0.08680555555555555 0.466796875 0.08680555555555555 0.46484375 0.0798611111111111 0.46484375 0.06597222222222222 0.46875 0.0625
2 0.673828125 0.3715277777777778 0.67578125 0.375 0.67578125 0.3888888888888889 0.681640625 0.3993055555555556 0.68359375 0.4409722222222222 0.685546875 0.4444444444444444 0.685546875 0.4513888888888889 0.6796875 0.46875 0.6796875 0.5104166666666666 0.681640625 0.5138888888888888 0.681640625 0.5208333333333334 0.67578125 0.53125 0.669921875 0.53125 0.6640625 0.5243055555555556 0.666015625 0.5208333333333334 0.669921875 0.5208333333333334 0.673828125 0.5104166666666666 0.6640625 0.4826388888888889 0.669921875 0.4479166666666667 0.6640625 0.4409722222222222 0.658203125 0.4618055555555556 0.65625 0.4618055555555556 0.65625 0.4479166666666667 0.66015625 0.4409722222222222 0.66015625 0.4340277777777778 0.6640625 0.4236111111111111 0.662109375 0.375 0.66796875 0.3680555555555556 0.671875 0.3715277777777778
2 0.390625 0.3958333333333333 0.3984375 0.3888888888888889 0.400390625 0.3888888888888889 0.40234375 0.3958333333333333 0.40234375 0.40625 0.400390625 0.4131944444444444 0.3984375 0.4131944444444444 0.390625 0.4270833333333333 0.388671875 0.4340277777777778 0.388671875 0.4479166666666667 0.38671875 0.4513888888888889 0.388671875 0.4583333333333333 0.388671875 0.4826388888888889 0.390625 0.4895833333333333 0.396484375 0.4965277777777778 0.400390625 0.4965277777777778 0.396484375 0.5 0.388671875 0.4965277777777778 0.388671875 0.4930555555555556 0.384765625 0.4895833333333333 0.3828125 0.4826388888888889 0.3828125 0.46875 0.380859375 0.4618055555555556 0.376953125 0.4583333333333333 0.373046875 0.4652777777777778 0.373046875 0.4756944444444444 0.37109375 0.4826388888888889 0.365234375 0.4861111111111111 0.353515625 0.5069444444444444 0.35546875 0.5208333333333334 0.34765625 0.5208333333333334 0.34375 0.5173611111111112 0.34375 0.5069444444444444 0.34765625 0.5034722222222222 0.34765625 0.5 0.361328125 0.4722222222222222 0.359375 0.46875 0.359375 0.4583333333333333 0.35546875 0.4409722222222222 0.35546875 0.4236111111111111 0.359375 0.4166666666666667 0.3671875 0.4131944444444444 0.373046875 0.40625 0.380859375 0.40625 0.390625 0.3993055555555556
2 0.392578125 0.3298611111111111 0.396484375 0.3368055555555556 0.396484375 0.3472222222222222 0.404296875 0.3611111111111111 0.404296875 0.375 0.40234375 0.3784722222222222 0.404296875 0.3819444444444444 0.404296875 0.40625 0.404296875 0.3923611111111111 0.40234375 0.3888888888888889 0.3984375 0.3888888888888889 0.396484375 0.3923611111111111 0.392578125 0.3923611111111111 0.388671875 0.3993055555555556 0.375 0.4027777777777778 0.373046875 0.40625 0.37109375 0.3993055555555556 0.373046875 0.3923611111111111 0.373046875 0.3819444444444444 0.375 0.3784722222222222 0.375 0.3611111111111111 0.380859375 0.3506944444444444 0.38671875 0.3333333333333333 0.390625 0.3298611111111111
2 0.9921875 0.5069444444444444 0.998046875 0.5138888888888888 0.998046875 0.5486111111111112 0.984375 0.5277777777777778 0.98046875 0.5277777777777778 0.9765625 0.5347222222222222 0.9765625 0.5277777777777778 0.974609375 0.5243055555555556 0.974609375 0.5 0.9765625 0.4965277777777778 0.986328125 0.4965277777777778 0.990234375 0.5069444444444444
2 0.384765625 0.24305555555555555 0.388671875 0.2534722222222222 0.388671875 0.2604166666666667 0.376953125 0.2916666666666667 0.37109375 0.2986111111111111 0.3671875 0.3090277777777778 0.357421875 0.3159722222222222 0.349609375 0.3298611111111111 0.3359375 0.3402777777777778 0.33203125 0.3472222222222222 0.333984375 0.3541666666666667 0.32421875 0.3541666666666667 0.322265625 0.3506944444444444 0.322265625 0.34375 0.34375 0.3194444444444444 0.34375 0.2916666666666667 0.36328125 0.2604166666666667 0.369140625 0.2569444444444444 0.376953125 0.24305555555555555 0.3828125 0.24305555555555555
2 0.462890625 0.3159722222222222 0.47265625 0.3298611111111111 0.49609375 0.3298611111111111 0.498046875 0.3333333333333333 0.5 0.3541666666666667 0.494140625 0.375 0.498046875 0.3854166666666667 0.505859375 0.3958333333333333 0.505859375 0.4097222222222222 0.501953125 0.4131944444444444 0.5 0.4097222222222222 0.5 0.4027777777777778 0.49609375 0.3958333333333333 0.48828125 0.3958333333333333 0.48046875 0.3854166666666667 0.48046875 0.3715277777777778 0.478515625 0.3680555555555556 0.474609375 0.3680555555555556 0.470703125 0.375 0.466796875 0.3888888888888889 0.466796875 0.3958333333333333 0.4609375 0.3958333333333333 0.46484375 0.3784722222222222 0.46484375 0.3611111111111111 0.455078125 0.3402777777777778 0.455078125 0.3263888888888889 0.45703125 0.3194444444444444 0.4609375 0.3159722222222222
2 0.42578125 0.3368055555555556 0.43359375 0.3472222222222222 0.427734375 0.3854166666666667 0.431640625 0.3993055555555556 0.439453125 0.4131944444444444 0.44140625 0.4131944444444444 0.44140625 0.4236111111111111 0.439453125 0.4270833333333333 0.43359375 0.4270833333333333 0.431640625 0.4131944444444444 0.421875 0.3958333333333333 0.419921875 0.3958333333333333 0.416015625 0.4027777777777778 0.416015625 0.4131944444444444 0.41015625 0.4236111111111111 0.41015625 0.4340277777777778 0.412109375 0.4409722222222222 0.40234375 0.4409722222222222 0.40234375 0.4270833333333333 0.404296875 0.4236111111111111 0.404296875 0.4097222222222222 0.40625 0.40625 0.40625 0.3923611111111111 0.404296875 0.3888888888888889 0.40625 0.3645833333333333 0.404296875 0.3611111111111111 0.404296875 0.3541666666666667 0.408203125 0.3472222222222222 0.412109375 0.3472222222222222 0.4140625 0.34375 0.41796875 0.3472222222222222 0.423828125 0.3402777777777778
2 0.3828125 0.052083333333333336 0.390625 0.052083333333333336 0.392578125 0.05555555555555555 0.392578125 0.06944444444444445 0.38671875 0.0798611111111111 0.38671875 0.08680555555555555 0.384765625 0.09027777777777778 0.384765625 0.11805555555555555 0.388671875 0.1284722222222222 0.390625 0.1701388888888889 0.396484375 0.17708333333333334 0.396484375 0.18055555555555555 0.388671875 0.18055555555555555 0.38671875 0.1736111111111111 0.38671875 0.15625 0.384765625 0.1527777777777778 0.384765625 0.14583333333333334 0.376953125 0.1284722222222222 0.375 0.1284722222222222 0.359375 0.1597222222222222 0.35546875 0.1701388888888889 0.357421875 0.1736111111111111 0.35546875 0.18055555555555555 0.349609375 0.1736111111111111 0.357421875 0.1527777777777778 0.365234375 0.1388888888888889 0.3671875 0.13194444444444445 0.3671875 0.1111111111111111 0.37109375 0.10069444444444445 0.373046875 0.08333333333333333 0.37890625 0.07291666666666667 0.3828125 0.05555555555555555
2 0.392578125 0.3298611111111111 0.396484375 0.3368055555555556 0.396484375 0.3472222222222222 0.40234375 0.3541666666666667 0.404296875 0.3715277777777778 0.400390625 0.3854166666666667 0.396484375 0.3854166666666667 0.390625 0.3958333333333333 0.380859375 0.4027777777777778 0.373046875 0.4027777777777778 0.37109375 0.3993055555555556 0.37109375 0.3888888888888889 0.375 0.3784722222222222 0.375 0.3611111111111111 0.380859375 0.3506944444444444 0.38671875 0.3333333333333333 0.390625 0.3298611111111111
2 0.869140625 0.1736111111111111 0.873046875 0.1875 0.880859375 0.19444444444444445 0.880859375 0.19791666666666666 0.892578125 0.2222222222222222 0.890625 0.24305555555555555 0.8828125 0.2638888888888889 0.884765625 0.2986111111111111 0.88671875 0.3020833333333333 0.884765625 0.3090277777777778 0.873046875 0.3090277777777778 0.873046875 0.3055555555555556 0.87890625 0.2986111111111111 0.87890625 0.2847222222222222 0.873046875 0.2777777777777778 0.87109375 0.28125 0.873046875 0.2881944444444444 0.87109375 0.2951388888888889 0.865234375 0.2951388888888889 0.86328125 0.2916666666666667 0.869140625 0.2777777777777778 0.87109375 0.21875 0.859375 0.19791666666666666 0.857421875 0.19791666666666666 0.857421875 0.1909722222222222 0.85546875 0.1875 0.859375 0.1736111111111111 0.86328125 0.1701388888888889 0.8671875 0.1736111111111111