0 0.841796875 0.1736111111111111 0.841796875 0.1909722222222222 0.83203125 0.19791666666666666 0.83203125 0.17708333333333334 0.833984375 0.1736111111111111 0.83984375 0.1736111111111111
0 0.4848958333333333 0.2884259259259259 0.016666666666666666 0.03240740740740741
0 0.49166666666666664 0.35462962962962963 0.016666666666666666 0.02962962962962963
0 0.408203125 0.3263888888888889 0.41015625 0.3333333333333333 0.408203125 0.3368055555555556 0.408203125 0.3472222222222222 0.404296875 0.3472222222222222 0.3984375 0.3402777777777778 0.3984375 0.3298611111111111 0.400390625 0.3263888888888889 0.40625 0.3263888888888889
0 0.39791666666666664 0.08425925925925926 0.014583333333333334 0.024074074074074074
0 0.4296875 0.3645833333333333 0.4296875 0.3576388888888889 0.42578125 0.3506944444444444 0.427734375 0.34375 0.43359375 0.34375 0.4375 0.3541666666666667 0.435546875 0.3645833333333333 0.431640625 0.3645833333333333
0 0.80546875 0.7097222222222223 0.019270833333333334 0.03240740740740741
0 0.369140625 0.22569444444444445 0.369140625 0.21180555555555555 0.375 0.2048611111111111 0.380859375 0.21180555555555555 0.380859375 0.22916666666666666 0.373046875 0.22916666666666666 0.37109375 0.22569444444444445
0 0.21484375 0.2708333333333333 0.212890625 0.2604166666666667 0.216796875 0.25 0.22265625 0.25 0.228515625 0.2604166666666667 0.228515625 0.2673611111111111 0.224609375 0.2743055555555556 0.216796875 0.2708333333333333
0 0.984375 0.4826388888888889 0.984375 0.4652777777777778 0.990234375 0.4548611111111111 0.99609375 0.4548611111111111 0.998046875 0.4583333333333333 0.998046875 0.4791666666666667 0.99609375 0.4826388888888889 0.986328125 0.4826388888888889
0 0.412109375 0.3993055555555556 0.416015625 0.4027777777777778 0.416015625 0.4201388888888889 0.4140625 0.4236111111111111 0.408203125 0.4236111111111111 0.40625 0.4201388888888889 0.40625 0.4027777777777778 0.41015625 0.3993055555555556
0 0.619140625 0.5243055555555556 0.625 0.53125 0.626953125 0.5416666666666666 0.619140625 0.5520833333333334 0.611328125 0.5486111111111112 0.611328125 0.5347222222222222 0.6171875 0.5277777777777778
0 0.376953125 0.2465277777777778 0.37890625 0.25 0.37890625 0.2673611111111111 0.373046875 0.2673611111111111 0.3671875 0.2604166666666667 0.3671875 0.25 0.369140625 0.2465277777777778 0.375 0.2465277777777778
0 0.220703125 0.2847222222222222 0.224609375 0.2881944444444444 0.224609375 0.3020833333333333 0.22265625 0.3055555555555556 0.21484375 0.3055555555555556 0.2109375 0.3020833333333333 0.2109375 0.2881944444444444 0.212890625 0.2847222222222222 0.21875 0.2847222222222222
0 0.658203125 0.2361111111111111 0.6640625 0.24305555555555555 0.6640625 0.25 0.669921875 0.2638888888888889 0.669921875 0.2743055555555556 0.666015625 0.2708333333333333 0.658203125 0.2708333333333333 0.650390625 0.2604166666666667 0.650390625 0.2465277777777778 0.65625 0.23958333333333334
0 0.44921875 0.5381944444444444 0.453125 0.5486111111111112 0.44921875 0.5590277777777778 0.44140625 0.5590277777777778 0.435546875 0.5520833333333334 0.435546875 0.5451388888888888 0.439453125 0.5381944444444444 0.443359375 0.5347222222222222 0.447265625 0.5381944444444444
0 0.47265625 0.4791666666666667 0.474609375 0.4826388888888889 0.474609375 0.4965277777777778 0.47265625 0.5 0.46875 0.5 0.466796875 0.4930555555555556 0.466796875 0.4826388888888889 0.470703125 0.4791666666666667
0 0.484375 0.16319444444444445 0.486328125 0.16666666666666666 0.490234375 0.16666666666666666 0.4921875 0.18055555555555555 0.486328125 0.1909722222222222 0.482421875 0.1909722222222222 0.478515625 0.17708333333333334 0.482421875 0.16666666666666666
0 0.384765625 0.5034722222222222 0.388671875 0.4895833333333333 0.39453125 0.4895833333333333 0.3984375 0.5 0.396484375 0.5104166666666666 0.39453125 0.5138888888888888 0.38671875 0.5069444444444444
0 0.658203125 0.2361111111111111 0.6640625 0.24305555555555555 0.6640625 0.2534722222222222 0.66015625 0.2604166666666667 0.65234375 0.2638888888888889 0.650390625 0.2604166666666667 0.650390625 0.2465277777777778 0.65625 0.23958333333333334
0 0.423828125 0.5694444444444444 0.427734375 0.5763888888888888 0.427734375 0.5902777777777778 0.42578125 0.59375 0.419921875 0.59375 0.412109375 0.5868055555555556 0.4140625 0.5729166666666666 0.416015625 0.5694444444444444 0.421875 0.5694444444444444
0 0.689453125 0.3472222222222222 0.69140625 0.3541666666666667 0.69140625 0.3680555555555556 0.689453125 0.3715277777777778 0.68359375 0.3715277777777778 0.6796875 0.3680555555555556 0.6796875 0.3506944444444444 0.681640625 0.3472222222222222 0.6875 0.3472222222222222
0 0.4692708333333333 0.06527777777777778 0.013541666666666667 0.025
1 0.84375 0.19444444444444445 0.84765625 0.2048611111111111 0.84765625 0.21180555555555555 0.845703125 0.2152777777777778 0.845703125 0.24305555555555555 0.841796875 0.2465277777777778 0.83984375 0.24305555555555555 0.83203125 0.24305555555555555 0.830078125 0.23958333333333334 0.830078125 0.2326388888888889 0.83203125 0.22916666666666666 0.830078125 0.22569444444444445 0.830078125 0.21875 0.83203125 0.2152777777777778 0.83203125 0.19791666666666666 0.837890625 0.19791666666666666 0.841796875 0.19444444444444445
1 0.41796875 0.59375 0.423828125 0.6006944444444444 0.421875 0.6076388888888888 0.423828125 0.6111111111111112 0.423828125 0.6284722222222222 0.421875 0.6319444444444444 0.421875 0.6458333333333334 0.419921875 0.6493055555555556 0.4140625 0.6493055555555556 0.404296875 0.6354166666666666 0.400390625 0.6354166666666666 0.3984375 0.6319444444444444 0.3984375 0.625 0.404296875 0.6076388888888888 0.40625 0.59375 0.408203125 0.5902777777777778 0.4140625 0.5902777777777778 0.416015625 0.59375
1 0.49609375 0.2881944444444444 0.505859375 0.3055555555555556 0.505859375 0.3090277777777778 0.513671875 0.3194444444444444 0.513671875 0.3298611111111111 0.51171875 0.3333333333333333 0.501953125 0.3333333333333333 0.5 0.3368055555555556 0.494140625 0.3368055555555556 0.4921875 0.3229166666666667 0.486328125 0.3090277777777778 0.486328125 0.2986111111111111 0.4921875 0.2881944444444444 0.494140625 0.2881944444444444
1 0.66796875 0.2604166666666667 0.669921875 0.2673611111111111 0.669921875 0.28125 0.673828125 0.2916666666666667 0.673828125 0.3090277777777778 0.66015625 0.3125 0.66015625 0.3020833333333333 0.658203125 0.2986111111111111 0.658203125 0.2743055555555556 0.65625 0.2708333333333333 0.662109375 0.2638888888888889 0.666015625 0.2638888888888889
1 0.3984375 0.3576388888888889 0.40234375 0.3680555555555556 0.40234375 0.3819444444444444 0.400390625 0.3854166666666667 0.40234375 0.3923611111111111 0.396484375 0.3993055555555556 0.38671875 0.3993055555555556 0.376953125 0.3923611111111111 0.376953125 0.3854166666666667 0.3828125 0.3680555555555556 0.384765625 0.3680555555555556 0.390625 0.3576388888888889 0.396484375 0.3576388888888889
1 0.39453125 0.09027777777777778 0.3984375 0.09722222222222222 0.3984375 0.10416666666666667 0.388671875 0.1284722222222222 0.38671875 0.1284722222222222 0.384765625 0.12152777777777778 0.37890625 0.11805555555555555 0.37890625 0.11458333333333333 0.384765625 0.09722222222222222 0.392578125 0.09027777777777778
1 0.796875 0.7534722222222222 0.796875 0.7326388888888888 0.8125 0.71875 0.818359375 0.71875 0.818359375 0.7604166666666666 0.81640625 0.7638888888888888 0.818359375 0.7847222222222222 0.814453125 0.7881944444444444 0.8046875 0.7881944444444444 0.80078125 0.7847222222222222 0.798828125 0.7777777777777778 0.802734375 0.7638888888888888 0.802734375 0.7534722222222222 0.80078125 0.75 0.798828125 0.7534722222222222
1 0.36328125 0.2743055555555556 0.361328125 0.2708333333333333 0.361328125 0.23958333333333334 0.36328125 0.2326388888888889 0.365234375 0.22916666666666666 0.375 0.22916666666666666 0.37890625 0.2361111111111111 0.37890625 0.2465277777777778 0.375 0.2465277777777778 0.373046875 0.24305555555555555 0.3671875 0.25 0.3671875 0.2604166666666667 0.36328125 0.2708333333333333
1 0.21484375 0.2638888888888889 0.21875 0.2708333333333333 0.2265625 0.2743055555555556 0.2265625 0.2881944444444444 0.22265625 0.2847222222222222 0.2109375 0.2847222222222222 0.212890625 0.2777777777777778 0.212890625 0.2673611111111111
1 0.998046875 0.4861111111111111 0.998046875 0.5347222222222222 0.994140625 0.5381944444444444 0.986328125 0.5381944444444444 0.982421875 0.5347222222222222 0.982421875 0.5277777777777778 0.984375 0.5243055555555556 0.984375 0.5104166666666666 0.986328125 0.5069444444444444 0.986328125 0.4965277777777778 0.98828125 0.4895833333333333 0.990234375 0.4861111111111111 0.99609375 0.4861111111111111
1 0.626953125 0.5486111111111112 0.630859375 0.5590277777777778 0.630859375 0.59375 0.6328125 0.5972222222222222 0.6328125 0.6111111111111112 0.62109375 0.6111111111111112 0.6171875 0.6041666666666666 0.6171875 0.59375 0.615234375 0.5902777777777778 0.615234375 0.5555555555555556 0.625 0.5486111111111112
1 0.47265625 0.06944444444444445 0.478515625 0.06944444444444445 0.482421875 0.0763888888888889 0.4921875 0.11458333333333333 0.490234375 0.11805555555555555 0.478515625 0.11805555555555555 0.4765625 0.11458333333333333 0.4765625 0.10069444444444445 0.46875 0.0798611111111111 0.47265625 0.07291666666666667
1 0.40234375 0.4027777777777778 0.404296875 0.40625 0.404296875 0.4201388888888889 0.400390625 0.4166666666666667 0.392578125 0.4201388888888889 0.38671875 0.4305555555555556 0.38671875 0.4375 0.373046875 0.4305555555555556 0.373046875 0.4131944444444444 0.375 0.4097222222222222 0.3828125 0.4097222222222222 0.390625 0.4027777777777778 0.400390625 0.4027777777777778
1 0.423828125 0.34375 0.4296875 0.3576388888888889 0.4296875 0.3680555555555556 0.427734375 0.3715277777777778 0.42578125 0.3680555555555556 0.421875 0.3819444444444444 0.412109375 0.3819444444444444 0.40625 0.375 0.40625 0.3541666666666667 0.412109375 0.34375 0.421875 0.34375
1 0.2109375 0.3055555555555556 0.22265625 0.3055555555555556 0.2265625 0.3194444444444444 0.224609375 0.3472222222222222 0.22265625 0.3506944444444444 0.21875 0.3506944444444444 0.216796875 0.3472222222222222 0.216796875 0.3333333333333333 0.21875 0.3298611111111111 0.216796875 0.3263888888888889 0.212890625 0.3263888888888889 0.2109375 0.3298611111111111 0.2109375 0.34375 0.208984375 0.34375 0.208984375 0.3159722222222222 0.2109375 0.3090277777777778
1 0.498046875 0.3541666666666667 0.501953125 0.3541666666666667 0.51171875 0.3715277777777778 0.517578125 0.3923611111111111 0.517578125 0.4097222222222222 0.515625 0.4131944444444444 0.501953125 0.4131944444444444 0.498046875 0.40625 0.498046875 0.3958333333333333 0.4921875 0.3819444444444444 0.4921875 0.3680555555555556 0.498046875 0.3576388888888889
1 0.435546875 0.5590277777777778 0.443359375 0.5590277777777778 0.447265625 0.5625 0.447265625 0.5694444444444444 0.44140625 0.59375 0.44140625 0.6076388888888888 0.435546875 0.6145833333333334 0.427734375 0.6041666666666666 0.427734375 0.5972222222222222 0.431640625 0.5833333333333334 0.4296875 0.5763888888888888 0.435546875 0.5625
1 0.4765625 0.4826388888888889 0.48828125 0.4791666666666667 0.50390625 0.4895833333333333 0.5 0.5034722222222222 0.494140625 0.5138888888888888 0.48828125 0.5208333333333334 0.482421875 0.5208333333333334 0.474609375 0.5034722222222222 0.474609375 0.4895833333333333 0.4765625 0.4861111111111111
1 0.49609375 0.1840277777777778 0.501953125 0.19444444444444445 0.501953125 0.21180555555555555 0.5 0.2152777777777778 0.501953125 0.2326388888888889 0.5 0.2361111111111111 0.48828125 0.2361111111111111 0.484375 0.2222222222222222 0.484375 0.2013888888888889 0.482421875 0.19444444444444445 0.494140625 0.1840277777777778
1 0.365234375 0.5659722222222222 0.365234375 0.5590277777777778 0.37109375 0.5347222222222222 0.3828125 0.5104166666666666 0.388671875 0.5104166666666666 0.392578125 0.5208333333333334 0.390625 0.53125 0.384765625 0.53125 0.3828125 0.5347222222222222 0.384765625 0.5416666666666666 0.384765625 0.5555555555555556 0.380859375 0.5625 0.37890625 0.5729166666666666 0.37109375 0.5729166666666666 0.3671875 0.5659722222222222
1 0.37109375 0.2638888888888889 0.3828125 0.2777777777777778 0.388671875 0.2777777777777778 0.388671875 0.2847222222222222 0.384765625 0.2916666666666667 0.384765625 0.3125 0.3828125 0.3159722222222222 0.373046875 0.3125 0.369140625 0.3090277777777778 0.3671875 0.3020833333333333 0.3671875 0.2916666666666667 0.365234375 0.2881944444444444 0.36328125 0.2708333333333333 0.369140625 0.2638888888888889
1 0.69140625 0.3680555555555556 0.6953125 0.3680555555555556 0.697265625 0.3715277777777778 0.697265625 0.3784722222222222 0.6953125 0.3819444444444444 0.6953125 0.4097222222222222 0.693359375 0.4166666666666667 0.685546875 0.4201388888888889 0.677734375 0.4131944444444444 0.67578125 0.40625 0.671875 0.40625 0.671875 0.375 0.673828125 0.3715277777777778 0.68359375 0.3715277777777778 0.685546875 0.375 0.689453125 0.375 0.69140625 0.3715277777777778
2 0.689453125 0.3472222222222222 0.69140625 0.3611111111111111 0.697265625 0.3715277777777778 0.697265625 0.4097222222222222 0.69140625 0.4340277777777778 0.689453125 0.4826388888888889 0.685546875 0.4895833333333333 0.685546875 0.5 0.6796875 0.5 0.6796875 0.4722222222222222 0.677734375 0.46875 0.677734375 0.4479166666666667 0.67578125 0.4444444444444444 0.67578125 0.4201388888888889 0.669921875 0.3993055555555556 0.671875 0.3958333333333333 0.671875 0.375 0.6796875 0.3645833333333333 0.6796875 0.3506944444444444 0.681640625 0.3472222222222222 0.6875 0.3472222222222222
2 0.3671875 0.25 0.37109375 0.2465277777777778 0.376953125 0.2465277777777778 0.380859375 0.2604166666666667 0.37890625 0.2638888888888889 0.37890625 0.2708333333333333 0.380859375 0.2743055555555556 0.392578125 0.2743055555555556 0.39453125 0.2708333333333333 0.3984375 0.2708333333333333 0.400390625 0.2743055555555556 0.39453125 0.28125 0.390625 0.28125 0.384765625 0.2916666666666667 0.384765625 0.3541666666666667 0.380859375 0.3715277777777778 0.376953125 0.3784722222222222 0.376953125 0.3715277777777778 0.373046875 0.3611111111111111 0.369140625 0.3645833333333333 0.365234375 0.375 0.369140625 0.3854166666666667 0.3671875 0.3888888888888889 0.359375 0.3888888888888889 0.359375 0.3784722222222222 0.36328125 0.3680555555555556 0.36328125 0.3506944444444444 0.365234375 0.3472222222222222 0.365234375 0.3159722222222222 0.3671875 0.3125 0.3671875 0.2951388888888889 0.36328125 0.28125 0.36328125 0.2708333333333333 0.3671875 0.2604166666666667 0.3671875 0.2534722222222222
2 0.38671875 0.4930555555555556 0.390625 0.4895833333333333 0.396484375 0.4930555555555556 0.396484375 0.5104166666666666 0.392578125 0.5173611111111112 0.392578125 0.5277777777777778 0.388671875 0.5381944444444444 0.388671875 0.5451388888888888 0.39453125 0.5625 0.39453125 0.5694444444444444 0.388671875 0.5694444444444444 0.38671875 0.5659722222222222 0.384765625 0.5694444444444444 0.384765625 0.5798611111111112 0.38671875 0.5833333333333334 0.38671875 0.6284722222222222 0.392578125 0.6458333333333334 0.384765625 0.6458333333333334 0.3828125 0.6423611111111112 0.3828125 0.6284722222222222 0.380859375 0.625 0.380859375 0.6145833333333334 0.376953125 0.5972222222222222 0.359375 0.6180555555555556 0.3515625 0.6319444444444444 0.349609375 0.6388888888888888 0.3515625 0.6423611111111112 0.3515625 0.6493055555555556 0.34765625 0.6493055555555556 0.34375 0.6388888888888888 0.34375 0.6319444444444444 0.353515625 0.6145833333333334 0.353515625 0.6111111111111112 0.36328125 0.5972222222222222 0.36328125 0.5659722222222222 0.3671875 0.5555555555555556 0.3671875 0.5486111111111112 0.37109375 0.5347222222222222 0.3828125 0.5138888888888888 0.3828125 0.5069444444444444 0.38671875 0.4965277777777778
2 0.484375 0.16319444444444445 0.48828125 0.16666666666666666 0.501953125 0.19444444444444445 0.501953125 0.2048611111111111 0.505859375 0.2222222222222222 0.505859375 0.23958333333333334 0.5078125 0.24305555555555555 0.505859375 0.2465277777777778 0.505859375 0.2673611111111111 0.509765625 0.2743055555555556 0.509765625 0.2847222222222222 0.51171875 0.2881944444444444 0.513671875 0.3090277777777778 0.51171875 0.3125 0.5078125 0.3090277777777778 0.5078125 0.2916666666666667 0.501953125 0.2708333333333333 0.494140625 0.2534722222222222 0.486328125 0.2708333333333333 0.482421875 0.2708333333333333 0.48046875 0.2743055555555556 0.482421875 0.2465277777777778 0.484375 0.24305555555555555 0.484375 0.2013888888888889 0.48046875 0.1909722222222222 0.48046875 0.1701388888888889 0.482421875 0.16666666666666666
2 0.44921875 0.5381944444444444 0.451171875 0.5416666666666666 0.451171875 0.5555555555555556 0.44140625 0.59375 0.443359375 0.5972222222222222 0.443359375 0.6111111111111112 0.453125 0.6319444444444444 0.44921875 0.6423611111111112 0.44921875 0.6597222222222222 0.451171875 0.6631944444444444 0.451171875 0.6770833333333334 0.45703125 0.6840277777777778 0.45703125 0.6875 0.44921875 0.6875 0.447265625 0.6840277777777778 0.4453125 0.6527777777777778 0.43359375 0.6215277777777778 0.431640625 0.6111111111111112 0.427734375 0.6041666666666666 0.4296875 0.5833333333333334 0.431640625 0.5798611111111112 0.431640625 0.5694444444444444 0.435546875 0.5625 0.435546875 0.5486111111111112 0.4375 0.5416666666666666 0.443359375 0.5347222222222222 0.447265625 0.5381944444444444
2 0.47265625 0.4791666666666667 0.474609375 0.4826388888888889 0.48828125 0.4791666666666667 0.49609375 0.4861111111111111 0.501953125 0.4861111111111111 0.505859375 0.4930555555555556 0.509765625 0.4930555555555556 0.513671875 0.5069444444444444 0.515625 0.5243055555555556 0.51953125 0.5347222222222222 0.525390625 0.5347222222222222 0.52734375 0.5381944444444444 0.537109375 0.5416666666666666 0.54296875 0.5486111111111112 0.54296875 0.5590277777777778 0.541015625 0.5590277777777778 0.533203125 0.5486111111111112 0.51953125 0.5451388888888888 0.51171875 0.5381944444444444 0.51171875 0.5347222222222222 0.50390625 0.5208333333333334 0.498046875 0.5208333333333334 0.490234375 0.5277777777777778 0.490234375 0.5347222222222222 0.494140625 0.5416666666666666 0.494140625 0.5486111111111112 0.5 0.5625 0.498046875 0.5659722222222222 0.486328125 0.5659722222222222 0.490234375 0.5555555555555556 0.484375 0.5416666666666666 0.478515625 0.5486111111111112 0.474609375 0.5486111111111112 0.478515625 0.53125 0.478515625 0.5138888888888888 0.4765625 0.5069444444444444 0.474609375 0.5034722222222222 0.470703125 0.5034722222222222 0.466796875 0.4930555555555556 0.466796875 0.4826388888888889 0.470703125 0.4791666666666667
2 0.49609375 0.34375 0.498046875 0.3506944444444444 0.51171875 0.3715277777777778 0.51953125 0.40625 0.51953125 0.4201388888888889 0.521484375 0.4236111111111111 0.513671875 0.4340277777777778 0.513671875 0.4548611111111111 0.515625 0.4583333333333333 0.515625 0.4756944444444444 0.517578125 0.4791666666666667 0.517578125 0.4861111111111111 0.515625 0.4895833333333333 0.505859375 0.4895833333333333 0.50390625 0.4861111111111111 0.501953125 0.4236111111111111 0.5 0.4201388888888889 0.498046875 0.4027777777777778 0.494140625 0.3958333333333333 0.4921875 0.375 0.484375 0.3611111111111111 0.484375 0.3506944444444444 0.48828125 0.34375 0.494140625 0.34375
2 0.21692708333333333 0.36296296296296293 0.0203125 0.15925925925925927
2 0.408203125 0.3368055555555556 0.41015625 0.34375 0.416015625 0.34375 0.41796875 0.3402777777777778 0.419921875 0.34375 0.431640625 0.34375 0.435546875 0.3472222222222222 0.435546875 0.3645833333333333 0.431640625 0.3715277777777778 0.431640625 0.3854166666666667 0.435546875 0.3993055555555556 0.439453125 0.4027777777777778 0.44140625 0.4131944444444444 0.447265625 0.4236111111111111 0.447265625 0.4270833333333333 0.443359375 0.4305555555555556 0.4375 0.4305555555555556 0.435546875 0.4270833333333333 0.435546875 0.4166666666666667 0.43359375 0.4097222222222222 0.427734375 0.3993055555555556 0.423828125 0.3854166666666667 0.41796875 0.3854166666666667 0.416015625 0.3888888888888889 0.41796875 0.4027777777777778 0.4140625 0.4027777777777778 0.412109375 0.3958333333333333 0.404296875 0.3923611111111111 0.404296875 0.3645833333333333 0.40625 0.3611111111111111 0.40625 0.3472222222222222 0.408203125 0.3402777777777778
2 0.412109375 0.4027777777777778 0.416015625 0.4097222222222222 0.416015625 0.4166666666666667 0.41015625 0.4236111111111111 0.408203125 0.4201388888888889 0.39453125 0.4409722222222222 0.39453125 0.4618055555555556 0.392578125 0.4652777777777778 0.39453125 0.4895833333333333 0.390625 0.4895833333333333 0.384765625 0.4791666666666667 0.37890625 0.4930555555555556 0.376953125 0.5173611111111112 0.373046875 0.5173611111111112 0.37109375 0.5138888888888888 0.37109375 0.5034722222222222 0.373046875 0.5 0.376953125 0.4618055555555556 0.3671875 0.4375 0.365234375 0.4305555555555556 0.365234375 0.4201388888888889 0.37109375 0.4097222222222222 0.384765625 0.4097222222222222 0.392578125 0.4027777777777778 0.41015625 0.4027777777777778
2 0.466796875 0.05555555555555555 0.47265625 0.05555555555555555 0.482421875 0.0763888888888889 0.4921875 0.11458333333333333 0.4921875 0.125 0.486328125 0.13541666666666666 0.486328125 0.14583333333333334 0.484375 0.14930555555555555 0.484375 0.15625 0.486328125 0.1597222222222222 0.482421875 0.16319444444444445 0.478515625 0.1736111111111111 0.4765625 0.1736111111111111 0.4765625 0.14583333333333334 0.474609375 0.1423611111111111 0.474609375 0.09722222222222222 0.46484375 0.07291666666666667 0.46484375 0.0625 0.466796875 0.059027777777777776
2 0.388671875 0.3472222222222222 0.392578125 0.3472222222222222 0.400390625 0.3263888888888889 0.40625 0.3263888888888889 0.408203125 0.3298611111111111 0.408203125 0.3368055555555556 0.412109375 0.34375 0.435546875 0.3472222222222222 0.435546875 0.3645833333333333 0.431640625 0.3715277777777778 0.431640625 0.3854166666666667 0.439453125 0.4097222222222222 0.4453125 0.4201388888888889 0.4453125 0.4270833333333333 0.443359375 0.4305555555555556 0.4375 0.4305555555555556 0.435546875 0.4270833333333333 0.435546875 0.4131944444444444 0.43359375 0.40625 0.4296875 0.4027777777777778 0.42578125 0.3888888888888889 0.419921875 0.3819444444444444 0.416015625 0.3888888888888889 0.41796875 0.3958333333333333 0.41796875 0.40625 0.4140625 0.3993055555555556 0.404296875 0.3993055555555556 0.40234375 0.3958333333333333 0.396484375 0.3958333333333333 0.38671875 0.4027777777777778 0.37890625 0.4027777777777778 0.376953125 0.3993055555555556 0.376953125 0.3888888888888889 0.3828125 0.3680555555555556 0.38671875 0.3645833333333333 0.388671875 0.3506944444444444
2 0.623046875 0.5277777777777778 0.630859375 0.5555555555555556 0.630859375 0.59375 0.6328125 0.5972222222222222 0.6328125 0.6111111111111112 0.62890625 0.6215277777777778 0.626953125 0.6423611111111112 0.638671875 0.6631944444444444 0.64453125 0.6666666666666666 0.638671875 0.6875 0.634765625 0.6840277777777778 0.63671875 0.6805555555555556 0.63671875 0.6736111111111112 0.626953125 0.65625 0.623046875 0.6631944444444444 0.623046875 0.6840277777777778 0.611328125 0.6840277777777778 0.609375 0.6805555555555556 0.6171875 0.6736111111111112 0.6171875 0.6319444444444444 0.615234375 0.6284722222222222 0.615234375 0.6180555555555556 0.6171875 0.6145833333333334 0.615234375 0.6111111111111112 0.609375 0.6145833333333334 0.609375 0.6006944444444444 0.61328125 0.59375 0.61328125 0.5763888888888888 0.609375 0.5659722222222222 0.609375 0.5520833333333334 0.611328125 0.5486111111111112 0.611328125 0.5347222222222222 0.615234375 0.5277777777777778 0.62109375 0.5277777777777778
2 0.99609375 0.4548611111111111 0.998046875 0.4583333333333333 0.998046875 0.6145833333333334 0.99609375 0.6180555555555556 0.99609375 0.625 0.984375 0.625 0.982421875 0.6215277777777778 0.986328125 0.6180555555555556 0.990234375 0.6076388888888888 0.990234375 0.5763888888888888 0.98828125 0.5729166666666666 0.986328125 0.5486111111111112 0.982421875 0.5416666666666666 0.974609375 0.5416666666666666 0.96875 0.5277777777777778 0.96875 0.5243055555555556 0.9765625 0.5208333333333334 0.984375 0.5104166666666666 0.986328125 0.5034722222222222 0.984375 0.4965277777777778 0.984375 0.4652777777777778 0.98828125 0.4583333333333333 0.994140625 0.4548611111111111
2 0.2109375 0.2847222222222222 0.212890625 0.2777777777777778 0.212890625 0.2569444444444444 0.216796875 0.25 0.22265625 0.25 0.228515625 0.2604166666666667 0.228515625 0.2708333333333333 0.2265625 0.2743055555555556 0.2265625 0.2847222222222222 0.22265625 0.2847222222222222 0.220703125 0.28125 0.212890625 0.2847222222222222
2 0.359375 0.2638888888888889 0.361328125 0.2604166666666667 0.361328125 0.23958333333333334 0.36328125 0.2361111111111111 0.36328125 0.22916666666666666 0.3671875 0.2222222222222222 0.369140625 0.21180555555555555 0.376953125 0.2048611111111111 0.380859375 0.21180555555555555 0.380859375 0.2326388888888889 0.37890625 0.2361111111111111 0.37890625 0.2465277777777778 0.37109375 0.24305555555555555 0.365234375 0.2534722222222222 0.365234375 0.2638888888888889 0.36328125 0.2673611111111111 0.365234375 0.3020833333333333 0.359375 0.28125 0.361328125 0.2673611111111111
2 0.35546875 0.1840277777777778 0.37109375 0.1527777777777778 0.373046875 0.14583333333333334 0.373046875 0.13541666666666666 0.375 0.13194444444444445 0.375 0.12152777777777778 0.380859375 0.1111111111111111 0.384765625 0.09722222222222222 0.39453125 0.0763888888888889 0.400390625 0.0763888888888889 0.404296875 0.08333333333333333 0.404296875 0.09027777777777778 0.400390625 0.09722222222222222 0.3984375 0.1076388888888889 0.390625 0.12152777777777778 0.390625 0.13194444444444445 0.396484375 0.1423611111111111 0.39453125 0.14930555555555555 0.39453125 0.1840277777777778 0.400390625 0.1909722222222222 0.400390625 0.19444444444444445 0.392578125 0.19444444444444445 0.390625 0.1909722222222222 0.390625 0.16319444444444445 0.388671875 0.15625 0.380859375 0.14583333333333334 0.376953125 0.15625 0.375 0.15625 0.36328125 0.17708333333333334 0.361328125 0.1840277777777778 0.36328125 0.1909722222222222 0.359375 0.1909722222222222 0.357421875 0.1875
2 0.3984375 0.3402777777777778 0.404296875 0.3472222222222222 0.404296875 0.3784722222222222 0.40234375 0.3854166666666667 0.412109375 0.3958333333333333 0.40625 0.3958333333333333 0.404296875 0.3993055555555556 0.392578125 0.3993055555555556 0.384765625 0.40625 0.37890625 0.40625 0.376953125 0.4027777777777778 0.376953125 0.3854166666666667 0.388671875 0.3541666666666667 0.388671875 0.3472222222222222 0.39453125 0.3472222222222222 0.396484375 0.34375
2 0.658203125 0.2361111111111111 0.6640625 0.24305555555555555 0.669921875 0.2638888888888889 0.669921875 0.28125 0.673828125 0.2916666666666667 0.671875 0.3368055555555556 0.67578125 0.34375 0.677734375 0.3576388888888889 0.67578125 0.3611111111111111 0.67578125 0.3576388888888889 0.66796875 0.3472222222222222 0.666015625 0.3506944444444444 0.666015625 0.3611111111111111 0.662109375 0.3680555555555556 0.662109375 0.3819444444444444 0.65234375 0.3819444444444444 0.65234375 0.3784722222222222 0.658203125 0.3680555555555556 0.658203125 0.3576388888888889 0.66015625 0.3541666666666667 0.66015625 0.3229166666666667 0.654296875 0.3159722222222222 0.654296875 0.3055555555555556 0.658203125 0.2986111111111111 0.658203125 0.28125 0.65625 0.2777777777777778 0.65625 0.2708333333333333 0.650390625 0.2604166666666667 0.650390625 0.2465277777777778 0.65625 0.23958333333333334
2 0.818359375 0.71875 0.818359375 0.7604166666666666 0.81640625 0.7638888888888888 0.818359375 0.7847222222222222 0.8125 0.8055555555555556 0.8125 0.8263888888888888 0.814453125 0.8298611111111112 0.818359375 0.8784722222222222 0.810546875 0.8784722222222222 0.8046875 0.8715277777777778 0.8046875 0.8680555555555556 0.798828125 0.8576388888888888 0.802734375 0.8506944444444444 0.802734375 0.8298611111111112 0.80078125 0.8263888888888888 0.80078125 0.8159722222222222 0.798828125 0.8125 0.798828125 0.8020833333333334 0.794921875 0.7847222222222222 0.796875 0.7777777777777778 0.796875 0.7534722222222222 0.794921875 0.7465277777777778 0.798828125 0.7291666666666666 0.796875 0.7048611111111112 0.802734375 0.6944444444444444 0.80859375 0.6944444444444444 0.8125 0.7013888888888888 0.81640625 0.71875
2 0.498046875 0.2916666666666667 0.505859375 0.3055555555555556 0.505859375 0.3090277777777778 0.513671875 0.3194444444444444 0.513671875 0.3368055555555556 0.51171875 0.3402777777777778 0.51171875 0.3541666666666667 0.509765625 0.3611111111111111 0.5 0.3506944444444444 0.5 0.3472222222222222 0.494140625 0.3368055555555556 0.4921875 0.3368055555555556 0.4921875 0.3263888888888889 0.48828125 0.3125 0.478515625 0.2986111111111111 0.478515625 0.28125 0.482421875 0.2743055555555556 0.48828125 0.2743055555555556 0.49609375 0.2916666666666667
2 0.423828125 0.5694444444444444 0.427734375 0.5763888888888888 0.427734375 0.59375 0.42578125 0.5972222222222222 0.42578125 0.6041666666666666 0.4296875 0.6145833333333334 0.4296875 0.6319444444444444 0.419921875 0.6597222222222222 0.419921875 0.6666666666666666 0.41796875 0.6701388888888888 0.41796875 0.6909722222222222 0.419921875 0.6944444444444444 0.421875 0.7152777777777778 0.4296875 0.7222222222222222 0.4296875 0.7256944444444444 0.41796875 0.7256944444444444 0.4140625 0.7222222222222222 0.4140625 0.7013888888888888 0.41015625 0.6840277777777778 0.40625 0.6805555555555556 0.396484375 0.6909722222222222 0.39453125 0.6979166666666666 0.38671875 0.7083333333333334 0.384765625 0.7152777777777778 0.38671875 0.7361111111111112 0.380859375 0.7326388888888888 0.375 0.7222222222222222 0.375 0.71875 0.3828125 0.7048611111111112 0.384765625 0.6944444444444444 0.39453125 0.6736111111111112 0.39453125 0.6631944444444444 0.396484375 0.6597222222222222 0.396484375 0.6493055555555556 0.39453125 0.6423611111111112 0.3984375 0.6319444444444444 0.3984375 0.625 0.404296875 0.6076388888888888 0.40625 0.59375 0.412109375 0.5833333333333334 0.416015625 0.5694444444444444 0.421875 0.5694444444444444
2 0.841796875 0.1736111111111111 0.841796875 0.1875 0.84765625 0.2013888888888889 0.84765625 0.24305555555555555 0.845703125 0.2465277777777778 0.84765625 0.25 0.84765625 0.2604166666666667 0.841796875 0.2708333333333333 0.841796875 0.3125 0.83984375 0.3159722222222222 0.83203125 0.3159722222222222 0.826171875 0.3090277777777778 0.826171875 0.3055555555555556 0.83203125 0.2951388888888889 0.826171875 0.2777777777777778 0.826171875 0.24305555555555555 0.828125 0.23958333333333334 0.828125 0.22569444444444445 0.830078125 0.2222222222222222 0.830078125 0.1875 0.833984375 0.1736111111111111 0.83984375 0.1736111111111111