0 0.251953125 0.4201388888888889 0.25 0.4131944444444444 0.25 0.40625 0.251953125 0.4027777777777778 0.2578125 0.4027777777777778 0.259765625 0.40625 0.259765625 0.4201388888888889 0.25390625 0.4201388888888889
0 0.48828125 0.4444444444444444 0.4921875 0.4513888888888889 0.490234375 0.4548611111111111 0.490234375 0.4618055555555556 0.486328125 0.4618055555555556 0.48046875 0.4548611111111111 0.48046875 0.4513888888888889 0.486328125 0.4444444444444444
0 0.5130208333333334 0.3907407407407407 0.0125 0.022222222222222223
0 0.503125 0.4680555555555556 0.0125 0.02314814814814815
0 0.4765625 0.3923611111111111 0.474609375 0.3854166666666667 0.474609375 0.3784722222222222 0.4765625 0.375 0.482421875 0.375 0.482421875 0.3923611111111111 0.478515625 0.3923611111111111
0 0.345703125 0.4270833333333333 0.34765625 0.4201388888888889 0.3515625 0.4166666666666667 0.357421875 0.4305555555555556 0.35546875 0.4375 0.349609375 0.4375 0.34765625 0.4305555555555556
0 0.63671875 0.5625 0.642578125 0.5625 0.646484375 0.5694444444444444 0.64453125 0.5763888888888888 0.63671875 0.5798611111111112 0.634765625 0.5763888888888888 0.634765625 0.5694444444444444 0.63671875 0.5659722222222222
0 0.4921875 0.4027777777777778 0.4921875 0.4131944444444444 0.490234375 0.4201388888888889 0.482421875 0.4131944444444444 0.482421875 0.40625 0.484375 0.4027777777777778 0.490234375 0.4027777777777778
0 0.490234375 0.4895833333333333 0.490234375 0.4791666666666667 0.4921875 0.4756944444444444 0.498046875 0.4756944444444444 0.5 0.4791666666666667 0.49609375 0.4895833333333333 0.4921875 0.4895833333333333
0 0.451171875 0.3263888888888889 0.45703125 0.3229166666666667 0.4609375 0.3298611111111111 0.458984375 0.3402777777777778 0.455078125 0.3402777777777778 0.451171875 0.3298611111111111
0 0.4296875 0.3958333333333333 0.431640625 0.3993055555555556 0.4296875 0.4131944444444444 0.421875 0.4097222222222222 0.421875 0.4027777777777778 0.427734375 0.3958333333333333
0 0.5078125 0.4166666666666667 0.5078125 0.4270833333333333 0.505859375 0.4305555555555556 0.5 0.4305555555555556 0.498046875 0.4270833333333333 0.498046875 0.4201388888888889 0.5 0.4166666666666667 0.505859375 0.4166666666666667
0 0.595703125 0.4513888888888889 0.60546875 0.4513888888888889 0.607421875 0.4548611111111111 0.607421875 0.4618055555555556 0.6015625 0.46875 0.59765625 0.46875 0.595703125 0.4652777777777778 0.595703125 0.4548611111111111
0 0.45546875 0.4425925925925926 0.0109375 0.024074074074074074
0 0.5239583333333333 0.32453703703703707 0.011458333333333333 0.02314814814814815
0 0.6171875 0.3541666666666667 0.619140625 0.3576388888888889 0.619140625 0.3680555555555556 0.6171875 0.3715277777777778 0.611328125 0.3715277777777778 0.609375 0.3680555555555556 0.609375 0.3611111111111111 0.615234375 0.3541666666666667
0 0.591796875 0.1875 0.595703125 0.19791666666666666 0.591796875 0.2048611111111111 0.587890625 0.2048611111111111 0.5859375 0.2013888888888889 0.5859375 0.19444444444444445 0.58984375 0.1909722222222222
0 0.619140625 0.4131944444444444 0.625 0.4097222222222222 0.62890625 0.4166666666666667 0.625 0.4270833333333333 0.62109375 0.4270833333333333 0.6171875 0.4201388888888889 0.619140625 0.4166666666666667
0 0.537109375 0.17708333333333334 0.537109375 0.1875 0.53515625 0.1909722222222222 0.53125 0.1909722222222222 0.529296875 0.1875 0.529296875 0.1840277777777778 0.53515625 0.17708333333333334
1 0.48828125 0.4652777777777778 0.490234375 0.4722222222222222 0.48828125 0.4756944444444444 0.48828125 0.4826388888888889 0.486328125 0.4826388888888889 0.478515625 0.4965277777777778 0.47265625 0.4965277777777778 0.46875 0.4930555555555556 0.466796875 0.4861111111111111 0.48046875 0.4583333333333333 0.486328125 0.4652777777777778
1 0.51171875 0.4791666666666667 0.515625 0.4861111111111111 0.515625 0.4965277777777778 0.513671875 0.5034722222222222 0.509765625 0.5034722222222222 0.505859375 0.5104166666666666 0.5 0.5104166666666666 0.494140625 0.5034722222222222 0.494140625 0.4930555555555556 0.498046875 0.4826388888888889 0.505859375 0.4826388888888889 0.509765625 0.4791666666666667
1 0.486328125 0.5 0.490234375 0.5069444444444444 0.490234375 0.5138888888888888 0.48828125 0.5208333333333334 0.478515625 0.5347222222222222 0.46875 0.53125 0.46484375 0.5208333333333334 0.466796875 0.5173611111111112 0.466796875 0.5104166666666666 0.4765625 0.4965277777777778 0.482421875 0.4965277777777778 0.484375 0.5
1 0.529296875 0.3298611111111111 0.53515625 0.3368055555555556 0.541015625 0.3541666666666667 0.541015625 0.3680555555555556 0.54296875 0.3715277777777778 0.541015625 0.3854166666666667 0.529296875 0.3854166666666667 0.525390625 0.3819444444444444 0.525390625 0.375 0.5234375 0.3715277777777778 0.5234375 0.3611111111111111 0.525390625 0.3576388888888889 0.5234375 0.3402777777777778 0.52734375 0.3333333333333333
1 0.486328125 0.4166666666666667 0.490234375 0.4270833333333333 0.48828125 0.4409722222222222 0.48046875 0.4409722222222222 0.4765625 0.4340277777777778 0.47265625 0.4340277777777778 0.470703125 0.4305555555555556 0.4765625 0.4166666666666667 0.48046875 0.4131944444444444 0.484375 0.4166666666666667
1 0.609375 0.4652777777777778 0.62109375 0.4930555555555556 0.619140625 0.5 0.615234375 0.5 0.61328125 0.5034722222222222 0.60546875 0.5034722222222222 0.599609375 0.4930555555555556 0.599609375 0.4756944444444444 0.6015625 0.46875 0.607421875 0.4652777777777778
1 0.41796875 0.4097222222222222 0.423828125 0.4097222222222222 0.427734375 0.4166666666666667 0.43359375 0.40625 0.435546875 0.40625 0.439453125 0.4097222222222222 0.443359375 0.4236111111111111 0.44140625 0.4340277777777778 0.435546875 0.4444444444444444 0.431640625 0.4444444444444444 0.421875 0.4375 0.41796875 0.4305555555555556 0.41796875 0.4131944444444444
1 0.52734375 0.3993055555555556 0.53515625 0.4201388888888889 0.521484375 0.4201388888888889 0.513671875 0.4097222222222222 0.513671875 0.3993055555555556 0.515625 0.3958333333333333 0.521484375 0.3923611111111111 0.525390625 0.3993055555555556
1 0.591796875 0.2013888888888889 0.595703125 0.2013888888888889 0.607421875 0.22569444444444445 0.607421875 0.22916666666666666 0.595703125 0.22916666666666666 0.58984375 0.21180555555555555 0.591796875 0.2048611111111111
1 0.345703125 0.4305555555555556 0.3515625 0.4409722222222222 0.353515625 0.4409722222222222 0.35546875 0.4340277777777778 0.359375 0.4305555555555556 0.359375 0.4340277777777778 0.3671875 0.4479166666666667 0.369140625 0.4618055555555556 0.357421875 0.4444444444444444 0.35546875 0.4444444444444444 0.349609375 0.4583333333333333 0.345703125 0.4618055555555556 0.33984375 0.4618055555555556 0.337890625 0.4583333333333333 0.337890625 0.4375 0.34375 0.4305555555555556
1 0.474609375 0.3819444444444444 0.478515625 0.3958333333333333 0.478515625 0.40625 0.4765625 0.40625 0.466796875 0.4270833333333333 0.46484375 0.4236111111111111 0.455078125 0.4201388888888889 0.453125 0.4166666666666667 0.453125 0.4097222222222222 0.458984375 0.3958333333333333 0.4609375 0.3958333333333333 0.466796875 0.3854166666666667 0.47265625 0.3819444444444444
1 0.65625 0.5833333333333334 0.6640625 0.5972222222222222 0.6640625 0.6041666666666666 0.662109375 0.6076388888888888 0.6484375 0.6076388888888888 0.640625 0.5902777777777778 0.640625 0.5833333333333334 0.64453125 0.5763888888888888 0.650390625 0.5763888888888888 0.654296875 0.5833333333333334
1 0.451171875 0.4444444444444444 0.451171875 0.4479166666666667 0.45703125 0.4583333333333333 0.451171875 0.4756944444444444 0.451171875 0.4826388888888889 0.4375 0.4826388888888889 0.435546875 0.4791666666666667 0.435546875 0.46875 0.439453125 0.4583333333333333 0.447265625 0.4444444444444444 0.44921875 0.4444444444444444
1 0.25 0.4131944444444444 0.255859375 0.4236111111111111 0.259765625 0.4131944444444444 0.263671875 0.4131944444444444 0.263671875 0.4340277777777778 0.259765625 0.4409722222222222 0.255859375 0.4409722222222222 0.25390625 0.4444444444444444 0.244140625 0.4444444444444444 0.240234375 0.4375 0.2421875 0.4166666666666667 0.248046875 0.4131944444444444
1 0.513671875 0.4375 0.515625 0.4409722222222222 0.525390625 0.4444444444444444 0.529296875 0.4479166666666667 0.53125 0.4548611111111111 0.533203125 0.4548611111111111 0.533203125 0.4618055555555556 0.529296875 0.4722222222222222 0.517578125 0.4722222222222222 0.5078125 0.4583333333333333 0.501953125 0.4375 0.50390625 0.4340277777777778 0.509765625 0.4340277777777778 0.51171875 0.4375
1 0.4375 0.3680555555555556 0.4375 0.3576388888888889 0.4453125 0.3333333333333333 0.451171875 0.3333333333333333 0.45703125 0.34375 0.45703125 0.3576388888888889 0.455078125 0.3645833333333333 0.44921875 0.3715277777777778 0.44140625 0.3715277777777778 0.439453125 0.3680555555555556
1 0.521484375 0.2222222222222222 0.521484375 0.21180555555555555 0.525390625 0.2048611111111111 0.525390625 0.19444444444444445 0.52734375 0.1909722222222222 0.537109375 0.1909722222222222 0.5390625 0.19444444444444445 0.5390625 0.21180555555555555 0.541015625 0.2152777777777778 0.541015625 0.2222222222222222 0.5390625 0.22569444444444445 0.529296875 0.22569444444444445 0.52734375 0.2222222222222222 0.5234375 0.2222222222222222
1 0.623046875 0.3680555555555556 0.62890625 0.3784722222222222 0.634765625 0.3958333333333333 0.634765625 0.3993055555555556 0.62890625 0.4097222222222222 0.625 0.40625 0.619140625 0.40625 0.619140625 0.3854166666666667 0.6171875 0.3819444444444444 0.6171875 0.3715277777777778 0.62109375 0.3680555555555556
1 0.6328125 0.4236111111111111 0.640625 0.4444444444444444 0.640625 0.4548611111111111 0.638671875 0.4583333333333333 0.630859375 0.4583333333333333 0.62109375 0.4479166666666667 0.62109375 0.4340277777777778 0.625 0.4270833333333333 0.630859375 0.4236111111111111
2 0.623046875 0.4097222222222222 0.634765625 0.4236111111111111 0.642578125 0.4513888888888889 0.642578125 0.46875 0.650390625 0.4791666666666667 0.646484375 0.5034722222222222 0.640625 0.5 0.640625 0.4965277777777778 0.6328125 0.4826388888888889 0.6328125 0.46875 0.62890625 0.4618055555555556 0.623046875 0.4548611111111111 0.619140625 0.4583333333333333 0.619140625 0.4375 0.62109375 0.4340277777777778 0.619140625 0.4270833333333333 0.619140625 0.4131944444444444 0.62109375 0.4131944444444444
2 0.4921875 0.4791666666666667 0.498046875 0.4756944444444444 0.501953125 0.4826388888888889 0.505859375 0.4826388888888889 0.5078125 0.4791666666666667 0.515625 0.4826388888888889 0.517578125 0.4895833333333333 0.515625 0.5034722222222222 0.52734375 0.5173611111111112 0.529296875 0.53125 0.537109375 0.5486111111111112 0.546875 0.5555555555555556 0.541015625 0.5763888888888888 0.537109375 0.5763888888888888 0.537109375 0.5694444444444444 0.533203125 0.5625 0.5234375 0.5590277777777778 0.521484375 0.5659722222222222 0.52734375 0.5763888888888888 0.52734375 0.5833333333333334 0.521484375 0.5902777777777778 0.521484375 0.5833333333333334 0.515625 0.5729166666666666 0.513671875 0.5729166666666666 0.505859375 0.5555555555555556 0.5078125 0.53125 0.498046875 0.5243055555555556 0.498046875 0.5104166666666666 0.4921875 0.5 0.4921875 0.4826388888888889
2 0.619140625 0.3576388888888889 0.634765625 0.3923611111111111 0.634765625 0.40625 0.64453125 0.4201388888888889 0.64453125 0.4270833333333333 0.640625 0.4270833333333333 0.63671875 0.4201388888888889 0.6328125 0.4201388888888889 0.626953125 0.4097222222222222 0.619140625 0.4097222222222222 0.619140625 0.3888888888888889 0.609375 0.3680555555555556 0.609375 0.3611111111111111 0.61328125 0.3541666666666667 0.6171875 0.3576388888888889
2 0.533203125 0.17708333333333334 0.537109375 0.18055555555555555 0.5390625 0.1875 0.5390625 0.20833333333333334 0.54296875 0.21875 0.54296875 0.22569444444444445 0.537109375 0.2361111111111111 0.533203125 0.2361111111111111 0.521484375 0.2604166666666667 0.521484375 0.2638888888888889 0.517578125 0.2604166666666667 0.517578125 0.2534722222222222 0.5234375 0.23958333333333334 0.5234375 0.2361111111111111 0.517578125 0.22569444444444445 0.517578125 0.21875 0.525390625 0.2013888888888889 0.525390625 0.1909722222222222 0.529296875 0.18055555555555555 0.53125 0.18055555555555555
2 0.466796875 0.4756944444444444 0.462890625 0.4583333333333333 0.462890625 0.4444444444444444 0.46484375 0.4375 0.4765625 0.4166666666666667 0.478515625 0.4166666666666667 0.484375 0.4027777777777778 0.490234375 0.4027777777777778 0.494140625 0.4201388888888889 0.494140625 0.4305555555555556 0.4921875 0.4375 0.484375 0.4444444444444444 0.466796875 0.4791666666666667
2 0.435546875 0.3993055555555556 0.4375 0.3958333333333333 0.435546875 0.3888888888888889 0.435546875 0.3611111111111111 0.439453125 0.3541666666666667 0.439453125 0.3472222222222222 0.443359375 0.3368055555555556 0.451171875 0.3263888888888889 0.45703125 0.3229166666666667 0.4609375 0.3333333333333333 0.45703125 0.3472222222222222 0.45703125 0.3680555555555556 0.455078125 0.3715277777777778 0.458984375 0.3854166666666667 0.458984375 0.3923611111111111 0.453125 0.4027777777777778 0.447265625 0.3958333333333333 0.443359375 0.3958333333333333 0.439453125 0.40625 0.4375 0.4027777777777778
2 0.505859375 0.4166666666666667 0.505859375 0.4201388888888889 0.517578125 0.4409722222222222 0.52734375 0.4444444444444444 0.529296875 0.4513888888888889 0.533203125 0.4548611111111111 0.53515625 0.4652777777777778 0.529296875 0.4756944444444444 0.529296875 0.4861111111111111 0.53515625 0.4930555555555556 0.54296875 0.4930555555555556 0.546875 0.4965277777777778 0.546875 0.5104166666666666 0.544921875 0.5138888888888888 0.54296875 0.5138888888888888 0.541015625 0.5069444444444444 0.529296875 0.5034722222222222 0.529296875 0.5 0.51953125 0.4861111111111111 0.51171875 0.4652777777777778 0.505859375 0.4583333333333333 0.505859375 0.4513888888888889 0.5 0.4409722222222222 0.5 0.4270833333333333 0.498046875 0.4236111111111111 0.50390625 0.4166666666666667
2 0.591796875 0.2777777777777778 0.591796875 0.2743055555555556 0.5859375 0.2673611111111111 0.5859375 0.2604166666666667 0.58984375 0.2534722222222222 0.58984375 0.24305555555555555 0.59375 0.2326388888888889 0.591796875 0.2152777777777778 0.5859375 0.2013888888888889 0.5859375 0.19444444444444445 0.587890625 0.1909722222222222 0.59375 0.1909722222222222 0.607421875 0.22569444444444445 0.607421875 0.2361111111111111 0.603515625 0.2465277777777778 0.599609375 0.25 0.599609375 0.2743055555555556 0.595703125 0.28125 0.59375 0.2777777777777778
2 0.45703125 0.4340277777777778 0.458984375 0.4375 0.458984375 0.4548611111111111 0.453125 0.4791666666666667 0.45703125 0.4895833333333333 0.45703125 0.5034722222222222 0.458984375 0.5104166666666666 0.453125 0.5208333333333334 0.453125 0.5277777777777778 0.451171875 0.53125 0.453125 0.5381944444444444 0.4453125 0.5347222222222222 0.4453125 0.5173611111111112 0.44140625 0.5104166666666666 0.435546875 0.4895833333333333 0.435546875 0.46875 0.439453125 0.4548611111111111 0.453125 0.4340277777777778 0.455078125 0.4340277777777778
2 0.34765625 0.4201388888888889 0.353515625 0.4201388888888889 0.37109375 0.4583333333333333 0.37109375 0.4652777777777778 0.369140625 0.4652777777777778 0.361328125 0.4479166666666667 0.35546875 0.4479166666666667 0.353515625 0.4513888888888889 0.359375 0.4791666666666667 0.359375 0.4861111111111111 0.357421875 0.4895833333333333 0.357421875 0.5104166666666666 0.3515625 0.5034722222222222 0.353515625 0.4895833333333333 0.349609375 0.4826388888888889 0.345703125 0.4826388888888889 0.341796875 0.4895833333333333 0.341796875 0.4965277777777778 0.33984375 0.4965277777777778 0.337890625 0.4895833333333333 0.337890625 0.4479166666666667 0.3359375 0.4444444444444444 0.337890625 0.4375 0.34765625 0.4236111111111111
2 0.46822916666666664 0.4046296296296296 0.03229166666666666 0.06296296296296296
2 0.5127604166666666 0.4861111111111111 0.03697916666666667 0.05925925925925926
2 0.2421875 0.4166666666666667 0.248046875 0.4131944444444444 0.251953125 0.4027777777777778 0.2578125 0.4027777777777778 0.263671875 0.4131944444444444 0.263671875 0.4479166666666667 0.259765625 0.4479166666666667 0.255859375 0.4548611111111111 0.255859375 0.4652777777777778 0.251953125 0.4722222222222222 0.2421875 0.4791666666666667 0.234375 0.4965277777777778 0.232421875 0.4895833333333333 0.23828125 0.4756944444444444 0.23828125 0.4513888888888889 0.240234375 0.4479166666666667 0.23828125 0.4340277777777778 0.2421875 0.4201388888888889
2 0.515625 0.3819444444444444 0.5234375 0.3958333333333333 0.525390625 0.3958333333333333 0.53515625 0.4166666666666667 0.537109375 0.4166666666666667 0.5390625 0.4236111111111111 0.5390625 0.4375 0.546875 0.4513888888888889 0.552734375 0.4548611111111111 0.552734375 0.46875 0.55078125 0.4722222222222222 0.548828125 0.46875 0.548828125 0.4618055555555556 0.544921875 0.4548611111111111 0.53515625 0.4548611111111111 0.52734375 0.4409722222222222 0.51953125 0.4375 0.515625 0.4305555555555556 0.515625 0.4236111111111111 0.51171875 0.4131944444444444 0.51171875 0.4027777777777778 0.5078125 0.3958333333333333 0.5078125 0.3854166666666667 0.513671875 0.3819444444444444
2 0.4296875 0.3958333333333333 0.4375 0.4097222222222222 0.439453125 0.4097222222222222 0.443359375 0.4236111111111111 0.4375 0.4583333333333333 0.431640625 0.4722222222222222 0.431640625 0.4930555555555556 0.4296875 0.4965277777777778 0.423828125 0.46875 0.423828125 0.4548611111111111 0.421875 0.4513888888888889 0.423828125 0.4444444444444444 0.41796875 0.4340277777777778 0.41796875 0.4097222222222222 0.419921875 0.4097222222222222 0.421875 0.4027777777777778 0.427734375 0.3958333333333333
2 0.63671875 0.5625 0.642578125 0.5625 0.6484375 0.5763888888888888 0.658203125 0.5868055555555556 0.666015625 0.6006944444444444 0.666015625 0.6180555555555556 0.66015625 0.6354166666666666 0.66015625 0.6423611111111112 0.666015625 0.6527777777777778 0.67578125 0.6597222222222222 0.67578125 0.6701388888888888 0.669921875 0.6770833333333334 0.666015625 0.6701388888888888 0.66015625 0.6666666666666666 0.654296875 0.65625 0.650390625 0.6388888888888888 0.646484375 0.6319444444444444 0.640625 0.6319444444444444 0.642578125 0.59375 0.634765625 0.5729166666666666 0.63671875 0.5659722222222222
2 0.60546875 0.4513888888888889 0.607421875 0.4548611111111111 0.607421875 0.4618055555555556 0.619140625 0.4861111111111111 0.623046875 0.5 0.623046875 0.5138888888888888 0.619140625 0.5208333333333334 0.62109375 0.5243055555555556 0.62109375 0.53125 0.609375 0.53125 0.607421875 0.5347222222222222 0.607421875 0.5416666666666666 0.603515625 0.5451388888888888 0.599609375 0.5416666666666666 0.6015625 0.5381944444444444 0.6015625 0.5104166666666666 0.595703125 0.5034722222222222 0.599609375 0.4930555555555556 0.599609375 0.4722222222222222 0.595703125 0.4652777777777778 0.595703125 0.4548611111111111 0.59765625 0.4513888888888889 0.603515625 0.4513888888888889
2 0.533203125 0.3298611111111111 0.5390625 0.3506944444444444 0.54296875 0.3576388888888889 0.54296875 0.3680555555555556 0.544921875 0.3715277777777778 0.54296875 0.375 0.546875 0.3923611111111111 0.5546875 0.40625 0.5546875 0.4131944444444444 0.55078125 0.4166666666666667 0.546875 0.4131944444444444 0.546875 0.40625 0.541015625 0.3958333333333333 0.537109375 0.3923611111111111 0.533203125 0.3993055555555556 0.529296875 0.3993055555555556 0.529296875 0.3958333333333333 0.525390625 0.3923611111111111 0.5234375 0.3854166666666667 0.5234375 0.375 0.521484375 0.3680555555555556 0.525390625 0.3506944444444444 0.5234375 0.3472222222222222 0.5234375 0.3368055555555556 0.51953125 0.3298611111111111 0.51953125 0.3194444444444444 0.521484375 0.3159722222222222 0.52734375 0.3159722222222222 0.53125 0.3298611111111111
2 0.484375 0.4895833333333333 0.490234375 0.5069444444444444 0.490234375 0.5173611111111112 0.48828125 0.5243055555555556 0.478515625 0.5381944444444444 0.48046875 0.5416666666666666 0.48046875 0.5520833333333334 0.482421875 0.5590277777777778 0.48046875 0.5625 0.48046875 0.5763888888888888 0.4765625 0.5868055555555556 0.470703125 0.5868055555555556 0.470703125 0.5798611111111112 0.47265625 0.5763888888888888 0.470703125 0.5729166666666666 0.466796875 0.5729166666666666 0.462890625 0.5798611111111112 0.458984375 0.5798611111111112 0.45703125 0.5868055555555556 0.453125 0.5902777777777778 0.453125 0.5798611111111112 0.455078125 0.5798611111111112 0.45703125 0.5729166666666666 0.46484375 0.5625 0.4609375 0.5555555555555556 0.451171875 0.5625 0.44921875 0.5659722222222222 0.44921875 0.5763888888888888 0.44140625 0.5729166666666666 0.44140625 0.5625 0.453125 0.5520833333333334 0.458984375 0.5416666666666666 0.458984375 0.5347222222222222 0.46484375 0.5208333333333334 0.466796875 0.5104166666666666 0.4765625 0.4965277777777778 0.48046875 0.4965277777777778 0.482421875 0.4930555555555556
2 0.466796875 0.46875 0.47265625 0.46875 0.484375 0.4444444444444444 0.490234375 0.4444444444444444 0.490234375 0.4756944444444444 0.484375 0.4895833333333333 0.4765625 0.4930555555555556 0.470703125 0.5034722222222222 0.466796875 0.5034722222222222 0.466796875 0.4722222222222222