0 0.38671875 0.4930555555555556 0.390625 0.5 0.390625 0.5138888888888888 0.388671875 0.5173611111111112 0.380859375 0.5173611111111112 0.376953125 0.5104166666666666 0.37890625 0.4965277777777778 0.384765625 0.4930555555555556
0 0.453125 0.2326388888888889 0.45703125 0.23958333333333334 0.45703125 0.2604166666666667 0.453125 0.2638888888888889 0.451171875 0.2638888888888889 0.4453125 0.2534722222222222 0.4453125 0.23958333333333334 0.451171875 0.2326388888888889
0 0.470703125 0.4895833333333333 0.47265625 0.4965277777777778 0.47265625 0.5104166666666666 0.470703125 0.5138888888888888 0.46484375 0.5138888888888888 0.4609375 0.5069444444444444 0.4609375 0.4930555555555556 0.462890625 0.4895833333333333 0.46875 0.4895833333333333
0 0.453125 0.5451388888888888 0.45703125 0.5486111111111112 0.45703125 0.5659722222222222 0.453125 0.5729166666666666 0.44921875 0.5729166666666666 0.443359375 0.5659722222222222 0.443359375 0.5555555555555556 0.4453125 0.5486111111111112 0.451171875 0.5451388888888888
0 0.2265625 0.3055555555555556 0.23046875 0.3125 0.23046875 0.3229166666666667 0.224609375 0.3298611111111111 0.216796875 0.3229166666666667 0.21484375 0.3159722222222222 0.21875 0.3055555555555556 0.224609375 0.3055555555555556
0 0.6484375 0.3993055555555556 0.6484375 0.3854166666666667 0.65234375 0.375 0.662109375 0.375 0.6640625 0.3819444444444444 0.6640625 0.3958333333333333 0.66015625 0.3993055555555556 0.654296875 0.3993055555555556 0.65234375 0.4027777777777778 0.650390625 0.3993055555555556
0 0.466796875 0.0625 0.4765625 0.0625 0.4765625 0.07291666666666667 0.470703125 0.08680555555555555 0.46875 0.08680555555555555 0.46484375 0.0763888888888889 0.466796875 0.06597222222222222
0 0.431640625 0.3402777777777778 0.43359375 0.34375 0.43359375 0.3576388888888889 0.431640625 0.3645833333333333 0.427734375 0.3645833333333333 0.421875 0.3506944444444444 0.421875 0.34375 0.42578125 0.3368055555555556 0.4296875 0.3402777777777778
0 0.39453125 0.2847222222222222 0.3984375 0.2916666666666667 0.3984375 0.3020833333333333 0.396484375 0.3090277777777778 0.390625 0.3090277777777778 0.3828125 0.2951388888888889 0.38671875 0.2847222222222222 0.392578125 0.2847222222222222
0 0.515625 0.5520833333333334 0.52734375 0.5520833333333334 0.529296875 0.5590277777777778 0.5234375 0.5729166666666666 0.515625 0.5763888888888888 0.51171875 0.5659722222222222 0.515625 0.5555555555555556
0 0.3984375 0.3854166666666667 0.400390625 0.3888888888888889 0.404296875 0.3888888888888889 0.404296875 0.3958333333333333 0.40625 0.3993055555555556 0.404296875 0.4097222222222222 0.400390625 0.4166666666666667 0.396484375 0.4166666666666667 0.39453125 0.4131944444444444 0.390625 0.3958333333333333 0.396484375 0.3888888888888889
0 0.9765625 0.4965277777777778 0.98046875 0.4930555555555556 0.986328125 0.4930555555555556 0.990234375 0.5 0.990234375 0.5069444444444444 0.984375 0.5208333333333334 0.9765625 0.5208333333333334 0.974609375 0.5173611111111112 0.974609375 0.5034722222222222 0.9765625 0.5
0 0.21484375 0.2638888888888889 0.220703125 0.2604166666666667 0.224609375 0.2638888888888889 0.2265625 0.2708333333333333 0.2265625 0.28125 0.224609375 0.2847222222222222 0.21875 0.2847222222222222 0.21484375 0.28125 0.212890625 0.2743055555555556 0.21484375 0.2673611111111111
0 0.380859375 0.23958333333333334 0.3828125 0.24305555555555555 0.38671875 0.24305555555555555 0.388671875 0.25 0.388671875 0.2604166666666667 0.38671875 0.2673611111111111 0.380859375 0.2673611111111111 0.373046875 0.2534722222222222 0.373046875 0.25 0.37890625 0.24305555555555555
0 0.61328125 0.6388888888888888 0.615234375 0.6423611111111112 0.619140625 0.6423611111111112 0.623046875 0.6527777777777778 0.623046875 0.6597222222222222 0.607421875 0.6666666666666666 0.60546875 0.6527777777777778 0.607421875 0.6458333333333334 0.611328125 0.6423611111111112
0 0.462890625 0.3159722222222222 0.470703125 0.3229166666666667 0.470703125 0.3333333333333333 0.46484375 0.34375 0.46484375 0.3472222222222222 0.4609375 0.3472222222222222 0.45703125 0.3402777777777778 0.45703125 0.3229166666666667 0.4609375 0.3194444444444444
0 0.3828125 0.06944444444444445 0.3828125 0.05555555555555555 0.384765625 0.052083333333333336 0.390625 0.052083333333333336 0.392578125 0.05555555555555555 0.392578125 0.06944444444444445 0.390625 0.07291666666666667 0.38671875 0.07291666666666667 0.384765625 0.06944444444444445
0 0.458984375 0.3993055555555556 0.466796875 0.3958333333333333 0.470703125 0.4027777777777778 0.466796875 0.4270833333333333 0.4609375 0.4270833333333333 0.458984375 0.4236111111111111 0.45703125 0.4166666666666667 0.45703125 0.40625 0.458984375 0.4027777777777778
0 0.41796875 0.5833333333333334 0.421875 0.5798611111111112 0.427734375 0.5833333333333334 0.427734375 0.6006944444444444 0.42578125 0.6076388888888888 0.419921875 0.6076388888888888 0.4140625 0.6006944444444444 0.4140625 0.59375 0.41796875 0.5868055555555556
0 0.595703125 0.2222222222222222 0.59765625 0.22569444444444445 0.59765625 0.2361111111111111 0.591796875 0.2465277777777778 0.583984375 0.2465277777777778 0.583984375 0.22569444444444445 0.58984375 0.21875 0.59375 0.2222222222222222
0 0.8640625 0.18611111111111112 0.017708333333333333 0.03148148148148148
1 0.65234375 0.4548611111111111 0.650390625 0.4479166666666667 0.650390625 0.4305555555555556 0.65234375 0.4270833333333333 0.65234375 0.40625 0.654296875 0.4027777777777778 0.658203125 0.4027777777777778 0.66015625 0.3993055555555556 0.6640625 0.4027777777777778 0.66796875 0.4201388888888889 0.66796875 0.4375 0.669921875 0.4409722222222222 0.669921875 0.4479166666666667 0.66796875 0.4513888888888889 0.658203125 0.4513888888888889 0.66015625 0.4479166666666667 0.66015625 0.4305555555555556 0.658203125 0.4270833333333333 0.65625 0.4305555555555556 0.65625 0.4409722222222222 0.65234375 0.4513888888888889
1 0.38671875 0.3020833333333333 0.390625 0.3125 0.390625 0.3229166666666667 0.38671875 0.3298611111111111 0.38671875 0.34375 0.3828125 0.3472222222222222 0.376953125 0.3402777777777778 0.3671875 0.3368055555555556 0.359375 0.3229166666666667 0.359375 0.3194444444444444 0.369140625 0.3125 0.37109375 0.3055555555555556 0.376953125 0.2986111111111111 0.3828125 0.2986111111111111 0.384765625 0.3020833333333333
1 0.603515625 0.2881944444444444 0.599609375 0.2916666666666667 0.595703125 0.2847222222222222 0.595703125 0.2777777777777778 0.58984375 0.2534722222222222 0.58984375 0.25 0.595703125 0.23958333333333334 0.6015625 0.23958333333333334 0.607421875 0.2569444444444444 0.607421875 0.2673611111111111 0.609375 0.2708333333333333 0.609375 0.28125 0.60546875 0.28125 0.603515625 0.2777777777777778 0.6015625 0.2847222222222222
1 0.48046875 0.22569444444444445 0.482421875 0.22916666666666666 0.486328125 0.22916666666666666 0.490234375 0.2361111111111111 0.490234375 0.24305555555555555 0.484375 0.2534722222222222 0.47265625 0.2569444444444444 0.466796875 0.2673611111111111 0.4609375 0.2673611111111111 0.458984375 0.2638888888888889 0.455078125 0.2326388888888889 0.45703125 0.22916666666666666 0.478515625 0.22916666666666666
1 0.21484375 0.2777777777777778 0.22265625 0.2881944444444444 0.224609375 0.2986111111111111 0.22265625 0.3020833333333333 0.21875 0.3020833333333333 0.212890625 0.3229166666666667 0.208984375 0.3263888888888889 0.205078125 0.3263888888888889 0.1953125 0.3090277777777778 0.1953125 0.3020833333333333 0.203125 0.2881944444444444 0.212890625 0.2777777777777778
1 0.451171875 0.5763888888888888 0.451171875 0.5833333333333334 0.447265625 0.5972222222222222 0.439453125 0.6076388888888888 0.439453125 0.6180555555555556 0.43359375 0.6180555555555556 0.4296875 0.6145833333333334 0.427734375 0.6076388888888888 0.4296875 0.6041666666666666 0.4296875 0.5902777777777778 0.439453125 0.5694444444444444 0.4453125 0.5694444444444444 0.44921875 0.5763888888888888
1 0.41692708333333334 0.37407407407407406 0.025520833333333333 0.04814814814814815
1 0.5 0.4826388888888889 0.501953125 0.4861111111111111 0.505859375 0.4861111111111111 0.505859375 0.4895833333333333 0.501953125 0.4930555555555556 0.501953125 0.5 0.4921875 0.5208333333333334 0.478515625 0.5173611111111112 0.474609375 0.5104166666666666 0.47265625 0.4930555555555556 0.4765625 0.4861111111111111 0.482421875 0.4861111111111111 0.484375 0.4826388888888889 0.498046875 0.4826388888888889
1 0.208984375 0.3263888888888889 0.212890625 0.3229166666666667 0.21875 0.3229166666666667 0.224609375 0.3298611111111111 0.22265625 0.3472222222222222 0.21875 0.3506944444444444 0.212890625 0.3645833333333333 0.205078125 0.3645833333333333 0.19921875 0.3541666666666667 0.201171875 0.34375 0.208984375 0.3298611111111111
1 0.376953125 0.5138888888888888 0.384765625 0.5243055555555556 0.384765625 0.5347222222222222 0.380859375 0.5416666666666666 0.376953125 0.5416666666666666 0.375 0.5451388888888888 0.375 0.5729166666666666 0.37109375 0.5833333333333334 0.36328125 0.5798611111111112 0.359375 0.5729166666666666 0.359375 0.5625 0.36328125 0.5486111111111112 0.365234375 0.5277777777777778 0.373046875 0.5138888888888888 0.375 0.5138888888888888
1 0.4765625 0.07291666666666667 0.48828125 0.0763888888888889 0.505859375 0.09722222222222222 0.498046875 0.10416666666666667 0.4921875 0.10416666666666667 0.484375 0.09722222222222222 0.478515625 0.09722222222222222 0.474609375 0.09027777777777778 0.474609375 0.0798611111111111 0.4765625 0.0763888888888889
1 0.359375 0.4201388888888889 0.365234375 0.4131944444444444 0.37109375 0.4131944444444444 0.375 0.40625 0.37890625 0.40625 0.380859375 0.4027777777777778 0.390625 0.4027777777777778 0.39453125 0.4131944444444444 0.39453125 0.4201388888888889 0.390625 0.4270833333333333 0.38671875 0.4166666666666667 0.380859375 0.4270833333333333 0.380859375 0.4375 0.376953125 0.4444444444444444 0.36328125 0.4375 0.361328125 0.4340277777777778 0.361328125 0.4236111111111111
1 0.529296875 0.5659722222222222 0.541015625 0.5902777777777778 0.55078125 0.6215277777777778 0.544921875 0.6284722222222222 0.53515625 0.6284722222222222 0.529296875 0.6215277777777778 0.53125 0.6180555555555556 0.52734375 0.6041666666666666 0.521484375 0.59375 0.521484375 0.5868055555555556 0.51953125 0.5833333333333334 0.51953125 0.5798611111111112 0.525390625 0.5694444444444444 0.52734375 0.5694444444444444
1 0.998046875 0.5104166666666666 0.998046875 0.5486111111111112 0.984375 0.5277777777777778 0.984375 0.5208333333333334 0.9921875 0.5069444444444444 0.99609375 0.5104166666666666
1 0.375 0.2569444444444444 0.3828125 0.2708333333333333 0.3828125 0.2743055555555556 0.37890625 0.2847222222222222 0.376953125 0.2847222222222222 0.373046875 0.2743055555555556 0.369140625 0.28125 0.369140625 0.2986111111111111 0.35546875 0.2951388888888889 0.349609375 0.2881944444444444 0.349609375 0.28125 0.3671875 0.2569444444444444 0.373046875 0.2569444444444444
1 0.623046875 0.7256944444444444 0.623046875 0.7152777777777778 0.6171875 0.6944444444444444 0.607421875 0.6840277777777778 0.607421875 0.6736111111111112 0.619140625 0.6631944444444444 0.62890625 0.6631944444444444 0.630859375 0.6666666666666666 0.630859375 0.6770833333333334 0.634765625 0.6840277777777778 0.63671875 0.7013888888888888 0.642578125 0.7152777777777778 0.638671875 0.7256944444444444 0.630859375 0.7256944444444444 0.62890625 0.7291666666666666 0.625 0.7256944444444444
1 0.48333333333333334 0.3513888888888889 0.03854166666666667 0.05092592592592592
1 0.384765625 0.06944444444444445 0.38671875 0.0763888888888889 0.38671875 0.09375 0.3828125 0.10069444444444445 0.3828125 0.1076388888888889 0.37109375 0.10416666666666667 0.375 0.0798611111111111 0.380859375 0.06944444444444445 0.3828125 0.06944444444444445
1 0.39010416666666664 0.374537037037037 0.035416666666666666 0.04351851851851852
1 0.5 0.4097222222222222 0.50390625 0.4201388888888889 0.48828125 0.4375 0.4765625 0.4375 0.474609375 0.4409722222222222 0.466796875 0.4305555555555556 0.46875 0.4270833333333333 0.46875 0.4131944444444444 0.470703125 0.4097222222222222 0.474609375 0.40625 0.498046875 0.4097222222222222
1 0.4140625 0.6006944444444444 0.421875 0.6111111111111112 0.421875 0.6180555555555556 0.423828125 0.6215277777777778 0.419921875 0.6319444444444444 0.419921875 0.6493055555555556 0.41796875 0.6527777777777778 0.41796875 0.6597222222222222 0.412109375 0.6493055555555556 0.41015625 0.6527777777777778 0.404296875 0.6527777777777778 0.396484375 0.6423611111111112 0.404296875 0.6111111111111112 0.41015625 0.6006944444444444 0.412109375 0.6006944444444444
1 0.873046875 0.1875 0.880859375 0.19444444444444445 0.88671875 0.2048611111111111 0.88671875 0.20833333333333334 0.892578125 0.21875 0.892578125 0.22916666666666666 0.884765625 0.22916666666666666 0.880859375 0.21180555555555555 0.87890625 0.21180555555555555 0.876953125 0.2152777777777778 0.876953125 0.2222222222222222 0.873046875 0.22569444444444445 0.873046875 0.2222222222222222 0.865234375 0.20833333333333334 0.865234375 0.19791666666666666 0.87109375 0.1909722222222222
2 0.65234375 0.375 0.662109375 0.375 0.6640625 0.3819444444444444 0.6640625 0.3958333333333333 0.66796875 0.4027777777777778 0.66796875 0.4340277777777778 0.669921875 0.4375 0.669921875 0.4548611111111111 0.6640625 0.4756944444444444 0.6640625 0.4895833333333333 0.67578125 0.5208333333333334 0.66796875 0.5277777777777778 0.666015625 0.5243055555555556 0.66015625 0.5381944444444444 0.65234375 0.5381944444444444 0.6484375 0.5347222222222222 0.65625 0.5243055555555556 0.65625 0.5034722222222222 0.654296875 0.5 0.65234375 0.4826388888888889 0.6484375 0.4756944444444444 0.64453125 0.4756944444444444 0.646484375 0.46875 0.646484375 0.4513888888888889 0.650390625 0.4444444444444444 0.650390625 0.4305555555555556 0.65234375 0.4270833333333333 0.65234375 0.40625 0.6484375 0.3993055555555556 0.6484375 0.3854166666666667 0.65234375 0.3784722222222222
2 0.39453125 0.2847222222222222 0.3984375 0.2951388888888889 0.3984375 0.3020833333333333 0.38671875 0.3298611111111111 0.38671875 0.3541666666666667 0.37890625 0.3715277777777778 0.373046875 0.3715277777777778 0.369140625 0.3680555555555556 0.3671875 0.3715277777777778 0.37109375 0.3819444444444444 0.369140625 0.3854166666666667 0.357421875 0.3854166666666667 0.36328125 0.3645833333333333 0.36328125 0.3576388888888889 0.353515625 0.3402777777777778 0.353515625 0.3298611111111111 0.35546875 0.3229166666666667 0.3671875 0.3125 0.3828125 0.2881944444444444 0.38671875 0.2847222222222222 0.392578125 0.2847222222222222
2 0.5859375 0.2222222222222222 0.591796875 0.21875 0.59765625 0.22569444444444445 0.59765625 0.2326388888888889 0.603515625 0.24305555555555555 0.607421875 0.2569444444444444 0.607421875 0.2673611111111111 0.61328125 0.2881944444444444 0.611328125 0.3090277777777778 0.607421875 0.3159722222222222 0.607421875 0.3368055555555556 0.609375 0.3402777777777778 0.609375 0.3541666666666667 0.61328125 0.3715277777777778 0.611328125 0.375 0.6015625 0.3784722222222222 0.59765625 0.3715277777777778 0.591796875 0.3680555555555556 0.599609375 0.3576388888888889 0.6015625 0.34375 0.599609375 0.3402777777777778 0.59765625 0.3125 0.595703125 0.3090277777777778 0.595703125 0.2951388888888889 0.59765625 0.2881944444444444 0.58984375 0.2534722222222222 0.583984375 0.2465277777777778 0.583984375 0.22916666666666666 0.5859375 0.22569444444444445
2 0.38671875 0.4930555555555556 0.390625 0.5 0.390625 0.5138888888888888 0.384765625 0.5243055555555556 0.384765625 0.5381944444444444 0.380859375 0.5486111111111112 0.380859375 0.5555555555555556 0.3828125 0.5590277777777778 0.3828125 0.625 0.384765625 0.6284722222222222 0.384765625 0.6423611111111112 0.388671875 0.6493055555555556 0.388671875 0.65625 0.3828125 0.65625 0.37890625 0.6527777777777778 0.37890625 0.6354166666666666 0.376953125 0.6319444444444444 0.375 0.6111111111111112 0.37109375 0.6041666666666666 0.3671875 0.6041666666666666 0.361328125 0.6145833333333334 0.3515625 0.625 0.341796875 0.6458333333333334 0.34765625 0.6597222222222222 0.341796875 0.6597222222222222 0.337890625 0.65625 0.333984375 0.6458333333333334 0.35546875 0.5972222222222222 0.35546875 0.5902777777777778 0.357421875 0.5868055555555556 0.357421875 0.5694444444444444 0.361328125 0.5590277777777778 0.365234375 0.5277777777777778 0.376953125 0.5069444444444444 0.37890625 0.4965277777777778 0.384765625 0.4930555555555556
2 0.466796875 0.0625 0.474609375 0.0625 0.48046875 0.07291666666666667 0.49609375 0.08333333333333333 0.505859375 0.09722222222222222 0.505859375 0.1076388888888889 0.5078125 0.1111111111111111 0.505859375 0.11458333333333333 0.501953125 0.11458333333333333 0.4921875 0.13194444444444445 0.4921875 0.1423611111111111 0.49609375 0.15625 0.494140625 0.1736111111111111 0.482421875 0.1736111111111111 0.486328125 0.15625 0.486328125 0.14930555555555555 0.48046875 0.13541666666666666 0.482421875 0.1284722222222222 0.482421875 0.1076388888888889 0.47265625 0.08680555555555555 0.46875 0.08680555555555555 0.466796875 0.08333333333333333 0.466796875 0.06597222222222222
2 0.48046875 0.22569444444444445 0.490234375 0.2326388888888889 0.494140625 0.24305555555555555 0.494140625 0.2534722222222222 0.490234375 0.2604166666666667 0.486328125 0.2777777777777778 0.490234375 0.2847222222222222 0.50390625 0.2847222222222222 0.5078125 0.2881944444444444 0.505859375 0.3020833333333333 0.50390625 0.3090277777777778 0.5 0.3090277777777778 0.5 0.3020833333333333 0.49609375 0.2916666666666667 0.484375 0.2916666666666667 0.478515625 0.3020833333333333 0.46875 0.3020833333333333 0.47265625 0.2951388888888889 0.47265625 0.2916666666666667 0.46875 0.2881944444444444 0.46484375 0.2951388888888889 0.46484375 0.3055555555555556 0.462890625 0.3125 0.458984375 0.3159722222222222 0.45703125 0.3159722222222222 0.4609375 0.3020833333333333 0.462890625 0.2708333333333333 0.45703125 0.2604166666666667 0.455078125 0.2638888888888889 0.451171875 0.2638888888888889 0.4453125 0.2534722222222222 0.4453125 0.23958333333333334 0.45703125 0.22916666666666666 0.474609375 0.22916666666666666 0.478515625 0.22569444444444445
2 0.453125 0.5451388888888888 0.45703125 0.5520833333333334 0.45703125 0.5659722222222222 0.44921875 0.5868055555555556 0.4453125 0.6111111111111112 0.451171875 0.6388888888888888 0.451171875 0.6493055555555556 0.44921875 0.6527777777777778 0.44921875 0.6597222222222222 0.451171875 0.6631944444444444 0.451171875 0.6840277777777778 0.453125 0.6909722222222222 0.458984375 0.6979166666666666 0.45703125 0.7013888888888888 0.453125 0.7013888888888888 0.447265625 0.6944444444444444 0.4453125 0.6631944444444444 0.44140625 0.6458333333333334 0.4375 0.6423611111111112 0.431640625 0.6423611111111112 0.427734375 0.6493055555555556 0.42578125 0.6597222222222222 0.421875 0.6631944444444444 0.421875 0.6527777777777778 0.42578125 0.6458333333333334 0.423828125 0.6388888888888888 0.42578125 0.6354166666666666 0.42578125 0.6111111111111112 0.4296875 0.6006944444444444 0.4296875 0.5868055555555556 0.44140625 0.5659722222222222 0.4453125 0.5486111111111112 0.451171875 0.5451388888888888
2 0.431640625 0.3402777777777778 0.43359375 0.34375 0.43359375 0.3611111111111111 0.4296875 0.3715277777777778 0.4296875 0.3888888888888889 0.43359375 0.4027777777777778 0.443359375 0.4166666666666667 0.443359375 0.4236111111111111 0.44140625 0.4270833333333333 0.435546875 0.4270833333333333 0.43359375 0.4236111111111111 0.43359375 0.4166666666666667 0.421875 0.3958333333333333 0.419921875 0.3958333333333333 0.416015625 0.4131944444444444 0.41015625 0.4270833333333333 0.41015625 0.4340277777777778 0.4140625 0.4375 0.4140625 0.4409722222222222 0.404296875 0.4409722222222222 0.40234375 0.4375 0.404296875 0.4166666666666667 0.40625 0.4131944444444444 0.40625 0.3784722222222222 0.41015625 0.3680555555555556 0.41015625 0.3506944444444444 0.412109375 0.3472222222222222 0.419921875 0.3472222222222222 0.423828125 0.3402777777777778 0.4296875 0.3402777777777778
2 0.517578125 0.5347222222222222 0.51953125 0.5381944444444444 0.533203125 0.5416666666666666 0.533203125 0.5486111111111112 0.529296875 0.5555555555555556 0.525390625 0.5486111111111112 0.509765625 0.5486111111111112 0.498046875 0.5347222222222222 0.49609375 0.5381944444444444 0.49609375 0.5451388888888888 0.50390625 0.5659722222222222 0.5 0.5729166666666666 0.490234375 0.5729166666666666 0.48828125 0.5694444444444444 0.494140625 0.5590277777777778 0.484375 0.5347222222222222 0.48046875 0.5347222222222222 0.470703125 0.5555555555555556 0.46875 0.5486111111111112 0.474609375 0.53125 0.474609375 0.5173611111111112 0.47265625 0.5138888888888888 0.466796875 0.5138888888888888 0.462890625 0.5104166666666666 0.4609375 0.5069444444444444 0.4609375 0.4930555555555556 0.462890625 0.4895833333333333 0.46875 0.4895833333333333 0.470703125 0.4930555555555556 0.4765625 0.4861111111111111 0.482421875 0.4861111111111111 0.484375 0.4826388888888889 0.501953125 0.4826388888888889 0.50390625 0.4861111111111111 0.5078125 0.4861111111111111 0.51171875 0.5 0.51171875 0.5069444444444444 0.509765625 0.5104166666666666 0.509765625 0.53125 0.51171875 0.5347222222222222 0.515625 0.5347222222222222
2 0.501953125 0.3923611111111111 0.5078125 0.3993055555555556 0.50390625 0.4131944444444444 0.5078125 0.4236111111111111 0.5078125 0.4444444444444444 0.50390625 0.4618055555555556 0.5078125 0.46875 0.51953125 0.4722222222222222 0.529296875 0.4791666666666667 0.529296875 0.4861111111111111 0.525390625 0.4930555555555556 0.51953125 0.4965277777777778 0.51953125 0.4895833333333333 0.515625 0.4826388888888889 0.5078125 0.4826388888888889 0.505859375 0.4791666666666667 0.482421875 0.4791666666666667 0.48046875 0.46875 0.4765625 0.4618055555555556 0.47265625 0.4722222222222222 0.470703125 0.4861111111111111 0.466796875 0.4861111111111111 0.46484375 0.4826388888888889 0.46875 0.4756944444444444 0.470703125 0.4375 0.46484375 0.4270833333333333 0.4609375 0.4270833333333333 0.458984375 0.4236111111111111 0.45703125 0.4166666666666667 0.458984375 0.3993055555555556 0.466796875 0.3958333333333333 0.47265625 0.40625 0.498046875 0.4097222222222222 0.501953125 0.4027777777777778 0.5 0.3958333333333333
2 0.224609375 0.3055555555555556 0.228515625 0.3090277777777778 0.23046875 0.3159722222222222 0.228515625 0.3263888888888889 0.224609375 0.3333333333333333 0.224609375 0.34375 0.23046875 0.3506944444444444 0.24609375 0.3506944444444444 0.24609375 0.3541666666666667 0.244140625 0.3576388888888889 0.228515625 0.3645833333333333 0.224609375 0.3715277777777778 0.224609375 0.4131944444444444 0.228515625 0.4270833333333333 0.224609375 0.4305555555555556 0.21875 0.4270833333333333 0.216796875 0.4236111111111111 0.21875 0.4166666666666667 0.21875 0.4097222222222222 0.216796875 0.40625 0.2109375 0.4131944444444444 0.205078125 0.4270833333333333 0.203125 0.4340277777777778 0.205078125 0.4375 0.205078125 0.4444444444444444 0.19921875 0.4444444444444444 0.1953125 0.4409722222222222 0.1953125 0.4340277777777778 0.20703125 0.4027777777777778 0.1953125 0.3715277777777778 0.1953125 0.3576388888888889 0.212890625 0.3229166666666667 0.216796875 0.3090277777777778 0.22265625 0.3055555555555556
2 0.40234375 0.3923611111111111 0.404296875 0.4027777777777778 0.392578125 0.4270833333333333 0.392578125 0.4409722222222222 0.396484375 0.4444444444444444 0.400390625 0.4548611111111111 0.39453125 0.4548611111111111 0.390625 0.4618055555555556 0.390625 0.4861111111111111 0.39453125 0.4930555555555556 0.400390625 0.4965277777777778 0.3984375 0.5 0.390625 0.4965277777777778 0.384765625 0.4861111111111111 0.3828125 0.4652777777777778 0.380859375 0.4618055555555556 0.376953125 0.4618055555555556 0.373046875 0.4791666666666667 0.353515625 0.5069444444444444 0.357421875 0.5173611111111112 0.35546875 0.5208333333333334 0.34375 0.5173611111111112 0.34375 0.5104166666666666 0.361328125 0.4756944444444444 0.361328125 0.4618055555555556 0.35546875 0.4409722222222222 0.35546875 0.4305555555555556 0.359375 0.4166666666666667 0.369140625 0.4131944444444444 0.3828125 0.3993055555555556 0.388671875 0.3993055555555556 0.39453125 0.3923611111111111 0.400390625 0.3923611111111111
2 0.529296875 0.7118055555555556 0.529296875 0.7083333333333334 0.53515625 0.6979166666666666 0.53515625 0.6701388888888888 0.533203125 0.6631944444444444 0.5234375 0.6493055555555556 0.525390625 0.6423611111111112 0.525390625 0.6319444444444444 0.52734375 0.6284722222222222 0.52734375 0.6041666666666666 0.521484375 0.59375 0.51953125 0.5798611111111112 0.513671875 0.5729166666666666 0.513671875 0.5590277777777778 0.517578125 0.5520833333333334 0.52734375 0.5520833333333334 0.529296875 0.5555555555555556 0.529296875 0.5659722222222222 0.541015625 0.5902777777777778 0.54296875 0.6006944444444444 0.55078125 0.6180555555555556 0.541015625 0.6527777777777778 0.546875 0.6979166666666666 0.541015625 0.7118055555555556 0.53125 0.7118055555555556
2 0.984375 0.4930555555555556 0.98828125 0.4965277777777778 0.9921875 0.5069444444444444 0.99609375 0.5069444444444444 0.998046875 0.5104166666666666 0.998046875 0.5486111111111112 0.982421875 0.5243055555555556 0.9765625 0.5243055555555556 0.974609375 0.5173611111111112 0.974609375 0.5034722222222222 0.9765625 0.4965277777777778 0.982421875 0.4930555555555556
2 0.380859375 0.23958333333333334 0.3828125 0.24305555555555555 0.38671875 0.24305555555555555 0.388671875 0.25 0.388671875 0.2604166666666667 0.380859375 0.2777777777777778 0.376953125 0.2951388888888889 0.373046875 0.2986111111111111 0.369140625 0.3090277777777778 0.359375 0.3159722222222222 0.34765625 0.3333333333333333 0.3359375 0.3402777777777778 0.333984375 0.34375 0.333984375 0.3506944444444444 0.3359375 0.3541666666666667 0.33203125 0.3576388888888889 0.330078125 0.3541666666666667 0.32421875 0.3541666666666667 0.322265625 0.3472222222222222 0.3359375 0.3263888888888889 0.34375 0.3194444444444444 0.34375 0.2916666666666667 0.36328125 0.2604166666666667 0.369140625 0.2569444444444444 0.376953125 0.24305555555555555 0.37890625 0.24305555555555555
2 0.60546875 0.65625 0.611328125 0.6423611111111112 0.6171875 0.6423611111111112 0.62109375 0.6527777777777778 0.630859375 0.6666666666666666 0.630859375 0.6770833333333334 0.634765625 0.6840277777777778 0.63671875 0.7013888888888888 0.642578125 0.7152777777777778 0.642578125 0.7326388888888888 0.640625 0.7361111111111112 0.640625 0.7673611111111112 0.642578125 0.7708333333333334 0.642578125 0.8020833333333334 0.64453125 0.8090277777777778 0.6328125 0.8090277777777778 0.6328125 0.8020833333333334 0.63671875 0.7986111111111112 0.63671875 0.7743055555555556 0.630859375 0.7604166666666666 0.626953125 0.7638888888888888 0.626953125 0.7743055555555556 0.625 0.7777777777777778 0.625 0.7881944444444444 0.623046875 0.7916666666666666 0.62109375 0.8090277777777778 0.619140625 0.8125 0.61328125 0.8090277777777778 0.6171875 0.8020833333333334 0.62109375 0.7534722222222222 0.61328125 0.7430555555555556 0.61328125 0.7326388888888888 0.615234375 0.7291666666666666 0.61328125 0.6979166666666666 0.615234375 0.6944444444444444 0.607421875 0.6840277777777778 0.607421875 0.6597222222222222
2 0.462890625 0.3159722222222222 0.474609375 0.3298611111111111 0.486328125 0.3298611111111111 0.48828125 0.3263888888888889 0.494140625 0.3263888888888889 0.501953125 0.3368055555555556 0.501953125 0.3576388888888889 0.49609375 0.3680555555555556 0.49609375 0.3784722222222222 0.5 0.3854166666666667 0.5 0.3958333333333333 0.48828125 0.3958333333333333 0.482421875 0.3854166666666667 0.482421875 0.375 0.478515625 0.3680555555555556 0.4765625 0.3680555555555556 0.470703125 0.3784722222222222 0.466796875 0.3923611111111111 0.462890625 0.3923611111111111 0.466796875 0.3819444444444444 0.466796875 0.3611111111111111 0.45703125 0.3402777777777778 0.45703125 0.3229166666666667 0.4609375 0.3194444444444444
2 0.3515625 0.17708333333333334 0.3515625 0.1701388888888889 0.357421875 0.1597222222222222 0.359375 0.14930555555555555 0.3671875 0.13541666666666666 0.369140625 0.1076388888888889 0.37109375 0.10416666666666667 0.373046875 0.08680555555555555 0.380859375 0.06944444444444445 0.384765625 0.052083333333333336 0.390625 0.052083333333333336 0.392578125 0.05555555555555555 0.392578125 0.07291666666666667 0.38671875 0.08333333333333333 0.38671875 0.10416666666666667 0.384765625 0.1076388888888889 0.384765625 0.11805555555555555 0.390625 0.13194444444444445 0.390625 0.1597222222222222 0.392578125 0.16319444444444445 0.392578125 0.1701388888888889 0.3984375 0.17708333333333334 0.390625 0.1840277777777778 0.388671875 0.18055555555555555 0.38671875 0.14583333333333334 0.376953125 0.1284722222222222 0.357421875 0.16666666666666666 0.357421875 0.17708333333333334 0.353515625 0.17708333333333334
2 0.408203125 0.34375 0.408203125 0.3715277777777778 0.404296875 0.3784722222222222 0.404296875 0.3854166666666667 0.40234375 0.3888888888888889 0.3984375 0.3854166666666667 0.388671875 0.3958333333333333 0.3828125 0.3958333333333333 0.376953125 0.4027777777777778 0.373046875 0.4027777777777778 0.37109375 0.3923611111111111 0.375 0.3784722222222222 0.38671875 0.3645833333333333 0.38671875 0.3541666666666667 0.40234375 0.3402777777777778 0.40625 0.34375
2 0.21484375 0.2638888888888889 0.220703125 0.2604166666666667 0.224609375 0.2638888888888889 0.2265625 0.2708333333333333 0.224609375 0.3020833333333333 0.220703125 0.3020833333333333 0.205078125 0.3333333333333333 0.205078125 0.3368055555555556 0.201171875 0.3402777777777778 0.19140625 0.3298611111111111 0.19140625 0.3090277777777778 0.203125 0.2881944444444444 0.205078125 0.2881944444444444 0.21484375 0.2673611111111111
2 0.421875 0.5798611111111112 0.427734375 0.5868055555555556 0.427734375 0.6006944444444444 0.423828125 0.6111111111111112 0.423828125 0.6284722222222222 0.421875 0.6319444444444444 0.421875 0.6458333333333334 0.419921875 0.6493055555555556 0.41796875 0.7152777777777778 0.419921875 0.71875 0.419921875 0.7256944444444444 0.423828125 0.7326388888888888 0.4296875 0.7361111111111112 0.4296875 0.7395833333333334 0.419921875 0.7395833333333334 0.41796875 0.7361111111111112 0.4140625 0.7361111111111112 0.4140625 0.7222222222222222 0.41015625 0.7083333333333334 0.41015625 0.6944444444444444 0.40625 0.6875 0.3984375 0.6944444444444444 0.380859375 0.7291666666666666 0.3828125 0.75 0.37890625 0.75 0.37109375 0.7395833333333334 0.37109375 0.7326388888888888 0.3828125 0.7013888888888888 0.384765625 0.7013888888888888 0.390625 0.6875 0.390625 0.6736111111111112 0.392578125 0.6701388888888888 0.392578125 0.6597222222222222 0.390625 0.6527777777777778 0.39453125 0.6458333333333334 0.404296875 0.6111111111111112 0.41796875 0.5868055555555556 0.41796875 0.5833333333333334 0.419921875 0.5833333333333334
2 0.880859375 0.19444444444444445 0.89453125 0.22569444444444445 0.89453125 0.2326388888888889 0.8828125 0.2673611111111111 0.884765625 0.2708333333333333 0.88671875 0.3090277777777778 0.873046875 0.3090277777777778 0.873046875 0.3055555555555556 0.875 0.3055555555555556 0.880859375 0.2951388888888889 0.880859375 0.2881944444444444 0.876953125 0.2777777777777778 0.873046875 0.2951388888888889 0.865234375 0.2951388888888889 0.86328125 0.2916666666666667 0.869140625 0.28125 0.869140625 0.2743055555555556 0.87109375 0.2708333333333333 0.87109375 0.21875 0.857421875 0.19791666666666666 0.857421875 0.17708333333333334 0.859375 0.1736111111111111 0.869140625 0.1736111111111111 0.87890625 0.19444444444444445