0 0.681640625 0.2152777777777778 0.689453125 0.22569444444444445 0.689453125 0.25 0.685546875 0.2569444444444444 0.67578125 0.2638888888888889 0.6640625 0.2638888888888889 0.66015625 0.2604166666666667 0.658203125 0.2569444444444444 0.658203125 0.23958333333333334 0.6640625 0.2222222222222222 0.669921875 0.2152777777777778 0.6796875 0.2152777777777778
0 0.9375 0.5277777777777778 0.947265625 0.5416666666666666 0.947265625 0.5625 0.94140625 0.5763888888888888 0.931640625 0.5763888888888888 0.9296875 0.5798611111111112 0.927734375 0.5763888888888888 0.923828125 0.5763888888888888 0.919921875 0.5659722222222222 0.919921875 0.5416666666666666 0.92578125 0.53125 0.9296875 0.5277777777777778 0.935546875 0.5277777777777778
0 0.60546875 0.6180555555555556 0.61328125 0.625 0.615234375 0.6319444444444444 0.615234375 0.65625 0.61328125 0.6631944444444444 0.609375 0.6597222222222222 0.59765625 0.6597222222222222 0.59375 0.6631944444444444 0.591796875 0.6701388888888888 0.58984375 0.6666666666666666 0.58984375 0.6284722222222222 0.59765625 0.6180555555555556 0.603515625 0.6180555555555556
0 0.24114583333333334 0.1847222222222222 0.03125 0.05648148148148148
0 0.45703125 0.24305555555555555 0.466796875 0.2569444444444444 0.466796875 0.28125 0.4609375 0.2881944444444444 0.45703125 0.2881944444444444 0.44921875 0.28125 0.443359375 0.28125 0.439453125 0.2743055555555556 0.439453125 0.2569444444444444 0.44140625 0.25 0.4453125 0.24305555555555555 0.455078125 0.24305555555555555
0 0.876953125 0.5729166666666666 0.880859375 0.5902777777777778 0.880859375 0.6041666666666666 0.876953125 0.6145833333333334 0.861328125 0.6145833333333334 0.85546875 0.6076388888888888 0.85546875 0.5868055555555556 0.857421875 0.5798611111111112 0.86328125 0.5694444444444444 0.873046875 0.5694444444444444 0.875 0.5729166666666666
0 0.578125 0.3506944444444444 0.580078125 0.3541666666666667 0.583984375 0.3541666666666667 0.591796875 0.375 0.591796875 0.3923611111111111 0.58984375 0.3958333333333333 0.587890625 0.3958333333333333 0.5859375 0.3888888888888889 0.580078125 0.3819444444444444 0.576171875 0.3819444444444444 0.57421875 0.3784722222222222 0.564453125 0.3784722222222222 0.56640625 0.3715277777777778 0.56640625 0.3611111111111111 0.5703125 0.3541666666666667 0.576171875 0.3506944444444444
0 0.583984375 0.09722222222222222 0.587890625 0.09375 0.59765625 0.09375 0.6015625 0.10069444444444445 0.60546875 0.11805555555555555 0.59375 0.14583333333333334 0.587890625 0.14583333333333334 0.580078125 0.13194444444444445 0.578125 0.13194444444444445 0.578125 0.1111111111111111 0.583984375 0.10069444444444445
1 0.580078125 0.3854166666666667 0.5859375 0.3923611111111111 0.587890625 0.40625 0.583984375 0.40625 0.58203125 0.4027777777777778 0.576171875 0.4097222222222222 0.578125 0.4340277777777778 0.572265625 0.4444444444444444 0.56640625 0.4652777777777778 0.55078125 0.4652777777777778 0.544921875 0.4583333333333333 0.544921875 0.4375 0.546875 0.4340277777777778 0.548828125 0.4097222222222222 0.552734375 0.3923611111111111 0.5625 0.3819444444444444 0.576171875 0.3819444444444444 0.578125 0.3854166666666667
1 0.439453125 0.28125 0.44140625 0.2847222222222222 0.44921875 0.2847222222222222 0.45703125 0.2916666666666667 0.462890625 0.2916666666666667 0.466796875 0.3020833333333333 0.466796875 0.3159722222222222 0.458984375 0.3159722222222222 0.455078125 0.3229166666666667 0.455078125 0.3298611111111111 0.453125 0.3333333333333333 0.453125 0.3576388888888889 0.455078125 0.3611111111111111 0.455078125 0.3819444444444444 0.458984375 0.3958333333333333 0.458984375 0.40625 0.4453125 0.4027777777777778 0.443359375 0.3993055555555556 0.435546875 0.3993055555555556 0.4296875 0.3923611111111111 0.4296875 0.3680555555555556 0.42578125 0.3506944444444444 0.42578125 0.3298611111111111 0.427734375 0.3263888888888889 0.427734375 0.3055555555555556 0.4296875 0.3020833333333333 0.4296875 0.2916666666666667 0.4375 0.2847222222222222
1 0.859375 0.6215277777777778 0.861328125 0.625 0.87109375 0.625 0.873046875 0.6215277777777778 0.890625 0.6215277777777778 0.896484375 0.6319444444444444 0.896484375 0.6388888888888888 0.892578125 0.6527777777777778 0.88671875 0.6631944444444444 0.88671875 0.6736111111111112 0.884765625 0.6770833333333334 0.884765625 0.7222222222222222 0.88671875 0.7256944444444444 0.88671875 0.7361111111111112 0.884765625 0.7395833333333334 0.87109375 0.7395833333333334 0.869140625 0.7430555555555556 0.8671875 0.7395833333333334 0.8515625 0.7395833333333334 0.849609375 0.7326388888888888 0.8515625 0.6736111111111112 0.841796875 0.6527777777777778 0.841796875 0.6458333333333334 0.83984375 0.6423611111111112 0.841796875 0.6284722222222222 0.8515625 0.6215277777777778 0.857421875 0.6215277777777778
1 0.953125 0.5729166666666666 0.958984375 0.5798611111111112 0.958984375 0.6041666666666666 0.95703125 0.6076388888888888 0.95703125 0.6423611111111112 0.955078125 0.6458333333333334 0.955078125 0.6631944444444444 0.94921875 0.6701388888888888 0.927734375 0.6701388888888888 0.927734375 0.6284722222222222 0.923828125 0.6180555555555556 0.9140625 0.6076388888888888 0.9140625 0.5972222222222222 0.916015625 0.5902777777777778 0.921875 0.5833333333333334 0.939453125 0.5833333333333334 0.947265625 0.5694444444444444 0.951171875 0.5729166666666666
1 0.234375 0.21180555555555555 0.236328125 0.2152777777777778 0.2421875 0.2152777777777778 0.244140625 0.21180555555555555 0.25390625 0.21180555555555555 0.255859375 0.2152777777777778 0.255859375 0.23958333333333334 0.25390625 0.24305555555555555 0.25390625 0.2847222222222222 0.255859375 0.2881944444444444 0.255859375 0.2986111111111111 0.25 0.3055555555555556 0.2265625 0.3055555555555556 0.22265625 0.2916666666666667 0.2265625 0.2638888888888889 0.22265625 0.2569444444444444 0.216796875 0.2569444444444444 0.2109375 0.25 0.2109375 0.21875 0.22265625 0.2048611111111111 0.228515625 0.2048611111111111 0.232421875 0.21180555555555555
1 0.53125 0 0.568359375 0 0.568359375 0.006944444444444444 0.564453125 0.003472222222222222 0.55859375 0.003472222222222222 0.556640625 0 0.552734375 0 0.55078125 0.003472222222222222 0.55078125 0.04513888888888889 0.54296875 0.07291666666666667 0.537109375 0.07291666666666667 0.53125 0.059027777777777776 0.529296875 0.03819444444444445 0.533203125 0.020833333333333332 0.533203125 0.003472222222222222
1 0.6171875 0.6701388888888888 0.623046875 0.6840277777777778 0.623046875 0.7256944444444444 0.62109375 0.7291666666666666 0.62109375 0.7361111111111112 0.6171875 0.75 0.6171875 0.7638888888888888 0.615234375 0.7673611111111112 0.607421875 0.7673611111111112 0.609375 0.7569444444444444 0.61328125 0.75 0.61328125 0.7430555555555556 0.611328125 0.7395833333333334 0.61328125 0.7152777777777778 0.611328125 0.7083333333333334 0.60546875 0.7013888888888888 0.591796875 0.7013888888888888 0.58984375 0.7048611111111112 0.59375 0.7326388888888888 0.591796875 0.7395833333333334 0.587890625 0.7395833333333334 0.5859375 0.7430555555555556 0.5859375 0.7569444444444444 0.58203125 0.7534722222222222 0.5859375 0.7048611111111112 0.58984375 0.6979166666666666 0.59375 0.6805555555555556 0.599609375 0.6736111111111112 0.611328125 0.6736111111111112 0.615234375 0.6701388888888888
1 0.59765625 0.1388888888888889 0.6015625 0.13541666666666666 0.615234375 0.13541666666666666 0.623046875 0.14583333333333334 0.623046875 0.1597222222222222 0.62109375 0.16319444444444445 0.615234375 0.16319444444444445 0.611328125 0.1701388888888889 0.611328125 0.1840277777777778 0.615234375 0.19791666666666666 0.61328125 0.2048611111111111 0.61328125 0.21875 0.60546875 0.23958333333333334 0.595703125 0.2465277777777778 0.591796875 0.24305555555555555 0.583984375 0.22569444444444445 0.58203125 0.17708333333333334 0.583984375 0.1736111111111111 0.583984375 0.14583333333333334 0.591796875 0.14930555555555555 0.59765625 0.1423611111111111
1 0.65625 0.2638888888888889 0.66015625 0.2638888888888889 0.662109375 0.2673611111111111 0.67578125 0.2673611111111111 0.68359375 0.2604166666666667 0.697265625 0.2604166666666667 0.701171875 0.2638888888888889 0.705078125 0.2743055555555556 0.703125 0.2881944444444444 0.69921875 0.2881944444444444 0.693359375 0.2951388888888889 0.693359375 0.3368055555555556 0.69140625 0.3402777777777778 0.69140625 0.3472222222222222 0.6875 0.3506944444444444 0.669921875 0.3506944444444444 0.662109375 0.34375 0.662109375 0.3368055555555556 0.66015625 0.3333333333333333 0.662109375 0.3020833333333333 0.65625 0.28125 0.65625 0.2673611111111111
2 0.5859375 0.3576388888888889 0.587890625 0.3611111111111111 0.587890625 0.3680555555555556 0.591796875 0.375 0.591796875 0.3923611111111111 0.587890625 0.40625 0.587890625 0.4201388888888889 0.591796875 0.4305555555555556 0.59765625 0.4305555555555556 0.6015625 0.4409722222222222 0.599609375 0.4791666666666667 0.603515625 0.4861111111111111 0.603515625 0.5069444444444444 0.60546875 0.5138888888888888 0.59765625 0.5208333333333334 0.583984375 0.5208333333333334 0.580078125 0.5173611111111112 0.580078125 0.5034722222222222 0.578125 0.5 0.5703125 0.5 0.568359375 0.4965277777777778 0.552734375 0.4965277777777778 0.546875 0.4895833333333333 0.54296875 0.4965277777777778 0.54296875 0.5104166666666666 0.537109375 0.5104166666666666 0.5390625 0.4652777777777778 0.541015625 0.4618055555555556 0.541015625 0.4513888888888889 0.544921875 0.4409722222222222 0.552734375 0.3923611111111111 0.564453125 0.3784722222222222 0.56640625 0.3715277777777778 0.56640625 0.3611111111111111 0.568359375 0.3576388888888889 0.572265625 0.3541666666666667 0.58203125 0.3541666666666667 0.583984375 0.3576388888888889
2 0 0.3680555555555556 0.001953125 0.3680555555555556 0.01171875 0.4027777777777778 0.01171875 0.4131944444444444 0.01953125 0.4270833333333333 0.03515625 0.4270833333333333 0.03515625 0.4375 0.033203125 0.4409722222222222 0.029296875 0.4409722222222222 0.025390625 0.4479166666666667 0.009765625 0.4548611111111111 0.0078125 0.4513888888888889 0.0078125 0.4409722222222222 0.00390625 0.4270833333333333 0.00390625 0.4201388888888889 0 0.4166666666666667 0 0.3715277777777778
2 0.45703125 0.24305555555555555 0.4609375 0.2465277777777778 0.466796875 0.2604166666666667 0.466796875 0.28125 0.46484375 0.2847222222222222 0.46484375 0.2986111111111111 0.466796875 0.3020833333333333 0.466796875 0.3263888888888889 0.46484375 0.3298611111111111 0.46484375 0.3784722222222222 0.466796875 0.3819444444444444 0.466796875 0.3993055555555556 0.46875 0.4027777777777778 0.470703125 0.4201388888888889 0.474609375 0.4305555555555556 0.474609375 0.4548611111111111 0.4765625 0.4583333333333333 0.4765625 0.4756944444444444 0.478515625 0.4791666666666667 0.478515625 0.4930555555555556 0.48046875 0.4965277777777778 0.48046875 0.5173611111111112 0.482421875 0.5208333333333334 0.482421875 0.5277777777777778 0.48828125 0.5381944444444444 0.494140625 0.5416666666666666 0.494140625 0.5486111111111112 0.484375 0.5555555555555556 0.474609375 0.5555555555555556 0.474609375 0.5347222222222222 0.466796875 0.5069444444444444 0.46484375 0.4756944444444444 0.4609375 0.4618055555555556 0.455078125 0.4513888888888889 0.453125 0.4513888888888889 0.439453125 0.4791666666666667 0.4296875 0.5173611111111112 0.4296875 0.5277777777777778 0.43359375 0.5347222222222222 0.439453125 0.5381944444444444 0.44140625 0.5451388888888888 0.4375 0.5486111111111112 0.419921875 0.5486111111111112 0.41796875 0.5451388888888888 0.41796875 0.5277777777777778 0.42578125 0.4930555555555556 0.427734375 0.4722222222222222 0.435546875 0.4548611111111111 0.43359375 0.4270833333333333 0.4296875 0.4131944444444444 0.4296875 0.3645833333333333 0.42578125 0.3506944444444444 0.427734375 0.3055555555555556 0.4296875 0.3020833333333333 0.4296875 0.2916666666666667 0.435546875 0.2847222222222222 0.439453125 0.2743055555555556 0.439453125 0.2569444444444444 0.44140625 0.25 0.4453125 0.24305555555555555 0.455078125 0.24305555555555555
2 0.939453125 0.53125 0.943359375 0.5347222222222222 0.947265625 0.5451388888888888 0.947265625 0.5625 0.958984375 0.5798611111111112 0.95703125 0.6423611111111112 0.955078125 0.6458333333333334 0.955078125 0.6701388888888888 0.95703125 0.6736111111111112 0.955078125 0.7534722222222222 0.962890625 0.7673611111111112 0.96875 0.7916666666666666 0.96875 0.8020833333333334 0.978515625 0.8368055555555556 0.978515625 0.8541666666666666 0.974609375 0.8645833333333334 0.970703125 0.8645833333333334 0.96875 0.8611111111111112 0.966796875 0.8298611111111112 0.962890625 0.8194444444444444 0.962890625 0.8125 0.958984375 0.8055555555555556 0.953125 0.7847222222222222 0.943359375 0.7673611111111112 0.939453125 0.75 0.935546875 0.7430555555555556 0.93359375 0.7430555555555556 0.9296875 0.7534722222222222 0.93359375 0.8506944444444444 0.92578125 0.8506944444444444 0.919921875 0.84375 0.912109375 0.8402777777777778 0.912109375 0.8333333333333334 0.916015625 0.8333333333333334 0.921875 0.8263888888888888 0.921875 0.8159722222222222 0.91796875 0.7986111111111112 0.91796875 0.7569444444444444 0.9140625 0.7395833333333334 0.9140625 0.6805555555555556 0.916015625 0.6770833333333334 0.916015625 0.65625 0.91796875 0.6527777777777778 0.916015625 0.6458333333333334 0.91796875 0.6319444444444444 0.916015625 0.6284722222222222 0.9140625 0.5972222222222222 0.923828125 0.5798611111111112 0.919921875 0.5694444444444444 0.919921875 0.5416666666666666 0.9296875 0.5277777777777778 0.935546875 0.5277777777777778 0.9375 0.53125
2 0.53125 0 0.5703125 0 0.568359375 0.006944444444444444 0.568359375 0.020833333333333332 0.56640625 0.024305555555555556 0.56640625 0.05555555555555555 0.5703125 0.06597222222222222 0.568359375 0.10069444444444445 0.57421875 0.125 0.57421875 0.13541666666666666 0.578125 0.1423611111111111 0.572265625 0.1423611111111111 0.568359375 0.13194444444444445 0.564453125 0.13541666666666666 0.564453125 0.16666666666666666 0.56640625 0.1701388888888889 0.564453125 0.2222222222222222 0.56640625 0.22569444444444445 0.568359375 0.2465277777777778 0.56640625 0.25 0.5625 0.25 0.556640625 0.23958333333333334 0.556640625 0.2326388888888889 0.552734375 0.21875 0.55078125 0.2222222222222222 0.5390625 0.2222222222222222 0.537109375 0.21875 0.537109375 0.2152777777777778 0.541015625 0.2152777777777778 0.55078125 0.2013888888888889 0.55078125 0.1875 0.548828125 0.1840277777777778 0.548828125 0.1701388888888889 0.546875 0.16666666666666666 0.546875 0.14930555555555555 0.541015625 0.12152777777777778 0.53515625 0.1076388888888889 0.53515625 0.10069444444444445 0.537109375 0.09722222222222222 0.537109375 0.0798611111111111 0.533203125 0.06597222222222222 0.529296875 0.06597222222222222 0.52734375 0.07291666666666667 0.521484375 0.0798611111111111 0.515625 0.07291666666666667 0.51953125 0.059027777777777776 0.529296875 0.041666666666666664 0.529296875 0.03125 0.533203125 0.017361111111111112 0.533203125 0.006944444444444444 0.53125 0.003472222222222222
2 0.24166666666666667 0.32083333333333336 0.06458333333333333 0.3287037037037037
2 0.681640625 0.2152777777777778 0.689453125 0.22569444444444445 0.689453125 0.2465277777777778 0.6953125 0.2569444444444444 0.697265625 0.2569444444444444 0.705078125 0.2743055555555556 0.705078125 0.2951388888888889 0.70703125 0.2986111111111111 0.708984375 0.3333333333333333 0.7109375 0.3368055555555556 0.7109375 0.3506944444444444 0.708984375 0.3541666666666667 0.708984375 0.3715277777777778 0.7109375 0.3784722222222222 0.70703125 0.3888888888888889 0.70703125 0.3993055555555556 0.703125 0.4027777777777778 0.69921875 0.3854166666666667 0.703125 0.3680555555555556 0.701171875 0.3298611111111111 0.697265625 0.3159722222222222 0.693359375 0.3194444444444444 0.693359375 0.3402777777777778 0.69140625 0.34375 0.69140625 0.3715277777777778 0.693359375 0.375 0.69140625 0.3819444444444444 0.69140625 0.4236111111111111 0.6953125 0.4375 0.6953125 0.4826388888888889 0.697265625 0.4861111111111111 0.697265625 0.4965277777777778 0.693359375 0.5069444444444444 0.6875 0.5069444444444444 0.685546875 0.5 0.6875 0.4652777777777778 0.685546875 0.4618055555555556 0.68359375 0.4409722222222222 0.6796875 0.4305555555555556 0.677734375 0.4097222222222222 0.67578125 0.40625 0.671875 0.40625 0.669921875 0.4097222222222222 0.66796875 0.4166666666666667 0.66796875 0.4270833333333333 0.671875 0.4375 0.673828125 0.46875 0.6796875 0.4861111111111111 0.6796875 0.4965277777777778 0.6640625 0.5069444444444444 0.65625 0.5069444444444444 0.65625 0.5 0.66015625 0.4965277777777778 0.66796875 0.4791666666666667 0.658203125 0.4409722222222222 0.658203125 0.4340277777777778 0.654296875 0.4201388888888889 0.654296875 0.3993055555555556 0.65234375 0.3958333333333333 0.65625 0.3576388888888889 0.66015625 0.34375 0.66015625 0.3333333333333333 0.658203125 0.3298611111111111 0.65234375 0.3402777777777778 0.650390625 0.3506944444444444 0.646484375 0.3576388888888889 0.646484375 0.3645833333333333 0.64453125 0.3680555555555556 0.64453125 0.3854166666666667 0.640625 0.3854166666666667 0.640625 0.3784722222222222 0.638671875 0.375 0.640625 0.3715277777777778 0.640625 0.3576388888888889 0.64453125 0.3472222222222222 0.646484375 0.3229166666666667 0.654296875 0.2951388888888889 0.658203125 0.23958333333333334 0.6640625 0.2222222222222222 0.669921875 0.2152777777777778 0.6796875 0.2152777777777778
2 0.86328125 0.5694444444444444 0.873046875 0.5694444444444444 0.87890625 0.5798611111111112 0.87890625 0.5868055555555556 0.880859375 0.5902777777777778 0.880859375 0.6111111111111112 0.88671875 0.6215277777777778 0.890625 0.6215277777777778 0.896484375 0.6319444444444444 0.896484375 0.6388888888888888 0.892578125 0.6493055555555556 0.890625 0.6736111111111112 0.884765625 0.6875 0.884765625 0.71875 0.88671875 0.7222222222222222 0.884765625 0.7986111111111112 0.88671875 0.8020833333333334 0.88671875 0.8680555555555556 0.888671875 0.8715277777777778 0.888671875 0.8888888888888888 0.890625 0.8958333333333334 0.888671875 0.8993055555555556 0.8828125 0.8993055555555556 0.876953125 0.875 0.87109375 0.8958333333333334 0.869140625 0.8923611111111112 0.865234375 0.8923611111111112 0.859375 0.8819444444444444 0.859375 0.875 0.86328125 0.8680555555555556 0.86328125 0.8611111111111112 0.861328125 0.8576388888888888 0.859375 0.8333333333333334 0.857421875 0.8298611111111112 0.857421875 0.7881944444444444 0.8515625 0.7638888888888888 0.8515625 0.75 0.849609375 0.7465277777777778 0.849609375 0.71875 0.845703125 0.7118055555555556 0.837890625 0.7291666666666666 0.83984375 0.75 0.8359375 0.75 0.830078125 0.7430555555555556 0.830078125 0.7326388888888888 0.83203125 0.7291666666666666 0.83203125 0.7222222222222222 0.83984375 0.6875 0.83984375 0.6736111111111112 0.841796875 0.6701388888888888 0.841796875 0.6493055555555556 0.83984375 0.6458333333333334 0.83984375 0.6354166666666666 0.84375 0.625 0.849609375 0.625 0.85546875 0.6180555555555556 0.85546875 0.5868055555555556 0.857421875 0.5798611111111112 0.86328125 0.5729166666666666
2 0.60546875 0.6180555555555556 0.61328125 0.625 0.615234375 0.6319444444444444 0.615234375 0.6631944444444444 0.623046875 0.6840277777777778 0.623046875 0.7256944444444444 0.6171875 0.75 0.6171875 0.78125 0.619140625 0.7847222222222222 0.619140625 0.7986111111111112 0.6171875 0.8055555555555556 0.611328125 0.8125 0.578125 0.8125 0.578125 0.8055555555555556 0.583984375 0.7951388888888888 0.583984375 0.7881944444444444 0.58203125 0.7847222222222222 0.578125 0.7847222222222222 0.572265625 0.7916666666666666 0.564453125 0.7916666666666666 0.5625 0.7881944444444444 0.5625 0.7777777777777778 0.564453125 0.7743055555555556 0.568359375 0.7708333333333334 0.57421875 0.7708333333333334 0.58203125 0.7638888888888888 0.583984375 0.71875 0.5859375 0.7152777777777778 0.5859375 0.7048611111111112 0.58984375 0.6979166666666666 0.58984375 0.6909722222222222 0.591796875 0.6875 0.591796875 0.6736111111111112 0.58984375 0.6701388888888888 0.58984375 0.6284722222222222 0.59765625 0.6180555555555556 0.603515625 0.6180555555555556
2 0.59765625 0.09375 0.607421875 0.11458333333333333 0.615234375 0.11458333333333333 0.619140625 0.11805555555555555 0.626953125 0.13541666666666666 0.626953125 0.1423611111111111 0.623046875 0.14930555555555555 0.626953125 0.16666666666666666 0.626953125 0.2152777777777778 0.623046875 0.2222222222222222 0.623046875 0.2326388888888889 0.62109375 0.2361111111111111 0.623046875 0.3958333333333333 0.6171875 0.4027777777777778 0.61328125 0.4027777777777778 0.611328125 0.3993055555555556 0.61328125 0.3784722222222222 0.615234375 0.375 0.615234375 0.3611111111111111 0.609375 0.3368055555555556 0.609375 0.3263888888888889 0.59765625 0.2847222222222222 0.595703125 0.2847222222222222 0.587890625 0.3020833333333333 0.587890625 0.3506944444444444 0.578125 0.3506944444444444 0.57421875 0.3333333333333333 0.57421875 0.3194444444444444 0.576171875 0.3159722222222222 0.57421875 0.3090277777777778 0.57421875 0.28125 0.578125 0.2638888888888889 0.578125 0.25 0.583984375 0.22916666666666666 0.580078125 0.2152777777777778 0.58203125 0.17708333333333334 0.583984375 0.1736111111111111 0.583984375 0.1527777777777778 0.58203125 0.14930555555555555 0.58203125 0.1388888888888889 0.578125 0.1284722222222222 0.578125 0.1111111111111111 0.5859375 0.09722222222222222 0.58984375 0.09375 0.595703125 0.09375