0 0.966796875 0.010416666666666666 0.970703125 0.020833333333333332 0.96875 0.024305555555555556 0.96875 0.034722222222222224 0.962890625 0.04513888888888889 0.955078125 0.04513888888888889 0.953125 0.041666666666666664 0.953125 0.020833333333333332 0.95703125 0.010416666666666666 0.9609375 0.006944444444444444 0.96484375 0.010416666666666666
0 0.65625 0.2604166666666667 0.66015625 0.2569444444444444 0.666015625 0.2569444444444444 0.671875 0.2708333333333333 0.671875 0.2847222222222222 0.66796875 0.2951388888888889 0.6640625 0.2951388888888889 0.654296875 0.2847222222222222 0.654296875 0.2708333333333333 0.65625 0.2638888888888889
0 0.509765625 0.4166666666666667 0.513671875 0.4236111111111111 0.513671875 0.4375 0.509765625 0.4340277777777778 0.498046875 0.4340277777777778 0.498046875 0.4236111111111111 0.501953125 0.4166666666666667 0.5078125 0.4166666666666667
0 0.833984375 0.6423611111111112 0.83984375 0.65625 0.83984375 0.6736111111111112 0.837890625 0.6770833333333334 0.82421875 0.6770833333333334 0.8203125 0.6736111111111112 0.818359375 0.6666666666666666 0.818359375 0.65625 0.8203125 0.6493055555555556 0.826171875 0.6423611111111112 0.83203125 0.6423611111111112
0 0.95703125 0.6006944444444444 0.958984375 0.6041666666666666 0.962890625 0.6041666666666666 0.966796875 0.6215277777777778 0.966796875 0.6284722222222222 0.962890625 0.6354166666666666 0.947265625 0.6354166666666666 0.9453125 0.6319444444444444 0.9453125 0.6111111111111112 0.94921875 0.6041666666666666 0.955078125 0.6006944444444444
0 0.216796875 0.1909722222222222 0.22265625 0.2013888888888889 0.22265625 0.22569444444444445 0.21875 0.2326388888888889 0.2109375 0.22916666666666666 0.20703125 0.21875 0.20703125 0.2013888888888889 0.212890625 0.1909722222222222 0.21484375 0.1909722222222222
0 0.7140625 0.4759259259259259 0.021875 0.0462962962962963
0 0.466796875 0.08333333333333333 0.470703125 0.09375 0.470703125 0.1111111111111111 0.466796875 0.11805555555555555 0.4609375 0.11805555555555555 0.455078125 0.10416666666666667 0.455078125 0.09375 0.45703125 0.08680555555555555 0.458984375 0.08333333333333333 0.46484375 0.08333333333333333
0 0.529296875 0.4583333333333333 0.53125 0.4618055555555556 0.53515625 0.4618055555555556 0.541015625 0.4722222222222222 0.541015625 0.4791666666666667 0.537109375 0.4895833333333333 0.533203125 0.4930555555555556 0.5234375 0.4930555555555556 0.51953125 0.4861111111111111 0.51953125 0.4722222222222222 0.521484375 0.4652777777777778 0.52734375 0.4618055555555556
0 0.5390625 0.15625 0.54296875 0.1597222222222222 0.546875 0.17708333333333334 0.546875 0.1840277777777778 0.54296875 0.1909722222222222 0.537109375 0.1909722222222222 0.529296875 0.1736111111111111 0.53125 0.16319444444444445 0.537109375 0.15625
1 0.654296875 0.2847222222222222 0.658203125 0.2916666666666667 0.662109375 0.2916666666666667 0.6640625 0.2951388888888889 0.669921875 0.2916666666666667 0.671875 0.2847222222222222 0.677734375 0.2847222222222222 0.681640625 0.2916666666666667 0.6796875 0.3194444444444444 0.677734375 0.3229166666666667 0.6796875 0.3298611111111111 0.673828125 0.3506944444444444 0.654296875 0.3506944444444444 0.65234375 0.3472222222222222 0.65234375 0.3298611111111111 0.646484375 0.3159722222222222 0.642578125 0.3159722222222222 0.642578125 0.3090277777777778 0.64453125 0.3055555555555556 0.64453125 0.2881944444444444 0.646484375 0.2847222222222222 0.65234375 0.2847222222222222
1 0.533203125 0.1875 0.5390625 0.19444444444444445 0.546875 0.1875 0.55078125 0.19444444444444445 0.552734375 0.2048611111111111 0.55859375 0.2152777777777778 0.5546875 0.22569444444444445 0.556640625 0.2326388888888889 0.556640625 0.2604166666666667 0.55078125 0.2673611111111111 0.544921875 0.2673611111111111 0.54296875 0.2708333333333333 0.533203125 0.2708333333333333 0.53125 0.2673611111111111 0.529296875 0.2361111111111111 0.53125 0.2361111111111111 0.537109375 0.22569444444444445 0.537109375 0.2222222222222222 0.533203125 0.2152777777777778 0.525390625 0.2152777777777778 0.5234375 0.21180555555555555 0.5234375 0.19791666666666666 0.529296875 0.1875 0.53125 0.1875
1 0.45703125 0.11458333333333333 0.46484375 0.12152777777777778 0.470703125 0.11458333333333333 0.474609375 0.13194444444444445 0.474609375 0.1701388888888889 0.47265625 0.1736111111111111 0.47265625 0.18055555555555555 0.46875 0.18055555555555555 0.466796875 0.1840277777777778 0.453125 0.1840277777777778 0.451171875 0.18055555555555555 0.44921875 0.15625 0.451171875 0.14930555555555555 0.45703125 0.14930555555555555 0.458984375 0.1423611111111111 0.453125 0.13541666666666666 0.451171875 0.1388888888888889 0.447265625 0.1388888888888889 0.4453125 0.13194444444444445 0.447265625 0.125 0.453125 0.11458333333333333 0.455078125 0.11458333333333333
1 0.703125 0.4618055555555556 0.705078125 0.4652777777777778 0.705078125 0.4826388888888889 0.7109375 0.4930555555555556 0.716796875 0.4965277777777778 0.716796875 0.5034722222222222 0.712890625 0.5138888888888888 0.703125 0.5277777777777778 0.697265625 0.5277777777777778 0.6953125 0.5243055555555556 0.697265625 0.5208333333333334 0.697265625 0.5104166666666666 0.693359375 0.5034722222222222 0.689453125 0.5034722222222222 0.685546875 0.5138888888888888 0.6875 0.4861111111111111 0.693359375 0.4756944444444444 0.693359375 0.4722222222222222 0.701171875 0.4652777777777778
1 0.837890625 0.6805555555555556 0.845703125 0.6909722222222222 0.845703125 0.7013888888888888 0.841796875 0.7118055555555556 0.841796875 0.7222222222222222 0.8359375 0.7430555555555556 0.8359375 0.7673611111111112 0.83203125 0.7743055555555556 0.826171875 0.7743055555555556 0.82421875 0.7708333333333334 0.818359375 0.7708333333333334 0.814453125 0.7673611111111112 0.810546875 0.7604166666666666 0.810546875 0.7534722222222222 0.81640625 0.7395833333333334 0.81640625 0.7222222222222222 0.818359375 0.71875 0.818359375 0.7013888888888888 0.81640625 0.6944444444444444 0.818359375 0.6875 0.822265625 0.6805555555555556 0.8359375 0.6805555555555556
1 0.2109375 0.22916666666666666 0.212890625 0.2326388888888889 0.21875 0.2326388888888889 0.22265625 0.22569444444444445 0.2265625 0.22916666666666666 0.2265625 0.23958333333333334 0.224609375 0.24305555555555555 0.2109375 0.24305555555555555 0.20703125 0.25 0.2109375 0.2604166666666667 0.21484375 0.2638888888888889 0.22265625 0.2638888888888889 0.224609375 0.2673611111111111 0.224609375 0.2743055555555556 0.2265625 0.2777777777777778 0.2265625 0.2951388888888889 0.21875 0.3020833333333333 0.203125 0.3020833333333333 0.201171875 0.2986111111111111 0.19921875 0.24305555555555555 0.197265625 0.2361111111111111 0.201171875 0.22569444444444445 0.20703125 0.22569444444444445 0.208984375 0.22916666666666666
1 0.568359375 0.4722222222222222 0.572265625 0.4861111111111111 0.568359375 0.4895833333333333 0.56640625 0.4965277777777778 0.568359375 0.5 0.576171875 0.5 0.55859375 0.5208333333333334 0.55078125 0.5243055555555556 0.546875 0.53125 0.537109375 0.53125 0.533203125 0.5243055555555556 0.52734375 0.5208333333333334 0.5234375 0.5104166666666666 0.521484375 0.4965277777777778 0.5234375 0.4930555555555556 0.52734375 0.4965277777777778 0.53515625 0.4930555555555556 0.5390625 0.4826388888888889 0.548828125 0.4756944444444444 0.56640625 0.4722222222222222
1 0.970703125 0.6319444444444444 0.974609375 0.6354166666666666 0.98046875 0.6493055555555556 0.9765625 0.6597222222222222 0.9765625 0.6875 0.978515625 0.6909722222222222 0.978515625 0.7013888888888888 0.974609375 0.7048611111111112 0.966796875 0.7048611111111112 0.9609375 0.7118055555555556 0.95703125 0.7118055555555556 0.951171875 0.6805555555555556 0.9453125 0.6701388888888888 0.943359375 0.6701388888888888 0.939453125 0.65625 0.94140625 0.6493055555555556 0.94921875 0.6388888888888888 0.9609375 0.6388888888888888 0.96875 0.6319444444444444
1 0.517578125 0.4444444444444444 0.5234375 0.4583333333333333 0.517578125 0.4722222222222222 0.517578125 0.4826388888888889 0.513671875 0.4895833333333333 0.48828125 0.4895833333333333 0.48828125 0.4513888888888889 0.498046875 0.4375 0.51171875 0.4375 0.515625 0.4444444444444444
1 0.94921875 0.034722222222222224 0.955078125 0.04861111111111111 0.9609375 0.04861111111111111 0.96875 0.03819444444444445 0.978515625 0.04513888888888889 0.978515625 0.05555555555555555 0.97265625 0.06597222222222222 0.97265625 0.08333333333333333 0.96875 0.09027777777777778 0.970703125 0.09722222222222222 0.970703125 0.1076388888888889 0.966796875 0.11458333333333333 0.95703125 0.11458333333333333 0.947265625 0.1076388888888889 0.947265625 0.09375 0.95703125 0.08680555555555555 0.95703125 0.05555555555555555 0.953125 0.04861111111111111 0.947265625 0.04861111111111111 0.947265625 0.041666666666666664 0.94921875 0.03819444444444445
2 0.65625 0.2604166666666667 0.66015625 0.2569444444444444 0.666015625 0.2569444444444444 0.669921875 0.2638888888888889 0.671875 0.2777777777777778 0.67578125 0.2847222222222222 0.681640625 0.2881944444444444 0.681640625 0.3229166666666667 0.6796875 0.3263888888888889 0.6796875 0.3368055555555556 0.67578125 0.3472222222222222 0.67578125 0.3888888888888889 0.673828125 0.3923611111111111 0.673828125 0.4097222222222222 0.677734375 0.4201388888888889 0.677734375 0.4409722222222222 0.6796875 0.4444444444444444 0.6796875 0.4513888888888889 0.673828125 0.4652777777777778 0.666015625 0.46875 0.671875 0.4444444444444444 0.671875 0.4375 0.669921875 0.4340277777777778 0.66796875 0.4166666666666667 0.6640625 0.40625 0.6640625 0.3958333333333333 0.66015625 0.3923611111111111 0.654296875 0.4027777777777778 0.65234375 0.4305555555555556 0.650390625 0.4340277777777778 0.650390625 0.4548611111111111 0.640625 0.4618055555555556 0.638671875 0.4548611111111111 0.64453125 0.4444444444444444 0.646484375 0.3715277777777778 0.65234375 0.3506944444444444 0.65234375 0.3298611111111111 0.650390625 0.3263888888888889 0.642578125 0.3298611111111111 0.638671875 0.3229166666666667 0.64453125 0.3020833333333333 0.64453125 0.2881944444444444 0.65234375 0.28125 0.65625 0.2638888888888889
2 0.54296875 0.1597222222222222 0.546875 0.1840277777777778 0.55078125 0.19791666666666666 0.556640625 0.20833333333333334 0.56640625 0.2465277777777778 0.56640625 0.2534722222222222 0.560546875 0.2604166666666667 0.564453125 0.2743055555555556 0.564453125 0.2881944444444444 0.56640625 0.2916666666666667 0.56640625 0.34375 0.568359375 0.3506944444444444 0.578125 0.3645833333333333 0.576171875 0.3680555555555556 0.56640625 0.3680555555555556 0.564453125 0.3645833333333333 0.560546875 0.3645833333333333 0.556640625 0.375 0.544921875 0.375 0.541015625 0.3680555555555556 0.541015625 0.3472222222222222 0.5390625 0.34375 0.5390625 0.3055555555555556 0.53125 0.2743055555555556 0.53125 0.25 0.52734375 0.23958333333333334 0.52734375 0.2326388888888889 0.5234375 0.21875 0.5234375 0.19444444444444445 0.529296875 0.17708333333333334 0.53125 0.16319444444444445 0.537109375 0.15625 0.541015625 0.1597222222222222
2 0.466796875 0.08333333333333333 0.470703125 0.09375 0.470703125 0.11458333333333333 0.474609375 0.13194444444444445 0.48046875 0.1423611111111111 0.48046875 0.14583333333333334 0.4921875 0.16319444444444445 0.4921875 0.1701388888888889 0.48828125 0.1701388888888889 0.478515625 0.15625 0.474609375 0.1597222222222222 0.474609375 0.1840277777777778 0.48046875 0.19444444444444445 0.48046875 0.2013888888888889 0.474609375 0.2222222222222222 0.474609375 0.2465277777777778 0.46875 0.2708333333333333 0.46875 0.28125 0.474609375 0.2916666666666667 0.4765625 0.2916666666666667 0.474609375 0.2951388888888889 0.4609375 0.2951388888888889 0.458984375 0.2916666666666667 0.4609375 0.2673611111111111 0.45703125 0.2604166666666667 0.451171875 0.2708333333333333 0.451171875 0.2916666666666667 0.447265625 0.2916666666666667 0.44140625 0.28125 0.44140625 0.2604166666666667 0.447265625 0.2569444444444444 0.44921875 0.25 0.451171875 0.25 0.453125 0.24305555555555555 0.455078125 0.24305555555555555 0.4609375 0.2326388888888889 0.458984375 0.2222222222222222 0.453125 0.21180555555555555 0.44921875 0.19791666666666666 0.44921875 0.18055555555555555 0.451171875 0.17708333333333334 0.451171875 0.1701388888888889 0.44921875 0.16666666666666666 0.44921875 0.14930555555555555 0.4453125 0.13194444444444445 0.455078125 0.1076388888888889 0.455078125 0.09375 0.45703125 0.08680555555555555 0.458984375 0.08333333333333333 0.46484375 0.08333333333333333
2 0.71484375 0.4548611111111111 0.72265625 0.4652777777777778 0.72265625 0.4895833333333333 0.71484375 0.5104166666666666 0.716796875 0.5138888888888888 0.716796875 0.5243055555555556 0.720703125 0.5347222222222222 0.720703125 0.5520833333333334 0.72265625 0.5555555555555556 0.72265625 0.5763888888888888 0.724609375 0.5798611111111112 0.724609375 0.5868055555555556 0.72265625 0.59375 0.720703125 0.59375 0.712890625 0.5659722222222222 0.7109375 0.5625 0.70703125 0.5659722222222222 0.708984375 0.5798611111111112 0.71484375 0.5972222222222222 0.71484375 0.6145833333333334 0.712890625 0.6180555555555556 0.708984375 0.6180555555555556 0.708984375 0.6041666666666666 0.703125 0.5868055555555556 0.69921875 0.5798611111111112 0.693359375 0.5798611111111112 0.689453125 0.5763888888888888 0.689453125 0.5555555555555556 0.685546875 0.5381944444444444 0.685546875 0.5 0.6875 0.4965277777777778 0.6875 0.4861111111111111 0.6953125 0.46875 0.712890625 0.4548611111111111
2 0.8203125 0.6493055555555556 0.828125 0.6423611111111112 0.833984375 0.6423611111111112 0.837890625 0.6493055555555556 0.83984375 0.65625 0.83984375 0.6805555555555556 0.845703125 0.6909722222222222 0.845703125 0.7013888888888888 0.841796875 0.7118055555555556 0.841796875 0.71875 0.8359375 0.7430555555555556 0.8359375 0.7708333333333334 0.810546875 0.8055555555555556 0.810546875 0.8333333333333334 0.81640625 0.84375 0.818359375 0.84375 0.818359375 0.8506944444444444 0.814453125 0.8645833333333334 0.810546875 0.8715277777777778 0.80078125 0.8715277777777778 0.796875 0.875 0.791015625 0.8611111111111112 0.796875 0.8506944444444444 0.796875 0.8402777777777778 0.798828125 0.8368055555555556 0.798828125 0.8263888888888888 0.79296875 0.8090277777777778 0.79296875 0.7916666666666666 0.802734375 0.7673611111111112 0.802734375 0.7569444444444444 0.80078125 0.75 0.806640625 0.7430555555555556 0.810546875 0.7465277777777778 0.81640625 0.7361111111111112 0.81640625 0.7152777777777778 0.818359375 0.7118055555555556 0.818359375 0.7013888888888888 0.81640625 0.6944444444444444 0.8203125 0.6840277777777778 0.8203125 0.6701388888888888 0.818359375 0.6666666666666666 0.8203125 0.6527777777777778
2 0.19921875 0.22916666666666666 0.201171875 0.22916666666666666 0.20703125 0.21875 0.20703125 0.2013888888888889 0.2109375 0.19444444444444445 0.216796875 0.1909722222222222 0.22265625 0.2013888888888889 0.22265625 0.2152777777777778 0.2265625 0.22916666666666666 0.2265625 0.23958333333333334 0.23046875 0.2465277777777778 0.248046875 0.25 0.255859375 0.2569444444444444 0.255859375 0.2604166666666667 0.251953125 0.2638888888888889 0.23828125 0.2604166666666667 0.234375 0.2673611111111111 0.228515625 0.2673611111111111 0.2265625 0.2708333333333333 0.228515625 0.2986111111111111 0.234375 0.3194444444444444 0.234375 0.3402777777777778 0.236328125 0.34375 0.236328125 0.3541666666666667 0.240234375 0.3715277777777778 0.240234375 0.3854166666666667 0.2421875 0.3923611111111111 0.255859375 0.4131944444444444 0.25390625 0.4166666666666667 0.240234375 0.4166666666666667 0.236328125 0.4097222222222222 0.234375 0.3854166666666667 0.2265625 0.3611111111111111 0.224609375 0.34375 0.220703125 0.3368055555555556 0.216796875 0.3368055555555556 0.212890625 0.34375 0.212890625 0.3506944444444444 0.20703125 0.3611111111111111 0.20703125 0.3680555555555556 0.203125 0.3819444444444444 0.203125 0.3958333333333333 0.208984375 0.40625 0.208984375 0.4131944444444444 0.19921875 0.4131944444444444 0.193359375 0.40625 0.1953125 0.375 0.197265625 0.3715277777777778 0.197265625 0.3611111111111111 0.201171875 0.3506944444444444 0.201171875 0.3402777777777778 0.203125 0.3368055555555556 0.197265625 0.3229166666666667 0.201171875 0.3125 0.201171875 0.2743055555555556 0.19921875 0.2708333333333333 0.19921875 0.24305555555555555 0.197265625 0.23958333333333334 0.19921875 0.2326388888888889
2 0.595703125 0.4583333333333333 0.595703125 0.4652777777777778 0.58203125 0.4861111111111111 0.591796875 0.4965277777777778 0.607421875 0.4965277777777778 0.609375 0.4930555555555556 0.6171875 0.4930555555555556 0.6171875 0.5 0.61328125 0.5069444444444444 0.58203125 0.5069444444444444 0.578125 0.5034722222222222 0.546875 0.53125 0.537109375 0.53125 0.525390625 0.5173611111111112 0.521484375 0.5034722222222222 0.521484375 0.4895833333333333 0.51953125 0.4861111111111111 0.521484375 0.4652777777777778 0.525390625 0.4618055555555556 0.53515625 0.4618055555555556 0.54296875 0.4756944444444444 0.556640625 0.4756944444444444 0.5625 0.46875 0.583984375 0.46875 0.59375 0.4583333333333333
2 0.95703125 0.6006944444444444 0.96484375 0.6111111111111112 0.96484375 0.6215277777777778 0.96875 0.6319444444444444 0.97265625 0.6319444444444444 0.978515625 0.6388888888888888 0.98046875 0.6493055555555556 0.984375 0.65625 0.990234375 0.6631944444444444 0.994140625 0.6631944444444444 0.998046875 0.6701388888888888 0.998046875 0.6770833333333334 0.9921875 0.6770833333333334 0.98046875 0.6666666666666666 0.974609375 0.6736111111111112 0.9765625 0.6770833333333334 0.9765625 0.6875 0.982421875 0.7118055555555556 0.982421875 0.7222222222222222 0.9765625 0.7395833333333334 0.978515625 0.78125 0.986328125 0.8020833333333334 0.990234375 0.8263888888888888 0.99609375 0.8333333333333334 0.998046875 0.8402777777777778 0.998046875 0.8506944444444444 0.99609375 0.8541666666666666 0.984375 0.8576388888888888 0.982421875 0.8611111111111112 0.98046875 0.8611111111111112 0.978515625 0.8541666666666666 0.982421875 0.8506944444444444 0.984375 0.84375 0.984375 0.8333333333333334 0.974609375 0.8020833333333334 0.96875 0.7951388888888888 0.966796875 0.7881944444444444 0.96484375 0.7916666666666666 0.966796875 0.8333333333333334 0.958984375 0.8368055555555556 0.951171875 0.8298611111111112 0.951171875 0.8263888888888888 0.95703125 0.8159722222222222 0.958984375 0.8020833333333334 0.95703125 0.7986111111111112 0.95703125 0.7847222222222222 0.951171875 0.7604166666666666 0.953125 0.7291666666666666 0.9453125 0.6944444444444444 0.9453125 0.6770833333333334 0.939453125 0.65625 0.947265625 0.6354166666666666 0.9453125 0.6319444444444444 0.9453125 0.6145833333333334 0.94921875 0.6041666666666666 0.955078125 0.6006944444444444
2 0.509765625 0.4166666666666667 0.513671875 0.4236111111111111 0.513671875 0.4375 0.5234375 0.4583333333333333 0.517578125 0.4722222222222222 0.517578125 0.4861111111111111 0.513671875 0.4930555555555556 0.513671875 0.5069444444444444 0.521484375 0.5277777777777778 0.521484375 0.5451388888888888 0.52734375 0.5590277777777778 0.525390625 0.5625 0.521484375 0.5625 0.51171875 0.5416666666666666 0.51171875 0.5347222222222222 0.501953125 0.5208333333333334 0.49609375 0.5208333333333334 0.4921875 0.5243055555555556 0.484375 0.5381944444444444 0.474609375 0.5486111111111112 0.470703125 0.5590277777777778 0.46484375 0.5625 0.46484375 0.5520833333333334 0.474609375 0.5347222222222222 0.474609375 0.5277777777777778 0.48046875 0.5173611111111112 0.484375 0.5034722222222222 0.484375 0.4513888888888889 0.4921875 0.4444444444444444 0.498046875 0.4340277777777778 0.498046875 0.4270833333333333 0.501953125 0.4166666666666667 0.5078125 0.4166666666666667
2 0.962890625 0.006944444444444444 0.96875 0.013888888888888888 0.96875 0.03125 0.970703125 0.03819444444444445 0.978515625 0.04861111111111111 0.978515625 0.059027777777777776 0.9765625 0.0625 0.978515625 0.06597222222222222 0.978515625 0.08333333333333333 0.97265625 0.08680555555555555 0.96875 0.09375 0.970703125 0.09722222222222222 0.970703125 0.1076388888888889 0.966796875 0.11805555555555555 0.966796875 0.13541666666666666 0.96484375 0.1388888888888889 0.96484375 0.16319444444444445 0.966796875 0.16666666666666666 0.966796875 0.1736111111111111 0.96484375 0.17708333333333334 0.96484375 0.1875 0.962890625 0.1909722222222222 0.962890625 0.2013888888888889 0.9609375 0.20833333333333334 0.95703125 0.2152777777777778 0.953125 0.2152777777777778 0.951171875 0.21180555555555555 0.95703125 0.19791666666666666 0.95703125 0.1909722222222222 0.958984375 0.1875 0.958984375 0.14930555555555555 0.953125 0.1423611111111111 0.947265625 0.1527777777777778 0.94140625 0.1736111111111111 0.94140625 0.18055555555555555 0.935546875 0.2048611111111111 0.935546875 0.2152777777777778 0.931640625 0.21875 0.92578125 0.21875 0.93359375 0.1909722222222222 0.93359375 0.1736111111111111 0.9375 0.16319444444444445 0.939453125 0.1388888888888889 0.94140625 0.13541666666666666 0.943359375 0.11805555555555555 0.947265625 0.1076388888888889 0.947265625 0.09375 0.95703125 0.08680555555555555 0.95703125 0.05555555555555555 0.953125 0.04861111111111111 0.947265625 0.04861111111111111 0.9453125 0.04513888888888889 0.953125 0.027777777777777776 0.955078125 0.013888888888888888 0.95703125 0.010416666666666666 0.9609375 0.010416666666666666