0 0.9622395833333334 0.4351851851851852 0.0234375 0.03333333333333333
0 0.564453125 0.4861111111111111 0.572265625 0.4930555555555556 0.57421875 0.5 0.57421875 0.5069444444444444 0.568359375 0.5173611111111112 0.552734375 0.5173611111111112 0.55078125 0.5138888888888888 0.55078125 0.4930555555555556 0.552734375 0.4895833333333333 0.55859375 0.4895833333333333 0.5625 0.4861111111111111
0 0.92578125 0.3993055555555556 0.927734375 0.4027777777777778 0.931640625 0.4027777777777778 0.93359375 0.4097222222222222 0.93359375 0.4201388888888889 0.931640625 0.4236111111111111 0.91796875 0.4236111111111111 0.912109375 0.4166666666666667 0.916015625 0.4027777777777778 0.923828125 0.3993055555555556
1 0.978515625 0.4444444444444444 0.984375 0.4583333333333333 0.984375 0.4652777777777778 0.98046875 0.4722222222222222 0.98046875 0.4791666666666667 0.978515625 0.4826388888888889 0.98046875 0.4861111111111111 0.98046875 0.5 0.9765625 0.5104166666666666 0.966796875 0.5208333333333334 0.955078125 0.5208333333333334 0.9453125 0.5 0.9453125 0.4583333333333333 0.94921875 0.4548611111111111 0.955078125 0.4548611111111111 0.95703125 0.4513888888888889 0.96875 0.4513888888888889 0.9765625 0.4444444444444444
1 0.09765625 0.1701388888888889 0.1015625 0.1736111111111111 0.103515625 0.18055555555555555 0.1015625 0.1875 0.1015625 0.2013888888888889 0.103515625 0.2048611111111111 0.103515625 0.2361111111111111 0.099609375 0.24305555555555555 0.0859375 0.24305555555555555 0.08203125 0.23958333333333334 0.078125 0.2326388888888889 0.07421875 0.20833333333333334 0.068359375 0.2013888888888889 0.0625 0.1840277777777778 0.0625 0.18055555555555555 0.068359375 0.1736111111111111 0.076171875 0.1736111111111111 0.078125 0.1701388888888889 0.095703125 0.1701388888888889
1 0.41015625 0.1736111111111111 0.412109375 0.17708333333333334 0.41796875 0.17708333333333334 0.421875 0.18055555555555555 0.423828125 0.1875 0.421875 0.1909722222222222 0.421875 0.2048611111111111 0.419921875 0.20833333333333334 0.419921875 0.2465277777777778 0.412109375 0.2534722222222222 0.41015625 0.2465277777777778 0.404296875 0.23958333333333334 0.404296875 0.22569444444444445 0.40234375 0.2222222222222222 0.40234375 0.2152777777777778 0.404296875 0.21180555555555555 0.39453125 0.1909722222222222 0.39453125 0.18055555555555555 0.396484375 0.17708333333333334 0.408203125 0.1736111111111111
1 0.15625 0.17708333333333334 0.1875 0.17708333333333334 0.19140625 0.1840277777777778 0.185546875 0.2048611111111111 0.1875 0.21180555555555555 0.1875 0.2465277777777778 0.185546875 0.25 0.17578125 0.2534722222222222 0.169921875 0.2465277777777778 0.162109375 0.24305555555555555 0.162109375 0.20833333333333334 0.15625 0.19444444444444445 0.15625 0.18055555555555555
1 0.53515625 0.4930555555555556 0.537109375 0.5 0.537109375 0.5138888888888888 0.54296875 0.5208333333333334 0.5703125 0.5208333333333334 0.576171875 0.5277777777777778 0.576171875 0.5520833333333334 0.572265625 0.5659722222222222 0.572265625 0.5763888888888888 0.568359375 0.5868055555555556 0.568359375 0.6180555555555556 0.564453125 0.625 0.53515625 0.6215277777777778 0.53515625 0.6111111111111112 0.54296875 0.5798611111111112 0.54296875 0.5416666666666666 0.53125 0.53125 0.52734375 0.5243055555555556 0.52734375 0.5 0.533203125 0.4930555555555556
1 0.4674479166666667 0.19583333333333333 0.0359375 0.07314814814814814
1 0.392578125 0.1909722222222222 0.404296875 0.20833333333333334 0.404296875 0.22569444444444445 0.40234375 0.22916666666666666 0.41015625 0.2465277777777778 0.41015625 0.2569444444444444 0.40234375 0.2673611111111111 0.39453125 0.2673611111111111 0.392578125 0.2638888888888889 0.369140625 0.2638888888888889 0.369140625 0.21875 0.37109375 0.2152777777777778 0.373046875 0.19791666666666666 0.375 0.19444444444444445 0.38671875 0.19444444444444445 0.390625 0.1909722222222222
1 0.908203125 0.5034722222222222 0.90625 0.4895833333333333 0.900390625 0.4791666666666667 0.900390625 0.4583333333333333 0.90625 0.4340277777777778 0.91015625 0.4270833333333333 0.935546875 0.4270833333333333 0.9375 0.4340277777777778 0.9375 0.4513888888888889 0.93359375 0.46875 0.93359375 0.4965277777777778 0.931640625 0.5034722222222222 0.9296875 0.5069444444444444 0.9140625 0.5069444444444444 0.91015625 0.5034722222222222
2 0.98828125 0.46875 0.994140625 0.4756944444444444 0.994140625 0.4895833333333333 0.998046875 0.4965277777777778 0.998046875 0.5069444444444444 0.990234375 0.5069444444444444 0.984375 0.4930555555555556 0.982421875 0.4965277777777778 0.982421875 0.5173611111111112 0.990234375 0.5451388888888888 0.99609375 0.5555555555555556 0.99609375 0.5625 0.998046875 0.5659722222222222 0.998046875 0.59375 0.99609375 0.5833333333333334 0.990234375 0.5729166666666666 0.986328125 0.5555555555555556 0.97265625 0.5347222222222222 0.966796875 0.5416666666666666 0.966796875 0.5486111111111112 0.9609375 0.5625 0.953125 0.5625 0.94921875 0.5590277777777778 0.94921875 0.5520833333333334 0.955078125 0.5381944444444444 0.955078125 0.5243055555555556 0.9453125 0.5034722222222222 0.9453125 0.4965277777777778 0.943359375 0.4930555555555556 0.9453125 0.4895833333333333 0.9453125 0.4583333333333333 0.951171875 0.4479166666666667 0.953125 0.4305555555555556 0.9609375 0.4201388888888889 0.96875 0.4236111111111111 0.97265625 0.4305555555555556 0.974609375 0.4409722222222222 0.982421875 0.4479166666666667 0.984375 0.4548611111111111 0.984375 0.4652777777777778 0.986328125 0.46875
2 0.98828125 0.9131944444444444 0.98828125 0.8854166666666666 0.990234375 0.8819444444444444 0.990234375 0.8715277777777778 0.99609375 0.84375 0.998046875 0.84375 0.998046875 0.9166666666666666 0.9921875 0.9166666666666666 0.990234375 0.9131944444444444
2 0.53515625 0.4861111111111111 0.5390625 0.5 0.5390625 0.5104166666666666 0.544921875 0.5208333333333334 0.548828125 0.5173611111111112 0.55078125 0.4965277777777778 0.5546875 0.4895833333333333 0.55859375 0.4895833333333333 0.560546875 0.4861111111111111 0.5703125 0.4861111111111111 0.576171875 0.5 0.576171875 0.5069444444444444 0.57421875 0.5104166666666666 0.57421875 0.5173611111111112 0.576171875 0.5208333333333334 0.576171875 0.5590277777777778 0.572265625 0.5659722222222222 0.572265625 0.5763888888888888 0.568359375 0.5868055555555556 0.568359375 0.6180555555555556 0.564453125 0.625 0.556640625 0.65625 0.552734375 0.6631944444444444 0.548828125 0.6979166666666666 0.541015625 0.7256944444444444 0.537109375 0.7326388888888888 0.533203125 0.7326388888888888 0.533203125 0.7256944444444444 0.537109375 0.7118055555555556 0.537109375 0.6666666666666666 0.529296875 0.6388888888888888 0.529296875 0.6284722222222222 0.54296875 0.5798611111111112 0.54296875 0.5416666666666666 0.537109375 0.5347222222222222 0.529296875 0.53125 0.525390625 0.5208333333333334 0.52734375 0.4965277777777778 0.529296875 0.4895833333333333 0.533203125 0.4861111111111111
2 0.931640625 0.4027777777777778 0.939453125 0.4375 0.9375 0.4409722222222222 0.9375 0.4652777777777778 0.935546875 0.46875 0.935546875 0.4930555555555556 0.93359375 0.4965277777777778 0.935546875 0.5243055555555556 0.9375 0.5277777777777778 0.935546875 0.5590277777777778 0.93359375 0.5659722222222222 0.931640625 0.5659722222222222 0.931640625 0.5381944444444444 0.92578125 0.5173611111111112 0.921875 0.5138888888888888 0.91796875 0.5208333333333334 0.916015625 0.53125 0.91015625 0.5416666666666666 0.90625 0.5416666666666666 0.904296875 0.5381944444444444 0.904296875 0.4930555555555556 0.8984375 0.4756944444444444 0.900390625 0.4548611111111111 0.9140625 0.40625 0.916015625 0.4027777777777778 0.9296875 0.4027777777777778