0 0.900390625 0.2326388888888889 0.904296875 0.24305555555555555 0.904296875 0.2534722222222222 0.900390625 0.2604166666666667 0.888671875 0.2604166666666667 0.88671875 0.2534722222222222 0.88671875 0.23958333333333334 0.892578125 0.2326388888888889 0.8984375 0.2326388888888889
0 0.59765625 0.2743055555555556 0.599609375 0.28125 0.599609375 0.2986111111111111 0.595703125 0.3055555555555556 0.5859375 0.3020833333333333 0.58203125 0.2916666666666667 0.5859375 0.2777777777777778 0.58984375 0.2743055555555556 0.595703125 0.2743055555555556
0 0.748046875 0.4791666666666667 0.751953125 0.4756944444444444 0.76171875 0.4756944444444444 0.765625 0.4826388888888889 0.765625 0.4965277777777778 0.76171875 0.5034722222222222 0.748046875 0.5034722222222222 0.74609375 0.4965277777777778 0.748046875 0.4826388888888889
0 0.462890625 0.3888888888888889 0.474609375 0.3888888888888889 0.48046875 0.4027777777777778 0.48046875 0.4166666666666667 0.478515625 0.4201388888888889 0.466796875 0.4201388888888889 0.4609375 0.40625 0.4609375 0.3958333333333333 0.462890625 0.3923611111111111
0 0.390625 0.2222222222222222 0.400390625 0.2222222222222222 0.40234375 0.22569444444444445 0.40234375 0.23958333333333334 0.400390625 0.24305555555555555 0.390625 0.24305555555555555 0.388671875 0.23958333333333334 0.388671875 0.22916666666666666 0.390625 0.22569444444444445
0 0.17317708333333334 0.3703703703703704 0.019270833333333334 0.02962962962962963
0 0.5390625 0.2673611111111111 0.546875 0.2743055555555556 0.546875 0.28125 0.548828125 0.2847222222222222 0.546875 0.2881944444444444 0.546875 0.2951388888888889 0.54296875 0.2951388888888889 0.529296875 0.28125 0.53125 0.2708333333333333 0.537109375 0.2673611111111111
0 0.591796875 0.40625 0.595703125 0.4097222222222222 0.59765625 0.4201388888888889 0.595703125 0.4270833333333333 0.58984375 0.4340277777777778 0.580078125 0.4340277777777778 0.576171875 0.4270833333333333 0.576171875 0.4166666666666667 0.58203125 0.40625 0.5859375 0.4027777777777778 0.58984375 0.40625
0 0.537109375 0.3298611111111111 0.5390625 0.3333333333333333 0.5390625 0.3506944444444444 0.529296875 0.3506944444444444 0.5234375 0.34375 0.5234375 0.3368055555555556 0.525390625 0.3333333333333333 0.529296875 0.3298611111111111 0.53515625 0.3298611111111111
0 0.6283854166666667 0.38981481481481484 0.022395833333333334 0.03518518518518518
1 0.638671875 0.3993055555555556 0.642578125 0.4027777777777778 0.646484375 0.4166666666666667 0.646484375 0.4236111111111111 0.65625 0.4479166666666667 0.654296875 0.4548611111111111 0.650390625 0.4548611111111111 0.64453125 0.4618055555555556 0.634765625 0.4618055555555556 0.6328125 0.4583333333333333 0.6328125 0.4513888888888889 0.63671875 0.4409722222222222 0.6328125 0.4340277777777778 0.6171875 0.4201388888888889 0.6171875 0.4131944444444444 0.62109375 0.40625 0.626953125 0.40625 0.63671875 0.3993055555555556
1 0.595703125 0.3090277777777778 0.599609375 0.3194444444444444 0.591796875 0.3298611111111111 0.587890625 0.3298611111111111 0.58203125 0.3229166666666667 0.5703125 0.3229166666666667 0.568359375 0.3263888888888889 0.568359375 0.3055555555555556 0.57421875 0.2916666666666667 0.580078125 0.2916666666666667 0.587890625 0.3055555555555556 0.591796875 0.3055555555555556 0.59375 0.3090277777777778
1 0.638671875 0.3993055555555556 0.642578125 0.4027777777777778 0.646484375 0.4166666666666667 0.646484375 0.4236111111111111 0.65625 0.4444444444444444 0.6640625 0.4722222222222222 0.6640625 0.4826388888888889 0.662109375 0.4861111111111111 0.662109375 0.5069444444444444 0.65625 0.5069444444444444 0.6484375 0.4930555555555556 0.642578125 0.5034722222222222 0.63671875 0.5034722222222222 0.6328125 0.4965277777777778 0.6328125 0.4548611111111111 0.62890625 0.4444444444444444 0.62890625 0.4375 0.6171875 0.4201388888888889 0.6171875 0.4131944444444444 0.623046875 0.40625 0.63671875 0.3993055555555556
1 0.5390625 0.2916666666666667 0.546875 0.3020833333333333 0.548828125 0.3263888888888889 0.552734375 0.3333333333333333 0.556640625 0.3333333333333333 0.546875 0.34375 0.541015625 0.34375 0.5390625 0.3298611111111111 0.537109375 0.3263888888888889 0.53125 0.3263888888888889 0.517578125 0.3472222222222222 0.515625 0.3472222222222222 0.51171875 0.3611111111111111 0.509765625 0.3576388888888889 0.509765625 0.3472222222222222 0.515625 0.3194444444444444 0.515625 0.3055555555555556 0.513671875 0.3020833333333333 0.515625 0.2951388888888889 0.5234375 0.2847222222222222 0.529296875 0.2847222222222222 0.537109375 0.2916666666666667
1 0.5859375 0.4375 0.591796875 0.4305555555555556 0.6015625 0.4305555555555556 0.60546875 0.4444444444444444 0.611328125 0.4548611111111111 0.6171875 0.4791666666666667 0.62109375 0.4861111111111111 0.619140625 0.4930555555555556 0.599609375 0.4930555555555556 0.59765625 0.4895833333333333 0.59765625 0.4791666666666667 0.595703125 0.4722222222222222 0.591796875 0.4618055555555556 0.583984375 0.4513888888888889 0.583984375 0.4444444444444444 0.5859375 0.4409722222222222
1 0.908203125 0.2604166666666667 0.912109375 0.2673611111111111 0.912109375 0.2743055555555556 0.916015625 0.2847222222222222 0.92578125 0.3020833333333333 0.92578125 0.3090277777777778 0.9140625 0.3229166666666667 0.904296875 0.3229166666666667 0.8984375 0.3159722222222222 0.8984375 0.2986111111111111 0.89453125 0.2916666666666667 0.89453125 0.2847222222222222 0.890625 0.2743055555555556 0.890625 0.2638888888888889 0.89453125 0.2638888888888889 0.90234375 0.2569444444444444 0.90625 0.2604166666666667
1 0.171875 0.3819444444444444 0.173828125 0.3854166666666667 0.18359375 0.3854166666666667 0.1875 0.3993055555555556 0.1875 0.4201388888888889 0.185546875 0.4236111111111111 0.185546875 0.4201388888888889 0.1796875 0.4097222222222222 0.173828125 0.4097222222222222 0.166015625 0.4201388888888889 0.166015625 0.4340277777777778 0.171875 0.4409722222222222 0.17578125 0.4409722222222222 0.17578125 0.4444444444444444 0.158203125 0.4444444444444444 0.15234375 0.4340277777777778 0.15234375 0.3958333333333333 0.154296875 0.3888888888888889 0.16015625 0.3819444444444444 0.169921875 0.3819444444444444
1 0.380859375 0.2673611111111111 0.380859375 0.2569444444444444 0.384765625 0.2465277777777778 0.388671875 0.24305555555555555 0.392578125 0.2465277777777778 0.404296875 0.2465277777777778 0.404296875 0.2708333333333333 0.39453125 0.2916666666666667 0.390625 0.3159722222222222 0.384765625 0.3159722222222222 0.37890625 0.3055555555555556 0.37890625 0.2916666666666667 0.38671875 0.2743055555555556 0.3828125 0.2673611111111111
1 0.61328125 0.3333333333333333 0.623046875 0.3506944444444444 0.623046875 0.3715277777777778 0.6171875 0.3854166666666667 0.6171875 0.3923611111111111 0.615234375 0.3958333333333333 0.6171875 0.40625 0.615234375 0.4097222222222222 0.60546875 0.4097222222222222 0.59765625 0.3993055555555556 0.599609375 0.3576388888888889 0.595703125 0.3472222222222222 0.607421875 0.3298611111111111 0.611328125 0.3333333333333333
1 0.57421875 0.4201388888888889 0.57421875 0.4270833333333333 0.583984375 0.4375 0.583984375 0.4479166666666667 0.58203125 0.4513888888888889 0.58203125 0.4756944444444444 0.580078125 0.4791666666666667 0.5625 0.4756944444444444 0.560546875 0.4722222222222222 0.5625 0.46875 0.5625 0.4583333333333333 0.56640625 0.4513888888888889 0.56640625 0.4305555555555556 0.564453125 0.4236111111111111 0.56640625 0.4201388888888889 0.572265625 0.4201388888888889
1 0.4453125 0.4236111111111111 0.453125 0.40625 0.458984375 0.40625 0.46875 0.4236111111111111 0.484375 0.4236111111111111 0.486328125 0.4270833333333333 0.474609375 0.4479166666666667 0.470703125 0.4583333333333333 0.470703125 0.4652777777777778 0.466796875 0.4722222222222222 0.455078125 0.4722222222222222 0.453125 0.46875 0.44921875 0.46875 0.4453125 0.4618055555555556 0.4453125 0.4444444444444444 0.451171875 0.4375 0.451171875 0.4305555555555556 0.447265625 0.4270833333333333
1 0.765625 0.5034722222222222 0.775390625 0.5173611111111112 0.779296875 0.5347222222222222 0.779296875 0.5520833333333334 0.77734375 0.5555555555555556 0.775390625 0.5729166666666666 0.76953125 0.5833333333333334 0.763671875 0.5833333333333334 0.76171875 0.5798611111111112 0.751953125 0.5763888888888888 0.751953125 0.5659722222222222 0.7578125 0.5520833333333334 0.7578125 0.5347222222222222 0.75390625 0.5277777777777778 0.748046875 0.5277777777777778 0.74609375 0.5208333333333334 0.748046875 0.5069444444444444 0.759765625 0.5069444444444444 0.763671875 0.5034722222222222
1 0.609375 0.3298611111111111 0.623046875 0.3506944444444444 0.623046875 0.3680555555555556 0.6015625 0.3680555555555556 0.595703125 0.3472222222222222 0.607421875 0.3333333333333333
1 0.568359375 0.3194444444444444 0.568359375 0.3229166666666667 0.580078125 0.3402777777777778 0.5859375 0.34375 0.58203125 0.3645833333333333 0.576171875 0.3715277777777778 0.572265625 0.3888888888888889 0.560546875 0.3888888888888889 0.55859375 0.3854166666666667 0.5546875 0.3854166666666667 0.552734375 0.3819444444444444 0.552734375 0.375 0.564453125 0.3576388888888889 0.5625 0.3541666666666667 0.55859375 0.3541666666666667 0.55859375 0.34375 0.568359375 0.3229166666666667
1 0.529296875 0.3506944444444444 0.53125 0.3541666666666667 0.54296875 0.3576388888888889 0.546875 0.3645833333333333 0.541015625 0.3854166666666667 0.537109375 0.3888888888888889 0.533203125 0.4201388888888889 0.52734375 0.4201388888888889 0.521484375 0.4131944444444444 0.51171875 0.4131944444444444 0.5078125 0.4166666666666667 0.5078125 0.3993055555555556 0.51171875 0.3854166666666667 0.51171875 0.375 0.509765625 0.3715277777777778 0.51171875 0.3680555555555556 0.51171875 0.3541666666666667 0.517578125 0.34375 0.52734375 0.3506944444444444
2 0.59765625 0.2743055555555556 0.599609375 0.28125 0.599609375 0.3194444444444444 0.591796875 0.3298611111111111 0.583984375 0.3229166666666667 0.580078125 0.3229166666666667 0.57421875 0.3159722222222222 0.568359375 0.3159722222222222 0.5703125 0.2951388888888889 0.564453125 0.2777777777777778 0.56640625 0.2777777777777778 0.57421875 0.2916666666666667 0.578125 0.2916666666666667 0.5859375 0.2777777777777778 0.58984375 0.2743055555555556 0.595703125 0.2743055555555556
2 0.609375 0.4201388888888889 0.61328125 0.4201388888888889 0.6171875 0.4131944444444444 0.62109375 0.3819444444444444 0.625 0.375 0.634765625 0.375 0.638671875 0.3854166666666667 0.638671875 0.3958333333333333 0.64453125 0.40625 0.646484375 0.4236111111111111 0.65625 0.4444444444444444 0.6640625 0.4722222222222222 0.6640625 0.4930555555555556 0.685546875 0.5104166666666666 0.689453125 0.5208333333333334 0.689453125 0.5277777777777778 0.6875 0.5277777777777778 0.681640625 0.5208333333333334 0.67578125 0.5208333333333334 0.673828125 0.5173611111111112 0.658203125 0.5104166666666666 0.646484375 0.4965277777777778 0.64453125 0.5034722222222222 0.650390625 0.5138888888888888 0.66015625 0.5451388888888888 0.66015625 0.5520833333333334 0.654296875 0.5486111111111112 0.63671875 0.5138888888888888 0.6328125 0.5 0.6328125 0.4895833333333333 0.630859375 0.4861111111111111 0.6328125 0.4826388888888889 0.6328125 0.4583333333333333 0.623046875 0.4409722222222222 0.62109375 0.4409722222222222 0.615234375 0.4305555555555556 0.609375 0.4270833333333333 0.609375 0.4236111111111111
2 0.537109375 0.3298611111111111 0.5390625 0.3368055555555556 0.5390625 0.3541666666666667 0.546875 0.3645833333333333 0.53515625 0.3993055555555556 0.53515625 0.4548611111111111 0.537109375 0.4583333333333333 0.537109375 0.4756944444444444 0.53125 0.4861111111111111 0.533203125 0.4895833333333333 0.533203125 0.5 0.529296875 0.5 0.5234375 0.5104166666666666 0.5234375 0.5173611111111112 0.521484375 0.5208333333333334 0.521484375 0.5138888888888888 0.517578125 0.5104166666666666 0.517578125 0.5034722222222222 0.521484375 0.4930555555555556 0.521484375 0.4826388888888889 0.515625 0.4722222222222222 0.51171875 0.4791666666666667 0.513671875 0.5104166666666666 0.509765625 0.5208333333333334 0.5078125 0.5173611111111112 0.5078125 0.5034722222222222 0.50390625 0.4895833333333333 0.50390625 0.4375 0.505859375 0.4340277777777778 0.5078125 0.3923611111111111 0.509765625 0.3888888888888889 0.509765625 0.3611111111111111 0.513671875 0.3472222222222222 0.529296875 0.3298611111111111 0.53515625 0.3298611111111111
2 0.591796875 0.40625 0.595703125 0.4097222222222222 0.59765625 0.4236111111111111 0.603515625 0.4305555555555556 0.60546875 0.4444444444444444 0.611328125 0.4548611111111111 0.615234375 0.4722222222222222 0.62109375 0.4826388888888889 0.626953125 0.5208333333333334 0.630859375 0.53125 0.642578125 0.5486111111111112 0.646484375 0.5520833333333334 0.65234375 0.5520833333333334 0.666015625 0.5798611111111112 0.666015625 0.5902777777777778 0.662109375 0.59375 0.658203125 0.5902777777777778 0.65625 0.5833333333333334 0.640625 0.5590277777777778 0.625 0.5451388888888888 0.61328125 0.5208333333333334 0.6015625 0.5243055555555556 0.59375 0.5381944444444444 0.59375 0.5451388888888888 0.60546875 0.5694444444444444 0.60546875 0.5868055555555556 0.59765625 0.59375 0.599609375 0.5868055555555556 0.599609375 0.5729166666666666 0.587890625 0.5590277777777778 0.580078125 0.5451388888888888 0.580078125 0.5347222222222222 0.583984375 0.5243055555555556 0.583984375 0.5173611111111112 0.591796875 0.5034722222222222 0.595703125 0.4861111111111111 0.59375 0.4826388888888889 0.59375 0.4756944444444444 0.583984375 0.4513888888888889 0.583984375 0.4375 0.580078125 0.4305555555555556 0.580078125 0.4236111111111111 0.578125 0.4201388888888889 0.578125 0.4166666666666667 0.583984375 0.40625 0.58984375 0.40625
2 0.53125 0.2708333333333333 0.5390625 0.2673611111111111 0.546875 0.2743055555555556 0.546875 0.28125 0.548828125 0.2847222222222222 0.546875 0.2881944444444444 0.548828125 0.3263888888888889 0.556640625 0.3333333333333333 0.546875 0.34375 0.541015625 0.34375 0.5390625 0.3402777777777778 0.5390625 0.3333333333333333 0.53515625 0.3263888888888889 0.53125 0.3263888888888889 0.51953125 0.3402777777777778 0.51171875 0.3541666666666667 0.51171875 0.3611111111111111 0.509765625 0.3645833333333333 0.509765625 0.3819444444444444 0.5078125 0.3854166666666667 0.50390625 0.3819444444444444 0.50390625 0.3715277777777778 0.501953125 0.3680555555555556 0.501953125 0.3611111111111111 0.505859375 0.3506944444444444 0.505859375 0.3159722222222222 0.5078125 0.3090277777777778 0.521484375 0.2847222222222222 0.52734375 0.2847222222222222 0.53125 0.2743055555555556
2 0.595703125 0.2743055555555556 0.599609375 0.2847222222222222 0.599609375 0.2951388888888889 0.611328125 0.3125 0.61328125 0.3194444444444444 0.61328125 0.3333333333333333 0.623046875 0.3472222222222222 0.623046875 0.3715277777777778 0.6171875 0.3854166666666667 0.6171875 0.3923611111111111 0.615234375 0.3958333333333333 0.6171875 0.4027777777777778 0.61328125 0.4131944444444444 0.603515625 0.4097222222222222 0.595703125 0.3993055555555556 0.59765625 0.3923611111111111 0.59765625 0.3819444444444444 0.599609375 0.3784722222222222 0.599609375 0.3611111111111111 0.591796875 0.34375 0.591796875 0.3333333333333333 0.599609375 0.3229166666666667 0.599609375 0.3159722222222222 0.58984375 0.3020833333333333 0.583984375 0.2986111111111111 0.58203125 0.2916666666666667 0.58203125 0.2881944444444444 0.587890625 0.2777777777777778 0.59375 0.2743055555555556
2 0.5627604166666667 0.4009259259259259 0.05364583333333333 0.17962962962962964
2 0.40234375 0.22569444444444445 0.40234375 0.24305555555555555 0.40625 0.2569444444444444 0.408203125 0.2881944444444444 0.400390625 0.2847222222222222 0.39453125 0.2951388888888889 0.396484375 0.3229166666666667 0.40234375 0.3368055555555556 0.40234375 0.3472222222222222 0.39453125 0.3680555555555556 0.39453125 0.3784722222222222 0.3984375 0.3888888888888889 0.39453125 0.3923611111111111 0.38671875 0.3854166666666667 0.38671875 0.375 0.388671875 0.3715277777777778 0.388671875 0.3541666666666667 0.38671875 0.3506944444444444 0.380859375 0.3680555555555556 0.380859375 0.3923611111111111 0.37890625 0.3958333333333333 0.376953125 0.3958333333333333 0.37109375 0.3854166666666667 0.375 0.3715277777777778 0.375 0.3611111111111111 0.380859375 0.34375 0.37890625 0.3159722222222222 0.375 0.3020833333333333 0.373046875 0.28125 0.375 0.2777777777777778 0.375 0.2708333333333333 0.388671875 0.23958333333333334 0.388671875 0.22916666666666666 0.392578125 0.2222222222222222 0.3984375 0.2222222222222222 0.400390625 0.22569444444444445
2 0.568359375 0.3125 0.57421875 0.3125 0.576171875 0.3159722222222222 0.5859375 0.3194444444444444 0.5859375 0.3229166666666667 0.58984375 0.3263888888888889 0.587890625 0.3472222222222222 0.578125 0.375 0.578125 0.3888888888888889 0.576171875 0.3923611111111111 0.576171875 0.4027777777777778 0.57421875 0.4097222222222222 0.5625 0.4236111111111111 0.556640625 0.4236111111111111 0.55078125 0.40625 0.552734375 0.3993055555555556 0.552734375 0.3923611111111111 0.55078125 0.3888888888888889 0.55078125 0.3611111111111111 0.55859375 0.3472222222222222 0.560546875 0.3333333333333333 0.568359375 0.3159722222222222
2 0.13671875 0.4930555555555556 0.138671875 0.4930555555555556 0.14453125 0.4791666666666667 0.142578125 0.4652777777777778 0.15234375 0.4409722222222222 0.15234375 0.4340277777777778 0.150390625 0.4305555555555556 0.150390625 0.4201388888888889 0.15234375 0.4166666666666667 0.15234375 0.3958333333333333 0.15625 0.3854166666666667 0.1640625 0.3784722222222222 0.1640625 0.3645833333333333 0.16796875 0.3576388888888889 0.177734375 0.3576388888888889 0.181640625 0.3645833333333333 0.181640625 0.3784722222222222 0.1875 0.3993055555555556 0.1875 0.4201388888888889 0.17578125 0.4444444444444444 0.177734375 0.4513888888888889 0.177734375 0.4618055555555556 0.17578125 0.4652777777777778 0.17578125 0.4965277777777778 0.166015625 0.5208333333333334 0.1640625 0.5208333333333334 0.158203125 0.53125 0.158203125 0.5416666666666666 0.16015625 0.5486111111111112 0.154296875 0.5486111111111112 0.150390625 0.5451388888888888 0.150390625 0.5277777777777778 0.162109375 0.5034722222222222 0.162109375 0.4861111111111111 0.158203125 0.4791666666666667 0.150390625 0.4930555555555556 0.150390625 0.4965277777777778 0.1484375 0.4965277777777778 0.134765625 0.5208333333333334 0.1328125 0.5208333333333334 0.126953125 0.5347222222222222 0.123046875 0.5381944444444444 0.1171875 0.5381944444444444 0.115234375 0.5347222222222222 0.12109375 0.5277777777777778 0.12890625 0.5138888888888888 0.1328125 0.5 0.13671875 0.4965277777777778
2 0.576171875 0.4166666666666667 0.578125 0.4166666666666667 0.576171875 0.4201388888888889 0.580078125 0.4236111111111111 0.580078125 0.4305555555555556 0.583984375 0.4375 0.583984375 0.4479166666666667 0.58203125 0.4513888888888889 0.583984375 0.4548611111111111 0.58203125 0.4583333333333333 0.58203125 0.4652777777777778 0.583984375 0.46875 0.583984375 0.4756944444444444 0.58984375 0.4861111111111111 0.58984375 0.5034722222222222 0.583984375 0.5138888888888888 0.576171875 0.5069444444444444 0.572265625 0.5069444444444444 0.568359375 0.5138888888888888 0.568359375 0.5208333333333334 0.556640625 0.5520833333333334 0.55078125 0.5625 0.55078125 0.5798611111111112 0.548828125 0.5833333333333334 0.54296875 0.5798611111111112 0.54296875 0.5659722222222222 0.548828125 0.5416666666666666 0.55859375 0.5208333333333334 0.5625 0.5034722222222222 0.560546875 0.4930555555555556 0.552734375 0.4756944444444444 0.552734375 0.46875 0.5546875 0.4618055555555556 0.556640625 0.4618055555555556 0.56640625 0.4444444444444444 0.564453125 0.4236111111111111 0.568359375 0.4166666666666667 0.57421875 0.4166666666666667
2 0.49609375 0.4513888888888889 0.5 0.4583333333333333 0.498046875 0.4618055555555556 0.478515625 0.4444444444444444 0.470703125 0.4583333333333333 0.470703125 0.4652777777777778 0.474609375 0.4722222222222222 0.484375 0.5069444444444444 0.486328125 0.53125 0.490234375 0.5347222222222222 0.49609375 0.5451388888888888 0.49609375 0.5486111111111112 0.486328125 0.5486111111111112 0.484375 0.5451388888888888 0.484375 0.5347222222222222 0.478515625 0.5277777777777778 0.466796875 0.5034722222222222 0.458984375 0.4965277777777778 0.447265625 0.5347222222222222 0.447265625 0.5451388888888888 0.443359375 0.5555555555555556 0.443359375 0.5694444444444444 0.44140625 0.5729166666666666 0.435546875 0.5729166666666666 0.435546875 0.5659722222222222 0.439453125 0.5520833333333334 0.439453125 0.5277777777777778 0.443359375 0.5138888888888888 0.443359375 0.4861111111111111 0.4453125 0.4791666666666667 0.435546875 0.4548611111111111 0.435546875 0.4375 0.4375 0.4305555555555556 0.453125 0.40625 0.45703125 0.40625 0.46484375 0.3888888888888889 0.474609375 0.3888888888888889 0.48046875 0.4027777777777778 0.48046875 0.4166666666666667 0.486328125 0.4270833333333333 0.486328125 0.4340277777777778 0.494140625 0.4513888888888889
2 0.75703125 0.5736111111111111 0.0484375 0.20092592592592592
2 0.900390625 0.2326388888888889 0.904296875 0.24305555555555555 0.904296875 0.2534722222222222 0.912109375 0.2673611111111111 0.912109375 0.2743055555555556 0.916015625 0.2847222222222222 0.92578125 0.3020833333333333 0.92578125 0.3090277777777778 0.927734375 0.3125 0.927734375 0.3368055555555556 0.947265625 0.3680555555555556 0.947265625 0.375 0.9453125 0.3784722222222222 0.939453125 0.3680555555555556 0.923828125 0.3541666666666667 0.91796875 0.34375 0.9140625 0.3298611111111111 0.912109375 0.3298611111111111 0.908203125 0.34375 0.904296875 0.3472222222222222 0.90234375 0.34375 0.89453125 0.34375 0.890625 0.3402777777777778 0.890625 0.3055555555555556 0.89453125 0.2986111111111111 0.89453125 0.2916666666666667 0.890625 0.2777777777777778 0.890625 0.2673611111111111 0.88671875 0.2534722222222222 0.88671875 0.24305555555555555 0.888671875 0.2361111111111111 0.892578125 0.2326388888888889 0.8984375 0.2326388888888889