0 0.177734375 0.0798611111111111 0.181640625 0.08680555555555555 0.181640625 0.10069444444444445 0.1796875 0.10416666666666667 0.169921875 0.10416666666666667 0.16796875 0.10069444444444445 0.16796875 0.08680555555555555 0.17578125 0.0798611111111111
0 0.53125 0.4861111111111111 0.5390625 0.4826388888888889 0.544921875 0.4895833333333333 0.544921875 0.5069444444444444 0.541015625 0.5104166666666666 0.53125 0.5104166666666666 0.529296875 0.5069444444444444 0.529296875 0.4930555555555556 0.53125 0.4895833333333333
0 0.552734375 0.3958333333333333 0.5546875 0.40625 0.55078125 0.4166666666666667 0.541015625 0.4166666666666667 0.5390625 0.4131944444444444 0.5390625 0.3993055555555556 0.541015625 0.3958333333333333 0.55078125 0.3958333333333333
1 0.556640625 0.4166666666666667 0.55859375 0.4201388888888889 0.564453125 0.4201388888888889 0.572265625 0.4305555555555556 0.572265625 0.4409722222222222 0.564453125 0.4583333333333333 0.564453125 0.4826388888888889 0.5625 0.4861111111111111 0.546875 0.4861111111111111 0.54296875 0.4826388888888889 0.5390625 0.4722222222222222 0.5390625 0.4618055555555556 0.53515625 0.4479166666666667 0.53515625 0.4236111111111111 0.537109375 0.4201388888888889 0.55078125 0.4201388888888889 0.5546875 0.4166666666666667
1 0.548828125 0.5138888888888888 0.556640625 0.5381944444444444 0.556640625 0.5555555555555556 0.552734375 0.5659722222222222 0.533203125 0.5659722222222222 0.53125 0.5694444444444444 0.529296875 0.5694444444444444 0.525390625 0.5555555555555556 0.525390625 0.5416666666666666 0.52734375 0.5381944444444444 0.525390625 0.5243055555555556 0.53515625 0.5104166666666666 0.544921875 0.5104166666666666 0.546875 0.5138888888888888
1 0.54296875 0.5069444444444444 0.544921875 0.5104166666666666 0.548828125 0.5104166666666666 0.552734375 0.5173611111111112 0.556640625 0.5347222222222222 0.556640625 0.5590277777777778 0.552734375 0.5729166666666666 0.552734375 0.59375 0.5546875 0.5972222222222222 0.552734375 0.6111111111111112 0.546875 0.6111111111111112 0.54296875 0.6041666666666666 0.53125 0.6041666666666666 0.52734375 0.5972222222222222 0.52734375 0.5763888888888888 0.529296875 0.5729166666666666 0.529296875 0.5659722222222222 0.5234375 0.5520833333333334 0.515625 0.5486111111111112 0.51953125 0.5416666666666666 0.5234375 0.5243055555555556 0.52734375 0.5208333333333334 0.529296875 0.5138888888888888 0.541015625 0.5069444444444444
1 0.185546875 0.10416666666666667 0.189453125 0.1111111111111111 0.189453125 0.11805555555555555 0.19140625 0.12152777777777778 0.185546875 0.13194444444444445 0.18359375 0.1388888888888889 0.18359375 0.14930555555555555 0.17578125 0.15625 0.1640625 0.15625 0.15625 0.1423611111111111 0.158203125 0.13541666666666666 0.158203125 0.11805555555555555 0.16015625 0.11458333333333333 0.16015625 0.1076388888888889 0.1640625 0.10416666666666667 0.169921875 0.10416666666666667 0.17578125 0.1111111111111111 0.18359375 0.10416666666666667
1 0.927734375 0.006944444444444444 0.953125 0.006944444444444444 0.951171875 0.027777777777777776 0.947265625 0.034722222222222224 0.9375 0.034722222222222224 0.9296875 0.020833333333333332 0.927734375 0.020833333333333332 0.927734375 0.010416666666666666
2 0.8984375 0.006944444444444444 0.912109375 0.006944444444444444 0.912109375 0.03125 0.9140625 0.034722222222222224 0.9140625 0.041666666666666664 0.912109375 0.04513888888888889 0.912109375 0.05555555555555555 0.91015625 0.059027777777777776 0.90625 0.05555555555555555 0.90234375 0.03819444444444445 0.90234375 0.017361111111111112 0.900390625 0.010416666666666666
2 0.802734375 0.006944444444444444 0.80859375 0.006944444444444444 0.80859375 0.017361111111111112 0.8046875 0.027777777777777776 0.798828125 0.027777777777777776 0.802734375 0.010416666666666666
2 0.927734375 0.006944444444444444 0.953125 0.006944444444444444 0.955078125 0.010416666666666666 0.955078125 0.041666666666666664 0.958984375 0.05555555555555555 0.96484375 0.0625 0.970703125 0.0763888888888889 0.974609375 0.09375 0.974609375 0.10069444444444445 0.96875 0.10069444444444445 0.966796875 0.09027777777777778 0.9609375 0.0798611111111111 0.9609375 0.0763888888888889 0.95703125 0.06944444444444445 0.951171875 0.06597222222222222 0.94921875 0.059027777777777776 0.939453125 0.04513888888888889 0.93359375 0.04513888888888889 0.927734375 0.052083333333333336 0.935546875 0.06944444444444445 0.935546875 0.0763888888888889 0.9375 0.0798611111111111 0.935546875 0.08680555555555555 0.935546875 0.08333333333333333 0.9296875 0.07291666666666667 0.9296875 0.0625 0.927734375 0.059027777777777776 0.921875 0.06597222222222222 0.9140625 0.06597222222222222 0.9140625 0.04513888888888889 0.927734375 0.017361111111111112 0.927734375 0.010416666666666666
2 0.19921875 0.14583333333333334 0.189453125 0.13194444444444445 0.185546875 0.1423611111111111 0.185546875 0.21875 0.1875 0.2222222222222222 0.1875 0.22916666666666666 0.185546875 0.2326388888888889 0.1796875 0.21875 0.1796875 0.20833333333333334 0.177734375 0.2013888888888889 0.173828125 0.19444444444444445 0.1640625 0.1909722222222222 0.162109375 0.1840277777777778 0.162109375 0.16666666666666666 0.154296875 0.14583333333333334 0.16015625 0.1111111111111111 0.16796875 0.10069444444444445 0.16796875 0.08680555555555555 0.17578125 0.0798611111111111 0.181640625 0.08680555555555555 0.18359375 0.09722222222222222 0.189453125 0.1076388888888889 0.189453125 0.11458333333333333 0.193359375 0.1284722222222222 0.19921875 0.1388888888888889 0.19921875 0.1423611111111111
2 0.23828125 0.006944444444444444 0.25 0.006944444444444444 0.248046875 0.013888888888888888 0.248046875 0.027777777777777776 0.23828125 0.06597222222222222 0.23828125 0.0798611111111111 0.234375 0.0798611111111111 0.234375 0.059027777777777776 0.236328125 0.05555555555555555 0.236328125 0.041666666666666664 0.23828125 0.03819444444444445 0.23828125 0.010416666666666666
2 0.798828125 0.024305555555555556 0.80078125 0.020833333333333332 0.80078125 0.010416666666666666 0.802734375 0.006944444444444444 0.80859375 0.006944444444444444 0.80859375 0.017361111111111112 0.806640625 0.024305555555555556 0.8046875 0.027777777777777776 0.80078125 0.027777777777777776
2 0.8984375 0.006944444444444444 0.900390625 0.013888888888888888 0.900390625 0.041666666666666664 0.904296875 0.059027777777777776 0.9140625 0.08333333333333333 0.9140625 0.09375 0.91015625 0.09375 0.900390625 0.0763888888888889 0.89453125 0.0763888888888889 0.892578125 0.0798611111111111 0.892578125 0.09027777777777778 0.896484375 0.10069444444444445 0.892578125 0.1076388888888889 0.888671875 0.1076388888888889 0.88671875 0.1111111111111111 0.880859375 0.1111111111111111 0.884765625 0.10069444444444445 0.884765625 0.09375 0.875 0.06944444444444445 0.875 0.05555555555555555 0.87890625 0.03819444444444445 0.87890625 0.024305555555555556 0.876953125 0.020833333333333332 0.873046875 0.020833333333333332 0.86328125 0.027777777777777776 0.86328125 0.020833333333333332 0.87109375 0.006944444444444444 0.896484375 0.006944444444444444
2 0.51953125 0.4791666666666667 0.5234375 0.4791666666666667 0.52734375 0.4861111111111111 0.53515625 0.4861111111111111 0.537109375 0.4826388888888889 0.54296875 0.4861111111111111 0.544921875 0.5 0.552734375 0.5138888888888888 0.552734375 0.5208333333333334 0.55859375 0.5416666666666666 0.556640625 0.5451388888888888 0.556640625 0.5625 0.5546875 0.5659722222222222 0.5546875 0.5972222222222222 0.556640625 0.6006944444444444 0.556640625 0.6180555555555556 0.564453125 0.6423611111111112 0.564453125 0.6736111111111112 0.56640625 0.6770833333333334 0.56640625 0.6909722222222222 0.564453125 0.6944444444444444 0.560546875 0.6944444444444444 0.55859375 0.6875 0.55859375 0.6666666666666666 0.556640625 0.6631944444444444 0.552734375 0.6354166666666666 0.54296875 0.6111111111111112 0.541015625 0.6076388888888888 0.537109375 0.6076388888888888 0.53125 0.6145833333333334 0.517578125 0.6423611111111112 0.515625 0.6493055555555556 0.515625 0.6597222222222222 0.509765625 0.6840277777777778 0.505859375 0.6909722222222222 0.498046875 0.6909722222222222 0.498046875 0.6805555555555556 0.50390625 0.6597222222222222 0.505859375 0.6354166666666666 0.515625 0.6180555555555556 0.52734375 0.5868055555555556 0.52734375 0.5625 0.521484375 0.5520833333333334 0.51953125 0.5555555555555556 0.513671875 0.5555555555555556 0.521484375 0.5277777777777778 0.529296875 0.5138888888888888 0.529296875 0.5034722222222222 0.52734375 0.4965277777777778 0.51953125 0.4895833333333333 0.51953125 0.4826388888888889
2 0.56640625 0.4201388888888889 0.57421875 0.4375 0.572265625 0.4444444444444444 0.572265625 0.4548611111111111 0.57421875 0.4583333333333333 0.572265625 0.4618055555555556 0.576171875 0.4722222222222222 0.576171875 0.4791666666666667 0.58203125 0.4930555555555556 0.583984375 0.5069444444444444 0.578125 0.5034722222222222 0.568359375 0.4861111111111111 0.564453125 0.4930555555555556 0.564453125 0.5277777777777778 0.560546875 0.5347222222222222 0.556640625 0.5277777777777778 0.5546875 0.5138888888888888 0.546875 0.5034722222222222 0.546875 0.4930555555555556 0.5390625 0.4756944444444444 0.5390625 0.4652777777777778 0.53515625 0.4479166666666667 0.53515625 0.4236111111111111 0.5390625 0.4131944444444444 0.5390625 0.3993055555555556 0.541015625 0.3958333333333333 0.55078125 0.3958333333333333 0.5546875 0.4027777777777778 0.5546875 0.4097222222222222 0.55859375 0.4166666666666667 0.5625 0.4166666666666667 0.564453125 0.4201388888888889
2 0.9921875 0.011111111111111112 0.015625 0.012962962962962963