0 0.583984375 0.5590277777777778 0.587890625 0.5590277777777778 0.58984375 0.5659722222222222 0.587890625 0.5729166666666666 0.583984375 0.5625
0 0.734375 0.5347222222222222 0.736328125 0.5486111111111112 0.734375 0.5520833333333334 0.734375 0.5590277777777778 0.73046875 0.5659722222222222 0.724609375 0.5659722222222222 0.720703125 0.5590277777777778 0.720703125 0.5416666666666666 0.7265625 0.5347222222222222 0.732421875 0.5347222222222222
0 0.111328125 0.12152777777777778 0.1171875 0.13541666666666666 0.1171875 0.1423611111111111 0.111328125 0.1527777777777778 0.10546875 0.1527777777777778 0.1015625 0.14930555555555555 0.099609375 0.1423611111111111 0.099609375 0.1284722222222222 0.103515625 0.12152777777777778 0.109375 0.12152777777777778
0 0.63671875 0.5138888888888888 0.640625 0.5104166666666666 0.646484375 0.5104166666666666 0.650390625 0.5138888888888888 0.65234375 0.5208333333333334 0.65234375 0.5347222222222222 0.64453125 0.5416666666666666 0.638671875 0.5416666666666666 0.634765625 0.5277777777777778 0.634765625 0.5208333333333334 0.63671875 0.5173611111111112
1 0.58203125 0.5555555555555556 0.587890625 0.5625 0.587890625 0.5763888888888888 0.591796875 0.5902777777777778 0.58203125 0.5833333333333334 0.578125 0.5763888888888888 0.5703125 0.5763888888888888 0.5625 0.59375 0.55859375 0.5902777777777778 0.55859375 0.5798611111111112 0.560546875 0.5729166666666666 0.564453125 0.5659722222222222 0.580078125 0.5555555555555556
1 0.25 0.006944444444444444 0.25 0.017361111111111112 0.244140625 0.024305555555555556 0.23046875 0.020833333333333332 0.228515625 0.017361111111111112 0.228515625 0.010416666666666666 0.23046875 0.006944444444444444 0.248046875 0.006944444444444444
1 0.09765625 0.1423611111111111 0.10546875 0.1527777777777778 0.111328125 0.1527777777777778 0.115234375 0.14583333333333334 0.12109375 0.14583333333333334 0.123046875 0.14930555555555555 0.123046875 0.16666666666666666 0.125 0.1701388888888889 0.125 0.17708333333333334 0.12109375 0.1875 0.12109375 0.19444444444444445 0.11328125 0.20833333333333334 0.099609375 0.20833333333333334 0.09765625 0.2048611111111111 0.09765625 0.1875 0.091796875 0.16319444444444445 0.091796875 0.14583333333333334 0.095703125 0.1423611111111111
1 0.658203125 0.5347222222222222 0.666015625 0.5416666666666666 0.681640625 0.5763888888888888 0.681640625 0.5868055555555556 0.677734375 0.5868055555555556 0.669921875 0.59375 0.66015625 0.59375 0.6484375 0.5729166666666666 0.646484375 0.5729166666666666 0.64453125 0.5798611111111112 0.638671875 0.5590277777777778 0.638671875 0.5486111111111112 0.640625 0.5451388888888888 0.65625 0.5347222222222222
1 0.658203125 0.5347222222222222 0.669921875 0.5486111111111112 0.669921875 0.5520833333333334 0.681640625 0.5763888888888888 0.68359375 0.5868055555555556 0.673828125 0.59375 0.66796875 0.59375 0.666015625 0.5972222222222222 0.662109375 0.5972222222222222 0.65625 0.5902777777777778 0.654296875 0.59375 0.654296875 0.6111111111111112 0.65234375 0.6145833333333334 0.65234375 0.6284722222222222 0.650390625 0.6319444444444444 0.6484375 0.6319444444444444 0.64453125 0.5833333333333334 0.638671875 0.5590277777777778 0.638671875 0.5486111111111112 0.642578125 0.5416666666666666 0.65625 0.5347222222222222
1 0.716796875 0.53125 0.71875 0.5347222222222222 0.7265625 0.5347222222222222 0.728515625 0.53125 0.736328125 0.5347222222222222 0.74609375 0.5555555555555556 0.7421875 0.5763888888888888 0.734375 0.5868055555555556 0.728515625 0.5868055555555556 0.724609375 0.5798611111111112 0.7109375 0.5729166666666666 0.70703125 0.5659722222222222 0.705078125 0.5451388888888888 0.708984375 0.5347222222222222 0.71484375 0.5347222222222222
2 0.8671875 0.006944444444444444 0.88671875 0.006944444444444444 0.884765625 0.0625 0.8828125 0.06597222222222222 0.8828125 0.0798611111111111 0.880859375 0.08680555555555555 0.876953125 0.08680555555555555 0.876953125 0.08333333333333333 0.87109375 0.0763888888888889 0.873046875 0.052083333333333336 0.87109375 0.04861111111111111 0.87109375 0.027777777777777776 0.8671875 0.010416666666666666
2 0.58203125 0.5555555555555556 0.58984375 0.5659722222222222 0.58984375 0.5798611111111112 0.607421875 0.6076388888888888 0.607421875 0.6145833333333334 0.60546875 0.6180555555555556 0.59765625 0.6215277777777778 0.58984375 0.6319444444444444 0.58984375 0.6423611111111112 0.591796875 0.6493055555555556 0.6015625 0.6666666666666666 0.6015625 0.6701388888888888 0.595703125 0.6701388888888888 0.58984375 0.6631944444444444 0.58203125 0.6458333333333334 0.578125 0.6458333333333334 0.576171875 0.6527777777777778 0.572265625 0.6527777777777778 0.5703125 0.6493055555555556 0.5703125 0.6215277777777778 0.56640625 0.6180555555555556 0.564453125 0.6111111111111112 0.560546875 0.6111111111111112 0.55859375 0.6180555555555556 0.5546875 0.6180555555555556 0.552734375 0.6145833333333334 0.552734375 0.6076388888888888 0.560546875 0.5729166666666666 0.564453125 0.5659722222222222 0.580078125 0.5555555555555556
2 0.220703125 0.006944444444444444 0.224609375 0.010416666666666666 0.228515625 0.006944444444444444 0.255859375 0.006944444444444444 0.25390625 0.010416666666666666 0.255859375 0.041666666666666664 0.251953125 0.04861111111111111 0.251953125 0.12152777777777778 0.25390625 0.125 0.25390625 0.13194444444444445 0.248046875 0.13194444444444445 0.24609375 0.125 0.24609375 0.09722222222222222 0.244140625 0.09375 0.24609375 0.09027777777777778 0.24609375 0.07291666666666667 0.240234375 0.04861111111111111 0.234375 0.05555555555555555 0.232421875 0.0763888888888889 0.23046875 0.0798611111111111 0.2265625 0.0798611111111111 0.224609375 0.08680555555555555 0.22265625 0.08680555555555555 0.224609375 0.0798611111111111 0.224609375 0.06944444444444445 0.2265625 0.06597222222222222 0.228515625 0.024305555555555556 0.22265625 0.013888888888888888 0.220703125 0.013888888888888888 0.220703125 0.010416666666666666
2 0.111328125 0.12152777777777778 0.115234375 0.1284722222222222 0.1171875 0.1388888888888889 0.123046875 0.14930555555555555 0.123046875 0.1597222222222222 0.126953125 0.1736111111111111 0.126953125 0.1909722222222222 0.12109375 0.19444444444444445 0.1171875 0.2048611111111111 0.119140625 0.20833333333333334 0.119140625 0.2604166666666667 0.1171875 0.2638888888888889 0.1171875 0.2847222222222222 0.109375 0.28125 0.10546875 0.2881944444444444 0.10546875 0.3194444444444444 0.107421875 0.3263888888888889 0.103515625 0.3263888888888889 0.099609375 0.3125 0.099609375 0.2604166666666667 0.09765625 0.2569444444444444 0.09765625 0.23958333333333334 0.095703125 0.2361111111111111 0.095703125 0.22916666666666666 0.09765625 0.22569444444444445 0.09765625 0.1875 0.095703125 0.18055555555555555 0.091796875 0.1736111111111111 0.072265625 0.2048611111111111 0.068359375 0.2048611111111111 0.068359375 0.2013888888888889 0.0703125 0.19444444444444445 0.072265625 0.19444444444444445 0.078125 0.1840277777777778 0.078125 0.18055555555555555 0.080078125 0.18055555555555555 0.0859375 0.1701388888888889 0.08984375 0.1597222222222222 0.091796875 0.14583333333333334 0.099609375 0.13541666666666666 0.099609375 0.1284722222222222 0.103515625 0.12152777777777778 0.109375 0.12152777777777778
2 0.783203125 0.006944444444444444 0.78515625 0.013888888888888888 0.77734375 0.041666666666666664 0.775390625 0.09027777777777778 0.771484375 0.09722222222222222 0.767578125 0.08680555555555555 0.76953125 0.08333333333333333 0.76953125 0.04861111111111111 0.765625 0.03819444444444445 0.759765625 0.04513888888888889 0.759765625 0.04861111111111111 0.748046875 0.07291666666666667 0.744140625 0.07291666666666667 0.744140625 0.06944444444444445 0.748046875 0.059027777777777776 0.748046875 0.04861111111111111 0.75390625 0.024305555555555556 0.75390625 0.010416666666666666 0.755859375 0.006944444444444444 0.78125 0.006944444444444444
2 0.990234375 0.006944444444444444 0.998046875 0.006944444444444444 0.998046875 0.0625 0.9921875 0.0625 0.990234375 0.010416666666666666
2 0.720703125 0.53125 0.72265625 0.5347222222222222 0.732421875 0.53125 0.7421875 0.5416666666666666 0.74609375 0.5520833333333334 0.744140625 0.5798611111111112 0.7421875 0.5833333333333334 0.7421875 0.5972222222222222 0.740234375 0.6006944444444444 0.736328125 0.6284722222222222 0.732421875 0.6354166666666666 0.7265625 0.6631944444444444 0.7265625 0.6701388888888888 0.73046875 0.6805555555555556 0.724609375 0.6805555555555556 0.71875 0.6701388888888888 0.724609375 0.6423611111111112 0.724609375 0.6319444444444444 0.716796875 0.6041666666666666 0.712890625 0.6111111111111112 0.712890625 0.6215277777777778 0.7109375 0.625 0.705078125 0.625 0.701171875 0.6284722222222222 0.693359375 0.6493055555555556 0.689453125 0.6458333333333334 0.689453125 0.6284722222222222 0.69140625 0.625 0.69140625 0.6180555555555556 0.701171875 0.6076388888888888 0.703125 0.5520833333333334 0.708984375 0.5347222222222222 0.712890625 0.53125 0.71875 0.53125
2 0.63671875 0.5138888888888888 0.640625 0.5104166666666666 0.646484375 0.5104166666666666 0.650390625 0.5138888888888888 0.65234375 0.5208333333333334 0.65234375 0.53125 0.666015625 0.5416666666666666 0.68359375 0.5798611111111112 0.68359375 0.5868055555555556 0.685546875 0.5902777777777778 0.685546875 0.6145833333333334 0.681640625 0.6215277777777778 0.6796875 0.6354166666666666 0.685546875 0.6527777777777778 0.685546875 0.6597222222222222 0.693359375 0.6875 0.69140625 0.6909722222222222 0.6875 0.6909722222222222 0.685546875 0.6875 0.685546875 0.6770833333333334 0.677734375 0.65625 0.671875 0.6458333333333334 0.66796875 0.6458333333333334 0.666015625 0.6493055555555556 0.666015625 0.6770833333333334 0.66796875 0.6805555555555556 0.66796875 0.6944444444444444 0.669921875 0.6979166666666666 0.669921875 0.7152777777777778 0.658203125 0.7152777777777778 0.654296875 0.7118055555555556 0.654296875 0.7083333333333334 0.662109375 0.7013888888888888 0.662109375 0.6875 0.65625 0.6701388888888888 0.65625 0.6597222222222222 0.654296875 0.6527777777777778 0.650390625 0.6493055555555556 0.6484375 0.6423611111111112 0.646484375 0.6006944444444444 0.64453125 0.5972222222222222 0.64453125 0.5868055555555556 0.638671875 0.5590277777777778 0.638671875 0.5416666666666666 0.634765625 0.5277777777777778 0.63671875 0.5173611111111112
2 0.671875 0.006944444444444444 0.69921875 0.006944444444444444 0.69921875 0.024305555555555556 0.701171875 0.027777777777777776 0.69921875 0.04513888888888889 0.6953125 0.052083333333333336 0.69140625 0.04861111111111111 0.69140625 0.034722222222222224 0.689453125 0.03125 0.685546875 0.03819444444444445 0.685546875 0.04513888888888889 0.6796875 0.05555555555555555 0.67578125 0.05555555555555555 0.677734375 0.034722222222222224 0.67578125 0.03125 0.67578125 0.020833333333333332 0.671875 0.010416666666666666
2 0.794921875 0.006944444444444444 0.79296875 0.013888888888888888 0.806640625 0.034722222222222224 0.8046875 0.041666666666666664 0.79296875 0.03125 0.78515625 0.03125 0.783203125 0.027777777777777776 0.78515625 0.010416666666666666 0.787109375 0.006944444444444444 0.79296875 0.006944444444444444
2 0.78515625 0.006944444444444444 0.794921875 0.006944444444444444 0.79296875 0.013888888888888888 0.806640625 0.034722222222222224 0.806640625 0.03819444444444445 0.802734375 0.041666666666666664 0.79296875 0.03125 0.78515625 0.03125 0.783203125 0.027777777777777776 0.78515625 0.010416666666666666