0 0.072265625 0 0.099609375 0 0.099609375 0.013888888888888888 0.095703125 0.024305555555555556 0.083984375 0.024305555555555556 0.0703125 0.006944444444444444 0.072265625 0.003472222222222222
0 0.2421875 0 0.244140625 0.003472222222222222 0.244140625 0.010416666666666666 0.236328125 0.020833333333333332 0.2265625 0.020833333333333332 0.220703125 0.010416666666666666 0.220703125 0.003472222222222222 0.22265625 0 0.240234375 0
0 0.341796875 0.5104166666666666 0.34375 0.5138888888888888 0.34765625 0.5138888888888888 0.35546875 0.5277777777777778 0.35546875 0.5347222222222222 0.357421875 0.5381944444444444 0.357421875 0.5486111111111112 0.35546875 0.5555555555555556 0.3515625 0.5625 0.341796875 0.5694444444444444 0.333984375 0.5659722222222222 0.326171875 0.5486111111111112 0.328125 0.5243055555555556 0.330078125 0.5243055555555556 0.333984375 0.5138888888888888 0.33984375 0.5104166666666666
0 0.13671875 0 0.16015625 0 0.15625 0.010416666666666666 0.15234375 0.013888888888888888 0.14453125 0.013888888888888888 0.13671875 0.003472222222222222
0 0.38385416666666666 0.7046296296296296 0.029166666666666667 0.05555555555555555
0 0.111328125 0.5138888888888888 0.1171875 0.5277777777777778 0.1171875 0.5486111111111112 0.11328125 0.5590277777777778 0.10546875 0.5590277777777778 0.1015625 0.5555555555555556 0.08984375 0.53125 0.09765625 0.5138888888888888 0.1015625 0.5104166666666666 0.107421875 0.5104166666666666 0.109375 0.5138888888888888
0 0.302734375 0 0.328125 0 0.326171875 0.020833333333333332 0.318359375 0.03125 0.3125 0.03125 0.306640625 0.024305555555555556 0.3046875 0.013888888888888888 0.30078125 0.006944444444444444 0.302734375 0.003472222222222222
0 0.251953125 0 0.2734375 0 0.2734375 0.020833333333333332 0.267578125 0.03125 0.2578125 0.03125 0.251953125 0.013888888888888888 0.251953125 0.003472222222222222
0 0.185546875 0 0.208984375 0 0.2109375 0.006944444444444444 0.20703125 0.034722222222222224 0.203125 0.041666666666666664 0.1953125 0.04513888888888889 0.1875 0.03125 0.1875 0.024305555555555556 0.185546875 0.020833333333333332 0.185546875 0.003472222222222222
0 0.47265625 0.04513888888888889 0.47265625 0.03819444444444445 0.470703125 0.034722222222222224 0.470703125 0.010416666666666666 0.474609375 0 0.4921875 0 0.494140625 0.006944444444444444 0.494140625 0.03125 0.490234375 0.04513888888888889 0.486328125 0.052083333333333336 0.48046875 0.052083333333333336 0.474609375 0.04513888888888889
0 0.369140625 0 0.390625 0 0.38671875 0.010416666666666666 0.37890625 0.017361111111111112 0.369140625 0.003472222222222222
0 0.3567708333333333 0.6199074074074074 0.026041666666666668 0.05648148148148148
0 0.4375 0.4826388888888889 0.443359375 0.4965277777777778 0.443359375 0.5173611111111112 0.439453125 0.5243055555555556 0.419921875 0.5243055555555556 0.416015625 0.5173611111111112 0.41796875 0.4861111111111111 0.423828125 0.4791666666666667 0.43359375 0.4791666666666667 0.435546875 0.4826388888888889
0 0.412109375 0 0.435546875 0 0.4375 0.006944444444444444 0.435546875 0.027777777777777776 0.42578125 0.04513888888888889 0.41796875 0.04861111111111111 0.416015625 0.041666666666666664 0.416015625 0.03125 0.412109375 0.020833333333333332 0.412109375 0.003472222222222222
1 0.439453125 0.03819444444444445 0.447265625 0.04513888888888889 0.44921875 0.052083333333333336 0.44921875 0.09722222222222222 0.447265625 0.10069444444444445 0.447265625 0.1111111111111111 0.443359375 0.12152777777777778 0.44140625 0.1423611111111111 0.439453125 0.14583333333333334 0.42578125 0.14583333333333334 0.423828125 0.125 0.419921875 0.11458333333333333 0.419921875 0.1076388888888889 0.416015625 0.10069444444444445 0.416015625 0.09027777777777778 0.41015625 0.0763888888888889 0.4140625 0.0625 0.4140625 0.052083333333333336 0.421875 0.052083333333333336 0.43359375 0.034722222222222224 0.4375 0.03819444444444445
1 0.0703125 0.010416666666666666 0.0859375 0.027777777777777776 0.091796875 0.027777777777777776 0.099609375 0.013888888888888888 0.103515625 0.013888888888888888 0.103515625 0.059027777777777776 0.1015625 0.0625 0.103515625 0.11805555555555555 0.099609375 0.12152777777777778 0.09375 0.12152777777777778 0.091796875 0.125 0.080078125 0.125 0.078125 0.12152777777777778 0.0703125 0.12152777777777778 0.068359375 0.11805555555555555 0.068359375 0.1111111111111111 0.06640625 0.1076388888888889 0.06640625 0.06944444444444445 0.068359375 0.06597222222222222 0.068359375 0.052083333333333336 0.064453125 0.04513888888888889 0.0546875 0.04513888888888889 0.0546875 0.024305555555555556 0.056640625 0.017361111111111112 0.0625 0.010416666666666666 0.068359375 0.010416666666666666
1 0.330078125 0 0.357421875 0 0.349609375 0.024305555555555556 0.33203125 0.024305555555555556 0.328125 0.017361111111111112 0.328125 0.006944444444444444 0.330078125 0.003472222222222222
1 0.224609375 0.010416666666666666 0.23046875 0.020833333333333332 0.234375 0.020833333333333332 0.240234375 0.013888888888888888 0.248046875 0.013888888888888888 0.25 0.017361111111111112 0.25 0.020833333333333332 0.24609375 0.017361111111111112 0.2421875 0.020833333333333332 0.23828125 0.027777777777777776 0.23828125 0.034722222222222224 0.236328125 0.03819444444444445 0.236328125 0.09722222222222222 0.234375 0.10416666666666667 0.23046875 0.10416666666666667 0.23046875 0.08333333333333333 0.2265625 0.0763888888888889 0.2265625 0.052083333333333336 0.216796875 0.020833333333333332 0.216796875 0.017361111111111112 0.22265625 0.010416666666666666
1 0.32421875 0.5486111111111112 0.32421875 0.5520833333333334 0.3359375 0.5763888888888888 0.333984375 0.5868055555555556 0.328125 0.5972222222222222 0.3203125 0.6041666666666666 0.314453125 0.6041666666666666 0.310546875 0.59375 0.302734375 0.5798611111111112 0.30078125 0.5798611111111112 0.294921875 0.5972222222222222 0.29296875 0.6145833333333334 0.2890625 0.625 0.279296875 0.625 0.275390625 0.6215277777777778 0.271484375 0.6111111111111112 0.267578125 0.5868055555555556 0.275390625 0.5729166666666666 0.294921875 0.5520833333333334 0.306640625 0.5520833333333334 0.314453125 0.5451388888888888 0.3203125 0.5451388888888888 0.322265625 0.5486111111111112
1 0.140625 0.006944444444444444 0.146484375 0.013888888888888888 0.150390625 0.013888888888888888 0.16015625 0 0.169921875 0 0.17578125 0.010416666666666666 0.17578125 0.024305555555555556 0.169921875 0.041666666666666664 0.169921875 0.06597222222222222 0.171875 0.06944444444444445 0.171875 0.09027777777777778 0.173828125 0.09375 0.173828125 0.10069444444444445 0.169921875 0.1076388888888889 0.1640625 0.1076388888888889 0.154296875 0.11458333333333333 0.146484375 0.11458333333333333 0.14453125 0.1111111111111111 0.140625 0.1111111111111111 0.13671875 0.10416666666666667 0.13671875 0.07291666666666667 0.134765625 0.06944444444444445 0.134765625 0.052083333333333336 0.126953125 0.034722222222222224 0.123046875 0.034722222222222224 0.123046875 0.010416666666666666 0.1328125 0 0.138671875 0.006944444444444444
1 0.080078125 0.5208333333333334 0.083984375 0.5243055555555556 0.091796875 0.5381944444444444 0.099609375 0.5590277777777778 0.103515625 0.5625 0.109375 0.5833333333333334 0.109375 0.6006944444444444 0.1015625 0.6111111111111112 0.087890625 0.6111111111111112 0.078125 0.6180555555555556 0.076171875 0.6215277777777778 0.076171875 0.6319444444444444 0.0703125 0.6388888888888888 0.06640625 0.6388888888888888 0.060546875 0.6319444444444444 0.05859375 0.6215277777777778 0.05078125 0.6041666666666666 0.05078125 0.5972222222222222 0.046875 0.5902777777777778 0.046875 0.5833333333333334 0.04296875 0.5763888888888888 0.04296875 0.5694444444444444 0.0625 0.5451388888888888 0.0625 0.5381944444444444 0.06640625 0.53125 0.06640625 0.5243055555555556 0.068359375 0.5208333333333334 0.078125 0.5208333333333334
1 0.30078125 0.010416666666666666 0.314453125 0.03125 0.322265625 0.027777777777777776 0.32421875 0.020833333333333332 0.328125 0.017361111111111112 0.328125 0.013888888888888888 0.33203125 0.024305555555555556 0.33203125 0.0625 0.31640625 0.07291666666666667 0.310546875 0.08680555555555555 0.310546875 0.09375 0.3046875 0.10416666666666667 0.298828125 0.08333333333333333 0.298828125 0.06597222222222222 0.29296875 0.052083333333333336 0.29296875 0.024305555555555556 0.296875 0.013888888888888888 0.298828125 0.013888888888888888
1 0.18359375 0.024305555555555556 0.1953125 0.04513888888888889 0.201171875 0.04513888888888889 0.208984375 0.03125 0.2109375 0.020833333333333332 0.21484375 0.017361111111111112 0.216796875 0.020833333333333332 0.216796875 0.027777777777777776 0.224609375 0.04513888888888889 0.224609375 0.0625 0.216796875 0.07291666666666667 0.216796875 0.09375 0.21875 0.09722222222222222 0.220703125 0.13541666666666666 0.216796875 0.14583333333333334 0.208984375 0.14583333333333334 0.20703125 0.14930555555555555 0.185546875 0.14930555555555555 0.18359375 0.14583333333333334 0.185546875 0.1076388888888889 0.1796875 0.09375 0.181640625 0.09027777777777778 0.177734375 0.08333333333333333 0.177734375 0.0763888888888889 0.173828125 0.06597222222222222 0.173828125 0.052083333333333336 0.171875 0.04861111111111111 0.177734375 0.027777777777777776 0.181640625 0.024305555555555556
1 0.2890625 0.03125 0.291015625 0.034722222222222224 0.291015625 0.052083333333333336 0.28125 0.06944444444444445 0.28125 0.0763888888888889 0.279296875 0.0798611111111111 0.28125 0.08680555555555555 0.28125 0.1076388888888889 0.283203125 0.1111111111111111 0.283203125 0.1423611111111111 0.28125 0.14583333333333334 0.251953125 0.14583333333333334 0.24609375 0.1388888888888889 0.24609375 0.09375 0.248046875 0.09027777777777778 0.248046875 0.0763888888888889 0.23828125 0.0625 0.23828125 0.05555555555555555 0.236328125 0.052083333333333336 0.236328125 0.034722222222222224 0.2421875 0.020833333333333332 0.251953125 0.020833333333333332 0.259765625 0.03819444444444445 0.267578125 0.034722222222222224 0.2734375 0.024305555555555556 0.279296875 0.024305555555555556 0.287109375 0.03125
1 0.5078125 0.041666666666666664 0.51171875 0.05555555555555555 0.51171875 0.06597222222222222 0.501953125 0.0798611111111111 0.501953125 0.10416666666666667 0.50390625 0.1076388888888889 0.505859375 0.14583333333333334 0.501953125 0.1597222222222222 0.494140625 0.1597222222222222 0.4921875 0.16319444444444445 0.470703125 0.16319444444444445 0.46875 0.1597222222222222 0.470703125 0.10416666666666667 0.46484375 0.08333333333333333 0.45703125 0.06944444444444445 0.45703125 0.052083333333333336 0.462890625 0.041666666666666664 0.47265625 0.041666666666666664 0.47265625 0.04513888888888889 0.48046875 0.05555555555555555 0.486328125 0.05555555555555555 0.4921875 0.041666666666666664 0.505859375 0.041666666666666664
1 0.45703125 0.5208333333333334 0.46484375 0.5277777777777778 0.46484375 0.5381944444444444 0.45703125 0.5555555555555556 0.45703125 0.5798611111111112 0.4609375 0.5902777777777778 0.46875 0.5972222222222222 0.46875 0.6111111111111112 0.478515625 0.6319444444444444 0.478515625 0.6458333333333334 0.474609375 0.6458333333333334 0.47265625 0.6493055555555556 0.4296875 0.6493055555555556 0.41796875 0.6180555555555556 0.416015625 0.6006944444444444 0.412109375 0.59375 0.404296875 0.5902777777777778 0.404296875 0.5520833333333334 0.40625 0.5486111111111112 0.412109375 0.5416666666666666 0.416015625 0.5416666666666666 0.423828125 0.5347222222222222 0.431640625 0.5347222222222222 0.44140625 0.5243055555555556 0.455078125 0.5208333333333334
1 0.39453125 0.003472222222222222 0.396484375 0.006944444444444444 0.404296875 0.006944444444444444 0.40625 0.013888888888888888 0.404296875 0.017361111111111112 0.404296875 0.024305555555555556 0.3984375 0.034722222222222224 0.3984375 0.041666666666666664 0.39453125 0.052083333333333336 0.39453125 0.06597222222222222 0.396484375 0.06944444444444445 0.396484375 0.10069444444444445 0.384765625 0.125 0.380859375 0.12152777777777778 0.375 0.12152777777777778 0.365234375 0.1111111111111111 0.365234375 0.10416666666666667 0.36328125 0.10069444444444445 0.36328125 0.059027777777777776 0.359375 0.041666666666666664 0.353515625 0.03125 0.3515625 0.020833333333333332 0.35546875 0.010416666666666666 0.359375 0.006944444444444444 0.369140625 0.006944444444444444 0.373046875 0.013888888888888888 0.384765625 0.013888888888888888 0.390625 0.003472222222222222 0.392578125 0.003472222222222222
1 0.546875 0.020833333333333332 0.556640625 0.020833333333333332 0.556640625 0.027777777777777776 0.5625 0.041666666666666664 0.568359375 0.041666666666666664 0.576171875 0.027777777777777776 0.58203125 0.027777777777777776 0.587890625 0.034722222222222224 0.58984375 0.041666666666666664 0.58984375 0.04861111111111111 0.5859375 0.05555555555555555 0.5859375 0.06597222222222222 0.583984375 0.06944444444444445 0.583984375 0.09722222222222222 0.580078125 0.10416666666666667 0.578125 0.11458333333333333 0.576171875 0.11805555555555555 0.5625 0.11805555555555555 0.55859375 0.11458333333333333 0.55859375 0.10416666666666667 0.556640625 0.10069444444444445 0.5546875 0.05555555555555555 0.544921875 0.03819444444444445 0.544921875 0.027777777777777776 0.546875 0.024305555555555556
1 0.290625 0.7092592604166668 0.297395833984375 0.6888888888888889 0.289583333984375 0.675 0.282291666015625 0.675 0.281770833984375 0.6888888888888889 0.284375 0.7055555555555555 0.286458333984375 0.7092592604166668 0.290625 0.7092592604166668
1 0.319791666015625 0.6861111111111111 0.326041666015625 0.6861111111111111 0.327604166015625 0.69259259375 0.335416666015625 0.6944444444444444 0.341145833984375 0.6861111111111111 0.35625 0.6851851840277778 0.3609375 0.675 0.3546875 0.6527777777777778 0.3625 0.6416666666666667 0.359114583984375 0.6416666666666667 0.353125 0.625 0.342708333984375 0.6148148159722222 0.339583333984375 0.61759259375 0.336458333984375 0.60740740625 0.328125 0.6064814826388889 0.3140625 0.6203703715277777 0.30625 0.6398148159722222 0.305729166015625 0.6611111111111111 0.308333333984375 0.66759259375 0.313541666015625 0.6722222222222222 0.319791666015625 0.6861111111111111
1 0.36328125 0.6805555555555556 0.365234375 0.6840277777777778 0.3671875 0.7048611111111112 0.373046875 0.7291666666666666 0.373046875 0.7395833333333334 0.36328125 0.7465277777777778 0.357421875 0.7465277777777778 0.345703125 0.7291666666666666 0.33984375 0.7291666666666666 0.3359375 0.7256944444444444 0.337890625 0.6944444444444444 0.345703125 0.6875 0.3515625 0.6875 0.35546875 0.6805555555555556 0.361328125 0.6805555555555556
2 0.5625 0 0.576171875 0 0.576171875 0.020833333333333332 0.58984375 0.03819444444444445 0.58984375 0.04861111111111111 0.5859375 0.05555555555555555 0.5859375 0.06597222222222222 0.583984375 0.06944444444444445 0.583984375 0.10069444444444445 0.580078125 0.1076388888888889 0.580078125 0.12152777777777778 0.578125 0.125 0.580078125 0.1284722222222222 0.580078125 0.1423611111111111 0.578125 0.14583333333333334 0.578125 0.1527777777777778 0.580078125 0.15625 0.578125 0.2013888888888889 0.58203125 0.2152777777777778 0.58203125 0.2326388888888889 0.583984375 0.2361111111111111 0.583984375 0.2847222222222222 0.5859375 0.2881944444444444 0.583984375 0.2951388888888889 0.580078125 0.2986111111111111 0.5703125 0.2986111111111111 0.5703125 0.2881944444444444 0.576171875 0.2743055555555556 0.576171875 0.2569444444444444 0.57421875 0.2534722222222222 0.57421875 0.23958333333333334 0.568359375 0.2152777777777778 0.564453125 0.21875 0.564453125 0.2326388888888889 0.5625 0.2361111111111111 0.5625 0.2534722222222222 0.56640625 0.2604166666666667 0.56640625 0.2743055555555556 0.564453125 0.2777777777777778 0.544921875 0.2777777777777778 0.544921875 0.2743055555555556 0.55078125 0.2638888888888889 0.552734375 0.2638888888888889 0.556640625 0.2534722222222222 0.5546875 0.25 0.5546875 0.22916666666666666 0.552734375 0.22569444444444445 0.552734375 0.2013888888888889 0.55078125 0.19791666666666666 0.55078125 0.1909722222222222 0.546875 0.1840277777777778 0.546875 0.1701388888888889 0.55078125 0.16319444444444445 0.55078125 0.1423611111111111 0.556640625 0.12152777777777778 0.556640625 0.07291666666666667 0.5546875 0.06944444444444445 0.5546875 0.05555555555555555 0.544921875 0.03819444444444445 0.544921875 0.027777777777777776 0.546875 0.020833333333333332 0.556640625 0.020833333333333332 0.560546875 0.013888888888888888 0.560546875 0.006944444444444444 0.5625 0.003472222222222222
2 0.35546875 0.010416666666666666 0.361328125 0.006944444444444444 0.365234375 0 0.40234375 0 0.40625 0.013888888888888888 0.400390625 0.034722222222222224 0.400390625 0.05555555555555555 0.3984375 0.059027777777777776 0.3984375 0.10416666666666667 0.400390625 0.1076388888888889 0.3984375 0.13194444444444445 0.404296875 0.1423611111111111 0.404296875 0.15625 0.3984375 0.16319444444444445 0.3984375 0.1840277777777778 0.396484375 0.1875 0.396484375 0.19791666666666666 0.400390625 0.2152777777777778 0.400390625 0.2465277777777778 0.3984375 0.25 0.3984375 0.2673611111111111 0.396484375 0.2708333333333333 0.396484375 0.2777777777777778 0.400390625 0.2847222222222222 0.400390625 0.2951388888888889 0.404296875 0.3055555555555556 0.396484375 0.3055555555555556 0.388671875 0.2951388888888889 0.390625 0.2881944444444444 0.388671875 0.21180555555555555 0.38671875 0.20833333333333334 0.38671875 0.2013888888888889 0.380859375 0.19444444444444445 0.37890625 0.19444444444444445 0.373046875 0.2048611111111111 0.373046875 0.2534722222222222 0.37109375 0.2569444444444444 0.37109375 0.2847222222222222 0.373046875 0.2881944444444444 0.373046875 0.2951388888888889 0.37109375 0.2986111111111111 0.36328125 0.2986111111111111 0.361328125 0.3020833333333333 0.3515625 0.3020833333333333 0.3515625 0.2951388888888889 0.36328125 0.2708333333333333 0.36328125 0.2638888888888889 0.361328125 0.2604166666666667 0.361328125 0.16666666666666666 0.357421875 0.1527777777777778 0.357421875 0.13541666666666666 0.365234375 0.13541666666666666 0.3671875 0.1388888888888889 0.37109375 0.1388888888888889 0.375 0.14583333333333334 0.384765625 0.14583333333333334 0.38671875 0.1423611111111111 0.384765625 0.13541666666666666 0.376953125 0.1284722222222222 0.365234375 0.1111111111111111 0.365234375 0.10416666666666667 0.36328125 0.10069444444444445 0.36328125 0.0763888888888889 0.359375 0.059027777777777776 0.359375 0.04513888888888889 0.3515625 0.024305555555555556 0.35546875 0.013888888888888888
2 0.435546875 0.4826388888888889 0.439453125 0.4861111111111111 0.443359375 0.4965277777777778 0.443359375 0.5173611111111112 0.4453125 0.5208333333333334 0.45703125 0.5208333333333334 0.46484375 0.5277777777777778 0.46484375 0.5486111111111112 0.466796875 0.5555555555555556 0.474609375 0.5763888888888888 0.484375 0.59375 0.486328125 0.59375 0.486328125 0.6006944444444444 0.47265625 0.6006944444444444 0.470703125 0.6041666666666666 0.470703125 0.6145833333333334 0.478515625 0.6284722222222222 0.482421875 0.6458333333333334 0.490234375 0.6597222222222222 0.490234375 0.6631944444444444 0.494140625 0.6666666666666666 0.49609375 0.6770833333333334 0.50390625 0.6944444444444444 0.505859375 0.7083333333333334 0.509765625 0.71875 0.513671875 0.7465277777777778 0.517578125 0.7569444444444444 0.51953125 0.7881944444444444 0.521484375 0.7951388888888888 0.53125 0.8125 0.537109375 0.8125 0.537109375 0.8229166666666666 0.533203125 0.8263888888888888 0.525390625 0.8263888888888888 0.5234375 0.8298611111111112 0.517578125 0.8263888888888888 0.515625 0.8194444444444444 0.515625 0.8090277777777778 0.517578125 0.8055555555555556 0.51171875 0.7847222222222222 0.509765625 0.78125 0.498046875 0.7847222222222222 0.48828125 0.7604166666666666 0.482421875 0.7604166666666666 0.470703125 0.7465277777777778 0.458984375 0.7256944444444444 0.453125 0.7048611111111112 0.443359375 0.6909722222222222 0.4375 0.6701388888888888 0.4375 0.6597222222222222 0.427734375 0.6458333333333334 0.42578125 0.6354166666666666 0.419921875 0.6284722222222222 0.412109375 0.6284722222222222 0.404296875 0.6180555555555556 0.404296875 0.5555555555555556 0.40625 0.5486111111111112 0.421875 0.5347222222222222 0.421875 0.5277777777777778 0.416015625 0.5138888888888888 0.41796875 0.4861111111111111 0.42578125 0.4791666666666667 0.431640625 0.4791666666666667 0.43359375 0.4826388888888889
2 0.47265625 0 0.4921875 0 0.494140625 0.006944444444444444 0.494140625 0.034722222222222224 0.5 0.041666666666666664 0.5078125 0.041666666666666664 0.509765625 0.04513888888888889 0.51171875 0.0625 0.513671875 0.06597222222222222 0.513671875 0.0798611111111111 0.521484375 0.1111111111111111 0.521484375 0.1284722222222222 0.51953125 0.13194444444444445 0.51953125 0.1388888888888889 0.513671875 0.1527777777777778 0.51171875 0.1736111111111111 0.5078125 0.18055555555555555 0.5078125 0.1909722222222222 0.505859375 0.19444444444444445 0.505859375 0.21875 0.50390625 0.2222222222222222 0.50390625 0.2326388888888889 0.5078125 0.25 0.5078125 0.2638888888888889 0.509765625 0.2673611111111111 0.509765625 0.2847222222222222 0.5078125 0.2881944444444444 0.501953125 0.2881944444444444 0.5 0.2847222222222222 0.5 0.2708333333333333 0.498046875 0.2673611111111111 0.49609375 0.24305555555555555 0.494140625 0.2361111111111111 0.48828125 0.22916666666666666 0.486328125 0.2326388888888889 0.486328125 0.2534722222222222 0.484375 0.2569444444444444 0.484375 0.2986111111111111 0.486328125 0.3020833333333333 0.486328125 0.3194444444444444 0.482421875 0.3194444444444444 0.4765625 0.3263888888888889 0.46875 0.3263888888888889 0.466796875 0.3229166666666667 0.478515625 0.2986111111111111 0.4765625 0.2951388888888889 0.474609375 0.2569444444444444 0.47265625 0.2534722222222222 0.47265625 0.2152777777777778 0.470703125 0.21180555555555555 0.470703125 0.17708333333333334 0.46875 0.1736111111111111 0.46875 0.1284722222222222 0.470703125 0.125 0.470703125 0.10416666666666667 0.46875 0.09722222222222222 0.46484375 0.09375 0.4609375 0.10416666666666667 0.455078125 0.1111111111111111 0.453125 0.1076388888888889 0.453125 0.09027777777777778 0.45703125 0.08333333333333333 0.45703125 0.052083333333333336 0.462890625 0.041666666666666664 0.470703125 0.034722222222222224 0.470703125 0.010416666666666666 0.47265625 0.003472222222222222
2 0.251953125 0 0.2734375 0 0.2734375 0.010416666666666666 0.275390625 0.017361111111111112 0.283203125 0.027777777777777776 0.2890625 0.03125 0.291015625 0.03819444444444445 0.291015625 0.0763888888888889 0.29296875 0.0798611111111111 0.29296875 0.15625 0.28515625 0.17708333333333334 0.28515625 0.2152777777777778 0.287109375 0.21875 0.287109375 0.22916666666666666 0.291015625 0.23958333333333334 0.291015625 0.3055555555555556 0.287109375 0.3090277777777778 0.28515625 0.3020833333333333 0.28515625 0.2847222222222222 0.279296875 0.2604166666666667 0.27734375 0.22916666666666666 0.271484375 0.21180555555555555 0.267578125 0.21180555555555555 0.265625 0.2152777777777778 0.263671875 0.2951388888888889 0.2578125 0.3055555555555556 0.25 0.3055555555555556 0.25 0.2986111111111111 0.25390625 0.2881944444444444 0.25390625 0.2465277777777778 0.248046875 0.2326388888888889 0.248046875 0.2222222222222222 0.25 0.2152777777777778 0.2421875 0.20833333333333334 0.244140625 0.2013888888888889 0.2421875 0.19791666666666666 0.244140625 0.1909722222222222 0.23828125 0.1736111111111111 0.23828125 0.1597222222222222 0.236328125 0.15625 0.236328125 0.13541666666666666 0.23828125 0.13194444444444445 0.23828125 0.12152777777777778 0.236328125 0.11805555555555555 0.236328125 0.10416666666666667 0.23828125 0.10069444444444445 0.236328125 0.08333333333333333 0.23828125 0.0798611111111111 0.23828125 0.07291666666666667 0.236328125 0.06944444444444445 0.23828125 0.06597222222222222 0.23828125 0.059027777777777776 0.236328125 0.05555555555555555 0.236328125 0.04513888888888889 0.234375 0.03819444444444445 0.2421875 0.020833333333333332 0.248046875 0.020833333333333332 0.25 0.017361111111111112 0.25 0.006944444444444444 0.251953125 0.003472222222222222
2 0.1875 0 0.208984375 0 0.2109375 0.013888888888888888 0.21484375 0.020833333333333332 0.21484375 0.027777777777777776 0.22265625 0.03819444444444445 0.22265625 0.04513888888888889 0.224609375 0.04861111111111111 0.224609375 0.0763888888888889 0.228515625 0.09027777777777778 0.228515625 0.11458333333333333 0.22265625 0.125 0.22265625 0.1284722222222222 0.228515625 0.1388888888888889 0.228515625 0.1701388888888889 0.220703125 0.19791666666666666 0.22265625 0.2013888888888889 0.220703125 0.2048611111111111 0.220703125 0.22569444444444445 0.2265625 0.2534722222222222 0.2265625 0.2604166666666667 0.224609375 0.2638888888888889 0.2265625 0.3298611111111111 0.216796875 0.3298611111111111 0.216796875 0.3194444444444444 0.21484375 0.3159722222222222 0.216796875 0.2847222222222222 0.2109375 0.2673611111111111 0.20703125 0.2777777777777778 0.208984375 0.2847222222222222 0.208984375 0.3020833333333333 0.2109375 0.3055555555555556 0.2109375 0.3125 0.205078125 0.3125 0.197265625 0.3194444444444444 0.1875 0.3194444444444444 0.185546875 0.3159722222222222 0.189453125 0.3125 0.197265625 0.2951388888888889 0.197265625 0.2638888888888889 0.1953125 0.2604166666666667 0.193359375 0.21875 0.19140625 0.2152777777777778 0.189453125 0.19444444444444445 0.18359375 0.1840277777777778 0.177734375 0.1840277777777778 0.17578125 0.18055555555555555 0.173828125 0.1597222222222222 0.171875 0.15625 0.173828125 0.1527777777777778 0.171875 0.14583333333333334 0.173828125 0.1423611111111111 0.173828125 0.11458333333333333 0.17578125 0.1111111111111111 0.17578125 0.0763888888888889 0.171875 0.0625 0.171875 0.04861111111111111 0.177734375 0.027777777777777776 0.185546875 0.017361111111111112 0.1875 0.003472222222222222
2 0.30078125 0.15625 0.298828125 0.14930555555555555 0.298828125 0.13541666666666666 0.296875 0.13194444444444445 0.296875 0.08333333333333333 0.29296875 0.06597222222222222 0.29296875 0.020833333333333332 0.302734375 0 0.328125 0 0.330078125 0.003472222222222222 0.330078125 0.017361111111111112 0.333984375 0.024305555555555556 0.33203125 0.03125 0.33203125 0.0625 0.3203125 0.06944444444444445 0.3125 0.08333333333333333 0.3046875 0.1111111111111111 0.3046875 0.125 0.302734375 0.1284722222222222 0.302734375 0.13541666666666666 0.3046875 0.1388888888888889 0.3046875 0.15625 0.302734375 0.15625
2 0.328125 0.5243055555555556 0.330078125 0.5243055555555556 0.333984375 0.5138888888888888 0.337890625 0.5138888888888888 0.33984375 0.5104166666666666 0.34765625 0.5138888888888888 0.35546875 0.5277777777777778 0.357421875 0.5486111111111112 0.34765625 0.5763888888888888 0.33984375 0.5798611111111112 0.330078125 0.5972222222222222 0.314453125 0.6111111111111112 0.302734375 0.6458333333333334 0.302734375 0.65625 0.30078125 0.6631944444444444 0.29296875 0.6631944444444444 0.291015625 0.65625 0.287109375 0.65625 0.29296875 0.6493055555555556 0.291015625 0.6423611111111112 0.287109375 0.6423611111111112 0.267578125 0.6631944444444444 0.263671875 0.6701388888888888 0.26171875 0.6875 0.259765625 0.6875 0.255859375 0.6736111111111112 0.255859375 0.6284722222222222 0.25 0.6180555555555556 0.255859375 0.59375 0.26171875 0.5833333333333334 0.2734375 0.5763888888888888 0.27734375 0.5694444444444444 0.287109375 0.5625 0.294921875 0.5520833333333334 0.306640625 0.5520833333333334 0.318359375 0.5416666666666666 0.322265625 0.5416666666666666 0.328125 0.5277777777777778
2 0.302734375 0 0.328125 0 0.328125 0.013888888888888888 0.33203125 0.024305555555555556 0.33203125 0.0625 0.31640625 0.07291666666666667 0.310546875 0.08680555555555555 0.310546875 0.09375 0.3046875 0.1076388888888889 0.3046875 0.11805555555555555 0.30078125 0.13194444444444445 0.30078125 0.14583333333333334 0.302734375 0.14930555555555555 0.302734375 0.1527777777777778 0.30078125 0.1527777777777778 0.30078125 0.13541666666666666 0.296875 0.1284722222222222 0.296875 0.08333333333333333 0.29296875 0.06597222222222222 0.29296875 0.020833333333333332 0.302734375 0.003472222222222222
2 0.10546875 0.5104166666666666 0.107421875 0.5138888888888888 0.111328125 0.5138888888888888 0.115234375 0.5208333333333334 0.1171875 0.5277777777777778 0.1171875 0.5451388888888888 0.115234375 0.5486111111111112 0.115234375 0.5555555555555556 0.11328125 0.5590277777777778 0.109375 0.5590277777777778 0.10546875 0.5659722222222222 0.10546875 0.5729166666666666 0.109375 0.5833333333333334 0.109375 0.6006944444444444 0.103515625 0.6145833333333334 0.103515625 0.6423611111111112 0.1015625 0.6458333333333334 0.1015625 0.6527777777777778 0.09375 0.6666666666666666 0.0859375 0.6666666666666666 0.078125 0.6597222222222222 0.064453125 0.65625 0.060546875 0.6631944444444444 0.060546875 0.6701388888888888 0.064453125 0.6770833333333334 0.060546875 0.6840277777777778 0.056640625 0.6840277777777778 0.0546875 0.6805555555555556 0.0546875 0.6666666666666666 0.048828125 0.65625 0.046875 0.6458333333333334 0.03515625 0.6319444444444444 0.02734375 0.6041666666666666 0.02734375 0.5972222222222222 0.017578125 0.5833333333333334 0.013671875 0.5833333333333334 0.01171875 0.5868055555555556 0.01171875 0.5729166666666666 0.015625 0.5659722222222222 0.02734375 0.5659722222222222 0.0390625 0.5486111111111112 0.0390625 0.5416666666666666 0.03515625 0.53125 0.03515625 0.5243055555555556 0.0390625 0.5208333333333334 0.044921875 0.5208333333333334 0.046875 0.5243055555555556 0.056640625 0.5277777777777778 0.060546875 0.5347222222222222 0.064453125 0.53125 0.068359375 0.5208333333333334 0.080078125 0.5208333333333334 0.0859375 0.5277777777777778 0.08984375 0.5277777777777778 0.09765625 0.5138888888888888 0.103515625 0.5138888888888888
2 0.21875 0 0.244140625 0 0.244140625 0.006944444444444444 0.24609375 0.010416666666666666 0.24609375 0.013888888888888888 0.236328125 0.027777777777777776 0.236328125 0.034722222222222224 0.234375 0.03819444444444445 0.234375 0.059027777777777776 0.236328125 0.0625 0.236328125 0.0798611111111111 0.234375 0.08680555555555555 0.236328125 0.09027777777777778 0.236328125 0.10069444444444445 0.234375 0.10416666666666667 0.234375 0.13194444444444445 0.232421875 0.1388888888888889 0.234375 0.1423611111111111 0.234375 0.16319444444444445 0.236328125 0.16666666666666666 0.236328125 0.17708333333333334 0.240234375 0.1875 0.240234375 0.19791666666666666 0.232421875 0.20833333333333334 0.232421875 0.2222222222222222 0.236328125 0.22916666666666666 0.240234375 0.2152777777777778 0.248046875 0.2152777777777778 0.248046875 0.24305555555555555 0.25 0.2465277777777778 0.248046875 0.2534722222222222 0.248046875 0.2673611111111111 0.251953125 0.28125 0.251953125 0.2916666666666667 0.248046875 0.2951388888888889 0.240234375 0.2743055555555556 0.236328125 0.2708333333333333 0.232421875 0.28125 0.232421875 0.2986111111111111 0.2265625 0.2986111111111111 0.2265625 0.2465277777777778 0.224609375 0.24305555555555555 0.224609375 0.22916666666666666 0.22265625 0.22569444444444445 0.22265625 0.1909722222222222 0.23046875 0.1701388888888889 0.23046875 0.1388888888888889 0.224609375 0.13194444444444445 0.224609375 0.12152777777777778 0.228515625 0.12152777777777778 0.23046875 0.11805555555555555 0.23046875 0.09027777777777778 0.2265625 0.0763888888888889 0.2265625 0.052083333333333336 0.216796875 0.027777777777777776 0.216796875 0.010416666666666666 0.21875 0.003472222222222222
2 0.173828125 0 0.17578125 0.006944444444444444 0.17578125 0.017361111111111112 0.177734375 0.020833333333333332 0.173828125 0.027777777777777776 0.171875 0.034722222222222224 0.171875 0.04513888888888889 0.169921875 0.04861111111111111 0.169921875 0.0625 0.173828125 0.0798611111111111 0.173828125 0.11458333333333333 0.171875 0.11805555555555555 0.173828125 0.13541666666666666 0.171875 0.1388888888888889 0.171875 0.15625 0.173828125 0.1597222222222222 0.173828125 0.17708333333333334 0.1796875 0.19791666666666666 0.1796875 0.24305555555555555 0.177734375 0.2465277777777778 0.177734375 0.2569444444444444 0.189453125 0.2881944444444444 0.185546875 0.2916666666666667 0.171875 0.28125 0.169921875 0.2326388888888889 0.16796875 0.22916666666666666 0.16796875 0.21875 0.1640625 0.21180555555555555 0.1640625 0.19444444444444445 0.16015625 0.1875 0.15625 0.1875 0.15234375 0.19444444444444445 0.15234375 0.2013888888888889 0.150390625 0.2048611111111111 0.15234375 0.20833333333333334 0.15234375 0.2326388888888889 0.154296875 0.2361111111111111 0.154296875 0.2604166666666667 0.15234375 0.2638888888888889 0.154296875 0.2743055555555556 0.1484375 0.2951388888888889 0.140625 0.2951388888888889 0.140625 0.2777777777777778 0.142578125 0.2743055555555556 0.140625 0.24305555555555555 0.138671875 0.23958333333333334 0.138671875 0.16666666666666666 0.140625 0.16319444444444445 0.134765625 0.14930555555555555 0.13671875 0.125 0.1328125 0.11458333333333333 0.126953125 0.11458333333333333 0.125 0.1111111111111111 0.123046875 0.08680555555555555 0.12109375 0.08333333333333333 0.123046875 0.010416666666666666 0.130859375 0 0.171875 0
2 0.130859375 0.13541666666666666 0.130859375 0.1423611111111111 0.126953125 0.1527777777777778 0.125 0.1527777777777778 0.123046875 0.14930555555555555 0.123046875 0.13541666666666666 0.125 0.13194444444444445 0.123046875 0.125 0.119140625 0.11805555555555555 0.115234375 0.11805555555555555 0.11328125 0.11458333333333333 0.11328125 0.1076388888888889 0.10546875 0.09027777777777778 0.103515625 0.09375 0.103515625 0.11805555555555555 0.107421875 0.1284722222222222 0.107421875 0.13541666666666666 0.111328125 0.14930555555555555 0.111328125 0.1909722222222222 0.11328125 0.19444444444444445 0.11328125 0.2048611111111111 0.111328125 0.20833333333333334 0.111328125 0.2152777777777778 0.11328125 0.21875 0.11328125 0.2777777777777778 0.126953125 0.3090277777777778 0.119140625 0.3125 0.107421875 0.2951388888888889 0.10546875 0.2708333333333333 0.099609375 0.25 0.09765625 0.21875 0.095703125 0.2152777777777778 0.09375 0.19791666666666666 0.08984375 0.19444444444444445 0.0859375 0.21180555555555555 0.0859375 0.2569444444444444 0.083984375 0.2604166666666667 0.083984375 0.2847222222222222 0.0859375 0.2881944444444444 0.0859375 0.2951388888888889 0.091796875 0.3090277777777778 0.091796875 0.3194444444444444 0.083984375 0.3194444444444444 0.078125 0.3125 0.078125 0.2881944444444444 0.07421875 0.2743055555555556 0.072265625 0.2465277777777778 0.0703125 0.24305555555555555 0.0703125 0.1840277777777778 0.072265625 0.18055555555555555 0.0703125 0.17708333333333334 0.0703125 0.1597222222222222 0.064453125 0.14930555555555555 0.05859375 0.1284722222222222 0.052734375 0.11805555555555555 0.05078125 0.1076388888888889 0.044921875 0.10069444444444445 0.044921875 0.09375 0.04296875 0.09027777777777778 0.044921875 0.07291666666666667 0.05078125 0.059027777777777776 0.05078125 0.052083333333333336 0.0546875 0.041666666666666664 0.0546875 0.024305555555555556 0.05859375 0.013888888888888888 0.06640625 0.010416666666666666 0.072265625 0 0.09765625 0 0.103515625 0.013888888888888888 0.103515625 0.027777777777777776 0.10546875 0.03125 0.107421875 0.05555555555555555 0.12109375 0.09722222222222222 0.12109375 0.1076388888888889 0.126953125 0.12152777777777778 0.126953125 0.13194444444444445 0.12890625 0.13541666666666666
2 0.412109375 0 0.435546875 0 0.4375 0.006944444444444444 0.435546875 0.013888888888888888 0.435546875 0.03125 0.447265625 0.04513888888888889 0.44921875 0.052083333333333336 0.44921875 0.06597222222222222 0.451171875 0.06944444444444445 0.44921875 0.1076388888888889 0.4453125 0.12152777777777778 0.443359375 0.14583333333333334 0.4453125 0.14930555555555555 0.453125 0.13541666666666666 0.45703125 0.1423611111111111 0.45703125 0.14930555555555555 0.462890625 0.16319444444444445 0.4609375 0.1701388888888889 0.453125 0.1701388888888889 0.447265625 0.16319444444444445 0.4453125 0.16666666666666666 0.443359375 0.19791666666666666 0.439453125 0.2152777777777778 0.439453125 0.22916666666666666 0.443359375 0.24305555555555555 0.443359375 0.3125 0.4375 0.3194444444444444 0.427734375 0.3194444444444444 0.4296875 0.3020833333333333 0.42578125 0.2986111111111111 0.42578125 0.2951388888888889 0.43359375 0.28125 0.43359375 0.2743055555555556 0.427734375 0.2465277777777778 0.427734375 0.2326388888888889 0.42578125 0.22916666666666666 0.42578125 0.21875 0.421875 0.2013888888888889 0.421875 0.1701388888888889 0.419921875 0.16666666666666666 0.421875 0.16319444444444445 0.423828125 0.13194444444444445 0.421875 0.1284722222222222 0.419921875 0.1076388888888889 0.408203125 0.09722222222222222 0.41015625 0.0625 0.4140625 0.052083333333333336 0.412109375 0.003472222222222222
2 0.36328125 0.5972222222222222 0.3671875 0.6041666666666666 0.369140625 0.6180555555555556 0.3671875 0.6215277777777778 0.3671875 0.6319444444444444 0.365234375 0.6388888888888888 0.359375 0.6458333333333334 0.35546875 0.65625 0.37109375 0.7013888888888888 0.35546875 0.7048611111111112 0.3515625 0.7118055555555556 0.341796875 0.7048611111111112 0.33984375 0.7118055555555556 0.345703125 0.7222222222222222 0.341796875 0.7361111111111112 0.341796875 0.7430555555555556 0.34375 0.7465277777777778 0.341796875 0.7534722222222222 0.333984375 0.7604166666666666 0.32421875 0.7465277777777778 0.322265625 0.75 0.322265625 0.7708333333333334 0.31640625 0.78125 0.283203125 0.78125 0.28125 0.7847222222222222 0.2734375 0.7847222222222222 0.271484375 0.7881944444444444 0.263671875 0.7881944444444444 0.26171875 0.7916666666666666 0.255859375 0.7916666666666666 0.251953125 0.7881944444444444 0.251953125 0.78125 0.248046875 0.7743055555555556 0.234375 0.7743055555555556 0.232421875 0.7777777777777778 0.2265625 0.7777777777777778 0.220703125 0.7881944444444444 0.212890625 0.7881944444444444 0.203125 0.7673611111111112 0.205078125 0.7569444444444444 0.19140625 0.7465277777777778 0.185546875 0.7465277777777778 0.169921875 0.7708333333333334 0.166015625 0.7708333333333334 0.1640625 0.7638888888888888 0.1640625 0.75 0.166015625 0.7465277777777778 0.16796875 0.7222222222222222 0.17578125 0.7222222222222222 0.181640625 0.7291666666666666 0.1875 0.7291666666666666 0.193359375 0.7361111111111112 0.212890625 0.7326388888888888 0.21484375 0.7361111111111112 0.2265625 0.7361111111111112 0.228515625 0.7395833333333334 0.234375 0.7395833333333334 0.240234375 0.7291666666666666 0.2421875 0.7291666666666666 0.240234375 0.7361111111111112 0.244140625 0.7430555555555556 0.255859375 0.7430555555555556 0.267578125 0.7326388888888888 0.2734375 0.71875 0.2734375 0.7083333333333334 0.275390625 0.7013888888888888 0.271484375 0.6944444444444444 0.26953125 0.6979166666666666 0.259765625 0.6979166666666666 0.265625 0.6875 0.26953125 0.6666666666666666 0.27734375 0.6597222222222222 0.283203125 0.6597222222222222 0.296875 0.6736111111111112 0.30078125 0.6736111111111112 0.30859375 0.65625 0.30859375 0.6388888888888888 0.310546875 0.6354166666666666 0.310546875 0.6284722222222222 0.31640625 0.6215277777777778 0.3203125 0.6111111111111112 0.33203125 0.6006944444444444 0.34375 0.6006944444444444 0.349609375 0.59375 0.359375 0.59375 0.361328125 0.5972222222222222