0 0.37265625 0.6694444444444445 0.0203125 0.037037037037037035
0 0.40625 0.4895833333333333 0.41015625 0.4965277777777778 0.408203125 0.5243055555555556 0.396484375 0.5069444444444444 0.396484375 0.4930555555555556 0.3984375 0.4895833333333333 0.404296875 0.4895833333333333
0 0.7890625 0.2847222222222222 0.791015625 0.2881944444444444 0.791015625 0.3055555555555556 0.7890625 0.3090277777777778 0.783203125 0.3090277777777778 0.779296875 0.3055555555555556 0.779296875 0.2881944444444444 0.78125 0.2847222222222222 0.787109375 0.2847222222222222
0 0.3606770833333333 0.549074074074074 0.018229166666666668 0.027777777777777776
0 0.8119791666666667 0.006944444444444444 0.014583333333333334 0.013888888888888888
0 0 0.6909722222222222 0.005859375 0.6909722222222222 0.009765625 0.6979166666666666 0.009765625 0.7118055555555556 0.005859375 0.71875 0 0.71875 0 0.6944444444444444
0 0.796875 0.2881944444444444 0.798828125 0.2916666666666667 0.802734375 0.2916666666666667 0.802734375 0.3055555555555556 0.798828125 0.3125 0.79296875 0.3125 0.791015625 0.3090277777777778 0.791015625 0.3020833333333333 0.79296875 0.2986111111111111 0.79296875 0.2916666666666667 0.794921875 0.2916666666666667
0 0.291015625 0.5243055555555556 0.296875 0.5347222222222222 0.296875 0.5486111111111112 0.294921875 0.5520833333333334 0.279296875 0.5520833333333334 0.27734375 0.5451388888888888 0.27734375 0.5347222222222222 0.279296875 0.5277777777777778 0.283203125 0.5243055555555556 0.2890625 0.5243055555555556
0 0.23828125 0.5486111111111112 0.23828125 0.5347222222222222 0.2421875 0.5277777777777778 0.251953125 0.5277777777777778 0.255859375 0.5381944444444444 0.25390625 0.5416666666666666 0.25390625 0.5486111111111112 0.248046875 0.5555555555555556 0.240234375 0.5486111111111112
0 0.337890625 0.3854166666666667 0.341796875 0.3923611111111111 0.341796875 0.3993055555555556 0.33984375 0.40625 0.333984375 0.4131944444444444 0.326171875 0.4097222222222222 0.326171875 0.3923611111111111 0.330078125 0.3854166666666667 0.3359375 0.3854166666666667
1 0.3671875 0.5659722222222222 0.37109375 0.5694444444444444 0.375 0.5798611111111112 0.375 0.6041666666666666 0.373046875 0.6076388888888888 0.373046875 0.6180555555555556 0.369140625 0.6284722222222222 0.361328125 0.6354166666666666 0.349609375 0.6215277777777778 0.337890625 0.6180555555555556 0.33984375 0.5972222222222222 0.341796875 0.59375 0.341796875 0.5798611111111112 0.33984375 0.5763888888888888 0.333984375 0.5763888888888888 0.328125 0.5833333333333334 0.328125 0.5763888888888888 0.337890625 0.5694444444444444 0.345703125 0.5555555555555556 0.3515625 0.5555555555555556 0.35546875 0.5625 0.36328125 0.5625 0.365234375 0.5659722222222222
1 0.802734375 0.3055555555555556 0.806640625 0.3055555555555556 0.810546875 0.3125 0.810546875 0.3298611111111111 0.806640625 0.3402777777777778 0.802734375 0.3645833333333333 0.80078125 0.3680555555555556 0.791015625 0.3680555555555556 0.7890625 0.3645833333333333 0.7890625 0.3576388888888889 0.791015625 0.3541666666666667 0.7890625 0.3333333333333333 0.79296875 0.3194444444444444 0.796875 0.3194444444444444 0.802734375 0.3090277777777778
1 0.38671875 0.6493055555555556 0.388671875 0.6527777777777778 0.39453125 0.6527777777777778 0.400390625 0.6631944444444444 0.400390625 0.6770833333333334 0.39453125 0.6979166666666666 0.390625 0.7048611111111112 0.37890625 0.7048611111111112 0.373046875 0.6979166666666666 0.361328125 0.6979166666666666 0.359375 0.6944444444444444 0.36328125 0.6805555555555556 0.36328125 0.6736111111111112 0.373046875 0.6875 0.376953125 0.6875 0.3828125 0.6736111111111112 0.3828125 0.6666666666666666 0.37890625 0.6527777777777778 0.384765625 0.6493055555555556
1 0 0.7291666666666666 0.013671875 0.7256944444444444 0.017578125 0.7291666666666666 0.01953125 0.7361111111111112 0.01953125 0.7673611111111112 0.013671875 0.7777777777777778 0.01171875 0.8020833333333334 0.0078125 0.8055555555555556 0 0.8055555555555556 0 0.7326388888888888
1 0.2265625 0.5486111111111112 0.236328125 0.5486111111111112 0.2421875 0.5555555555555556 0.251953125 0.5590277777777778 0.2578125 0.5694444444444444 0.248046875 0.5902777777777778 0.24609375 0.6006944444444444 0.240234375 0.6111111111111112 0.236328125 0.6284722222222222 0.22265625 0.6284722222222222 0.21875 0.625 0.212890625 0.6111111111111112 0.21484375 0.5902777777777778 0.2109375 0.5868055555555556 0.208984375 0.5729166666666666 0.212890625 0.5659722222222222 0.220703125 0.5625 0.2265625 0.5520833333333334
1 0.27734375 0.5520833333333334 0.279296875 0.5555555555555556 0.294921875 0.5555555555555556 0.30078125 0.5694444444444444 0.296875 0.5833333333333334 0.298828125 0.6041666666666666 0.291015625 0.6284722222222222 0.283203125 0.6215277777777778 0.265625 0.6180555555555556 0.263671875 0.6145833333333334 0.263671875 0.6041666666666666 0.26171875 0.6006944444444444 0.26171875 0.5798611111111112 0.26953125 0.5555555555555556 0.275390625 0.5520833333333334
1 0.783203125 0.3090277777777778 0.78515625 0.3125 0.7890625 0.3125 0.791015625 0.3159722222222222 0.791015625 0.3229166666666667 0.787109375 0.3333333333333333 0.7890625 0.3541666666666667 0.779296875 0.3715277777777778 0.763671875 0.3680555555555556 0.759765625 0.3611111111111111 0.763671875 0.3506944444444444 0.763671875 0.3402777777777778 0.76171875 0.3333333333333333 0.765625 0.3194444444444444 0.7734375 0.3055555555555556 0.779296875 0.3055555555555556 0.78125 0.3090277777777778
1 0.32421875 0.4097222222222222 0.33203125 0.4201388888888889 0.333984375 0.4166666666666667 0.3359375 0.4270833333333333 0.326171875 0.4444444444444444 0.32421875 0.4548611111111111 0.31640625 0.4618055555555556 0.3125 0.4618055555555556 0.30859375 0.4548611111111111 0.30859375 0.4479166666666667 0.3125 0.4375 0.3125 0.4305555555555556 0.310546875 0.4270833333333333 0.31640625 0.4131944444444444 0.322265625 0.4097222222222222
1 0.826171875 0.020833333333333332 0.828125 0.024305555555555556 0.828125 0.03819444444444445 0.82421875 0.04861111111111111 0.82421875 0.0763888888888889 0.822265625 0.0798611111111111 0.8046875 0.0798611111111111 0.798828125 0.06944444444444445 0.798828125 0.034722222222222224 0.802734375 0.024305555555555556 0.8125 0.017361111111111112 0.822265625 0.017361111111111112 0.82421875 0.020833333333333332
1 0.39453125 0.5069444444444444 0.40234375 0.5138888888888888 0.404296875 0.5243055555555556 0.400390625 0.53125 0.400390625 0.5381944444444444 0.39453125 0.5520833333333334 0.39453125 0.5659722222222222 0.390625 0.5763888888888888 0.376953125 0.5763888888888888 0.369140625 0.5625 0.375 0.5416666666666666 0.37890625 0.5347222222222222 0.384765625 0.5104166666666666 0.38671875 0.5069444444444444 0.392578125 0.5069444444444444
2 0.40625 0.4895833333333333 0.41015625 0.4965277777777778 0.41015625 0.5208333333333334 0.408203125 0.5243055555555556 0.408203125 0.53125 0.40234375 0.5451388888888888 0.404296875 0.5520833333333334 0.404296875 0.5729166666666666 0.40234375 0.5798611111111112 0.40625 0.5902777777777778 0.40625 0.6006944444444444 0.40234375 0.6145833333333334 0.390625 0.6388888888888888 0.384765625 0.6354166666666666 0.390625 0.6180555555555556 0.392578125 0.6006944444444444 0.38671875 0.59375 0.3828125 0.5972222222222222 0.376953125 0.59375 0.376953125 0.5798611111111112 0.369140625 0.5625 0.373046875 0.5555555555555556 0.373046875 0.5486111111111112 0.37890625 0.5347222222222222 0.384765625 0.5104166666666666 0.38671875 0.5069444444444444 0.392578125 0.5069444444444444 0.3984375 0.4895833333333333 0.404296875 0.4895833333333333
2 0.365234375 0.5381944444444444 0.369140625 0.5486111111111112 0.369140625 0.5590277777777778 0.3671875 0.5625 0.375 0.5798611111111112 0.375 0.6111111111111112 0.37109375 0.6215277777777778 0.37109375 0.6284722222222222 0.357421875 0.6527777777777778 0.35546875 0.6701388888888888 0.345703125 0.6909722222222222 0.345703125 0.7048611111111112 0.3515625 0.71875 0.34765625 0.7256944444444444 0.337890625 0.7256944444444444 0.3359375 0.7222222222222222 0.33203125 0.7222222222222222 0.326171875 0.7326388888888888 0.330078125 0.7569444444444444 0.322265625 0.7534722222222222 0.31640625 0.7430555555555556 0.31640625 0.7361111111111112 0.318359375 0.7291666666666666 0.326171875 0.71875 0.328125 0.7118055555555556 0.328125 0.7013888888888888 0.333984375 0.6840277777777778 0.333984375 0.6527777777777778 0.3359375 0.6493055555555556 0.333984375 0.6423611111111112 0.333984375 0.6215277777777778 0.33984375 0.6006944444444444 0.33984375 0.5833333333333334 0.3359375 0.5798611111111112 0.33203125 0.5868055555555556 0.33203125 0.5972222222222222 0.333984375 0.6006944444444444 0.33203125 0.6076388888888888 0.328125 0.6076388888888888 0.326171875 0.6041666666666666 0.326171875 0.5868055555555556 0.32421875 0.5833333333333334 0.328125 0.5694444444444444 0.337890625 0.5659722222222222 0.341796875 0.5590277777777778 0.349609375 0.5555555555555556 0.357421875 0.5381944444444444 0.36328125 0.5381944444444444
2 0.79296875 0.2916666666666667 0.80078125 0.2916666666666667 0.810546875 0.3125 0.8125 0.3263888888888889 0.8203125 0.3402777777777778 0.830078125 0.3402777777777778 0.837890625 0.3472222222222222 0.837890625 0.3506944444444444 0.830078125 0.3506944444444444 0.810546875 0.3368055555555556 0.806640625 0.34375 0.802734375 0.3611111111111111 0.818359375 0.3958333333333333 0.818359375 0.40625 0.822265625 0.4166666666666667 0.828125 0.4270833333333333 0.837890625 0.4270833333333333 0.837890625 0.4340277777777778 0.8359375 0.4375 0.83203125 0.4409722222222222 0.826171875 0.4409722222222222 0.810546875 0.4097222222222222 0.796875 0.4131944444444444 0.7890625 0.4236111111111111 0.7890625 0.4305555555555556 0.787109375 0.4340277777777778 0.78125 0.4340277777777778 0.779296875 0.4270833333333333 0.7890625 0.4097222222222222 0.79296875 0.3958333333333333 0.78515625 0.3819444444444444 0.787109375 0.3611111111111111 0.791015625 0.3576388888888889 0.7890625 0.3333333333333333 0.79296875 0.3229166666666667 0.79296875 0.2951388888888889
2 0.359375 0.6736111111111112 0.36328125 0.6701388888888888 0.36328125 0.6631944444444444 0.369140625 0.6527777777777778 0.376953125 0.6527777777777778 0.3828125 0.6458333333333334 0.392578125 0.6458333333333334 0.400390625 0.6631944444444444 0.400390625 0.6701388888888888 0.412109375 0.6909722222222222 0.412109375 0.6979166666666666 0.416015625 0.7048611111111112 0.41796875 0.7152777777777778 0.421875 0.7222222222222222 0.431640625 0.7256944444444444 0.435546875 0.7326388888888888 0.435546875 0.7395833333333334 0.4140625 0.7395833333333334 0.41015625 0.7291666666666666 0.3984375 0.7152777777777778 0.39453125 0.7222222222222222 0.39453125 0.75 0.392578125 0.7534722222222222 0.3828125 0.7534722222222222 0.376953125 0.7256944444444444 0.376953125 0.7083333333333334 0.369140625 0.6979166666666666 0.359375 0.7048611111111112 0.359375 0.6979166666666666 0.357421875 0.6944444444444444 0.359375 0.6875 0.359375 0.6770833333333334
2 0 0.6909722222222222 0.005859375 0.6909722222222222 0.009765625 0.6979166666666666 0.009765625 0.71875 0.015625 0.7291666666666666 0.017578125 0.7291666666666666 0.01953125 0.7361111111111112 0.021484375 0.7743055555555556 0.0234375 0.7777777777777778 0.025390625 0.7951388888888888 0.03125 0.8090277777777778 0.03125 0.8159722222222222 0.029296875 0.8194444444444444 0.025390625 0.8194444444444444 0.017578125 0.7986111111111112 0.015625 0.7986111111111112 0.01171875 0.8090277777777778 0.013671875 0.8333333333333334 0.015625 0.8368055555555556 0.015625 0.8680555555555556 0.01171875 0.8819444444444444 0.009765625 0.9201388888888888 0.013671875 0.9305555555555556 0.01171875 0.9375 0 0.9375 0 0.6944444444444444
2 0.2265625 0.5486111111111112 0.236328125 0.5486111111111112 0.2421875 0.5277777777777778 0.251953125 0.5277777777777778 0.255859375 0.5381944444444444 0.25390625 0.5416666666666666 0.251953125 0.5590277777777778 0.255859375 0.5625 0.2578125 0.5694444444444444 0.23828125 0.6215277777777778 0.23828125 0.6423611111111112 0.224609375 0.6701388888888888 0.21875 0.6701388888888888 0.21484375 0.6631944444444444 0.2109375 0.6701388888888888 0.208984375 0.6770833333333334 0.21484375 0.6875 0.21484375 0.6909722222222222 0.20703125 0.7083333333333334 0.20703125 0.71875 0.193359375 0.7152777777777778 0.1953125 0.7013888888888888 0.197265625 0.7013888888888888 0.203125 0.6875 0.203125 0.6597222222222222 0.208984375 0.6527777777777778 0.212890625 0.6527777777777778 0.216796875 0.6458333333333334 0.216796875 0.6388888888888888 0.21875 0.6354166666666666 0.21484375 0.6180555555555556 0.208984375 0.6041666666666666 0.208984375 0.5694444444444444 0.21484375 0.5625 0.22265625 0.5590277777777778 0.2265625 0.5520833333333334
2 0.291015625 0.5243055555555556 0.296875 0.5381944444444444 0.296875 0.5520833333333334 0.30078125 0.5625 0.30078125 0.5729166666666666 0.298828125 0.5763888888888888 0.298828125 0.6006944444444444 0.306640625 0.6111111111111112 0.306640625 0.6354166666666666 0.3046875 0.6354166666666666 0.298828125 0.6215277777777778 0.296875 0.6215277777777778 0.29296875 0.6319444444444444 0.294921875 0.6354166666666666 0.294921875 0.6527777777777778 0.29296875 0.65625 0.29296875 0.6736111111111112 0.291015625 0.6770833333333334 0.291015625 0.6840277777777778 0.287109375 0.6909722222222222 0.287109375 0.7013888888888888 0.283203125 0.7083333333333334 0.283203125 0.7152777777777778 0.28125 0.71875 0.28515625 0.7291666666666666 0.283203125 0.7361111111111112 0.275390625 0.7361111111111112 0.271484375 0.7326388888888888 0.271484375 0.71875 0.27734375 0.7048611111111112 0.27734375 0.6805555555555556 0.275390625 0.6770833333333334 0.26953125 0.6840277777777778 0.265625 0.6979166666666666 0.265625 0.7048611111111112 0.263671875 0.7083333333333334 0.265625 0.7152777777777778 0.263671875 0.71875 0.259765625 0.71875 0.255859375 0.7256944444444444 0.25390625 0.7256944444444444 0.25390625 0.71875 0.255859375 0.7152777777777778 0.2578125 0.6909722222222222 0.263671875 0.6736111111111112 0.263671875 0.6527777777777778 0.265625 0.6493055555555556 0.263671875 0.6458333333333334 0.26171875 0.5763888888888888 0.265625 0.5625 0.27734375 0.5451388888888888 0.27734375 0.5347222222222222 0.279296875 0.5277777777777778 0.283203125 0.5243055555555556 0.2890625 0.5243055555555556
2 0.7890625 0.2847222222222222 0.791015625 0.2881944444444444 0.791015625 0.3263888888888889 0.787109375 0.3368055555555556 0.791015625 0.3541666666666667 0.78515625 0.3645833333333333 0.78515625 0.3680555555555556 0.78125 0.3715277777777778 0.78125 0.3784722222222222 0.7890625 0.3923611111111111 0.7890625 0.3958333333333333 0.78515625 0.3993055555555556 0.78125 0.3993055555555556 0.779296875 0.3958333333333333 0.76953125 0.3958333333333333 0.765625 0.4027777777777778 0.765625 0.4201388888888889 0.767578125 0.4270833333333333 0.751953125 0.4340277777777778 0.748046875 0.4409722222222222 0.74609375 0.4513888888888889 0.7421875 0.4513888888888889 0.740234375 0.4548611111111111 0.740234375 0.4652777777777778 0.734375 0.4652777777777778 0.734375 0.4583333333333333 0.73828125 0.4513888888888889 0.740234375 0.4305555555555556 0.75390625 0.4097222222222222 0.755859375 0.4027777777777778 0.755859375 0.3888888888888889 0.7578125 0.3854166666666667 0.7578125 0.3715277777777778 0.755859375 0.3680555555555556 0.744140625 0.3784722222222222 0.7421875 0.3784722222222222 0.7421875 0.375 0.74609375 0.375 0.75390625 0.3680555555555556 0.763671875 0.3506944444444444 0.763671875 0.3402777777777778 0.76171875 0.3333333333333333 0.765625 0.3194444444444444 0.779296875 0.2986111111111111 0.779296875 0.2881944444444444 0.78125 0.2847222222222222 0.787109375 0.2847222222222222
2 0.337890625 0.3854166666666667 0.341796875 0.3923611111111111 0.341796875 0.3993055555555556 0.337890625 0.4097222222222222 0.3359375 0.4305555555555556 0.32421875 0.4513888888888889 0.32421875 0.4618055555555556 0.333984375 0.4722222222222222 0.337890625 0.4722222222222222 0.33984375 0.4791666666666667 0.33984375 0.4895833333333333 0.337890625 0.4930555555555556 0.337890625 0.5069444444444444 0.3359375 0.5138888888888888 0.33984375 0.5208333333333334 0.34375 0.5208333333333334 0.345703125 0.5243055555555556 0.345703125 0.53125 0.3359375 0.53125 0.33203125 0.5243055555555556 0.33203125 0.5173611111111112 0.330078125 0.5138888888888888 0.33203125 0.5069444444444444 0.33203125 0.4965277777777778 0.328125 0.4861111111111111 0.32421875 0.4826388888888889 0.30859375 0.4826388888888889 0.30078125 0.4756944444444444 0.30078125 0.4583333333333333 0.306640625 0.4444444444444444 0.310546875 0.4236111111111111 0.32421875 0.4027777777777778 0.326171875 0.3923611111111111 0.330078125 0.3854166666666667 0.3359375 0.3854166666666667
2 0.806640625 0 0.818359375 0 0.818359375 0.010416666666666666 0.8203125 0.013888888888888888 0.82421875 0.013888888888888888 0.828125 0.020833333333333332 0.828125 0.041666666666666664 0.82421875 0.052083333333333336 0.82421875 0.08333333333333333 0.822265625 0.08680555555555555 0.822265625 0.09722222222222222 0.8125 0.11805555555555555 0.814453125 0.13194444444444445 0.810546875 0.14583333333333334 0.814453125 0.1527777777777778 0.80859375 0.1527777777777778 0.806640625 0.13194444444444445 0.8046875 0.1284722222222222 0.8046875 0.11805555555555555 0.802734375 0.11458333333333333 0.802734375 0.08680555555555555 0.796875 0.07291666666666667 0.796875 0.041666666666666664 0.806640625 0.013888888888888888 0.8046875 0.006944444444444444 0.806640625 0.003472222222222222