0 0.501953125 0.3854166666666667 0.5078125 0.4027777777777778 0.5078125 0.4097222222222222 0.501953125 0.4236111111111111 0.49609375 0.4236111111111111 0.494140625 0.4201388888888889 0.484375 0.4166666666666667 0.48046875 0.4027777777777778 0.48046875 0.3923611111111111 0.484375 0.3819444444444444 0.4921875 0.3784722222222222 0.5 0.3854166666666667
0 0.904296875 0.17708333333333334 0.908203125 0.18055555555555555 0.908203125 0.1840277777777778 0.916015625 0.19791666666666666 0.916015625 0.2013888888888889 0.90625 0.2152777777777778 0.8984375 0.2152777777777778 0.884765625 0.2013888888888889 0.890625 0.18055555555555555 0.90234375 0.17708333333333334
0 0.625 0.4756944444444444 0.626953125 0.4791666666666667 0.626953125 0.4861111111111111 0.619140625 0.5034722222222222 0.611328125 0.5104166666666666 0.607421875 0.5104166666666666 0.603515625 0.5034722222222222 0.603515625 0.4930555555555556 0.60546875 0.4861111111111111 0.619140625 0.4722222222222222 0.623046875 0.4756944444444444
0 0.169921875 0.9236111111111112 0.177734375 0.9340277777777778 0.18359375 0.9583333333333334 0.181640625 0.9652777777777778 0.15625 0.9652777777777778 0.154296875 0.9618055555555556 0.15234375 0.9548611111111112 0.15234375 0.9409722222222222 0.154296875 0.9340277777777778 0.162109375 0.9236111111111112 0.16796875 0.9236111111111112
0 0.7265625 0.2986111111111111 0.73046875 0.3090277777777778 0.7265625 0.3159722222222222 0.724609375 0.3298611111111111 0.71875 0.3402777777777778 0.71484375 0.3402777777777778 0.712890625 0.34375 0.703125 0.34375 0.6953125 0.3368055555555556 0.693359375 0.3298611111111111 0.693359375 0.3194444444444444 0.6953125 0.3159722222222222 0.69921875 0.3159722222222222 0.7109375 0.2916666666666667 0.720703125 0.2916666666666667 0.724609375 0.2986111111111111
0 0.435546875 0.1076388888888889 0.44140625 0.12152777777777778 0.44140625 0.1388888888888889 0.443359375 0.1423611111111111 0.44140625 0.14583333333333334 0.42578125 0.14583333333333334 0.419921875 0.13194444444444445 0.419921875 0.11805555555555555 0.421875 0.1111111111111111 0.4296875 0.10416666666666667 0.43359375 0.1076388888888889
0 0.9765625 0.21875 0.982421875 0.22916666666666666 0.982421875 0.23958333333333334 0.978515625 0.2534722222222222 0.96484375 0.2638888888888889 0.95703125 0.2638888888888889 0.951171875 0.2569444444444444 0.953125 0.2361111111111111 0.95703125 0.2222222222222222 0.9609375 0.21875 0.974609375 0.21875
0 0.541015625 0.3888888888888889 0.548828125 0.4097222222222222 0.548828125 0.4375 0.544921875 0.4375 0.537109375 0.4236111111111111 0.52734375 0.4166666666666667 0.52734375 0.3993055555555556 0.533203125 0.3888888888888889 0.5390625 0.3888888888888889
0 0.623046875 0.3090277777777778 0.623046875 0.2881944444444444 0.630859375 0.2743055555555556 0.64453125 0.2743055555555556 0.6484375 0.28125 0.65234375 0.2986111111111111 0.64453125 0.3090277777777778 0.625 0.3090277777777778
0 0.322265625 0.3402777777777778 0.32421875 0.34375 0.328125 0.34375 0.333984375 0.3576388888888889 0.333984375 0.3784722222222222 0.330078125 0.3923611111111111 0.3203125 0.3923611111111111 0.31640625 0.3854166666666667 0.3046875 0.3784722222222222 0.302734375 0.3715277777777778 0.302734375 0.3576388888888889 0.3046875 0.3506944444444444 0.30859375 0.34375 0.3203125 0.3402777777777778
1 0.654296875 0.3020833333333333 0.662109375 0.3125 0.662109375 0.34375 0.666015625 0.3506944444444444 0.666015625 0.3611111111111111 0.662109375 0.375 0.654296875 0.3819444444444444 0.63671875 0.3784722222222222 0.6328125 0.375 0.62890625 0.3611111111111111 0.62890625 0.3541666666666667 0.630859375 0.3506944444444444 0.630859375 0.3333333333333333 0.626953125 0.3298611111111111 0.626953125 0.3159722222222222 0.62890625 0.3125 0.63671875 0.3125 0.646484375 0.3020833333333333 0.65234375 0.3020833333333333
1 0.7265625 0.3125 0.736328125 0.3125 0.748046875 0.3298611111111111 0.748046875 0.3368055555555556 0.740234375 0.3541666666666667 0.740234375 0.3611111111111111 0.73828125 0.3645833333333333 0.73828125 0.3958333333333333 0.734375 0.3993055555555556 0.712890625 0.3993055555555556 0.7109375 0.3958333333333333 0.70703125 0.3958333333333333 0.705078125 0.3888888888888889 0.70703125 0.3854166666666667 0.70703125 0.3680555555555556 0.701171875 0.3472222222222222 0.6953125 0.3368055555555556 0.6953125 0.3298611111111111 0.69921875 0.3263888888888889 0.69921875 0.3333333333333333 0.705078125 0.34375 0.71875 0.3402777777777778 0.724609375 0.3298611111111111 0.724609375 0.3194444444444444 0.7265625 0.3159722222222222
1 0.6278645833333333 0.5060185185185184 0.0265625 0.03796296296296296
1 0.208984375 0.5138888888888888 0.21484375 0.5208333333333334 0.21875 0.53125 0.2109375 0.53125 0.208984375 0.5347222222222222 0.203125 0.5347222222222222 0.189453125 0.5451388888888888 0.18359375 0.5451388888888888 0.17578125 0.5555555555555556 0.171875 0.5520833333333334 0.171875 0.5277777777777778 0.181640625 0.5069444444444444 0.1875 0.5069444444444444 0.19140625 0.5138888888888888 0.20703125 0.5138888888888888
1 0.49609375 0.4236111111111111 0.498046875 0.4270833333333333 0.49609375 0.4340277777777778 0.5 0.4375 0.49609375 0.4479166666666667 0.498046875 0.4583333333333333 0.490234375 0.4861111111111111 0.490234375 0.4965277777777778 0.48828125 0.5034722222222222 0.484375 0.5069444444444444 0.482421875 0.5069444444444444 0.4765625 0.4965277777777778 0.4765625 0.4305555555555556 0.482421875 0.4201388888888889 0.4921875 0.4201388888888889 0.494140625 0.4236111111111111
1 0.48046875 0 0.5078125 0 0.5078125 0.006944444444444444 0.505859375 0.010416666666666666 0.505859375 0.034722222222222224 0.50390625 0.03819444444444445 0.490234375 0.03819444444444445 0.48828125 0.034722222222222224 0.482421875 0.034722222222222224 0.48046875 0.03125 0.48046875 0.003472222222222222
1 0.314453125 0.3854166666666667 0.322265625 0.3958333333333333 0.322265625 0.4027777777777778 0.32421875 0.40625 0.32421875 0.4305555555555556 0.322265625 0.4340277777777778 0.32421875 0.4409722222222222 0.32421875 0.4618055555555556 0.322265625 0.46875 0.314453125 0.4791666666666667 0.30859375 0.4791666666666667 0.306640625 0.4756944444444444 0.296875 0.4722222222222222 0.291015625 0.4652777777777778 0.291015625 0.4375 0.29296875 0.4340277777777778 0.29296875 0.4097222222222222 0.294921875 0.40625 0.294921875 0.3958333333333333 0.298828125 0.3854166666666667 0.3125 0.3854166666666667
1 0.419921875 0.1388888888888889 0.42578125 0.14583333333333334 0.435546875 0.14583333333333334 0.443359375 0.1527777777777778 0.443359375 0.16319444444444445 0.43359375 0.19791666666666666 0.435546875 0.2048611111111111 0.435546875 0.21875 0.42578125 0.22569444444444445 0.421875 0.2222222222222222 0.412109375 0.2222222222222222 0.400390625 0.21180555555555555 0.396484375 0.2152777777777778 0.390625 0.2152777777777778 0.390625 0.19444444444444445 0.39453125 0.1875 0.404296875 0.1527777777777778 0.404296875 0.14583333333333334 0.408203125 0.1388888888888889 0.41796875 0.1388888888888889
1 0.955078125 0.22569444444444445 0.955078125 0.2361111111111111 0.953125 0.23958333333333334 0.953125 0.2604166666666667 0.95703125 0.2673611111111111 0.9609375 0.2673611111111111 0.96875 0.2604166666666667 0.978515625 0.2604166666666667 0.982421875 0.2708333333333333 0.982421875 0.2847222222222222 0.98046875 0.2916666666666667 0.974609375 0.2986111111111111 0.96875 0.2951388888888889 0.966796875 0.2881944444444444 0.9609375 0.2881944444444444 0.953125 0.3055555555555556 0.939453125 0.3125 0.93359375 0.3194444444444444 0.927734375 0.3159722222222222 0.92578125 0.3090277777777778 0.92578125 0.2881944444444444 0.93359375 0.2638888888888889 0.939453125 0.2534722222222222 0.94140625 0.2465277777777778 0.94140625 0.2326388888888889 0.947265625 0.22569444444444445 0.953125 0.22569444444444445
1 0.529296875 0.4201388888888889 0.53125 0.4236111111111111 0.53515625 0.4236111111111111 0.54296875 0.4375 0.544921875 0.4375 0.548828125 0.4444444444444444 0.548828125 0.4548611111111111 0.54296875 0.46875 0.5390625 0.4861111111111111 0.53515625 0.4791666666666667 0.52734375 0.4861111111111111 0.525390625 0.4930555555555556 0.525390625 0.5034722222222222 0.521484375 0.5138888888888888 0.501953125 0.5 0.494140625 0.5 0.4921875 0.4930555555555556 0.494140625 0.4895833333333333 0.494140625 0.4756944444444444 0.50390625 0.4444444444444444 0.50390625 0.4340277777777778 0.501953125 0.4270833333333333 0.5078125 0.4166666666666667 0.525390625 0.4166666666666667 0.52734375 0.4201388888888889
1 0.888671875 0.2048611111111111 0.8984375 0.2152777777777778 0.908203125 0.2152777777777778 0.908203125 0.2326388888888889 0.900390625 0.2465277777777778 0.900390625 0.2534722222222222 0.892578125 0.2743055555555556 0.892578125 0.2847222222222222 0.88671875 0.2951388888888889 0.87109375 0.2951388888888889 0.861328125 0.28125 0.861328125 0.2743055555555556 0.8671875 0.2569444444444444 0.8671875 0.25 0.875 0.2361111111111111 0.875 0.22569444444444445 0.876953125 0.21875 0.880859375 0.20833333333333334 0.88671875 0.2048611111111111
2 0.501953125 0.3854166666666667 0.5078125 0.4027777777777778 0.5078125 0.4097222222222222 0.505859375 0.4166666666666667 0.49609375 0.4305555555555556 0.498046875 0.4375 0.501953125 0.4375 0.501953125 0.4513888888888889 0.494140625 0.46875 0.494140625 0.4756944444444444 0.48828125 0.5 0.48828125 0.5104166666666666 0.486328125 0.5138888888888888 0.486328125 0.5347222222222222 0.490234375 0.5520833333333334 0.50390625 0.5729166666666666 0.50390625 0.5763888888888888 0.509765625 0.5868055555555556 0.509765625 0.59375 0.5078125 0.5972222222222222 0.4921875 0.5972222222222222 0.486328125 0.6041666666666666 0.4765625 0.6041666666666666 0.47265625 0.6215277777777778 0.46875 0.625 0.462890625 0.6388888888888888 0.45703125 0.6388888888888888 0.45703125 0.6041666666666666 0.46484375 0.59375 0.474609375 0.59375 0.482421875 0.5833333333333334 0.48828125 0.5798611111111112 0.4921875 0.5729166666666666 0.4921875 0.5625 0.474609375 0.5069444444444444 0.46484375 0.5173611111111112 0.458984375 0.5277777777777778 0.45703125 0.5277777777777778 0.455078125 0.5208333333333334 0.462890625 0.5069444444444444 0.46484375 0.5069444444444444 0.466796875 0.5 0.470703125 0.5 0.4765625 0.4930555555555556 0.4765625 0.4513888888888889 0.474609375 0.4479166666666667 0.4765625 0.4444444444444444 0.4765625 0.4305555555555556 0.482421875 0.4166666666666667 0.482421875 0.40625 0.48046875 0.4027777777777778 0.48046875 0.3923611111111111 0.482421875 0.3854166666666667 0.484375 0.3819444444444444 0.498046875 0.3819444444444444 0.5 0.3854166666666667
2 0.642578125 0.2743055555555556 0.646484375 0.2777777777777778 0.65234375 0.2951388888888889 0.662109375 0.3090277777777778 0.6640625 0.3159722222222222 0.662109375 0.3229166666666667 0.662109375 0.3333333333333333 0.66796875 0.3541666666666667 0.66796875 0.3611111111111111 0.662109375 0.375 0.662109375 0.3819444444444444 0.666015625 0.3888888888888889 0.666015625 0.4131944444444444 0.662109375 0.4236111111111111 0.662109375 0.4340277777777778 0.66015625 0.4375 0.658203125 0.4548611111111111 0.654296875 0.4652777777777778 0.650390625 0.4618055555555556 0.642578125 0.4652777777777778 0.640625 0.4618055555555556 0.640625 0.4375 0.638671875 0.4305555555555556 0.63671875 0.4270833333333333 0.62890625 0.4270833333333333 0.626953125 0.4305555555555556 0.62109375 0.4305555555555556 0.6171875 0.4340277777777778 0.61328125 0.4409722222222222 0.607421875 0.4652777777777778 0.603515625 0.4652777777777778 0.6015625 0.46875 0.599609375 0.4652777777777778 0.591796875 0.4652777777777778 0.58984375 0.4618055555555556 0.591796875 0.4479166666666667 0.6171875 0.3923611111111111 0.630859375 0.34375 0.630859375 0.3368055555555556 0.626953125 0.3298611111111111 0.623046875 0.3125 0.623046875 0.2881944444444444 0.630859375 0.2743055555555556 0.640625 0.2743055555555556
2 0.720703125 0.2916666666666667 0.734375 0.3125 0.740234375 0.3159722222222222 0.751953125 0.3333333333333333 0.75390625 0.3298611111111111 0.76953125 0.3298611111111111 0.771484375 0.3333333333333333 0.783203125 0.3333333333333333 0.78515625 0.3368055555555556 0.80078125 0.3368055555555556 0.80078125 0.3402777777777778 0.796875 0.3472222222222222 0.75 0.3402777777777778 0.740234375 0.3576388888888889 0.740234375 0.3888888888888889 0.73828125 0.3923611111111111 0.73828125 0.4097222222222222 0.740234375 0.4131944444444444 0.740234375 0.4270833333333333 0.744140625 0.4375 0.744140625 0.4618055555555556 0.74609375 0.4652777777777778 0.744140625 0.4895833333333333 0.740234375 0.5 0.7421875 0.5416666666666666 0.740234375 0.5451388888888888 0.732421875 0.5451388888888888 0.732421875 0.4826388888888889 0.73046875 0.4791666666666667 0.73046875 0.46875 0.724609375 0.4513888888888889 0.724609375 0.4444444444444444 0.71875 0.4340277777777778 0.716796875 0.4340277777777778 0.69921875 0.4722222222222222 0.697265625 0.4930555555555556 0.6953125 0.4965277777777778 0.6953125 0.5173611111111112 0.689453125 0.5381944444444444 0.689453125 0.5451388888888888 0.685546875 0.5486111111111112 0.6796875 0.5486111111111112 0.677734375 0.5416666666666666 0.6875 0.5069444444444444 0.6875 0.4791666666666667 0.69140625 0.46875 0.69140625 0.4583333333333333 0.693359375 0.4548611111111111 0.69140625 0.4513888888888889 0.69140625 0.4444444444444444 0.693359375 0.4409722222222222 0.6953125 0.4236111111111111 0.705078125 0.3958333333333333 0.70703125 0.3715277777777778 0.703125 0.3576388888888889 0.697265625 0.3506944444444444 0.693359375 0.3506944444444444 0.6875 0.3611111111111111 0.6875 0.3645833333333333 0.68359375 0.3680555555555556 0.681640625 0.3680555555555556 0.677734375 0.3576388888888889 0.693359375 0.3333333333333333 0.693359375 0.3159722222222222 0.701171875 0.3125 0.712890625 0.2916666666666667 0.71875 0.2916666666666667
2 0.939453125 0.2013888888888889 0.943359375 0.19791666666666666 0.947265625 0.2013888888888889 0.955078125 0.2013888888888889 0.966796875 0.2152777777777778 0.98046875 0.2222222222222222 0.982421875 0.22916666666666666 0.982421875 0.23958333333333334 0.978515625 0.25 0.978515625 0.2604166666666667 0.982421875 0.2708333333333333 0.982421875 0.2847222222222222 0.98046875 0.2916666666666667 0.966796875 0.3125 0.96484375 0.3229166666666667 0.958984375 0.3298611111111111 0.958984375 0.3576388888888889 0.95703125 0.3611111111111111 0.95703125 0.375 0.955078125 0.3784722222222222 0.955078125 0.4305555555555556 0.95703125 0.4340277777777778 0.95703125 0.4513888888888889 0.947265625 0.4513888888888889 0.9453125 0.4479166666666667 0.9453125 0.4340277777777778 0.947265625 0.4270833333333333 0.9453125 0.4236111111111111 0.943359375 0.4027777777777778 0.939453125 0.3888888888888889 0.939453125 0.3645833333333333 0.935546875 0.3472222222222222 0.9296875 0.3402777777777778 0.919921875 0.3402777777777778 0.912109375 0.3472222222222222 0.900390625 0.3506944444444444 0.8984375 0.3541666666666667 0.8984375 0.3645833333333333 0.888671875 0.3819444444444444 0.888671875 0.3888888888888889 0.884765625 0.4027777777777778 0.880859375 0.40625 0.873046875 0.3993055555555556 0.8671875 0.3993055555555556 0.86328125 0.3958333333333333 0.861328125 0.3888888888888889 0.86328125 0.3819444444444444 0.876953125 0.3784722222222222 0.88671875 0.3645833333333333 0.88671875 0.3576388888888889 0.890625 0.34375 0.890625 0.3298611111111111 0.8984375 0.3159722222222222 0.90234375 0.3159722222222222 0.90625 0.3125 0.91015625 0.3020833333333333 0.9140625 0.2986111111111111 0.921875 0.2986111111111111 0.92578125 0.2916666666666667 0.9296875 0.2743055555555556 0.94140625 0.2465277777777778 0.94140625 0.2152777777777778 0.939453125 0.21180555555555555 0.939453125 0.2048611111111111
2 0.658203125 0.3020833333333333 0.66796875 0.3125 0.66796875 0.3194444444444444 0.6640625 0.3229166666666667 0.6640625 0.3402777777777778 0.66796875 0.3506944444444444 0.66796875 0.3645833333333333 0.6640625 0.375 0.6640625 0.3819444444444444 0.66796875 0.3888888888888889 0.66796875 0.40625 0.6640625 0.4166666666666667 0.6640625 0.4236111111111111 0.66015625 0.4375 0.66015625 0.4479166666666667 0.654296875 0.46875 0.654296875 0.4722222222222222 0.658203125 0.4756944444444444 0.662109375 0.4930555555555556 0.666015625 0.4965277777777778 0.666015625 0.5069444444444444 0.6640625 0.5104166666666666 0.65234375 0.5 0.65234375 0.4965277777777778 0.654296875 0.5 0.65625 0.4930555555555556 0.654296875 0.4895833333333333 0.650390625 0.4895833333333333 0.650390625 0.4826388888888889 0.6484375 0.4791666666666667 0.650390625 0.4722222222222222 0.640625 0.4652777777777778 0.640625 0.4409722222222222 0.63671875 0.4270833333333333 0.630859375 0.4270833333333333 0.62890625 0.4305555555555556 0.6171875 0.4340277777777778 0.61328125 0.4409722222222222 0.60546875 0.46875 0.59765625 0.46875 0.59375 0.4722222222222222 0.58984375 0.4652777777777778 0.591796875 0.4444444444444444 0.60546875 0.4201388888888889 0.609375 0.40625 0.62109375 0.3819444444444444 0.62109375 0.375 0.62890625 0.3541666666666667 0.630859375 0.3368055555555556 0.625 0.3263888888888889 0.625 0.3194444444444444 0.623046875 0.3159722222222222 0.623046875 0.2881944444444444 0.630859375 0.2743055555555556 0.64453125 0.2743055555555556 0.65625 0.3020833333333333
2 0.650390625 0.46875 0.654296875 0.4722222222222222 0.654296875 0.4756944444444444 0.650390625 0.4756944444444444 0.6484375 0.4791666666666667 0.65625 0.4930555555555556 0.658203125 0.4930555555555556 0.65625 0.5034722222222222 0.6640625 0.5138888888888888 0.671875 0.5138888888888888 0.677734375 0.5208333333333334 0.677734375 0.5520833333333334 0.671875 0.5590277777777778 0.66015625 0.5590277777777778 0.658203125 0.5625 0.654296875 0.5625 0.64453125 0.5798611111111112 0.640625 0.5798611111111112 0.63671875 0.5729166666666666 0.62890625 0.5659722222222222 0.619140625 0.5625 0.609375 0.5520833333333334 0.609375 0.5416666666666666 0.60546875 0.5277777777777778 0.60546875 0.5173611111111112 0.59765625 0.4965277777777778 0.568359375 0.5034722222222222 0.564453125 0.5138888888888888 0.560546875 0.5173611111111112 0.556640625 0.5173611111111112 0.556640625 0.5104166666666666 0.5625 0.5069444444444444 0.578125 0.4826388888888889 0.583984375 0.4826388888888889 0.5859375 0.4791666666666667 0.609375 0.4791666666666667 0.615234375 0.4722222222222222 0.62109375 0.4722222222222222 0.62890625 0.4791666666666667 0.63671875 0.4791666666666667 0.6484375 0.46875
2 0.212890625 0.4930555555555556 0.212890625 0.5069444444444444 0.21484375 0.5104166666666666 0.21875 0.5104166666666666 0.2265625 0.5034722222222222 0.22265625 0.53125 0.224609375 0.5347222222222222 0.23046875 0.5347222222222222 0.234375 0.5381944444444444 0.236328125 0.5416666666666666 0.23828125 0.5590277777777778 0.2421875 0.5659722222222222 0.255859375 0.5659722222222222 0.2578125 0.5694444444444444 0.255859375 0.5763888888888888 0.24609375 0.5902777777777778 0.244140625 0.6041666666666666 0.23828125 0.6111111111111112 0.2265625 0.6076388888888888 0.22265625 0.6006944444444444 0.216796875 0.6006944444444444 0.21484375 0.6041666666666666 0.1953125 0.6041666666666666 0.193359375 0.6006944444444444 0.185546875 0.6006944444444444 0.1796875 0.6076388888888888 0.169921875 0.6076388888888888 0.162109375 0.5902777777777778 0.1640625 0.5798611111111112 0.16796875 0.5763888888888888 0.171875 0.5659722222222222 0.171875 0.5277777777777778 0.17578125 0.5138888888888888 0.19140625 0.4965277777777778 0.1953125 0.4965277777777778 0.197265625 0.4930555555555556 0.2109375 0.4930555555555556
2 0.330078125 0.3472222222222222 0.333984375 0.3576388888888889 0.333984375 0.3784722222222222 0.330078125 0.3923611111111111 0.32421875 0.3993055555555556 0.32421875 0.4444444444444444 0.326171875 0.4479166666666667 0.33203125 0.4479166666666667 0.3359375 0.4513888888888889 0.337890625 0.4583333333333333 0.3359375 0.4618055555555556 0.328125 0.4618055555555556 0.32421875 0.46875 0.3359375 0.4930555555555556 0.328125 0.5138888888888888 0.337890625 0.5520833333333334 0.337890625 0.5659722222222222 0.33984375 0.5694444444444444 0.33984375 0.5798611111111112 0.34375 0.5972222222222222 0.34375 0.6111111111111112 0.33984375 0.6215277777777778 0.33984375 0.6284722222222222 0.337890625 0.6319444444444444 0.328125 0.6319444444444444 0.32421875 0.625 0.322265625 0.6180555555555556 0.322265625 0.5972222222222222 0.3203125 0.59375 0.3203125 0.5486111111111112 0.314453125 0.5347222222222222 0.310546875 0.53125 0.3046875 0.53125 0.30078125 0.5381944444444444 0.298828125 0.5520833333333334 0.296875 0.5520833333333334 0.283203125 0.5729166666666666 0.27734375 0.5763888888888888 0.259765625 0.6041666666666666 0.259765625 0.6111111111111112 0.255859375 0.625 0.255859375 0.6354166666666666 0.25390625 0.6388888888888888 0.25 0.6354166666666666 0.25 0.6284722222222222 0.248046875 0.625 0.248046875 0.5972222222222222 0.28125 0.5416666666666666 0.28125 0.4965277777777778 0.287109375 0.4826388888888889 0.287109375 0.4722222222222222 0.2890625 0.46875 0.2890625 0.4479166666666667 0.29296875 0.4305555555555556 0.29296875 0.4097222222222222 0.294921875 0.40625 0.294921875 0.3958333333333333 0.296875 0.3888888888888889 0.302734375 0.3784722222222222 0.302734375 0.3576388888888889 0.30859375 0.34375 0.3125 0.34375 0.314453125 0.3402777777777778 0.3203125 0.3402777777777778 0.328125 0.3472222222222222
2 0.421875 0.1111111111111111 0.42578125 0.1076388888888889 0.435546875 0.1076388888888889 0.44140625 0.12152777777777778 0.44140625 0.13541666666666666 0.4453125 0.1527777777777778 0.4453125 0.1597222222222222 0.435546875 0.1875 0.435546875 0.2048611111111111 0.439453125 0.21180555555555555 0.439453125 0.22569444444444445 0.435546875 0.2326388888888889 0.4375 0.2465277777777778 0.435546875 0.25 0.4296875 0.23958333333333334 0.423828125 0.2465277777777778 0.423828125 0.28125 0.419921875 0.2916666666666667 0.396484375 0.3298611111111111 0.396484375 0.3368055555555556 0.3984375 0.3402777777777778 0.396484375 0.34375 0.38671875 0.34375 0.384765625 0.3402777777777778 0.380859375 0.3402777777777778 0.37890625 0.3333333333333333 0.3828125 0.3194444444444444 0.390625 0.3159722222222222 0.3984375 0.3020833333333333 0.3984375 0.2986111111111111 0.396484375 0.2951388888888889 0.3828125 0.2916666666666667 0.376953125 0.2847222222222222 0.369140625 0.2847222222222222 0.37109375 0.2777777777777778 0.39453125 0.2777777777777778 0.40234375 0.2708333333333333 0.39453125 0.2638888888888889 0.390625 0.2534722222222222 0.388671875 0.2048611111111111 0.390625 0.2013888888888889 0.390625 0.1909722222222222 0.40234375 0.1597222222222222 0.404296875 0.14583333333333334 0.408203125 0.1388888888888889 0.416015625 0.13541666666666666 0.421875 0.11458333333333333
2 0.490234375 0.4444444444444444 0.4921875 0.4375 0.494140625 0.4375 0.5078125 0.4166666666666667 0.5234375 0.4166666666666667 0.52734375 0.4097222222222222 0.52734375 0.3993055555555556 0.533203125 0.3888888888888889 0.5390625 0.3888888888888889 0.548828125 0.4097222222222222 0.548828125 0.4548611111111111 0.54296875 0.4722222222222222 0.54296875 0.4930555555555556 0.552734375 0.5138888888888888 0.5546875 0.5277777777777778 0.552734375 0.53125 0.546875 0.53125 0.5390625 0.5104166666666666 0.53515625 0.4930555555555556 0.53125 0.4861111111111111 0.529296875 0.4861111111111111 0.525390625 0.4965277777777778 0.525390625 0.5069444444444444 0.521484375 0.5173611111111112 0.521484375 0.5243055555555556 0.525390625 0.53125 0.52734375 0.5833333333333334 0.525390625 0.5868055555555556 0.525390625 0.6006944444444444 0.51953125 0.6111111111111112 0.509765625 0.6458333333333334 0.509765625 0.6666666666666666 0.515625 0.6770833333333334 0.515625 0.6840277777777778 0.5078125 0.6805555555555556 0.49609375 0.6631944444444444 0.49609375 0.6493055555555556 0.50390625 0.6284722222222222 0.505859375 0.6076388888888888 0.51171875 0.5902777777777778 0.509765625 0.5833333333333334 0.498046875 0.5625 0.49609375 0.5625 0.48828125 0.5347222222222222 0.48828125 0.5104166666666666 0.490234375 0.5069444444444444 0.4921875 0.4826388888888889 0.494140625 0.4791666666666667 0.494140625 0.4722222222222222 0.498046875 0.4652777777777778 0.498046875 0.4583333333333333 0.501953125 0.4513888888888889 0.498046875 0.4409722222222222 0.494140625 0.4409722222222222 0.4921875 0.4444444444444444
2 0.470703125 0 0.513671875 0 0.513671875 0.006944444444444444 0.517578125 0.013888888888888888 0.517578125 0.027777777777777776 0.521484375 0.04513888888888889 0.51953125 0.059027777777777776 0.517578125 0.059027777777777776 0.515625 0.05555555555555555 0.513671875 0.03125 0.5078125 0.020833333333333332 0.505859375 0.024305555555555556 0.505859375 0.0763888888888889 0.501953125 0.09375 0.501953125 0.1076388888888889 0.49609375 0.11458333333333333 0.49609375 0.1527777777777778 0.498046875 0.15625 0.498046875 0.16319444444444445 0.501953125 0.1701388888888889 0.501953125 0.17708333333333334 0.494140625 0.17708333333333334 0.490234375 0.1736111111111111 0.486328125 0.16319444444444445 0.482421875 0.16319444444444445 0.4765625 0.1527777777777778 0.478515625 0.14583333333333334 0.478515625 0.13541666666666666 0.484375 0.12152777777777778 0.486328125 0.09027777777777778 0.48046875 0.0625 0.478515625 0.06944444444444445 0.470703125 0.06944444444444445 0.46875 0.0625 0.46875 0.052083333333333336 0.470703125 0.04861111111111111 0.470703125 0.003472222222222222
2 0.904296875 0.17708333333333334 0.916015625 0.2013888888888889 0.916015625 0.20833333333333334 0.91015625 0.2222222222222222 0.91015625 0.22916666666666666 0.912109375 0.2326388888888889 0.919921875 0.2326388888888889 0.919921875 0.23958333333333334 0.916015625 0.2465277777777778 0.916015625 0.2569444444444444 0.912109375 0.2604166666666667 0.900390625 0.2604166666666667 0.89453125 0.2708333333333333 0.892578125 0.2777777777777778 0.892578125 0.2881944444444444 0.88671875 0.3055555555555556 0.88671875 0.3541666666666667 0.87890625 0.3645833333333333 0.869140625 0.3680555555555556 0.86328125 0.3784722222222222 0.853515625 0.375 0.841796875 0.3993055555555556 0.83984375 0.4236111111111111 0.8359375 0.4305555555555556 0.83203125 0.4305555555555556 0.826171875 0.4409722222222222 0.826171875 0.4479166666666667 0.822265625 0.4618055555555556 0.81640625 0.4548611111111111 0.814453125 0.4305555555555556 0.826171875 0.40625 0.826171875 0.3958333333333333 0.828125 0.3888888888888889 0.84765625 0.3506944444444444 0.849609375 0.3298611111111111 0.8515625 0.3263888888888889 0.8515625 0.3159722222222222 0.853515625 0.3125 0.85546875 0.2847222222222222 0.865234375 0.2638888888888889 0.8671875 0.25 0.875 0.2361111111111111 0.875 0.2222222222222222 0.876953125 0.2152777777777778 0.884765625 0.2013888888888889 0.88671875 0.1909722222222222 0.892578125 0.18055555555555555 0.896484375 0.17708333333333334 0.90234375 0.17708333333333334