0 0.7263020833333333 0.3837962962962963 0.015104166666666667 0.03240740740740741
0 0.60546875 0.3194444444444444 0.607421875 0.3159722222222222 0.61328125 0.3159722222222222 0.6171875 0.3194444444444444 0.6171875 0.3263888888888889 0.615234375 0.3298611111111111 0.607421875 0.3263888888888889 0.607421875 0.3229166666666667
0 0.57421875 0.375 0.57421875 0.3680555555555556 0.578125 0.3611111111111111 0.583984375 0.3611111111111111 0.583984375 0.3680555555555556 0.57421875 0.3784722222222222
0 0.681640625 0.4375 0.681640625 0.4479166666666667 0.6796875 0.4513888888888889 0.673828125 0.4513888888888889 0.66796875 0.4444444444444444 0.67578125 0.4340277777777778 0.6796875 0.4375
0 0.50390625 0.3958333333333333 0.5078125 0.4027777777777778 0.5078125 0.4097222222222222 0.505859375 0.4097222222222222 0.5 0.4201388888888889 0.494140625 0.4201388888888889 0.4921875 0.40625 0.49609375 0.3958333333333333 0.501953125 0.3958333333333333
0 0.4010416666666667 0.4138888888888889 0.015625 0.024074074074074074
0 0.01953125 0.3333333333333333 0.0234375 0.3298611111111111 0.029296875 0.3298611111111111 0.03125 0.3368055555555556 0.03125 0.3506944444444444 0.025390625 0.3576388888888889 0.021484375 0.3576388888888889 0.01953125 0.3541666666666667 0.01953125 0.3472222222222222 0.017578125 0.34375 0.01953125 0.3368055555555556
0 0.595703125 0.3541666666666667 0.599609375 0.3576388888888889 0.599609375 0.3680555555555556 0.59765625 0.3715277777777778 0.5859375 0.3645833333333333 0.5859375 0.3576388888888889 0.587890625 0.3541666666666667 0.59375 0.3541666666666667
0 0.099609375 0.3298611111111111 0.099609375 0.3159722222222222 0.1015625 0.3125 0.107421875 0.3125 0.111328125 0.3194444444444444 0.111328125 0.3298611111111111 0.1015625 0.3298611111111111
0 0.533203125 0.4305555555555556 0.537109375 0.4340277777777778 0.5390625 0.4409722222222222 0.5390625 0.4548611111111111 0.537109375 0.4583333333333333 0.529296875 0.4548611111111111 0.525390625 0.4409722222222222 0.52734375 0.4340277777777778 0.53125 0.4305555555555556
0 0.052734375 0.3402777777777778 0.05859375 0.3472222222222222 0.05859375 0.3576388888888889 0.0546875 0.3645833333333333 0.046875 0.3645833333333333 0.044921875 0.3611111111111111 0.044921875 0.34375 0.05078125 0.3402777777777778
0 0.380859375 0.4131944444444444 0.384765625 0.4201388888888889 0.3828125 0.4340277777777778 0.37890625 0.4340277777777778 0.37109375 0.4236111111111111 0.373046875 0.4166666666666667 0.37890625 0.4131944444444444
0 0.1640625 0.3298611111111111 0.169921875 0.3298611111111111 0.173828125 0.3402777777777778 0.1640625 0.3402777777777778 0.162109375 0.3368055555555556 0.1640625 0.3333333333333333
0 0.0546875 0.3402777777777778 0.056640625 0.34375 0.056640625 0.3506944444444444 0.044921875 0.3506944444444444 0.044921875 0.34375 0.046875 0.3402777777777778 0.052734375 0.3402777777777778
0 0.599609375 0.3125 0.60546875 0.3194444444444444 0.60546875 0.3263888888888889 0.59765625 0.3263888888888889 0.595703125 0.3298611111111111 0.591796875 0.3263888888888889 0.59375 0.3229166666666667 0.59375 0.3159722222222222 0.59765625 0.3125
0 0.14453125 0.3229166666666667 0.1484375 0.3263888888888889 0.150390625 0.3333333333333333 0.14453125 0.3402777777777778 0.140625 0.3402777777777778 0.138671875 0.3368055555555556 0.138671875 0.3263888888888889 0.142578125 0.3263888888888889
0 0.205078125 0.3125 0.208984375 0.3229166666666667 0.208984375 0.3333333333333333 0.19921875 0.3298611111111111 0.193359375 0.3229166666666667 0.197265625 0.3125 0.203125 0.3125
0 0.45703125 0.3888888888888889 0.458984375 0.3958333333333333 0.458984375 0.40625 0.45703125 0.4097222222222222 0.44921875 0.4097222222222222 0.4453125 0.40625 0.4453125 0.3958333333333333 0.44921875 0.3888888888888889 0.455078125 0.3888888888888889
0 0.2421875 0.06597222222222222 0.24609375 0.0625 0.251953125 0.0625 0.25390625 0.06597222222222222 0.25390625 0.07291666666666667 0.251953125 0.0763888888888889 0.24609375 0.0763888888888889 0.2421875 0.06944444444444445
0 0.666015625 0.4375 0.666015625 0.4444444444444444 0.6640625 0.4479166666666667 0.654296875 0.4479166666666667 0.65234375 0.4444444444444444 0.65234375 0.4409722222222222 0.658203125 0.4305555555555556 0.6640625 0.4375
1 0.513671875 0.4166666666666667 0.521484375 0.4340277777777778 0.521484375 0.4479166666666667 0.51171875 0.4618055555555556 0.5078125 0.4618055555555556 0.501953125 0.4513888888888889 0.498046875 0.4375 0.498046875 0.4236111111111111 0.50390625 0.4131944444444444 0.509765625 0.4131944444444444 0.51171875 0.4166666666666667
1 0.01171875 0.3472222222222222 0.01953125 0.3472222222222222 0.0234375 0.3576388888888889 0.025390625 0.3576388888888889 0.029296875 0.3472222222222222 0.033203125 0.3472222222222222 0.033203125 0.3611111111111111 0.029296875 0.3715277777777778 0.02734375 0.3854166666666667 0.01171875 0.3854166666666667 0.01171875 0.3506944444444444
1 0.689453125 0.4583333333333333 0.693359375 0.4895833333333333 0.685546875 0.5 0.67578125 0.5 0.671875 0.4930555555555556 0.669921875 0.4791666666666667 0.673828125 0.4652777777777778 0.681640625 0.4513888888888889 0.6875 0.4583333333333333
1 0.373046875 0.4270833333333333 0.3828125 0.4409722222222222 0.380859375 0.4583333333333333 0.373046875 0.4583333333333333 0.3671875 0.46875 0.359375 0.4756944444444444 0.3515625 0.46875 0.349609375 0.4652777777777778 0.349609375 0.4583333333333333 0.365234375 0.4270833333333333 0.37109375 0.4270833333333333
1 0.736328125 0.3958333333333333 0.740234375 0.40625 0.740234375 0.4409722222222222 0.73828125 0.4444444444444444 0.72265625 0.4444444444444444 0.716796875 0.4305555555555556 0.71875 0.40625 0.728515625 0.3958333333333333 0.734375 0.3958333333333333
1 0.5390625 0.4548611111111111 0.54296875 0.4548611111111111 0.548828125 0.4618055555555556 0.548828125 0.4756944444444444 0.55078125 0.4791666666666667 0.55078125 0.4895833333333333 0.548828125 0.4930555555555556 0.53515625 0.4965277777777778 0.53125 0.4930555555555556 0.5234375 0.4756944444444444 0.517578125 0.4756944444444444 0.515625 0.4791666666666667 0.515625 0.4652777777777778 0.521484375 0.4513888888888889 0.52734375 0.4513888888888889 0.53515625 0.4618055555555556 0.5390625 0.4583333333333333
1 0.064453125 0.3611111111111111 0.07421875 0.3888888888888889 0.07421875 0.3958333333333333 0.0703125 0.4027777777777778 0.06640625 0.4027777777777778 0.064453125 0.40625 0.05859375 0.40625 0.0546875 0.3993055555555556 0.0546875 0.3888888888888889 0.05078125 0.375 0.05078125 0.3680555555555556 0.0546875 0.3611111111111111 0.05859375 0.3576388888888889 0.0625 0.3611111111111111
1 0.345703125 0.08680555555555555 0.34765625 0.09375 0.34765625 0.11458333333333333 0.345703125 0.11805555555555555 0.345703125 0.1284722222222222 0.330078125 0.1284722222222222 0.326171875 0.12152777777777778 0.328125 0.11805555555555555 0.328125 0.10069444444444445 0.326171875 0.09375 0.33203125 0.08680555555555555 0.337890625 0.08680555555555555 0.33984375 0.08333333333333333 0.34375 0.08680555555555555
1 0.396484375 0.4236111111111111 0.408203125 0.4166666666666667 0.412109375 0.4236111111111111 0.412109375 0.4340277777777778 0.416015625 0.4444444444444444 0.416015625 0.4548611111111111 0.41796875 0.4583333333333333 0.412109375 0.4652777777777778 0.40625 0.4652777777777778 0.40234375 0.4618055555555556 0.400390625 0.4513888888888889 0.396484375 0.4444444444444444 0.396484375 0.4270833333333333
1 0.171875 0.3402777777777778 0.18359375 0.3541666666666667 0.18359375 0.375 0.171875 0.375 0.169921875 0.3784722222222222 0.1640625 0.3784722222222222 0.16015625 0.3715277777777778 0.16015625 0.34375 0.1640625 0.3402777777777778 0.169921875 0.3402777777777778
1 0.15625 0.3333333333333333 0.158203125 0.3368055555555556 0.158203125 0.3506944444444444 0.15625 0.3506944444444444 0.150390625 0.3611111111111111 0.146484375 0.3576388888888889 0.142578125 0.3576388888888889 0.140625 0.3611111111111111 0.13671875 0.3576388888888889 0.13671875 0.3506944444444444 0.140625 0.34375 0.140625 0.3368055555555556 0.14453125 0.3333333333333333 0.154296875 0.3333333333333333
1 0.58984375 0.3680555555555556 0.603515625 0.3784722222222222 0.60546875 0.3923611111111111 0.599609375 0.3993055555555556 0.599609375 0.40625 0.603515625 0.4097222222222222 0.6015625 0.4131944444444444 0.59765625 0.4097222222222222 0.583984375 0.4097222222222222 0.578125 0.4166666666666667 0.576171875 0.4131944444444444 0.576171875 0.3958333333333333 0.57421875 0.3923611111111111 0.57421875 0.3715277777777778 0.580078125 0.3645833333333333 0.587890625 0.3680555555555556
1 0.1015625 0.3298611111111111 0.103515625 0.3333333333333333 0.109375 0.3333333333333333 0.111328125 0.3368055555555556 0.111328125 0.34375 0.10546875 0.3506944444444444 0.10546875 0.3576388888888889 0.099609375 0.3715277777777778 0.09375 0.3645833333333333 0.087890625 0.3645833333333333 0.087890625 0.3506944444444444 0.08984375 0.34375 0.09375 0.3333333333333333 0.099609375 0.3298611111111111
1 0.408203125 0.08333333333333333 0.41015625 0.09027777777777778 0.408203125 0.09375 0.40625 0.11458333333333333 0.400390625 0.12152777777777778 0.390625 0.11458333333333333 0.388671875 0.1076388888888889 0.388671875 0.09027777777777778 0.392578125 0.08333333333333333 0.40625 0.08333333333333333
1 0.45 0.43657407407407406 0.022916666666666665 0.054629629629629625
1 0.240234375 0.0798611111111111 0.259765625 0.0798611111111111 0.26171875 0.08333333333333333 0.26171875 0.09027777777777778 0.2578125 0.10069444444444445 0.255859375 0.11805555555555555 0.25390625 0.12152777777777778 0.24609375 0.12152777777777778 0.2421875 0.11805555555555555 0.2421875 0.1076388888888889 0.240234375 0.10416666666666667 0.240234375 0.08333333333333333
1 0.607421875 0.3263888888888889 0.611328125 0.3333333333333333 0.611328125 0.3506944444444444 0.609375 0.3541666666666667 0.609375 0.3680555555555556 0.60546875 0.375 0.599609375 0.3680555555555556 0.599609375 0.3611111111111111 0.595703125 0.3541666666666667 0.58984375 0.3541666666666667 0.587890625 0.3506944444444444 0.587890625 0.34375 0.595703125 0.3263888888888889 0.6015625 0.3194444444444444 0.603515625 0.3194444444444444 0.60546875 0.3263888888888889
1 0.6484375 0.4479166666666667 0.65234375 0.4479166666666667 0.654296875 0.4513888888888889 0.669921875 0.4513888888888889 0.673828125 0.4548611111111111 0.673828125 0.4652777777777778 0.669921875 0.4722222222222222 0.666015625 0.5 0.6640625 0.5034722222222222 0.65625 0.5034722222222222 0.654296875 0.5 0.6484375 0.5 0.6484375 0.4722222222222222 0.646484375 0.46875 0.646484375 0.4548611111111111 0.6484375 0.4513888888888889
1 0.619140625 0.3298611111111111 0.623046875 0.3333333333333333 0.623046875 0.34375 0.619140625 0.3576388888888889 0.6171875 0.3784722222222222 0.615234375 0.3819444444444444 0.609375 0.3819444444444444 0.607421875 0.3784722222222222 0.609375 0.3715277777777778 0.609375 0.3576388888888889 0.611328125 0.3541666666666667 0.611328125 0.3333333333333333 0.6171875 0.3333333333333333
1 0.203125 0.3298611111111111 0.20703125 0.3368055555555556 0.20703125 0.3506944444444444 0.203125 0.3645833333333333 0.1953125 0.3541666666666667 0.19140625 0.3576388888888889 0.1875 0.3541666666666667 0.1875 0.3333333333333333 0.193359375 0.3263888888888889 0.19921875 0.3263888888888889 0.201171875 0.3298611111111111
2 0.5859375 0.3541666666666667 0.595703125 0.3541666666666667 0.599609375 0.3645833333333333 0.59765625 0.3680555555555556 0.59375 0.3645833333333333 0.583984375 0.3645833333333333 0.576171875 0.3784722222222222 0.576171875 0.3854166666666667 0.57421875 0.3888888888888889 0.57421875 0.4131944444444444 0.576171875 0.4166666666666667 0.576171875 0.4479166666666667 0.580078125 0.4583333333333333 0.580078125 0.4652777777777778 0.578125 0.46875 0.5703125 0.46875 0.5703125 0.4618055555555556 0.57421875 0.4548611111111111 0.57421875 0.4444444444444444 0.568359375 0.4236111111111111 0.5703125 0.4201388888888889 0.5703125 0.4131944444444444 0.57421875 0.40625 0.57421875 0.3923611111111111 0.5703125 0.3854166666666667 0.572265625 0.3715277777777778 0.576171875 0.3645833333333333 0.5859375 0.3576388888888889
2 0.494140625 0.3993055555555556 0.498046875 0.3958333333333333 0.50390625 0.3958333333333333 0.51953125 0.4270833333333333 0.5234375 0.4409722222222222 0.513671875 0.4652777777777778 0.51171875 0.4722222222222222 0.51171875 0.4826388888888889 0.50390625 0.4895833333333333 0.50390625 0.4722222222222222 0.505859375 0.4652777777777778 0.5 0.4513888888888889 0.498046875 0.4305555555555556 0.4921875 0.4131944444444444 0.4921875 0.40625 0.494140625 0.4027777777777778
2 0.02734375 0.3298611111111111 0.03515625 0.3472222222222222 0.03515625 0.3541666666666667 0.041015625 0.3611111111111111 0.041015625 0.3680555555555556 0.037109375 0.3680555555555556 0.033203125 0.375 0.03515625 0.3819444444444444 0.02734375 0.3923611111111111 0.0234375 0.4166666666666667 0.03125 0.4305555555555556 0.033203125 0.4305555555555556 0.037109375 0.4444444444444444 0.025390625 0.4340277777777778 0.021484375 0.4340277777777778 0.017578125 0.4479166666666667 0.015625 0.4479166666666667 0.013671875 0.4409722222222222 0.013671875 0.4131944444444444 0.009765625 0.3993055555555556 0.009765625 0.3819444444444444 0.01171875 0.3784722222222222 0.01171875 0.3472222222222222 0.013671875 0.3472222222222222 0.01953125 0.3333333333333333 0.025390625 0.3298611111111111
2 0.66796875 0.4444444444444444 0.671875 0.4375 0.681640625 0.4375 0.685546875 0.4548611111111111 0.689453125 0.4583333333333333 0.69140625 0.4652777777777778 0.69140625 0.4791666666666667 0.693359375 0.4861111111111111 0.697265625 0.4930555555555556 0.701171875 0.5104166666666666 0.70703125 0.5243055555555556 0.7109375 0.5486111111111112 0.716796875 0.5555555555555556 0.720703125 0.5659722222222222 0.716796875 0.5694444444444444 0.71484375 0.5659722222222222 0.7109375 0.5659722222222222 0.703125 0.5451388888888888 0.69921875 0.5277777777777778 0.685546875 0.5069444444444444 0.671875 0.5277777777777778 0.66796875 0.5277777777777778 0.666015625 0.5034722222222222 0.66796875 0.5 0.669921875 0.4791666666666667 0.673828125 0.4652777777777778 0.673828125 0.4548611111111111 0.669921875 0.4479166666666667
2 0.380859375 0.4131944444444444 0.384765625 0.4236111111111111 0.384765625 0.4305555555555556 0.3828125 0.4340277777777778 0.3828125 0.4409722222222222 0.384765625 0.4444444444444444 0.3828125 0.4583333333333333 0.375 0.4583333333333333 0.36328125 0.4756944444444444 0.369140625 0.4861111111111111 0.37109375 0.4861111111111111 0.373046875 0.4930555555555556 0.373046875 0.5069444444444444 0.3671875 0.5173611111111112 0.359375 0.5138888888888888 0.353515625 0.5277777777777778 0.35546875 0.53125 0.35546875 0.5381944444444444 0.349609375 0.5381944444444444 0.345703125 0.5277777777777778 0.34765625 0.5208333333333334 0.357421875 0.5069444444444444 0.357421875 0.5034722222222222 0.349609375 0.4895833333333333 0.34375 0.4895833333333333 0.341796875 0.4861111111111111 0.341796875 0.4756944444444444 0.345703125 0.46875 0.34765625 0.4548611111111111 0.349609375 0.4548611111111111 0.365234375 0.4270833333333333 0.3671875 0.4270833333333333 0.373046875 0.4166666666666667 0.37890625 0.4131944444444444
2 0.533203125 0.4305555555555556 0.548828125 0.4618055555555556 0.55078125 0.4895833333333333 0.556640625 0.5 0.556640625 0.5069444444444444 0.564453125 0.5277777777777778 0.56640625 0.5451388888888888 0.5703125 0.5555555555555556 0.5703125 0.5659722222222222 0.56640625 0.5659722222222222 0.564453125 0.5625 0.564453125 0.5555555555555556 0.556640625 0.5277777777777778 0.55078125 0.5173611111111112 0.548828125 0.5208333333333334 0.54296875 0.5208333333333334 0.54296875 0.5173611111111112 0.537109375 0.5104166666666666 0.533203125 0.5138888888888888 0.533203125 0.5208333333333334 0.5390625 0.5347222222222222 0.5390625 0.5451388888888888 0.53515625 0.5486111111111112 0.5234375 0.5486111111111112 0.51953125 0.5555555555555556 0.515625 0.5555555555555556 0.515625 0.5486111111111112 0.51953125 0.5451388888888888 0.517578125 0.5138888888888888 0.51171875 0.5034722222222222 0.50390625 0.5 0.50390625 0.4965277777777778 0.515625 0.4826388888888889 0.513671875 0.4756944444444444 0.515625 0.4618055555555556 0.525390625 0.4444444444444444 0.52734375 0.4340277777777778 0.53125 0.4305555555555556
2 0.064453125 0.3611111111111111 0.068359375 0.375 0.07421875 0.3854166666666667 0.07421875 0.3958333333333333 0.083984375 0.4131944444444444 0.078125 0.4236111111111111 0.078125 0.4375 0.080078125 0.4409722222222222 0.09765625 0.4444444444444444 0.09765625 0.4513888888888889 0.09375 0.4513888888888889 0.087890625 0.4618055555555556 0.0859375 0.4618055555555556 0.08203125 0.4513888888888889 0.072265625 0.4513888888888889 0.068359375 0.4444444444444444 0.06640625 0.4340277777777778 0.0625 0.4270833333333333 0.05859375 0.4270833333333333 0.052734375 0.4409722222222222 0.05078125 0.4652777777777778 0.046875 0.46875 0.0390625 0.46875 0.037109375 0.4652777777777778 0.04296875 0.4583333333333333 0.046875 0.4479166666666667 0.046875 0.4375 0.05078125 0.4236111111111111 0.05078125 0.3993055555555556 0.052734375 0.3958333333333333 0.052734375 0.3819444444444444 0.044921875 0.3645833333333333 0.044921875 0.3472222222222222 0.046875 0.34375 0.056640625 0.34375 0.05859375 0.3541666666666667 0.0625 0.3611111111111111
2 0.205078125 0.3125 0.208984375 0.3263888888888889 0.208984375 0.3368055555555556 0.20703125 0.3402777777777778 0.20703125 0.3611111111111111 0.208984375 0.3645833333333333 0.205078125 0.3715277777777778 0.20703125 0.3784722222222222 0.20703125 0.4027777777777778 0.203125 0.4027777777777778 0.19921875 0.4097222222222222 0.19921875 0.4166666666666667 0.201171875 0.4201388888888889 0.19921875 0.4236111111111111 0.1875 0.40625 0.1875 0.375 0.189453125 0.3715277777777778 0.1875 0.3680555555555556 0.1875 0.3333333333333333 0.197265625 0.3125 0.203125 0.3125
2 0.404296875 0.4027777777777778 0.412109375 0.4236111111111111 0.412109375 0.4340277777777778 0.416015625 0.4409722222222222 0.416015625 0.4513888888888889 0.419921875 0.4618055555555556 0.419921875 0.4791666666666667 0.408203125 0.5 0.408203125 0.5277777777777778 0.404296875 0.5277777777777778 0.404296875 0.5138888888888888 0.40234375 0.5104166666666666 0.40234375 0.4826388888888889 0.404296875 0.4791666666666667 0.404296875 0.4652777777777778 0.396484375 0.4479166666666667 0.396484375 0.4305555555555556 0.39453125 0.4270833333333333 0.39453125 0.4097222222222222 0.40234375 0.4027777777777778
2 0.1484375 0.3263888888888889 0.15234375 0.3333333333333333 0.15625 0.3333333333333333 0.158203125 0.3368055555555556 0.158203125 0.3506944444444444 0.15234375 0.3576388888888889 0.158203125 0.3715277777777778 0.158203125 0.3819444444444444 0.16015625 0.3854166666666667 0.16015625 0.4097222222222222 0.158203125 0.4131944444444444 0.158203125 0.4201388888888889 0.154296875 0.4201388888888889 0.15234375 0.4131944444444444 0.15234375 0.40625 0.150390625 0.4027777777777778 0.15234375 0.3958333333333333 0.150390625 0.3923611111111111 0.1484375 0.375 0.14453125 0.3680555555555556 0.13671875 0.3680555555555556 0.134765625 0.3645833333333333 0.138671875 0.3472222222222222 0.138671875 0.3298611111111111 0.140625 0.3263888888888889 0.146484375 0.3263888888888889
2 0.171875 0.3333333333333333 0.171875 0.3368055555555556 0.18359375 0.3541666666666667 0.18359375 0.3645833333333333 0.185546875 0.3680555555555556 0.185546875 0.4201388888888889 0.189453125 0.4270833333333333 0.189453125 0.4479166666666667 0.193359375 0.4583333333333333 0.19140625 0.4652777777777778 0.189453125 0.4652777777777778 0.181640625 0.4513888888888889 0.1796875 0.4548611111111111 0.17578125 0.4513888888888889 0.181640625 0.4409722222222222 0.1796875 0.4375 0.169921875 0.4340277777777778 0.1640625 0.4270833333333333 0.162109375 0.3819444444444444 0.16015625 0.3784722222222222 0.16015625 0.3715277777777778 0.154296875 0.3611111111111111 0.154296875 0.3576388888888889 0.166015625 0.3298611111111111 0.169921875 0.3333333333333333
2 0.599609375 0.3125 0.6015625 0.3159722222222222 0.60546875 0.3159722222222222 0.611328125 0.3263888888888889 0.611328125 0.3541666666666667 0.609375 0.3576388888888889 0.609375 0.3680555555555556 0.607421875 0.375 0.6015625 0.3715277777777778 0.599609375 0.3680555555555556 0.599609375 0.3611111111111111 0.595703125 0.3541666666666667 0.587890625 0.3541666666666667 0.5859375 0.3506944444444444 0.591796875 0.3333333333333333 0.59375 0.3194444444444444 0.59765625 0.3159722222222222
2 0.59375 0.3576388888888889 0.595703125 0.3611111111111111 0.595703125 0.3680555555555556 0.60546875 0.3819444444444444 0.60546875 0.3888888888888889 0.607421875 0.3923611111111111 0.607421875 0.4166666666666667 0.60546875 0.4236111111111111 0.611328125 0.4375 0.611328125 0.4444444444444444 0.615234375 0.4548611111111111 0.615234375 0.4618055555555556 0.619140625 0.4756944444444444 0.625 0.4861111111111111 0.6171875 0.4861111111111111 0.61328125 0.4791666666666667 0.609375 0.4548611111111111 0.60546875 0.4479166666666667 0.59375 0.4444444444444444 0.58984375 0.4548611111111111 0.583984375 0.4548611111111111 0.58203125 0.4583333333333333 0.5859375 0.46875 0.5859375 0.5 0.583984375 0.5034722222222222 0.58203125 0.5 0.58203125 0.4826388888888889 0.580078125 0.4791666666666667 0.580078125 0.4652777777777778 0.58203125 0.4583333333333333 0.578125 0.4548611111111111 0.578125 0.4270833333333333 0.576171875 0.4236111111111111 0.57421875 0.3715277777777778 0.576171875 0.3680555555555556 0.58203125 0.3680555555555556 0.5859375 0.3611111111111111 0.591796875 0.3576388888888889
2 0.115234375 0.3402777777777778 0.1171875 0.34375 0.1171875 0.3506944444444444 0.11328125 0.3576388888888889 0.11328125 0.3645833333333333 0.109375 0.3645833333333333 0.107421875 0.3611111111111111 0.103515625 0.3645833333333333 0.103515625 0.3715277777777778 0.1015625 0.375 0.1015625 0.3888888888888889 0.103515625 0.3958333333333333 0.09375 0.4166666666666667 0.091796875 0.4305555555555556 0.087890625 0.4340277777777778 0.08203125 0.4305555555555556 0.087890625 0.4027777777777778 0.087890625 0.3923611111111111 0.0859375 0.3888888888888889 0.0859375 0.3645833333333333 0.087890625 0.3611111111111111 0.087890625 0.3506944444444444 0.091796875 0.3368055555555556 0.099609375 0.3229166666666667 0.099609375 0.3159722222222222 0.1015625 0.3125 0.107421875 0.3125 0.111328125 0.3194444444444444 0.111328125 0.3368055555555556 0.11328125 0.3402777777777778
2 0.45703125 0.3888888888888889 0.458984375 0.3958333333333333 0.458984375 0.4270833333333333 0.4609375 0.4305555555555556 0.470703125 0.4305555555555556 0.474609375 0.4236111111111111 0.4765625 0.4131944444444444 0.478515625 0.4131944444444444 0.478515625 0.4236111111111111 0.47265625 0.4340277777777778 0.47265625 0.4409722222222222 0.470703125 0.4444444444444444 0.4609375 0.4513888888888889 0.455078125 0.4618055555555556 0.455078125 0.4791666666666667 0.458984375 0.4861111111111111 0.458984375 0.4965277777777778 0.462890625 0.5104166666666666 0.45703125 0.5173611111111112 0.4453125 0.5173611111111112 0.443359375 0.5208333333333334 0.443359375 0.5520833333333334 0.4375 0.5486111111111112 0.431640625 0.5381944444444444 0.431640625 0.5347222222222222 0.44140625 0.5208333333333334 0.439453125 0.5138888888888888 0.4375 0.5173611111111112 0.43359375 0.5173611111111112 0.427734375 0.5277777777777778 0.423828125 0.5451388888888888 0.41796875 0.5451388888888888 0.41796875 0.5347222222222222 0.423828125 0.5243055555555556 0.42578125 0.5104166666666666 0.43359375 0.4965277777777778 0.43359375 0.4895833333333333 0.435546875 0.4861111111111111 0.435546875 0.4583333333333333 0.439453125 0.4513888888888889 0.439453125 0.4444444444444444 0.44140625 0.4409722222222222 0.44140625 0.4305555555555556 0.4453125 0.4131944444444444 0.4453125 0.3958333333333333 0.44921875 0.3888888888888889 0.455078125 0.3888888888888889
2 0.673828125 0.4548611111111111 0.67578125 0.4583333333333333 0.66796875 0.4791666666666667 0.66796875 0.4895833333333333 0.6640625 0.5069444444444444 0.666015625 0.5138888888888888 0.666015625 0.5243055555555556 0.66796875 0.5277777777777778 0.66796875 0.5625 0.662109375 0.5868055555555556 0.6640625 0.5902777777777778 0.6640625 0.6006944444444444 0.65625 0.59375 0.65625 0.5833333333333334 0.658203125 0.5763888888888888 0.654296875 0.5694444444444444 0.65234375 0.5729166666666666 0.65234375 0.6006944444444444 0.6484375 0.6006944444444444 0.646484375 0.59375 0.646484375 0.5034722222222222 0.6484375 0.5 0.646484375 0.4548611111111111 0.658203125 0.4305555555555556 0.66015625 0.4305555555555556 0.671875 0.4548611111111111
2 0.7265625 0.3680555555555556 0.732421875 0.375 0.732421875 0.3854166666666667 0.740234375 0.4027777777777778 0.740234375 0.4548611111111111 0.73828125 0.4583333333333333 0.73828125 0.4652777777777778 0.740234375 0.46875 0.740234375 0.4756944444444444 0.74609375 0.4861111111111111 0.748046875 0.4965277777777778 0.75390625 0.5104166666666666 0.75 0.5138888888888888 0.744140625 0.5034722222222222 0.744140625 0.5 0.736328125 0.4861111111111111 0.73046875 0.4652777777777778 0.71875 0.46875 0.712890625 0.4791666666666667 0.7109375 0.5034722222222222 0.708984375 0.5069444444444444 0.708984375 0.5208333333333334 0.705078125 0.5104166666666666 0.705078125 0.4791666666666667 0.712890625 0.4583333333333333 0.716796875 0.4548611111111111 0.720703125 0.4444444444444444 0.716796875 0.4340277777777778 0.716796875 0.4166666666666667 0.71875 0.4131944444444444 0.71875 0.3819444444444444 0.720703125 0.375 0.724609375 0.3715277777777778