0 0.208984375 0.3611111111111111 0.21875 0.3819444444444444 0.21875 0.3923611111111111 0.21484375 0.40625 0.1953125 0.40625 0.1875 0.3993055555555556 0.1875 0.375 0.197265625 0.3611111111111111 0.20703125 0.3611111111111111
0 0.58203125 0.3715277777777778 0.5859375 0.375 0.58984375 0.3854166666666667 0.58984375 0.4097222222222222 0.5859375 0.4166666666666667 0.578125 0.4166666666666667 0.5703125 0.40625 0.5546875 0.3993055555555556 0.5546875 0.3854166666666667 0.55859375 0.375 0.5625 0.3715277777777778 0.580078125 0.3715277777777778
0 0.5096354166666667 0.5032407407407408 0.030729166666666665 0.054629629629629625
0 0.58984375 0.4444444444444444 0.595703125 0.4513888888888889 0.599609375 0.4652777777777778 0.599609375 0.4756944444444444 0.595703125 0.4895833333333333 0.583984375 0.4895833333333333 0.58203125 0.4861111111111111 0.576171875 0.4861111111111111 0.56640625 0.4791666666666667 0.56640625 0.4652777777777778 0.5703125 0.4513888888888889 0.576171875 0.4409722222222222 0.5859375 0.4409722222222222 0.587890625 0.4444444444444444
1 0.509765625 0.5277777777777778 0.525390625 0.5381944444444444 0.529296875 0.5486111111111112 0.529296875 0.5659722222222222 0.5234375 0.5729166666666666 0.525390625 0.5798611111111112 0.525390625 0.5902777777777778 0.529296875 0.5972222222222222 0.529296875 0.6076388888888888 0.525390625 0.6041666666666666 0.51953125 0.6041666666666666 0.513671875 0.625 0.509765625 0.6319444444444444 0.501953125 0.6284722222222222 0.498046875 0.6215277777777778 0.48828125 0.6145833333333334 0.4765625 0.6006944444444444 0.4765625 0.5694444444444444 0.474609375 0.5659722222222222 0.4765625 0.5347222222222222 0.48046875 0.5243055555555556 0.498046875 0.5243055555555556 0.5 0.5277777777777778 0.5078125 0.5277777777777778
1 0.412109375 0 0.443359375 0 0.443359375 0.017361111111111112 0.439453125 0.03125 0.431640625 0.03819444444444445 0.421875 0.03819444444444445 0.412109375 0.024305555555555556 0.412109375 0.017361111111111112 0.41015625 0.013888888888888888 0.412109375 0.003472222222222222
1 0.201171875 0.40625 0.203125 0.4097222222222222 0.21484375 0.4097222222222222 0.21875 0.4166666666666667 0.220703125 0.4305555555555556 0.212890625 0.4305555555555556 0.20703125 0.4409722222222222 0.20703125 0.4930555555555556 0.19921875 0.5208333333333334 0.1953125 0.5208333333333334 0.185546875 0.5069444444444444 0.173828125 0.5034722222222222 0.169921875 0.4965277777777778 0.169921875 0.4236111111111111 0.1796875 0.4131944444444444 0.185546875 0.4131944444444444 0.1875 0.4097222222222222 0.1953125 0.4097222222222222 0.19921875 0.40625
1 0.369140625 0.4965277777777778 0.37109375 0.5 0.388671875 0.5 0.400390625 0.5173611111111112 0.400390625 0.5243055555555556 0.392578125 0.5243055555555556 0.390625 0.5277777777777778 0.3828125 0.5277777777777778 0.380859375 0.53125 0.373046875 0.53125 0.37109375 0.5347222222222222 0.361328125 0.5347222222222222 0.3515625 0.5451388888888888 0.345703125 0.5451388888888888 0.341796875 0.5381944444444444 0.345703125 0.5 0.3515625 0.4930555555555556 0.361328125 0.4930555555555556 0.36328125 0.4965277777777778 0.3671875 0.4965277777777778
1 0.5703125 0.4097222222222222 0.578125 0.4236111111111111 0.58203125 0.4236111111111111 0.583984375 0.4375 0.560546875 0.4409722222222222 0.55859375 0.4479166666666667 0.564453125 0.4583333333333333 0.5625 0.4618055555555556 0.560546875 0.4791666666666667 0.548828125 0.5 0.529296875 0.4861111111111111 0.5234375 0.4861111111111111 0.521484375 0.4826388888888889 0.521484375 0.4652777777777778 0.5390625 0.4131944444444444 0.5546875 0.4027777777777778 0.560546875 0.4027777777777778 0.568359375 0.4097222222222222
1 0.576171875 0.4930555555555556 0.578125 0.4965277777777778 0.595703125 0.4965277777777778 0.59765625 0.5 0.603515625 0.5 0.611328125 0.5069444444444444 0.6171875 0.5208333333333334 0.6171875 0.53125 0.615234375 0.5347222222222222 0.615234375 0.5763888888888888 0.61328125 0.5798611111111112 0.61328125 0.59375 0.611328125 0.5972222222222222 0.603515625 0.5972222222222222 0.591796875 0.6145833333333334 0.587890625 0.6145833333333334 0.578125 0.6041666666666666 0.556640625 0.5972222222222222 0.552734375 0.5902777777777778 0.552734375 0.5694444444444444 0.556640625 0.5520833333333334 0.5546875 0.5104166666666666 0.560546875 0.4930555555555556 0.57421875 0.4930555555555556
2 0.5078125 0.4756944444444444 0.509765625 0.4791666666666667 0.515625 0.4791666666666667 0.51953125 0.4861111111111111 0.5234375 0.5034722222222222 0.5234375 0.5243055555555556 0.521484375 0.53125 0.529296875 0.5486111111111112 0.529296875 0.5625 0.525390625 0.5694444444444444 0.525390625 0.5868055555555556 0.53125 0.6041666666666666 0.53125 0.6111111111111112 0.52734375 0.6111111111111112 0.521484375 0.6041666666666666 0.517578125 0.6076388888888888 0.513671875 0.625 0.5078125 0.6388888888888888 0.505859375 0.6597222222222222 0.501953125 0.6770833333333334 0.490234375 0.6875 0.482421875 0.7048611111111112 0.474609375 0.7118055555555556 0.451171875 0.71875 0.443359375 0.7395833333333334 0.4375 0.7395833333333334 0.43359375 0.7430555555555556 0.427734375 0.7604166666666666 0.4140625 0.78125 0.41015625 0.78125 0.40625 0.7743055555555556 0.40625 0.7604166666666666 0.419921875 0.7291666666666666 0.421875 0.71875 0.431640625 0.6944444444444444 0.443359375 0.6736111111111112 0.4453125 0.6631944444444444 0.45703125 0.6319444444444444 0.474609375 0.5972222222222222 0.474609375 0.5451388888888888 0.4765625 0.5416666666666666 0.4765625 0.53125 0.48046875 0.5243055555555556 0.4921875 0.5208333333333334 0.494140625 0.5173611111111112 0.494140625 0.5069444444444444 0.49609375 0.5034722222222222 0.49609375 0.4930555555555556 0.498046875 0.4861111111111111 0.501953125 0.4791666666666667 0.505859375 0.4791666666666667
2 0.3984375 0 0.45703125 0 0.45703125 0.017361111111111112 0.458984375 0.020833333333333332 0.458984375 0.03819444444444445 0.4609375 0.041666666666666664 0.458984375 0.04861111111111111 0.458984375 0.08333333333333333 0.451171875 0.09375 0.4453125 0.08680555555555555 0.4453125 0.0763888888888889 0.44921875 0.06597222222222222 0.44921875 0.059027777777777776 0.4453125 0.04861111111111111 0.4453125 0.041666666666666664 0.443359375 0.03819444444444445 0.439453125 0.041666666666666664 0.439453125 0.04861111111111111 0.435546875 0.05555555555555555 0.43359375 0.06944444444444445 0.416015625 0.1076388888888889 0.412109375 0.12152777777777778 0.41015625 0.1423611111111111 0.404296875 0.15625 0.404296875 0.1736111111111111 0.400390625 0.17708333333333334 0.39453125 0.17708333333333334 0.390625 0.1736111111111111 0.390625 0.16666666666666666 0.3984375 0.1527777777777778 0.3984375 0.14583333333333334 0.400390625 0.1423611111111111 0.400390625 0.1111111111111111 0.40234375 0.1076388888888889 0.40234375 0.08680555555555555 0.404296875 0.08333333333333333 0.404296875 0.0763888888888889 0.400390625 0.07291666666666667 0.39453125 0.059027777777777776 0.39453125 0.034722222222222224 0.396484375 0.03125 0.396484375 0.013888888888888888 0.3984375 0.010416666666666666 0.3984375 0.003472222222222222
2 0.6640625 0 0.697265625 0 0.6953125 0.024305555555555556 0.697265625 0.027777777777777776 0.697265625 0.03819444444444445 0.701171875 0.04861111111111111 0.697265625 0.059027777777777776 0.671875 0.059027777777777776 0.66796875 0.052083333333333336 0.66796875 0.041666666666666664 0.666015625 0.03819444444444445 0.666015625 0.020833333333333332 0.6640625 0.017361111111111112 0.666015625 0.003472222222222222
2 0.58203125 0.3715277777777778 0.5859375 0.375 0.58984375 0.3854166666666667 0.58984375 0.4097222222222222 0.587890625 0.4166666666666667 0.583984375 0.4201388888888889 0.5859375 0.4340277777777778 0.5703125 0.4444444444444444 0.564453125 0.4548611111111111 0.564453125 0.4652777777777778 0.560546875 0.4722222222222222 0.55859375 0.4895833333333333 0.55078125 0.5069444444444444 0.55078125 0.5451388888888888 0.548828125 0.5486111111111112 0.55078125 0.5520833333333334 0.55078125 0.5625 0.548828125 0.5659722222222222 0.55078125 0.5729166666666666 0.546875 0.5833333333333334 0.546875 0.59375 0.548828125 0.5972222222222222 0.548828125 0.625 0.544921875 0.6284722222222222 0.5390625 0.6215277777777778 0.537109375 0.6076388888888888 0.529296875 0.5798611111111112 0.533203125 0.5694444444444444 0.533203125 0.5486111111111112 0.525390625 0.53125 0.52734375 0.5104166666666666 0.525390625 0.5069444444444444 0.525390625 0.4965277777777778 0.51953125 0.4722222222222222 0.5234375 0.4618055555555556 0.5234375 0.4548611111111111 0.53125 0.4375 0.537109375 0.4166666666666667 0.54296875 0.4097222222222222 0.55078125 0.40625 0.5546875 0.3993055555555556 0.5546875 0.3854166666666667 0.55859375 0.375 0.5625 0.3715277777777778 0.580078125 0.3715277777777778
2 0.208984375 0.3611111111111111 0.220703125 0.3854166666666667 0.220703125 0.3923611111111111 0.216796875 0.4027777777777778 0.216796875 0.4131944444444444 0.220703125 0.4236111111111111 0.220703125 0.4409722222222222 0.21875 0.4444444444444444 0.220703125 0.4479166666666667 0.220703125 0.4583333333333333 0.2265625 0.4722222222222222 0.234375 0.4791666666666667 0.240234375 0.4791666666666667 0.244140625 0.4826388888888889 0.244140625 0.5138888888888888 0.23828125 0.5104166666666666 0.23828125 0.5069444444444444 0.23046875 0.4965277777777778 0.224609375 0.4965277777777778 0.21484375 0.4861111111111111 0.208984375 0.4861111111111111 0.20703125 0.4895833333333333 0.205078125 0.5069444444444444 0.197265625 0.5243055555555556 0.197265625 0.53125 0.1953125 0.5347222222222222 0.1953125 0.5451388888888888 0.193359375 0.5486111111111112 0.197265625 0.5659722222222222 0.1953125 0.5694444444444444 0.1953125 0.5798611111111112 0.17578125 0.625 0.17578125 0.6319444444444444 0.173828125 0.6354166666666666 0.17578125 0.6458333333333334 0.169921875 0.6527777777777778 0.1640625 0.6527777777777778 0.162109375 0.65625 0.154296875 0.65625 0.1484375 0.6423611111111112 0.142578125 0.6458333333333334 0.126953125 0.6736111111111112 0.130859375 0.6875 0.1171875 0.6875 0.115234375 0.6840277777777778 0.109375 0.6840277777777778 0.107421875 0.6805555555555556 0.107421875 0.6701388888888888 0.11328125 0.6527777777777778 0.12109375 0.6493055555555556 0.125 0.6423611111111112 0.134765625 0.6354166666666666 0.15234375 0.5972222222222222 0.154296875 0.5833333333333334 0.1640625 0.5486111111111112 0.162109375 0.5416666666666666 0.162109375 0.5173611111111112 0.1640625 0.5138888888888888 0.1640625 0.5034722222222222 0.162109375 0.5 0.162109375 0.4756944444444444 0.1640625 0.4722222222222222 0.1640625 0.4652777777777778 0.169921875 0.4513888888888889 0.169921875 0.4236111111111111 0.1796875 0.4131944444444444 0.18359375 0.4131944444444444 0.1875 0.40625 0.1875 0.375 0.19140625 0.3680555555555556 0.197265625 0.3611111111111111 0.20703125 0.3611111111111111
2 0.388671875 0.4722222222222222 0.390625 0.4756944444444444 0.390625 0.4826388888888889 0.38671875 0.4826388888888889 0.384765625 0.4861111111111111 0.384765625 0.4930555555555556 0.388671875 0.5 0.3984375 0.5034722222222222 0.404296875 0.4965277777777778 0.3984375 0.5069444444444444 0.404296875 0.5173611111111112 0.408203125 0.5173611111111112 0.412109375 0.5243055555555556 0.416015625 0.5243055555555556 0.423828125 0.5381944444444444 0.42578125 0.5486111111111112 0.431640625 0.5590277777777778 0.44140625 0.5520833333333334 0.447265625 0.5520833333333334 0.44921875 0.5555555555555556 0.44921875 0.5694444444444444 0.439453125 0.5868055555555556 0.44921875 0.6006944444444444 0.44921875 0.6076388888888888 0.443359375 0.6145833333333334 0.431640625 0.6111111111111112 0.4296875 0.6076388888888888 0.416015625 0.6076388888888888 0.4140625 0.6041666666666666 0.361328125 0.6041666666666666 0.359375 0.6076388888888888 0.337890625 0.6076388888888888 0.33203125 0.5972222222222222 0.33203125 0.5833333333333334 0.333984375 0.5763888888888888 0.3359375 0.5763888888888888 0.341796875 0.5659722222222222 0.33984375 0.5381944444444444 0.341796875 0.5347222222222222 0.341796875 0.5104166666666666 0.34375 0.5034722222222222 0.353515625 0.4895833333333333 0.376953125 0.4791666666666667 0.380859375 0.4722222222222222 0.38671875 0.4722222222222222
2 0.5859375 0.4409722222222222 0.595703125 0.4513888888888889 0.59765625 0.4583333333333333 0.59765625 0.4930555555555556 0.6015625 0.5 0.611328125 0.5069444444444444 0.6171875 0.5208333333333334 0.6171875 0.53125 0.615234375 0.5347222222222222 0.615234375 0.5833333333333334 0.61328125 0.5868055555555556 0.61328125 0.5972222222222222 0.6015625 0.6006944444444444 0.591796875 0.6180555555555556 0.591796875 0.625 0.5859375 0.6354166666666666 0.583984375 0.6493055555555556 0.580078125 0.65625 0.578125 0.6736111111111112 0.564453125 0.7048611111111112 0.564453125 0.7118055555555556 0.552734375 0.7291666666666666 0.552734375 0.7395833333333334 0.55078125 0.7430555555555556 0.552734375 0.78125 0.548828125 0.7881944444444444 0.544921875 0.7847222222222222 0.537109375 0.7673611111111112 0.53515625 0.7673611111111112 0.53515625 0.7569444444444444 0.5390625 0.7430555555555556 0.537109375 0.7361111111111112 0.5390625 0.7326388888888888 0.5390625 0.7083333333333334 0.54296875 0.7013888888888888 0.54296875 0.65625 0.546875 0.6458333333333334 0.546875 0.6388888888888888 0.552734375 0.6284722222222222 0.552734375 0.6180555555555556 0.5546875 0.6145833333333334 0.5546875 0.6006944444444444 0.552734375 0.5972222222222222 0.552734375 0.5694444444444444 0.55859375 0.5416666666666666 0.556640625 0.5381944444444444 0.556640625 0.5173611111111112 0.5546875 0.5104166666666666 0.572265625 0.4479166666666667 0.578125 0.4409722222222222 0.583984375 0.4409722222222222