0 0.369140625 0.4722222222222222 0.373046875 0.4861111111111111 0.3671875 0.5 0.359375 0.5 0.357421875 0.4930555555555556 0.359375 0.4861111111111111 0.359375 0.4756944444444444 0.361328125 0.4722222222222222 0.3671875 0.4722222222222222
0 0.80625 0.5398148148148149 0.01875 0.025925925925925925
0 0.287109375 0.5104166666666666 0.291015625 0.5138888888888888 0.291015625 0.5208333333333334 0.279296875 0.5208333333333334 0.27734375 0.5138888888888888 0.279296875 0.5104166666666666 0.28515625 0.5104166666666666
0 0.455078125 0.24305555555555555 0.45703125 0.2465277777777778 0.45703125 0.2569444444444444 0.453125 0.2604166666666667 0.44921875 0.2604166666666667 0.44921875 0.2465277777777778 0.453125 0.24305555555555555
0 0.998046875 0.3263888888888889 0.998046875 0.34375 0.9921875 0.34375 0.9921875 0.3333333333333333 0.99609375 0.3298611111111111
0 0.484375 0.2361111111111111 0.484375 0.22916666666666666 0.48828125 0.21875 0.494140625 0.21875 0.49609375 0.22569444444444445 0.49609375 0.2361111111111111 0.494140625 0.23958333333333334 0.48828125 0.23958333333333334 0.486328125 0.2361111111111111
0 0.767578125 0.4861111111111111 0.775390625 0.4861111111111111 0.779296875 0.5 0.7734375 0.5104166666666666 0.76953125 0.5104166666666666 0.765625 0.5069444444444444 0.765625 0.4930555555555556 0.767578125 0.4895833333333333
0 0.576171875 0.13541666666666666 0.583984375 0.13541666666666666 0.583984375 0.1423611111111111 0.578125 0.14930555555555555 0.576171875 0.14583333333333334 0.576171875 0.1388888888888889
0 0.767578125 0.4861111111111111 0.775390625 0.4861111111111111 0.77734375 0.4930555555555556 0.77734375 0.4965277777777778 0.767578125 0.4965277777777778 0.767578125 0.4895833333333333
0 0.34765625 0.4166666666666667 0.35546875 0.4166666666666667 0.35546875 0.4236111111111111 0.357421875 0.4270833333333333 0.357421875 0.4340277777777778 0.353515625 0.4409722222222222 0.34765625 0.4409722222222222 0.34375 0.4375 0.34765625 0.4201388888888889
1 0.359375 0.4965277777777778 0.361328125 0.5 0.365234375 0.5 0.373046875 0.4861111111111111 0.37890625 0.4861111111111111 0.384765625 0.4965277777777778 0.384765625 0.5138888888888888 0.3828125 0.5138888888888888 0.376953125 0.5277777777777778 0.3671875 0.5277777777777778 0.35546875 0.5138888888888888 0.35546875 0.5 0.357421875 0.5
1 0.814453125 0.5486111111111112 0.826171875 0.5798611111111112 0.826171875 0.5902777777777778 0.814453125 0.6006944444444444 0.80859375 0.6006944444444444 0.806640625 0.5972222222222222 0.802734375 0.5833333333333334 0.802734375 0.5694444444444444 0.80078125 0.5659722222222222 0.80078125 0.5555555555555556 0.802734375 0.5520833333333334 0.80859375 0.5520833333333334 0.8125 0.5486111111111112
1 0.294921875 0.5277777777777778 0.294921875 0.5381944444444444 0.28515625 0.5729166666666666 0.263671875 0.5659722222222222 0.263671875 0.5520833333333334 0.265625 0.5486111111111112 0.265625 0.5416666666666666 0.27734375 0.5243055555555556 0.291015625 0.5243055555555556 0.29296875 0.5277777777777778
1 0.443359375 0.2708333333333333 0.44921875 0.2604166666666667 0.466796875 0.2569444444444444 0.470703125 0.2638888888888889 0.466796875 0.2777777777777778 0.46875 0.2916666666666667 0.46484375 0.3020833333333333 0.447265625 0.3020833333333333 0.4453125 0.2986111111111111 0.4453125 0.2743055555555556
1 0.998046875 0.3472222222222222 0.998046875 0.3888888888888889 0.98828125 0.3888888888888889 0.98828125 0.3680555555555556 0.986328125 0.3645833333333333 0.98828125 0.3506944444444444 0.990234375 0.3472222222222222 0.99609375 0.3472222222222222
1 0.484375 0.2361111111111111 0.486328125 0.23958333333333334 0.498046875 0.23958333333333334 0.501953125 0.24305555555555555 0.5 0.2743055555555556 0.498046875 0.28125 0.494140625 0.2881944444444444 0.478515625 0.2881944444444444 0.4765625 0.2847222222222222 0.4765625 0.2638888888888889 0.474609375 0.2569444444444444 0.4765625 0.2534722222222222 0.4765625 0.24305555555555555 0.482421875 0.23958333333333334
1 0.76171875 0.5034722222222222 0.767578125 0.5104166666666666 0.7734375 0.5104166666666666 0.779296875 0.5034722222222222 0.787109375 0.5104166666666666 0.787109375 0.5243055555555556 0.779296875 0.5381944444444444 0.77734375 0.5520833333333334 0.76953125 0.5590277777777778 0.7578125 0.5590277777777778 0.75390625 0.5486111111111112 0.75390625 0.5208333333333334 0.751953125 0.5173611111111112 0.751953125 0.5069444444444444 0.75390625 0.5034722222222222 0.759765625 0.5034722222222222
1 0.591796875 0.14583333333333334 0.59375 0.16666666666666666 0.595703125 0.1701388888888889 0.59375 0.1840277777777778 0.58203125 0.1840277777777778 0.58203125 0.17708333333333334 0.578125 0.1701388888888889 0.578125 0.15625 0.5859375 0.1423611111111111 0.58984375 0.14583333333333334
1 0.341796875 0.4791666666666667 0.33984375 0.4652777777777778 0.3359375 0.4583333333333333 0.3359375 0.4409722222222222 0.33984375 0.4305555555555556 0.341796875 0.4305555555555556 0.345703125 0.4409722222222222 0.361328125 0.4375 0.365234375 0.4444444444444444 0.365234375 0.4548611111111111 0.361328125 0.46875 0.35546875 0.4791666666666667 0.34375 0.4791666666666667
2 0.591796875 0.1388888888888889 0.595703125 0.14930555555555555 0.595703125 0.15625 0.599609375 0.16319444444444445 0.599609375 0.2152777777777778 0.6015625 0.21875 0.6015625 0.2326388888888889 0.59765625 0.2326388888888889 0.59375 0.22569444444444445 0.572265625 0.22916666666666666 0.578125 0.21875 0.578125 0.21180555555555555 0.57421875 0.2048611111111111 0.578125 0.19444444444444445 0.578125 0.17708333333333334 0.57421875 0.1701388888888889 0.576171875 0.16319444444444445 0.576171875 0.1388888888888889 0.578125 0.13541666666666666 0.587890625 0.13541666666666666 0.58984375 0.1388888888888889
2 0.396484375 0.5486111111111112 0.400390625 0.5555555555555556 0.40234375 0.5694444444444444 0.3984375 0.5694444444444444 0.39453125 0.5625 0.390625 0.5625 0.388671875 0.5659722222222222 0.388671875 0.5763888888888888 0.392578125 0.5868055555555556 0.392578125 0.6006944444444444 0.388671875 0.6006944444444444 0.384765625 0.59375 0.37890625 0.5902777777777778 0.373046875 0.5798611111111112 0.373046875 0.5659722222222222 0.369140625 0.5590277777777778 0.369140625 0.5451388888888888 0.37109375 0.5416666666666666 0.35546875 0.5173611111111112 0.35546875 0.5 0.359375 0.4895833333333333 0.359375 0.4791666666666667 0.36328125 0.4722222222222222 0.369140625 0.4722222222222222 0.376953125 0.4861111111111111 0.380859375 0.4861111111111111 0.384765625 0.4965277777777778 0.384765625 0.5069444444444444 0.388671875 0.5208333333333334 0.388671875 0.5381944444444444 0.39453125 0.5486111111111112
2 0.80859375 0.5277777777777778 0.814453125 0.5347222222222222 0.814453125 0.5451388888888888 0.822265625 0.5659722222222222 0.826171875 0.5833333333333334 0.83203125 0.59375 0.837890625 0.6215277777777778 0.841796875 0.625 0.84375 0.6319444444444444 0.84765625 0.6319444444444444 0.857421875 0.6423611111111112 0.857421875 0.6631944444444444 0.853515625 0.6666666666666666 0.845703125 0.6458333333333334 0.830078125 0.6319444444444444 0.826171875 0.6319444444444444 0.822265625 0.6388888888888888 0.822265625 0.6493055555555556 0.833984375 0.6805555555555556 0.83203125 0.6875 0.828125 0.6875 0.826171875 0.6909722222222222 0.8203125 0.6909722222222222 0.818359375 0.6875 0.8203125 0.6736111111111112 0.8125 0.65625 0.806640625 0.6354166666666666 0.806640625 0.6145833333333334 0.80859375 0.6111111111111112 0.80859375 0.6041666666666666 0.806640625 0.6006944444444444 0.79296875 0.6041666666666666 0.80078125 0.5833333333333334 0.80078125 0.5555555555555556 0.796875 0.5416666666666666 0.8046875 0.5277777777777778 0.806640625 0.5277777777777778
2 0.279296875 0.5104166666666666 0.287109375 0.5104166666666666 0.291015625 0.5138888888888888 0.29296875 0.5173611111111112 0.29296875 0.5243055555555556 0.296875 0.53125 0.291015625 0.5555555555555556 0.291015625 0.5902777777777778 0.294921875 0.6041666666666666 0.29296875 0.6111111111111112 0.29296875 0.6215277777777778 0.296875 0.6319444444444444 0.29296875 0.6319444444444444 0.291015625 0.6354166666666666 0.28125 0.6354166666666666 0.279296875 0.6319444444444444 0.27734375 0.6354166666666666 0.267578125 0.6354166666666666 0.265625 0.6319444444444444 0.2734375 0.625 0.28125 0.6111111111111112 0.28125 0.6076388888888888 0.27734375 0.6006944444444444 0.26171875 0.5868055555555556 0.2578125 0.5868055555555556 0.2578125 0.5729166666666666 0.26171875 0.5659722222222222 0.265625 0.5416666666666666 0.279296875 0.5138888888888888
2 0.455078125 0.24305555555555555 0.4609375 0.2569444444444444 0.466796875 0.2569444444444444 0.470703125 0.2604166666666667 0.470703125 0.2673611111111111 0.46875 0.2708333333333333 0.46875 0.2951388888888889 0.466796875 0.2986111111111111 0.466796875 0.3125 0.46875 0.3159722222222222 0.470703125 0.3402777777777778 0.466796875 0.3506944444444444 0.46484375 0.3472222222222222 0.462890625 0.3298611111111111 0.45703125 0.3194444444444444 0.453125 0.3229166666666667 0.44921875 0.3333333333333333 0.44921875 0.3506944444444444 0.447265625 0.3506944444444444 0.443359375 0.3402777777777778 0.443359375 0.3229166666666667 0.4453125 0.3194444444444444 0.4453125 0.2777777777777778 0.443359375 0.2708333333333333 0.44921875 0.2534722222222222 0.44921875 0.2465277777777778 0.453125 0.24305555555555555
2 0.998046875 0.3263888888888889 0.998046875 0.4375 0.990234375 0.4548611111111111 0.990234375 0.4722222222222222 0.986328125 0.4895833333333333 0.984375 0.4930555555555556 0.974609375 0.4930555555555556 0.974609375 0.4826388888888889 0.9765625 0.4791666666666667 0.9765625 0.4618055555555556 0.984375 0.4409722222222222 0.984375 0.4270833333333333 0.986328125 0.4236111111111111 0.986328125 0.3923611111111111 0.98828125 0.3888888888888889 0.986328125 0.3576388888888889 0.9921875 0.3402777777777778 0.9921875 0.3333333333333333 0.99609375 0.3298611111111111
2 0.47265625 0.2638888888888889 0.474609375 0.2604166666666667 0.474609375 0.25 0.4765625 0.24305555555555555 0.482421875 0.2361111111111111 0.490234375 0.21875 0.4921875 0.21875 0.501953125 0.24305555555555555 0.501953125 0.2743055555555556 0.50390625 0.2777777777777778 0.49609375 0.2881944444444444 0.494140625 0.3680555555555556 0.4921875 0.3715277777777778 0.48828125 0.3715277777777778 0.486328125 0.3680555555555556 0.484375 0.3333333333333333 0.482421875 0.3298611111111111 0.478515625 0.3333333333333333 0.478515625 0.3611111111111111 0.47265625 0.3680555555555556 0.466796875 0.3680555555555556 0.466796875 0.3611111111111111 0.470703125 0.3472222222222222 0.470703125 0.3263888888888889 0.47265625 0.3229166666666667 0.47265625 0.3020833333333333 0.474609375 0.2986111111111111 0.474609375 0.2673611111111111
2 0.767578125 0.4861111111111111 0.7734375 0.4861111111111111 0.77734375 0.4965277777777778 0.787109375 0.5104166666666666 0.787109375 0.5243055555555556 0.783203125 0.53125 0.78125 0.5381944444444444 0.78125 0.5486111111111112 0.779296875 0.5520833333333334 0.779296875 0.5729166666666666 0.78125 0.5763888888888888 0.78125 0.5833333333333334 0.7734375 0.6006944444444444 0.77734375 0.6284722222222222 0.767578125 0.6284722222222222 0.763671875 0.6215277777777778 0.755859375 0.59375 0.755859375 0.5659722222222222 0.75 0.5381944444444444 0.751953125 0.5069444444444444 0.75390625 0.5034722222222222 0.759765625 0.5034722222222222 0.763671875 0.5 0.767578125 0.4895833333333333
2 0.35546875 0.4166666666666667 0.357421875 0.4305555555555556 0.365234375 0.4444444444444444 0.365234375 0.4618055555555556 0.357421875 0.4791666666666667 0.357421875 0.4861111111111111 0.3515625 0.5104166666666666 0.3515625 0.5208333333333334 0.345703125 0.5208333333333334 0.34375 0.5173611111111112 0.34375 0.5104166666666666 0.341796875 0.5069444444444444 0.341796875 0.4791666666666667 0.33984375 0.4756944444444444 0.33984375 0.46875 0.3359375 0.4618055555555556 0.326171875 0.46875 0.322265625 0.4861111111111111 0.318359375 0.4861111111111111 0.318359375 0.4756944444444444 0.32421875 0.46875 0.326171875 0.4583333333333333 0.33203125 0.4479166666666667 0.3359375 0.4305555555555556 0.341796875 0.4270833333333333 0.34765625 0.4166666666666667 0.353515625 0.4166666666666667