0 0.73046875 0.33796296296296297 0.0171875 0.022222222222222223
0 0.671875 0.4097222222222222 0.671875 0.3958333333333333 0.67578125 0.3888888888888889 0.6796875 0.3854166666666667 0.685546875 0.3854166666666667 0.689453125 0.3923611111111111 0.689453125 0.3958333333333333 0.68359375 0.40625 0.6796875 0.4097222222222222 0.673828125 0.4097222222222222 0.671875 0.4131944444444444
0 0.46484375 0.4027777777777778 0.470703125 0.3993055555555556 0.4765625 0.40625 0.4765625 0.4201388888888889 0.47265625 0.4201388888888889 0.470703125 0.4236111111111111 0.466796875 0.4166666666666667 0.466796875 0.4097222222222222 0.46484375 0.40625
0 0.13671875 0.28125 0.13671875 0.2708333333333333 0.138671875 0.2673611111111111 0.14453125 0.2673611111111111 0.1484375 0.2743055555555556 0.1484375 0.28125 0.138671875 0.28125
0 0.671875 0.4131944444444444 0.68359375 0.3993055555555556 0.689453125 0.3993055555555556 0.689453125 0.40625 0.69140625 0.4097222222222222 0.69140625 0.4236111111111111 0.681640625 0.4236111111111111 0.6796875 0.4201388888888889 0.671875 0.4201388888888889 0.671875 0.4166666666666667
0 0.73828125 0.3888888888888889 0.740234375 0.3923611111111111 0.740234375 0.3993055555555556 0.736328125 0.40625 0.73046875 0.40625 0.7265625 0.3993055555555556 0.7265625 0.3923611111111111 0.73046875 0.3888888888888889 0.736328125 0.3888888888888889
0 0.3515625 0.4861111111111111 0.35546875 0.4930555555555556 0.35546875 0.5069444444444444 0.353515625 0.5104166666666666 0.3515625 0.5069444444444444 0.341796875 0.5034722222222222 0.341796875 0.4895833333333333 0.34375 0.4861111111111111 0.349609375 0.4861111111111111
0 0.640625 0.4375 0.642578125 0.4409722222222222 0.642578125 0.4479166666666667 0.640625 0.4513888888888889 0.6328125 0.4513888888888889 0.62890625 0.4479166666666667 0.62890625 0.4375 0.630859375 0.4340277777777778 0.63671875 0.4340277777777778 0.638671875 0.4375
0 0.171875 0.2569444444444444 0.17578125 0.2638888888888889 0.17578125 0.2708333333333333 0.162109375 0.2673611111111111 0.162109375 0.2604166666666667 0.166015625 0.2534722222222222 0.169921875 0.2569444444444444
0 0.30078125 0.4513888888888889 0.3046875 0.4618055555555556 0.302734375 0.46875 0.294921875 0.46875 0.294921875 0.4548611111111111 0.298828125 0.4513888888888889
0 0.677734375 0.3715277777777778 0.681640625 0.375 0.681640625 0.3819444444444444 0.673828125 0.3888888888888889 0.662109375 0.3888888888888889 0.662109375 0.3854166666666667 0.66796875 0.3715277777777778 0.671875 0.3680555555555556 0.67578125 0.3715277777777778
0 0.46484375 0.4027777777777778 0.466796875 0.40625 0.466796875 0.4236111111111111 0.45703125 0.4236111111111111 0.453125 0.4201388888888889 0.453125 0.4131944444444444 0.45703125 0.40625 0.462890625 0.4027777777777778
0 0.69140625 0.375 0.6953125 0.3715277777777778 0.701171875 0.3715277777777778 0.705078125 0.3854166666666667 0.701171875 0.3958333333333333 0.6953125 0.3958333333333333 0.69140625 0.3923611111111111 0.689453125 0.3854166666666667 0.69140625 0.3784722222222222
0 0.69140625 0.3402777777777778 0.69921875 0.3402777777777778 0.703125 0.3506944444444444 0.703125 0.3611111111111111 0.69921875 0.3680555555555556 0.6953125 0.3680555555555556 0.69140625 0.3645833333333333 0.6875 0.3541666666666667 0.69140625 0.34375
0 0.6796875 0.3298611111111111 0.6875 0.3298611111111111 0.689453125 0.3333333333333333 0.689453125 0.3472222222222222 0.681640625 0.3576388888888889 0.677734375 0.3576388888888889 0.67578125 0.3541666666666667 0.677734375 0.3506944444444444 0.6796875 0.3333333333333333
1 0.720703125 0.3541666666666667 0.7265625 0.3472222222222222 0.732421875 0.3472222222222222 0.736328125 0.34375 0.7421875 0.3541666666666667 0.7421875 0.3645833333333333 0.744140625 0.3680555555555556 0.744140625 0.3923611111111111 0.73046875 0.3923611111111111 0.7265625 0.3958333333333333 0.71875 0.3611111111111111 0.720703125 0.3576388888888889
1 0.572265625 0.07291666666666667 0.572265625 0.1076388888888889 0.568359375 0.1111111111111111 0.55859375 0.1111111111111111 0.5546875 0.09375 0.556640625 0.09027777777777778 0.556640625 0.0798611111111111 0.560546875 0.07291666666666667 0.564453125 0.07291666666666667 0.56640625 0.06944444444444445 0.5703125 0.07291666666666667
1 0.673828125 0.3680555555555556 0.681640625 0.3784722222222222 0.6796875 0.3854166666666667 0.67578125 0.3854166666666667 0.673828125 0.3888888888888889 0.662109375 0.3888888888888889 0.6640625 0.375 0.671875 0.3680555555555556
1 0.134765625 0.2847222222222222 0.1484375 0.2847222222222222 0.15234375 0.2916666666666667 0.15234375 0.2986111111111111 0.146484375 0.3090277777777778 0.146484375 0.3159722222222222 0.142578125 0.3194444444444444 0.130859375 0.3194444444444444 0.130859375 0.2986111111111111 0.134765625 0.2881944444444444
1 0.462890625 0.4236111111111111 0.46875 0.4305555555555556 0.46875 0.4409722222222222 0.466796875 0.4444444444444444 0.466796875 0.4548611111111111 0.46484375 0.4618055555555556 0.45703125 0.4722222222222222 0.44921875 0.4652777777777778 0.4453125 0.4652777777777778 0.4453125 0.4583333333333333 0.44921875 0.4479166666666667 0.44921875 0.4409722222222222 0.453125 0.4340277777777778 0.453125 0.4270833333333333 0.455078125 0.4236111111111111 0.4609375 0.4236111111111111
1 0.169921875 0.2708333333333333 0.177734375 0.2777777777777778 0.177734375 0.2881944444444444 0.18359375 0.3055555555555556 0.16796875 0.3159722222222222 0.16015625 0.3159722222222222 0.15625 0.3090277777777778 0.15625 0.2881944444444444 0.158203125 0.2847222222222222 0.158203125 0.2777777777777778 0.162109375 0.2708333333333333 0.16796875 0.2708333333333333
1 0.740234375 0.3888888888888889 0.744140625 0.3923611111111111 0.7421875 0.40625 0.74609375 0.4131944444444444 0.74609375 0.4409722222222222 0.744140625 0.4479166666666667 0.73828125 0.4548611111111111 0.728515625 0.4548611111111111 0.7265625 0.4513888888888889 0.7265625 0.4409722222222222 0.728515625 0.4375 0.7265625 0.3958333333333333 0.732421875 0.3888888888888889 0.73828125 0.3888888888888889
1 0.48046875 0.09768518518518518 0.018229166666666668 0.03796296296296296
1 0.6640625 0.4270833333333333 0.666015625 0.4270833333333333 0.671875 0.4166666666666667 0.681640625 0.4236111111111111 0.689453125 0.4236111111111111 0.69140625 0.4270833333333333 0.689453125 0.4375 0.685546875 0.4444444444444444 0.685546875 0.4583333333333333 0.677734375 0.4722222222222222 0.666015625 0.46875 0.662109375 0.4618055555555556 0.66015625 0.4444444444444444 0.6640625 0.4375 0.6640625 0.4305555555555556
1 0.34765625 0.5069444444444444 0.35546875 0.5138888888888888 0.35546875 0.5277777777777778 0.341796875 0.5520833333333334 0.333984375 0.5520833333333334 0.330078125 0.5451388888888888 0.330078125 0.5347222222222222 0.33203125 0.53125 0.33203125 0.5208333333333334 0.333984375 0.5138888888888888 0.33984375 0.5069444444444444 0.345703125 0.5069444444444444
1 0.48125 0.4476851851851852 0.026041666666666668 0.05092592592592592
1 0.634765625 0.4513888888888889 0.638671875 0.4583333333333333 0.638671875 0.4756944444444444 0.634765625 0.4791666666666667 0.626953125 0.4965277777777778 0.60546875 0.4895833333333333 0.60546875 0.4861111111111111 0.61328125 0.46875 0.61328125 0.4618055555555556 0.619140625 0.4513888888888889 0.623046875 0.4513888888888889 0.625 0.4479166666666667 0.6328125 0.4513888888888889
1 0.38671875 0.09027777777777778 0.39453125 0.10069444444444445 0.388671875 0.125 0.38671875 0.1284722222222222 0.376953125 0.1284722222222222 0.373046875 0.11458333333333333 0.373046875 0.10416666666666667 0.375 0.09722222222222222 0.384765625 0.09375
1 0.328125 0.09375 0.33203125 0.09722222222222222 0.33203125 0.13194444444444445 0.330078125 0.13541666666666666 0.31640625 0.13541666666666666 0.3125 0.12152777777777778 0.3125 0.09722222222222222 0.322265625 0.09722222222222222 0.326171875 0.09375
1 0.31640625 0.46875 0.31640625 0.4791666666666667 0.310546875 0.4930555555555556 0.310546875 0.5034722222222222 0.3046875 0.5138888888888888 0.296875 0.5138888888888888 0.29296875 0.5104166666666666 0.294921875 0.4965277777777778 0.28515625 0.4895833333333333 0.28515625 0.4756944444444444 0.287109375 0.4722222222222222 0.294921875 0.4722222222222222 0.298828125 0.4756944444444444 0.306640625 0.4652777777777778 0.3125 0.4652777777777778 0.314453125 0.46875
1 0.23645833333333333 0.10833333333333334 0.025 0.0462962962962963
1 0.615234375 0.06597222222222222 0.6171875 0.06944444444444445 0.6171875 0.0763888888888889 0.61328125 0.08333333333333333 0.61328125 0.09027777777777778 0.611328125 0.09375 0.599609375 0.0798611111111111 0.599609375 0.06944444444444445 0.603515625 0.06597222222222222 0.61328125 0.06597222222222222
1 0.498046875 0.0798611111111111 0.5 0.08333333333333333 0.505859375 0.08333333333333333 0.509765625 0.09375 0.505859375 0.1076388888888889 0.505859375 0.11805555555555555 0.50390625 0.12152777777777778 0.498046875 0.12152777777777778 0.498046875 0.11805555555555555 0.490234375 0.1076388888888889 0.490234375 0.09027777777777778 0.49609375 0.08333333333333333
1 0.671875 0.3819444444444444 0.673828125 0.3854166666666667 0.681640625 0.3854166666666667 0.685546875 0.3888888888888889 0.6875 0.3993055555555556 0.68359375 0.40625 0.677734375 0.40625 0.673828125 0.4097222222222222 0.6640625 0.4270833333333333 0.66015625 0.4305555555555556 0.654296875 0.4305555555555556 0.65234375 0.4270833333333333 0.65625 0.4166666666666667 0.658203125 0.3993055555555556 0.662109375 0.3888888888888889 0.669921875 0.3854166666666667
1 0.697265625 0.3958333333333333 0.705078125 0.4027777777777778 0.705078125 0.4131944444444444 0.70703125 0.4166666666666667 0.705078125 0.4201388888888889 0.70703125 0.4479166666666667 0.697265625 0.4583333333333333 0.69140625 0.4583333333333333 0.689453125 0.4548611111111111 0.689453125 0.4444444444444444 0.69140625 0.4409722222222222 0.69140625 0.4201388888888889 0.685546875 0.4097222222222222 0.685546875 0.4027777777777778 0.689453125 0.3958333333333333 0.6953125 0.3958333333333333
1 0.111328125 0.09375 0.115234375 0.09027777777777778 0.12890625 0.09027777777777778 0.130859375 0.09375 0.130859375 0.10416666666666667 0.12890625 0.1076388888888889 0.12890625 0.1284722222222222 0.123046875 0.1284722222222222 0.12109375 0.13194444444444445 0.11328125 0.13194444444444445 0.11328125 0.10069444444444445 0.111328125 0.09722222222222222
1 0.52734375 0.06944444444444445 0.53125 0.0763888888888889 0.52734375 0.08680555555555555 0.52734375 0.09722222222222222 0.5234375 0.1076388888888889 0.513671875 0.1076388888888889 0.51171875 0.10416666666666667 0.51171875 0.09027777777777778 0.5078125 0.0763888888888889 0.515625 0.06944444444444445 0.525390625 0.06944444444444445
1 0.541015625 0.0763888888888889 0.552734375 0.0763888888888889 0.5546875 0.08333333333333333 0.552734375 0.08680555555555555 0.552734375 0.10416666666666667 0.55078125 0.1076388888888889 0.546875 0.10416666666666667 0.546875 0.09722222222222222 0.54296875 0.09027777777777778 0.54296875 0.0798611111111111
1 0.62890625 0.07291666666666667 0.630859375 0.0763888888888889 0.630859375 0.09027777777777778 0.625 0.10416666666666667 0.625 0.11458333333333333 0.6171875 0.11458333333333333 0.615234375 0.1076388888888889 0.615234375 0.0798611111111111 0.62109375 0.07291666666666667 0.626953125 0.07291666666666667
2 0.748046875 0.4236111111111111 0.740234375 0.40625 0.740234375 0.3993055555555556 0.73828125 0.3958333333333333 0.734375 0.3923611111111111 0.728515625 0.3993055555555556 0.724609375 0.3958333333333333 0.724609375 0.3854166666666667 0.71875 0.3645833333333333 0.71875 0.3576388888888889 0.72265625 0.3506944444444444 0.72265625 0.3402777777777778 0.7265625 0.3298611111111111 0.736328125 0.3298611111111111 0.73828125 0.3333333333333333 0.740234375 0.3506944444444444 0.744140625 0.3611111111111111 0.744140625 0.3784722222222222 0.748046875 0.3958333333333333 0.748046875 0.4201388888888889
2 0.69921875 0.3402777777777778 0.70703125 0.3576388888888889 0.70703125 0.3645833333333333 0.69140625 0.3784722222222222 0.685546875 0.3784722222222222 0.6796875 0.3715277777777778 0.67578125 0.3611111111111111 0.685546875 0.3541666666666667 0.69140625 0.3402777777777778 0.697265625 0.3402777777777778
2 0.671875 0.3680555555555556 0.673828125 0.3715277777777778 0.677734375 0.3715277777777778 0.68359375 0.3819444444444444 0.6875 0.3958333333333333 0.681640625 0.40625 0.673828125 0.4097222222222222 0.666015625 0.4236111111111111 0.662109375 0.4375 0.662109375 0.4548611111111111 0.66015625 0.4618055555555556 0.662109375 0.4652777777777778 0.662109375 0.4826388888888889 0.6640625 0.4861111111111111 0.666015625 0.5034722222222222 0.6640625 0.5069444444444444 0.658203125 0.5069444444444444 0.650390625 0.5208333333333334 0.650390625 0.5243055555555556 0.64453125 0.5243055555555556 0.642578125 0.5208333333333334 0.642578125 0.5104166666666666 0.64453125 0.5104166666666666 0.650390625 0.4965277777777778 0.646484375 0.4861111111111111 0.64453125 0.4409722222222222 0.65234375 0.4305555555555556 0.65625 0.40625 0.6640625 0.3784722222222222 0.669921875 0.3715277777777778
2 0.14583333333333334 0.32731481481481484 0.03229166666666666 0.12314814814814816
2 0.466796875 0.4027777777777778 0.474609375 0.4027777777777778 0.4765625 0.40625 0.478515625 0.4201388888888889 0.486328125 0.4305555555555556 0.486328125 0.4375 0.494140625 0.4548611111111111 0.486328125 0.5 0.49609375 0.5347222222222222 0.494140625 0.5486111111111112 0.48828125 0.5520833333333334 0.486328125 0.5486111111111112 0.48828125 0.5416666666666666 0.48828125 0.5277777777777778 0.486328125 0.5208333333333334 0.470703125 0.4930555555555556 0.46875 0.4965277777777778 0.466796875 0.5416666666666666 0.462890625 0.5347222222222222 0.46484375 0.53125 0.46484375 0.5034722222222222 0.462890625 0.4965277777777778 0.466796875 0.4791666666666667 0.466796875 0.4548611111111111 0.46875 0.4513888888888889 0.46875 0.4375 0.470703125 0.4340277777777778 0.466796875 0.40625
2 0.734375 0.3923611111111111 0.740234375 0.3993055555555556 0.740234375 0.40625 0.74609375 0.4166666666666667 0.74609375 0.4652777777777778 0.740234375 0.4756944444444444 0.740234375 0.4861111111111111 0.7578125 0.5069444444444444 0.759765625 0.5104166666666666 0.759765625 0.5173611111111112 0.75390625 0.5243055555555556 0.751953125 0.5138888888888888 0.748046875 0.5069444444444444 0.734375 0.5 0.73046875 0.5173611111111112 0.73046875 0.5416666666666666 0.724609375 0.5416666666666666 0.724609375 0.53125 0.7265625 0.5277777777777778 0.724609375 0.4930555555555556 0.7265625 0.4895833333333333 0.7265625 0.4409722222222222 0.728515625 0.4375 0.728515625 0.4131944444444444 0.7265625 0.4097222222222222 0.7265625 0.4027777777777778 0.732421875 0.3958333333333333
2 0.3515625 0.4861111111111111 0.35546875 0.4930555555555556 0.35546875 0.5347222222222222 0.345703125 0.5451388888888888 0.345703125 0.5833333333333334 0.3359375 0.5972222222222222 0.330078125 0.6180555555555556 0.330078125 0.6319444444444444 0.328125 0.6354166666666666 0.322265625 0.6284722222222222 0.322265625 0.6215277777777778 0.32421875 0.6180555555555556 0.32421875 0.6111111111111112 0.328125 0.5972222222222222 0.328125 0.5868055555555556 0.330078125 0.5833333333333334 0.328125 0.5763888888888888 0.328125 0.5486111111111112 0.330078125 0.5451388888888888 0.33203125 0.5173611111111112 0.341796875 0.5034722222222222 0.341796875 0.4895833333333333 0.34375 0.4861111111111111 0.349609375 0.4861111111111111
2 0.171875 0.2569444444444444 0.17578125 0.2638888888888889 0.177734375 0.2847222222222222 0.185546875 0.3090277777777778 0.185546875 0.3194444444444444 0.18359375 0.3159722222222222 0.1796875 0.3159722222222222 0.177734375 0.3194444444444444 0.1796875 0.3472222222222222 0.185546875 0.3645833333333333 0.18359375 0.3680555555555556 0.173828125 0.3680555555555556 0.169921875 0.3611111111111111 0.16796875 0.3541666666666667 0.16796875 0.34375 0.1640625 0.3368055555555556 0.1640625 0.3298611111111111 0.15625 0.3090277777777778 0.15625 0.2881944444444444 0.162109375 0.2673611111111111 0.162109375 0.2604166666666667 0.1640625 0.2569444444444444 0.169921875 0.2569444444444444
2 0.634765625 0.5069444444444444 0.640625 0.5173611111111112 0.640625 0.5347222222222222 0.646484375 0.5590277777777778 0.65234375 0.5659722222222222 0.650390625 0.5694444444444444 0.640625 0.5694444444444444 0.63671875 0.5590277777777778 0.63671875 0.5520833333333334 0.6328125 0.5486111111111112 0.62890625 0.53125 0.623046875 0.5243055555555556 0.6171875 0.5347222222222222 0.62109375 0.5486111111111112 0.62109375 0.5555555555555556 0.615234375 0.5555555555555556 0.611328125 0.5486111111111112 0.611328125 0.5243055555555556 0.60546875 0.5173611111111112 0.6015625 0.5069444444444444 0.6015625 0.5 0.607421875 0.4791666666666667 0.61328125 0.46875 0.61328125 0.4618055555555556 0.630859375 0.4375 0.640625 0.4375 0.642578125 0.4409722222222222 0.640625 0.4618055555555556 0.64453125 0.46875 0.64453125 0.4791666666666667 0.640625 0.4826388888888889 0.634765625 0.4826388888888889 0.6328125 0.4861111111111111 0.630859375 0.4930555555555556 0.630859375 0.5034722222222222 0.6328125 0.5069444444444444
2 0.65234375 0.4375 0.66015625 0.4340277777777778 0.6796875 0.4027777777777778 0.685546875 0.4027777777777778 0.689453125 0.4166666666666667 0.6875 0.4583333333333333 0.681640625 0.46875 0.677734375 0.4826388888888889 0.677734375 0.4895833333333333 0.681640625 0.4965277777777778 0.6796875 0.5347222222222222 0.671875 0.5451388888888888 0.669921875 0.5590277777777778 0.6640625 0.5520833333333334 0.6640625 0.5416666666666666 0.66796875 0.5347222222222222 0.66796875 0.5277777777777778 0.669921875 0.5243055555555556 0.669921875 0.5173611111111112 0.6640625 0.5069444444444444 0.65625 0.5069444444444444 0.65234375 0.5104166666666666 0.650390625 0.5173611111111112 0.64453125 0.5208333333333334 0.642578125 0.5173611111111112 0.650390625 0.5069444444444444 0.650390625 0.5 0.658203125 0.4826388888888889 0.658203125 0.4756944444444444 0.66015625 0.4722222222222222 0.66015625 0.4652777777777778 0.65625 0.4583333333333333 0.654296875 0.4409722222222222
2 0.69921875 0.375 0.69921875 0.3784722222222222 0.7109375 0.3958333333333333 0.7109375 0.40625 0.70703125 0.4131944444444444 0.708984375 0.4826388888888889 0.716796875 0.5104166666666666 0.716796875 0.5208333333333334 0.72265625 0.5381944444444444 0.72265625 0.5451388888888888 0.71875 0.5486111111111112 0.71484375 0.5416666666666666 0.71484375 0.53125 0.7109375 0.5243055555555556 0.701171875 0.4930555555555556 0.701171875 0.4861111111111111 0.697265625 0.4791666666666667 0.693359375 0.4791666666666667 0.689453125 0.4895833333333333 0.685546875 0.4930555555555556 0.681640625 0.5069444444444444 0.6796875 0.5034722222222222 0.677734375 0.4826388888888889 0.681640625 0.46875 0.689453125 0.4583333333333333 0.6875 0.4548611111111111 0.6875 0.4479166666666667 0.69140625 0.4375 0.69140625 0.4166666666666667 0.6875 0.4131944444444444 0.685546875 0.4027777777777778 0.689453125 0.3958333333333333 0.693359375 0.3784722222222222 0.697265625 0.3784722222222222
2 0.293229166015625 0.5657407395833334 0.30625 0.5481481493055556 0.3140625 0.568518517361111 0.315104166015625 0.5592592604166666 0.310416666015625 0.5342592604166667 0.3125 0.48888888888888893 0.316666666015625 0.4703703715277778 0.303645833984375 0.4583333333333333 0.3015625 0.4527777777777778 0.296354166015625 0.45185185069444445 0.293229166015625 0.4620370381944444 0.285416666015625 0.47407407291666664 0.284375 0.4861111111111111 0.290104166015625 0.5111111111111111 0.290625 0.5638888888888889 0.293229166015625 0.5657407395833334
2 0.4390625 0.5601851840277778 0.442708333984375 0.5666666666666667 0.448958333984375 0.5648148159722222 0.45 0.5537037048611111 0.454166666015625 0.5462962951388889 0.460416666015625 0.5462962951388889 0.461979166015625 0.5148148159722222 0.4578125 0.49444444444444446 0.457291666015625 0.4796296284722222 0.4671875 0.4564814826388889 0.4703125 0.4287037048611111 0.46875 0.41944444444444445 0.4703125 0.4046296284722222 0.463020833984375 0.4027777777777778 0.456770833984375 0.4046296284722222 0.454166666015625 0.4092592604166667 0.446354166015625 0.4527777777777778 0.438020833984375 0.4703703715277778 0.431770833984375 0.5027777777777778 0.423958333984375 0.5185185173611111 0.4203125 0.5333333333333333 0.411979166015625 0.5407407395833332 0.410416666015625 0.5462962951388889 0.4125 0.5509259270833333 0.422916666015625 0.5481481493055556 0.4390625 0.5601851840277778