0 0.380859375 0.3611111111111111 0.384765625 0.3680555555555556 0.384765625 0.3819444444444444 0.37890625 0.3888888888888889 0.373046875 0.3888888888888889 0.37109375 0.3854166666666667 0.37109375 0.3645833333333333 0.373046875 0.3611111111111111 0.37890625 0.3611111111111111
0 0.33203125 0.3506944444444444 0.33203125 0.3368055555555556 0.333984375 0.3333333333333333 0.34375 0.3333333333333333 0.34765625 0.3402777777777778 0.34765625 0.3506944444444444 0.345703125 0.3541666666666667 0.333984375 0.3506944444444444
0 0.341796875 0.19444444444444445 0.349609375 0.19444444444444445 0.353515625 0.2013888888888889 0.353515625 0.2152777777777778 0.349609375 0.22569444444444445 0.341796875 0.22916666666666666 0.337890625 0.21875 0.337890625 0.20833333333333334 0.341796875 0.19791666666666666
0 0.80859375 0.7534722222222222 0.818359375 0.7673611111111112 0.818359375 0.78125 0.806640625 0.7916666666666666 0.798828125 0.7881944444444444 0.794921875 0.7743055555555556 0.796875 0.7604166666666666 0.80078125 0.7534722222222222 0.806640625 0.7534722222222222
0 0.7109375 0 0.71484375 0.013888888888888888 0.703125 0.024305555555555556 0.69921875 0.024305555555555556 0.697265625 0.017361111111111112 0.697265625 0.003472222222222222 0.69921875 0 0.708984375 0
0 0.224609375 0.2777777777777778 0.23046875 0.2881944444444444 0.23046875 0.2986111111111111 0.224609375 0.3090277777777778 0.216796875 0.3020833333333333 0.21484375 0.2951388888888889 0.21484375 0.2881944444444444 0.220703125 0.2777777777777778 0.22265625 0.2777777777777778
0 0.40911458333333334 0.3699074074074074 0.0203125 0.030555555555555558
0 0.32890625 0.3907407407407407 0.022395833333333334 0.03518518518518518
0 0.412109375 0.2604166666666667 0.416015625 0.2638888888888889 0.419921875 0.2777777777777778 0.4140625 0.2881944444444444 0.404296875 0.2881944444444444 0.40234375 0.2847222222222222 0.40234375 0.2708333333333333 0.404296875 0.2638888888888889 0.41015625 0.2604166666666667
0 0.388671875 0.3159722222222222 0.388671875 0.3368055555555556 0.38671875 0.34375 0.380859375 0.3506944444444444 0.373046875 0.3402777777777778 0.373046875 0.3263888888888889 0.376953125 0.3159722222222222 0.38671875 0.3159722222222222
0 0.5088541666666666 0.1388888888888889 0.01875 0.02962962962962963
0 0.33984375 0.3541666666666667 0.345703125 0.3645833333333333 0.345703125 0.375 0.34375 0.3784722222222222 0.337890625 0.3784722222222222 0.33203125 0.3715277777777778 0.328125 0.3715277777777778 0.330078125 0.3680555555555556 0.330078125 0.3576388888888889 0.33203125 0.3541666666666667 0.337890625 0.3541666666666667
0 0.67578125 0.3611111111111111 0.677734375 0.3645833333333333 0.677734375 0.3784722222222222 0.671875 0.3888888888888889 0.662109375 0.3888888888888889 0.658203125 0.3819444444444444 0.658203125 0.3645833333333333 0.662109375 0.3576388888888889 0.671875 0.3576388888888889 0.673828125 0.3611111111111111
0 0.146484375 0.3055555555555556 0.1484375 0.3090277777777778 0.15234375 0.3090277777777778 0.15625 0.3194444444444444 0.15625 0.3298611111111111 0.154296875 0.3368055555555556 0.146484375 0.3402777777777778 0.140625 0.3333333333333333 0.140625 0.3125 0.14453125 0.3090277777777778
0 0.388671875 0.2638888888888889 0.392578125 0.2673611111111111 0.39453125 0.2743055555555556 0.39453125 0.2881944444444444 0.390625 0.2951388888888889 0.384765625 0.2881944444444444 0.376953125 0.2847222222222222 0.376953125 0.2743055555555556 0.37890625 0.2673611111111111 0.380859375 0.2638888888888889 0.38671875 0.2638888888888889
0 0.796875 0.3715277777777778 0.802734375 0.3576388888888889 0.8125 0.3576388888888889 0.81640625 0.3645833333333333 0.81640625 0.375 0.8125 0.3819444444444444 0.8046875 0.3819444444444444 0.798828125 0.375
0 0.357421875 0.3541666666666667 0.361328125 0.3576388888888889 0.36328125 0.3645833333333333 0.36328125 0.3715277777777778 0.359375 0.3819444444444444 0.349609375 0.3819444444444444 0.34765625 0.3784722222222222 0.34765625 0.3680555555555556 0.345703125 0.3611111111111111 0.349609375 0.3541666666666667 0.35546875 0.3541666666666667
1 0.3828125 0.4444444444444444 0.37890625 0.4270833333333333 0.375 0.4201388888888889 0.375 0.4131944444444444 0.37109375 0.40625 0.37109375 0.3958333333333333 0.37890625 0.3888888888888889 0.388671875 0.3888888888888889 0.396484375 0.4027777777777778 0.400390625 0.4201388888888889 0.400390625 0.4375 0.40234375 0.4409722222222222 0.400390625 0.4479166666666667 0.390625 0.4479166666666667 0.388671875 0.4444444444444444 0.384765625 0.4444444444444444
1 0.796875 0.7916666666666666 0.8125 0.7916666666666666 0.814453125 0.7881944444444444 0.8203125 0.7881944444444444 0.826171875 0.7986111111111112 0.828125 0.8090277777777778 0.837890625 0.8298611111111112 0.837890625 0.8472222222222222 0.833984375 0.8506944444444444 0.830078125 0.8472222222222222 0.81640625 0.8472222222222222 0.810546875 0.8368055555555556 0.810546875 0.8333333333333334 0.8046875 0.8229166666666666 0.802734375 0.8229166666666666 0.80078125 0.8159722222222222 0.80078125 0.8020833333333334 0.796875 0.7951388888888888
1 0.796875 0.375 0.80078125 0.3819444444444444 0.806640625 0.3819444444444444 0.80859375 0.3854166666666667 0.814453125 0.3784722222222222 0.822265625 0.3784722222222222 0.828125 0.3888888888888889 0.826171875 0.3958333333333333 0.826171875 0.4201388888888889 0.82421875 0.4236111111111111 0.8046875 0.4236111111111111 0.80078125 0.4201388888888889 0.80078125 0.4166666666666667 0.794921875 0.40625 0.794921875 0.3993055555555556 0.79296875 0.3958333333333333 0.79296875 0.3819444444444444 0.794921875 0.3784722222222222
1 0.36328125 0.3576388888888889 0.369140625 0.3680555555555556 0.369140625 0.3888888888888889 0.37109375 0.3923611111111111 0.37109375 0.40625 0.373046875 0.4131944444444444 0.369140625 0.4166666666666667 0.3671875 0.4131944444444444 0.357421875 0.4131944444444444 0.353515625 0.4097222222222222 0.34765625 0.3958333333333333 0.34765625 0.3854166666666667 0.349609375 0.3819444444444444 0.3515625 0.3854166666666667 0.35546875 0.3854166666666667 0.36328125 0.375 0.36328125 0.3611111111111111
1 0.42578125 0.28125 0.43359375 0.3020833333333333 0.44140625 0.3159722222222222 0.447265625 0.3194444444444444 0.44921875 0.3263888888888889 0.447265625 0.3263888888888889 0.4375 0.34375 0.4296875 0.3402777777777778 0.42578125 0.3298611111111111 0.41015625 0.3298611111111111 0.408203125 0.3263888888888889 0.408203125 0.3229166666666667 0.412109375 0.3194444444444444 0.4140625 0.3125 0.41015625 0.3090277777777778 0.40625 0.2986111111111111 0.419921875 0.2777777777777778 0.423828125 0.28125
1 0.4140625 0.3819444444444444 0.423828125 0.3958333333333333 0.42578125 0.4131944444444444 0.431640625 0.4270833333333333 0.431640625 0.4375 0.4296875 0.4305555555555556 0.42578125 0.4305555555555556 0.41796875 0.4444444444444444 0.416015625 0.4548611111111111 0.412109375 0.4548611111111111 0.41015625 0.4409722222222222 0.404296875 0.4236111111111111 0.404296875 0.4166666666666667 0.396484375 0.3958333333333333 0.396484375 0.3854166666666667 0.3984375 0.3819444444444444 0.412109375 0.3854166666666667
1 0.333984375 0.2152777777777778 0.3359375 0.2152777777777778 0.341796875 0.22916666666666666 0.345703125 0.22916666666666666 0.349609375 0.2222222222222222 0.35546875 0.2222222222222222 0.359375 0.22916666666666666 0.359375 0.2361111111111111 0.361328125 0.23958333333333334 0.359375 0.24305555555555555 0.359375 0.2534722222222222 0.35546875 0.2569444444444444 0.3515625 0.2708333333333333 0.345703125 0.2638888888888889 0.3359375 0.2604166666666667 0.3359375 0.2465277777777778 0.333984375 0.24305555555555555 0.333984375 0.22916666666666666 0.33203125 0.22569444444444445 0.333984375 0.21875
1 0.3203125 0.3993055555555556 0.326171875 0.4097222222222222 0.330078125 0.4097222222222222 0.33203125 0.4131944444444444 0.33203125 0.4236111111111111 0.32421875 0.4409722222222222 0.318359375 0.4409722222222222 0.31640625 0.4479166666666667 0.310546875 0.4409722222222222 0.3046875 0.4409722222222222 0.302734375 0.4444444444444444 0.298828125 0.4409722222222222 0.298828125 0.4375 0.3125 0.4027777777777778 0.318359375 0.3993055555555556
1 0.23828125 0.2986111111111111 0.240234375 0.3020833333333333 0.240234375 0.3159722222222222 0.23828125 0.3194444444444444 0.23828125 0.3263888888888889 0.234375 0.3333333333333333 0.22265625 0.3333333333333333 0.220703125 0.3298611111111111 0.216796875 0.3298611111111111 0.20703125 0.3090277777777778 0.20703125 0.2951388888888889 0.212890625 0.2881944444444444 0.21484375 0.2916666666666667 0.21484375 0.2986111111111111 0.220703125 0.3055555555555556 0.224609375 0.3055555555555556 0.23046875 0.2986111111111111 0.236328125 0.2986111111111111
1 0.373046875 0.3333333333333333 0.373046875 0.3402777777777778 0.37890625 0.3506944444444444 0.384765625 0.3472222222222222 0.388671875 0.3402777777777778 0.39453125 0.3472222222222222 0.39453125 0.3645833333333333 0.388671875 0.3715277777777778 0.38671875 0.3715277777777778 0.38671875 0.3680555555555556 0.380859375 0.3576388888888889 0.3671875 0.3611111111111111 0.359375 0.3506944444444444 0.359375 0.34375 0.365234375 0.3333333333333333 0.37109375 0.3333333333333333
1 0.501953125 0.14930555555555555 0.50390625 0.1527777777777778 0.513671875 0.1527777777777778 0.515625 0.14930555555555555 0.517578125 0.1527777777777778 0.517578125 0.1701388888888889 0.515625 0.1701388888888889 0.51171875 0.17708333333333334 0.509765625 0.1875 0.505859375 0.1909722222222222 0.498046875 0.1909722222222222 0.4921875 0.1840277777777778 0.494140625 0.15625 0.5 0.14930555555555555
1 0.333984375 0.3541666666666667 0.333984375 0.3645833333333333 0.3359375 0.3715277777777778 0.326171875 0.3715277777777778 0.322265625 0.3784722222222222 0.3203125 0.3784722222222222 0.3203125 0.3680555555555556 0.322265625 0.3611111111111111 0.326171875 0.3541666666666667 0.33203125 0.3541666666666667
1 0.681640625 0.3819444444444444 0.685546875 0.3854166666666667 0.689453125 0.3993055555555556 0.681640625 0.4131944444444444 0.68359375 0.4201388888888889 0.681640625 0.4270833333333333 0.67578125 0.4270833333333333 0.66015625 0.3923611111111111 0.662109375 0.3888888888888889 0.666015625 0.3888888888888889 0.66796875 0.3923611111111111 0.6796875 0.3819444444444444
1 0.3515625 0.3194444444444444 0.353515625 0.3194444444444444 0.37109375 0.2881944444444444 0.380859375 0.2881944444444444 0.3828125 0.2916666666666667 0.38671875 0.2916666666666667 0.390625 0.3020833333333333 0.388671875 0.3125 0.376953125 0.3125 0.373046875 0.3194444444444444 0.373046875 0.3263888888888889 0.37109375 0.3298611111111111 0.365234375 0.3298611111111111 0.35546875 0.3506944444444444 0.349609375 0.3506944444444444 0.349609375 0.3402777777777778 0.34765625 0.3333333333333333 0.3515625 0.3229166666666667
1 0.16015625 0.3368055555555556 0.1640625 0.3402777777777778 0.16796875 0.3506944444444444 0.16796875 0.3680555555555556 0.1640625 0.375 0.16796875 0.3819444444444444 0.16796875 0.3923611111111111 0.162109375 0.3923611111111111 0.16015625 0.3888888888888889 0.146484375 0.3888888888888889 0.146484375 0.3715277777777778 0.142578125 0.3645833333333333 0.13671875 0.3611111111111111 0.13671875 0.34375 0.138671875 0.3402777777777778 0.150390625 0.34375 0.158203125 0.3368055555555556
1 0.708984375 0.0798611111111111 0.708984375 0.07291666666666667 0.705078125 0.0625 0.70703125 0.05555555555555555 0.70703125 0.04513888888888889 0.69921875 0.034722222222222224 0.69921875 0.03125 0.70703125 0.020833333333333332 0.716796875 0.020833333333333332 0.71875 0.024305555555555556 0.720703125 0.03125 0.720703125 0.041666666666666664 0.72265625 0.04513888888888889 0.72265625 0.05555555555555555 0.73046875 0.0763888888888889 0.724609375 0.08333333333333333 0.71484375 0.08333333333333333 0.7109375 0.0798611111111111
2 0.80859375 0.7534722222222222 0.818359375 0.7673611111111112 0.818359375 0.7847222222222222 0.826171875 0.7951388888888888 0.828125 0.8055555555555556 0.837890625 0.8229166666666666 0.837890625 0.84375 0.83984375 0.8472222222222222 0.837890625 0.8506944444444444 0.822265625 0.8506944444444444 0.8203125 0.8472222222222222 0.81640625 0.8472222222222222 0.80859375 0.8298611111111112 0.8046875 0.8298611111111112 0.791015625 0.84375 0.787109375 0.84375 0.787109375 0.8368055555555556 0.7890625 0.8333333333333334 0.796875 0.8298611111111112 0.80078125 0.8229166666666666 0.80078125 0.8055555555555556 0.796875 0.7951388888888888 0.794921875 0.7673611111111112 0.80078125 0.7534722222222222 0.806640625 0.7534722222222222
2 0.810546875 0.3576388888888889 0.81640625 0.3645833333333333 0.81640625 0.3715277777777778 0.8203125 0.3784722222222222 0.833984375 0.3958333333333333 0.837890625 0.3958333333333333 0.84375 0.40625 0.84765625 0.4340277777777778 0.8515625 0.4444444444444444 0.8515625 0.4513888888888889 0.84765625 0.4548611111111111 0.841796875 0.4444444444444444 0.83984375 0.4131944444444444 0.830078125 0.4027777777777778 0.826171875 0.40625 0.826171875 0.4513888888888889 0.82421875 0.4548611111111111 0.82421875 0.46875 0.826171875 0.4722222222222222 0.826171875 0.5034722222222222 0.828125 0.5069444444444444 0.828125 0.5173611111111112 0.82421875 0.5173611111111112 0.822265625 0.5138888888888888 0.8203125 0.5069444444444444 0.8203125 0.4861111111111111 0.814453125 0.46875 0.806640625 0.4895833333333333 0.802734375 0.4930555555555556 0.798828125 0.4895833333333333 0.80078125 0.4791666666666667 0.8046875 0.4722222222222222 0.8046875 0.4652777777777778 0.80078125 0.4513888888888889 0.796875 0.4479166666666667 0.796875 0.4409722222222222 0.79296875 0.4270833333333333 0.79296875 0.4201388888888889 0.794921875 0.4166666666666667 0.79296875 0.3819444444444444 0.802734375 0.3576388888888889 0.80859375 0.3576388888888889
2 0.36328125 0.3576388888888889 0.3671875 0.3645833333333333 0.3671875 0.3784722222222222 0.369140625 0.3819444444444444 0.37109375 0.4097222222222222 0.373046875 0.4131944444444444 0.37109375 0.4166666666666667 0.37109375 0.4236111111111111 0.376953125 0.4375 0.376953125 0.4479166666666667 0.373046875 0.4513888888888889 0.373046875 0.4583333333333333 0.369140625 0.4722222222222222 0.365234375 0.4756944444444444 0.361328125 0.4861111111111111 0.359375 0.4861111111111111 0.359375 0.4791666666666667 0.361328125 0.4756944444444444 0.35546875 0.4548611111111111 0.357421875 0.4479166666666667 0.357421875 0.4201388888888889 0.35546875 0.4131944444444444 0.349609375 0.40625 0.349609375 0.3993055555555556 0.34765625 0.3958333333333333 0.34765625 0.3576388888888889 0.349609375 0.3541666666666667 0.359375 0.3541666666666667 0.361328125 0.3576388888888889
2 0.404296875 0.2638888888888889 0.408203125 0.2638888888888889 0.41015625 0.2604166666666667 0.416015625 0.2638888888888889 0.416015625 0.2673611111111111 0.4296875 0.2881944444444444 0.43359375 0.3020833333333333 0.455078125 0.3333333333333333 0.455078125 0.3611111111111111 0.458984375 0.3784722222222222 0.466796875 0.3854166666666667 0.482421875 0.4097222222222222 0.486328125 0.4097222222222222 0.482421875 0.4340277777777778 0.48046875 0.4375 0.474609375 0.4375 0.474609375 0.4305555555555556 0.4765625 0.4270833333333333 0.474609375 0.4166666666666667 0.46484375 0.3993055555555556 0.451171875 0.3888888888888889 0.44921875 0.3923611111111111 0.455078125 0.4027777777777778 0.45703125 0.4027777777777778 0.45703125 0.4131944444444444 0.453125 0.4236111111111111 0.4453125 0.4270833333333333 0.447265625 0.4166666666666667 0.443359375 0.3993055555555556 0.42578125 0.3784722222222222 0.42578125 0.3645833333333333 0.4296875 0.3541666666666667 0.4296875 0.3402777777777778 0.423828125 0.3298611111111111 0.40625 0.3298611111111111 0.404296875 0.3333333333333333 0.40234375 0.3263888888888889 0.40234375 0.3229166666666667 0.408203125 0.3125 0.40625 0.2986111111111111 0.40234375 0.2881944444444444 0.40234375 0.2708333333333333 0.404296875 0.2673611111111111
2 0.421875 0.4861111111111111 0.41796875 0.4826388888888889 0.4140625 0.4895833333333333 0.41015625 0.4756944444444444 0.412109375 0.46875 0.41015625 0.4652777777777778 0.41015625 0.4444444444444444 0.404296875 0.4236111111111111 0.404296875 0.4166666666666667 0.396484375 0.3958333333333333 0.396484375 0.3784722222222222 0.400390625 0.3645833333333333 0.404296875 0.3576388888888889 0.4140625 0.3576388888888889 0.41796875 0.3645833333333333 0.41796875 0.3854166666666667 0.421875 0.3923611111111111 0.42578125 0.40625 0.42578125 0.4131944444444444 0.43359375 0.4340277777777778 0.43359375 0.4409722222222222 0.435546875 0.4444444444444444 0.43359375 0.4479166666666667 0.43359375 0.4548611111111111 0.42578125 0.4826388888888889 0.423828125 0.4826388888888889
2 0.146484375 0.3055555555555556 0.154296875 0.3125 0.15625 0.3194444444444444 0.15625 0.3298611111111111 0.166015625 0.34375 0.16796875 0.3506944444444444 0.16796875 0.3611111111111111 0.169921875 0.3645833333333333 0.169921875 0.375 0.16796875 0.3784722222222222 0.169921875 0.40625 0.173828125 0.4131944444444444 0.17578125 0.4270833333333333 0.181640625 0.4340277777777778 0.185546875 0.4479166666666667 0.19140625 0.4583333333333333 0.1953125 0.4756944444444444 0.193359375 0.4791666666666667 0.189453125 0.4791666666666667 0.18359375 0.4548611111111111 0.162109375 0.4201388888888889 0.150390625 0.4201388888888889 0.142578125 0.4270833333333333 0.13671875 0.4409722222222222 0.1328125 0.46875 0.126953125 0.4756944444444444 0.123046875 0.4722222222222222 0.123046875 0.46875 0.12890625 0.4583333333333333 0.130859375 0.4340277777777778 0.13671875 0.4201388888888889 0.13671875 0.4131944444444444 0.146484375 0.3923611111111111 0.142578125 0.3819444444444444 0.13671875 0.3819444444444444 0.134765625 0.3784722222222222 0.134765625 0.3506944444444444 0.140625 0.3368055555555556 0.140625 0.3125 0.14453125 0.3090277777777778
2 0.341796875 0.19444444444444445 0.349609375 0.19444444444444445 0.353515625 0.2013888888888889 0.353515625 0.21875 0.359375 0.22916666666666666 0.359375 0.2361111111111111 0.361328125 0.23958333333333334 0.359375 0.24305555555555555 0.359375 0.2708333333333333 0.361328125 0.2777777777777778 0.357421875 0.2951388888888889 0.357421875 0.3090277777777778 0.35546875 0.3125 0.3515625 0.3125 0.34765625 0.3194444444444444 0.34375 0.3194444444444444 0.3359375 0.3298611111111111 0.33203125 0.3263888888888889 0.33203125 0.3194444444444444 0.330078125 0.3159722222222222 0.330078125 0.2777777777777778 0.328125 0.2743055555555556 0.328125 0.2638888888888889 0.333984375 0.24305555555555555 0.333984375 0.22916666666666666 0.33203125 0.2222222222222222 0.3359375 0.20833333333333334 0.341796875 0.19791666666666666
2 0.2890625 0.5208333333333334 0.29296875 0.5173611111111112 0.30078125 0.4895833333333333 0.30078125 0.4756944444444444 0.296875 0.46875 0.296875 0.4409722222222222 0.32421875 0.375 0.333984375 0.375 0.33984375 0.3854166666666667 0.337890625 0.4027777777777778 0.333984375 0.4097222222222222 0.333984375 0.4166666666666667 0.32421875 0.4444444444444444 0.32421875 0.4548611111111111 0.33203125 0.4722222222222222 0.328125 0.4722222222222222 0.326171875 0.46875 0.322265625 0.4756944444444444 0.322265625 0.4895833333333333 0.314453125 0.5104166666666666 0.314453125 0.5173611111111112 0.318359375 0.5243055555555556 0.31640625 0.5277777777777778 0.302734375 0.5243055555555556 0.298828125 0.53125 0.29296875 0.5347222222222222 0.287109375 0.5451388888888888 0.287109375 0.5625 0.28125 0.5625 0.27734375 0.5520833333333334 0.27734375 0.5451388888888888 0.28125 0.5416666666666666 0.2890625 0.5243055555555556
2 0.224609375 0.2777777777777778 0.234375 0.2986111111111111 0.23828125 0.2986111111111111 0.240234375 0.3020833333333333 0.240234375 0.3159722222222222 0.248046875 0.3402777777777778 0.248046875 0.3854166666666667 0.240234375 0.3854166666666667 0.240234375 0.3819444444444444 0.234375 0.3715277777777778 0.2265625 0.3680555555555556 0.22265625 0.375 0.22265625 0.3854166666666667 0.220703125 0.3888888888888889 0.220703125 0.4097222222222222 0.216796875 0.4201388888888889 0.212890625 0.4201388888888889 0.2109375 0.4166666666666667 0.216796875 0.3888888888888889 0.21484375 0.3854166666666667 0.21484375 0.3576388888888889 0.2109375 0.3506944444444444 0.212890625 0.34375 0.212890625 0.3229166666666667 0.208984375 0.3159722222222222 0.205078125 0.3229166666666667 0.205078125 0.3402777777777778 0.20703125 0.34375 0.20703125 0.3611111111111111 0.205078125 0.3645833333333333 0.201171875 0.3645833333333333 0.19921875 0.3611111111111111 0.19921875 0.3263888888888889 0.201171875 0.3229166666666667 0.203125 0.3055555555555556 0.20703125 0.2951388888888889 0.2109375 0.2881944444444444 0.22265625 0.2777777777777778
2 0.388671875 0.3159722222222222 0.388671875 0.3368055555555556 0.39453125 0.34375 0.39453125 0.3715277777777778 0.390625 0.3784722222222222 0.380859375 0.3576388888888889 0.3671875 0.3611111111111111 0.36328125 0.3541666666666667 0.357421875 0.3506944444444444 0.357421875 0.3472222222222222 0.365234375 0.3333333333333333 0.37109375 0.3333333333333333 0.376953125 0.3159722222222222 0.38671875 0.3159722222222222
2 0.33203125 0.3368055555555556 0.3359375 0.3333333333333333 0.341796875 0.3333333333333333 0.345703125 0.3402777777777778 0.345703125 0.3923611111111111 0.34375 0.3958333333333333 0.345703125 0.4027777777777778 0.341796875 0.40625 0.337890625 0.4166666666666667 0.341796875 0.4270833333333333 0.341796875 0.4340277777777778 0.345703125 0.4409722222222222 0.345703125 0.4513888888888889 0.341796875 0.4652777777777778 0.349609375 0.4826388888888889 0.345703125 0.4861111111111111 0.345703125 0.5069444444444444 0.33984375 0.5069444444444444 0.3359375 0.5034722222222222 0.33203125 0.4965277777777778 0.33203125 0.4756944444444444 0.333984375 0.4722222222222222 0.326171875 0.4548611111111111 0.328125 0.4375 0.33203125 0.4305555555555556 0.33203125 0.4236111111111111 0.341796875 0.3958333333333333 0.341796875 0.3854166666666667 0.33203125 0.3715277777777778 0.326171875 0.3715277777777778 0.3203125 0.3784722222222222 0.3203125 0.3680555555555556 0.322265625 0.3611111111111111 0.326171875 0.3541666666666667 0.330078125 0.3541666666666667 0.33203125 0.3506944444444444 0.33203125 0.3402777777777778
2 0.67578125 0.3611111111111111 0.677734375 0.3645833333333333 0.677734375 0.375 0.68359375 0.3854166666666667 0.685546875 0.3854166666666667 0.689453125 0.3958333333333333 0.69140625 0.4097222222222222 0.697265625 0.4236111111111111 0.697265625 0.4652777777777778 0.69140625 0.4756944444444444 0.697265625 0.4895833333333333 0.69921875 0.5 0.70703125 0.5138888888888888 0.703125 0.5243055555555556 0.69921875 0.5243055555555556 0.697265625 0.5104166666666666 0.677734375 0.4722222222222222 0.673828125 0.4548611111111111 0.673828125 0.4270833333333333 0.671875 0.4236111111111111 0.6640625 0.4236111111111111 0.6640625 0.4097222222222222 0.666015625 0.40625 0.66015625 0.3923611111111111 0.66015625 0.3854166666666667 0.658203125 0.3819444444444444 0.658203125 0.3645833333333333 0.662109375 0.3576388888888889 0.671875 0.3576388888888889 0.673828125 0.3611111111111111
2 0.36328125 0.3576388888888889 0.3671875 0.3680555555555556 0.369140625 0.40625 0.37109375 0.4131944444444444 0.369140625 0.4166666666666667 0.369140625 0.4236111111111111 0.359375 0.4444444444444444 0.357421875 0.4166666666666667 0.3515625 0.4097222222222222 0.34765625 0.3958333333333333 0.34765625 0.3645833333333333 0.345703125 0.3611111111111111 0.349609375 0.3541666666666667 0.359375 0.3541666666666667 0.361328125 0.3576388888888889
2 0.7109375 0 0.720703125 0.03125 0.72265625 0.052083333333333336 0.73046875 0.06944444444444445 0.73046875 0.08680555555555555 0.732421875 0.09375 0.736328125 0.09722222222222222 0.740234375 0.11458333333333333 0.748046875 0.12152777777777778 0.748046875 0.1284722222222222 0.7421875 0.1284722222222222 0.7421875 0.125 0.736328125 0.11458333333333333 0.734375 0.11458333333333333 0.728515625 0.10069444444444445 0.724609375 0.09722222222222222 0.720703125 0.10069444444444445 0.720703125 0.12152777777777778 0.728515625 0.14583333333333334 0.728515625 0.16319444444444445 0.724609375 0.1701388888888889 0.724609375 0.1527777777777778 0.72265625 0.14583333333333334 0.71875 0.1423611111111111 0.7109375 0.11458333333333333 0.70703125 0.06597222222222222 0.705078125 0.0625 0.693359375 0.0625 0.693359375 0.05555555555555555 0.69921875 0.04513888888888889 0.697265625 0.003472222222222222 0.69921875 0 0.708984375 0
2 0.388671875 0.2638888888888889 0.39453125 0.2708333333333333 0.39453125 0.2951388888888889 0.396484375 0.2986111111111111 0.404296875 0.2986111111111111 0.40234375 0.3055555555555556 0.39453125 0.3055555555555556 0.390625 0.3125 0.390625 0.3159722222222222 0.392578125 0.3194444444444444 0.396484375 0.3194444444444444 0.400390625 0.3298611111111111 0.39453125 0.3333333333333333 0.390625 0.3298611111111111 0.390625 0.3194444444444444 0.38671875 0.3125 0.37890625 0.3125 0.373046875 0.3194444444444444 0.373046875 0.3263888888888889 0.37109375 0.3298611111111111 0.365234375 0.3298611111111111 0.35546875 0.3506944444444444 0.349609375 0.3506944444444444 0.349609375 0.34375 0.34765625 0.3402777777777778 0.34765625 0.3333333333333333 0.3515625 0.3194444444444444 0.353515625 0.3194444444444444 0.376953125 0.2777777777777778 0.376953125 0.2708333333333333 0.380859375 0.2638888888888889 0.38671875 0.2638888888888889
2 0.390625 0.3888888888888889 0.39453125 0.3958333333333333 0.400390625 0.4166666666666667 0.40234375 0.4583333333333333 0.408203125 0.4652777777777778 0.408203125 0.4722222222222222 0.4140625 0.4861111111111111 0.421875 0.4861111111111111 0.439453125 0.5208333333333334 0.439453125 0.5347222222222222 0.4375 0.5381944444444444 0.4296875 0.5347222222222222 0.431640625 0.5277777777777778 0.421875 0.5069444444444444 0.41796875 0.5138888888888888 0.41796875 0.53125 0.4140625 0.53125 0.4140625 0.5277777777777778 0.404296875 0.5104166666666666 0.390625 0.5034722222222222 0.384765625 0.4895833333333333 0.380859375 0.4930555555555556 0.380859375 0.5 0.384765625 0.5069444444444444 0.384765625 0.5173611111111112 0.388671875 0.53125 0.380859375 0.5381944444444444 0.376953125 0.5381944444444444 0.375 0.5347222222222222 0.375 0.5277777777777778 0.37890625 0.5208333333333334 0.373046875 0.5034722222222222 0.37109375 0.4861111111111111 0.365234375 0.46875 0.37109375 0.4618055555555556 0.369140625 0.4548611111111111 0.37109375 0.4583333333333333 0.375 0.4548611111111111 0.375 0.4409722222222222 0.37109375 0.4305555555555556 0.373046875 0.4270833333333333 0.373046875 0.4131944444444444 0.37109375 0.4097222222222222 0.369140625 0.3680555555555556 0.375 0.3611111111111111 0.380859375 0.3611111111111111 0.384765625 0.3680555555555556 0.38671875 0.375 0.38671875 0.3854166666666667 0.388671875 0.3888888888888889
2 0.513671875 0.125 0.517578125 0.13194444444444445 0.517578125 0.14930555555555555 0.51953125 0.1527777777777778 0.51953125 0.16666666666666666 0.513671875 0.17708333333333334 0.513671875 0.1875 0.517578125 0.19444444444444445 0.517578125 0.2013888888888889 0.521484375 0.21180555555555555 0.521484375 0.2222222222222222 0.525390625 0.2326388888888889 0.517578125 0.2326388888888889 0.513671875 0.22569444444444445 0.515625 0.2222222222222222 0.515625 0.2152777777777778 0.5078125 0.2013888888888889 0.498046875 0.2013888888888889 0.48828125 0.2152777777777778 0.4765625 0.21875 0.46875 0.22569444444444445 0.4609375 0.23958333333333334 0.458984375 0.23958333333333334 0.458984375 0.2222222222222222 0.474609375 0.20833333333333334 0.478515625 0.20833333333333334 0.484375 0.19791666666666666 0.484375 0.1909722222222222 0.4921875 0.1736111111111111 0.4921875 0.16319444444444445 0.494140625 0.15625 0.5 0.14583333333333334 0.5 0.13541666666666666 0.505859375 0.125 0.51171875 0.125