0 0.94140625 0.2986111111111111 0.958984375 0.3229166666666667 0.958984375 0.3333333333333333 0.9609375 0.3368055555555556 0.958984375 0.3541666666666667 0.955078125 0.3645833333333333 0.939453125 0.3784722222222222 0.912109375 0.3819444444444444 0.91015625 0.3854166666666667 0.904296875 0.3854166666666667 0.900390625 0.3715277777777778 0.900390625 0.3645833333333333 0.904296875 0.3506944444444444 0.904296875 0.3333333333333333 0.90625 0.3263888888888889 0.9140625 0.3125 0.92578125 0.2986111111111111 0.939453125 0.2986111111111111
0 0.53125 0 0.546875 0 0.55078125 0.013888888888888888 0.548828125 0.041666666666666664 0.544921875 0.04861111111111111 0.533203125 0.04861111111111111 0.52734375 0.020833333333333332 0.52734375 0.010416666666666666 0.53125 0.003472222222222222
0 0.833984375 0.041666666666666664 0.83203125 0.034722222222222224 0.833984375 0.010416666666666666 0.841796875 0 0.8515625 0 0.859375 0.017361111111111112 0.859375 0.03125 0.857421875 0.034722222222222224 0.853515625 0.03125 0.841796875 0.03125 0.8359375 0.041666666666666664
0 0 0 0.0078125 0 0.0078125 0.017361111111111112 0.001953125 0.03125 0 0.03125 0 0.003472222222222222
0 0.98828125 0.2951388888888889 0.99609375 0.3055555555555556 0.99609375 0.3125 0.998046875 0.3159722222222222 0.998046875 0.3784722222222222 0.99609375 0.3819444444444444 0.990234375 0.3784722222222222 0.990234375 0.375 0.98046875 0.3611111111111111 0.97265625 0.3576388888888889 0.962890625 0.34375 0.962890625 0.3159722222222222 0.966796875 0.3055555555555556 0.9765625 0.2951388888888889 0.986328125 0.2951388888888889
0 0.90234375 0.3194444444444444 0.904296875 0.3229166666666667 0.904296875 0.3333333333333333 0.90234375 0.3368055555555556 0.90234375 0.3541666666666667 0.8984375 0.3680555555555556 0.90234375 0.3854166666666667 0.900390625 0.3923611111111111 0.888671875 0.3923611111111111 0.87890625 0.3715277777777778 0.880859375 0.3611111111111111 0.884765625 0.3611111111111111 0.888671875 0.3472222222222222 0.888671875 0.3298611111111111 0.88671875 0.3229166666666667 0.890625 0.3194444444444444 0.900390625 0.3194444444444444
0 0.35651041666666666 0.031018518518518518 0.0265625 0.05648148148148148
0 0.1953125 0 0.1953125 0.010416666666666666 0.197265625 0.013888888888888888 0.189453125 0.027777777777777776 0.1796875 0.017361111111111112 0.171875 0.017361111111111112 0.169921875 0.003472222222222222 0.171875 0 0.193359375 0
0 0.296875 0 0.31640625 0 0.318359375 0.006944444444444444 0.318359375 0.03819444444444445 0.31640625 0.04513888888888889 0.314453125 0.04861111111111111 0.302734375 0.04861111111111111 0.296875 0.041666666666666664 0.296875 0.034722222222222224 0.294921875 0.03125 0.296875 0.003472222222222222
0 0.27265625 0.37777777777777777 0.043229166666666666 0.09814814814814815
0 0.517578125 0.010416666666666666 0.521484375 0.013888888888888888 0.525390625 0.024305555555555556 0.525390625 0.05555555555555555 0.51953125 0.0625 0.5078125 0.0625 0.50390625 0.052083333333333336 0.50390625 0.03819444444444445 0.501953125 0.034722222222222224 0.501953125 0.020833333333333332 0.509765625 0.010416666666666666 0.515625 0.010416666666666666
0 0.9950520833333333 0.28055555555555556 0.009895833333333333 0.027777777777777776
0 0.728515625 0.3090277777777778 0.736328125 0.3229166666666667 0.736328125 0.3611111111111111 0.7265625 0.3819444444444444 0.720703125 0.3854166666666667 0.712890625 0.3958333333333333 0.705078125 0.3958333333333333 0.703125 0.3923611111111111 0.69921875 0.3923611111111111 0.697265625 0.3958333333333333 0.693359375 0.3888888888888889 0.693359375 0.3680555555555556 0.69140625 0.3645833333333333 0.693359375 0.3611111111111111 0.693359375 0.3472222222222222 0.69921875 0.3194444444444444 0.70703125 0.3090277777777778 0.7109375 0.3055555555555556 0.724609375 0.3055555555555556 0.7265625 0.3090277777777778
0 0.77734375 0.3576388888888889 0.787109375 0.3645833333333333 0.79296875 0.375 0.798828125 0.3993055555555556 0.796875 0.40625 0.80078125 0.4166666666666667 0.80078125 0.4305555555555556 0.796875 0.4479166666666667 0.7890625 0.4548611111111111 0.76953125 0.4548611111111111 0.740234375 0.4236111111111111 0.734375 0.4097222222222222 0.73828125 0.3854166666666667 0.75 0.3645833333333333 0.7578125 0.3576388888888889 0.775390625 0.3576388888888889
0 0.603515625 0.006944444444444444 0.607421875 0.013888888888888888 0.607421875 0.020833333333333332 0.609375 0.024305555555555556 0.607421875 0.052083333333333336 0.603515625 0.059027777777777776 0.591796875 0.059027777777777776 0.5859375 0.052083333333333336 0.5859375 0.03819444444444445 0.583984375 0.034722222222222224 0.5859375 0.013888888888888888 0.58984375 0.006944444444444444 0.59375 0.003472222222222222 0.599609375 0.003472222222222222 0.6015625 0.006944444444444444
0 0.841796875 0.3402777777777778 0.85546875 0.3611111111111111 0.85546875 0.375 0.8515625 0.3784722222222222 0.845703125 0.3784722222222222 0.8359375 0.3888888888888889 0.8203125 0.3888888888888889 0.814453125 0.3819444444444444 0.802734375 0.3784722222222222 0.802734375 0.3611111111111111 0.810546875 0.3472222222222222 0.82421875 0.3368055555555556 0.833984375 0.3368055555555556 0.8359375 0.3402777777777778 0.83984375 0.3402777777777778
1 0.505859375 0.0625 0.51171875 0.06944444444444445 0.515625 0.06944444444444445 0.521484375 0.0625 0.529296875 0.0625 0.533203125 0.06597222222222222 0.537109375 0.0763888888888889 0.53515625 0.0798611111111111 0.53515625 0.09722222222222222 0.529296875 0.1076388888888889 0.529296875 0.125 0.53125 0.1284722222222222 0.53125 0.14583333333333334 0.533203125 0.14930555555555555 0.533203125 0.1701388888888889 0.5234375 0.1701388888888889 0.515625 0.17708333333333334 0.505859375 0.17708333333333334 0.50390625 0.1736111111111111 0.498046875 0.1736111111111111 0.4921875 0.16666666666666666 0.48828125 0.16666666666666666 0.4921875 0.16666666666666666 0.49609375 0.1597222222222222 0.494140625 0.1527777777777778 0.498046875 0.13541666666666666 0.498046875 0.1111111111111111 0.494140625 0.10416666666666667 0.4921875 0.1076388888888889 0.48828125 0.0763888888888889 0.494140625 0.06597222222222222 0.5 0.06597222222222222 0.50390625 0.0625
1 0.0234375 0.03125 0.02734375 0.03819444444444445 0.025390625 0.04513888888888889 0.025390625 0.059027777777777776 0.017578125 0.07291666666666667 0.01953125 0.11805555555555555 0.021484375 0.12152777777777778 0.021484375 0.14583333333333334 0.01953125 0.14930555555555555 0.015625 0.14583333333333334 0.005859375 0.15625 0.00390625 0.1527777777777778 0.00390625 0.13541666666666666 0 0.13194444444444445 0 0.04513888888888889 0.00390625 0.041666666666666664 0.0078125 0.024305555555555556 0.01171875 0.027777777777777776 0.01953125 0.027777777777777776 0.021484375 0.03125
1 0.876953125 0.3854166666666667 0.880859375 0.3958333333333333 0.904296875 0.3958333333333333 0.912109375 0.3854166666666667 0.94921875 0.3854166666666667 0.951171875 0.3888888888888889 0.9609375 0.3923611111111111 0.96484375 0.3993055555555556 0.962890625 0.4930555555555556 0.974609375 0.5173611111111112 0.974609375 0.5208333333333334 0.970703125 0.5173611111111112 0.96875 0.5208333333333334 0.96875 0.5277777777777778 0.962890625 0.5381944444444444 0.962890625 0.5659722222222222 0.9609375 0.5694444444444444 0.95703125 0.5694444444444444 0.955078125 0.5729166666666666 0.943359375 0.5729166666666666 0.94140625 0.5763888888888888 0.92578125 0.5763888888888888 0.923828125 0.5729166666666666 0.916015625 0.5729166666666666 0.90234375 0.5590277777777778 0.904296875 0.5520833333333334 0.904296875 0.4930555555555556 0.900390625 0.4791666666666667 0.900390625 0.4583333333333333 0.89453125 0.4513888888888889 0.88671875 0.4513888888888889 0.88671875 0.4479166666666667 0.880859375 0.4409722222222222 0.87109375 0.4409722222222222 0.8671875 0.4375 0.861328125 0.4166666666666667 0.861328125 0.3958333333333333 0.86328125 0.3888888888888889 0.865234375 0.3854166666666667 0.875 0.3854166666666667
1 0.38671875 0.013888888888888888 0.390625 0.017361111111111112 0.390625 0.020833333333333332 0.396484375 0.03125 0.40234375 0.03125 0.404296875 0.024305555555555556 0.408203125 0.024305555555555556 0.412109375 0.0625 0.40625 0.06597222222222222 0.39453125 0.08680555555555555 0.392578125 0.08680555555555555 0.390625 0.08333333333333333 0.388671875 0.06597222222222222 0.37890625 0.04861111111111111 0.37890625 0.034722222222222224 0.376953125 0.027777777777777776 0.380859375 0.017361111111111112 0.384765625 0.017361111111111112
1 0.83203125 0.04513888888888889 0.837890625 0.052083333333333336 0.837890625 0.0625 0.826171875 0.0763888888888889 0.818359375 0.0763888888888889 0.8203125 0.07291666666666667 0.8203125 0.05555555555555555 0.82421875 0.04861111111111111 0.830078125 0.04861111111111111
1 0.083984375 0 0.09765625 0 0.1015625 0.010416666666666666 0.1015625 0.020833333333333332 0.103515625 0.024305555555555556 0.103515625 0.041666666666666664 0.09765625 0.052083333333333336 0.099609375 0.05555555555555555 0.095703125 0.06597222222222222 0.095703125 0.0763888888888889 0.087890625 0.08333333333333333 0.080078125 0.0763888888888889 0.083984375 0.06944444444444445 0.08203125 0.04513888888888889 0.07421875 0.03125 0.068359375 0.027777777777777776 0.060546875 0.010416666666666666 0.0625 0.003472222222222222 0.06640625 0.003472222222222222 0.076171875 0.013888888888888888 0.083984375 0.003472222222222222
1 0.33984375 0.020833333333333332 0.337890625 0.027777777777777776 0.341796875 0.03819444444444445 0.33984375 0.059027777777777776 0.3359375 0.059027777777777776 0.33203125 0.04513888888888889 0.318359375 0.04513888888888889 0.318359375 0.024305555555555556 0.3203125 0.020833333333333332 0.330078125 0.027777777777777776 0.3359375 0.027777777777777776 0.337890625 0.024305555555555556
1 0.302734375 0.4166666666666667 0.31640625 0.4305555555555556 0.318359375 0.4444444444444444 0.322265625 0.4548611111111111 0.3203125 0.4618055555555556 0.3203125 0.4756944444444444 0.326171875 0.4930555555555556 0.326171875 0.5 0.3203125 0.5 0.318359375 0.4965277777777778 0.314453125 0.5 0.3125 0.4895833333333333 0.30859375 0.4826388888888889 0.3046875 0.4826388888888889 0.302734375 0.4791666666666667 0.294921875 0.4791666666666667 0.291015625 0.4861111111111111 0.287109375 0.4861111111111111 0.283203125 0.4791666666666667 0.2734375 0.4791666666666667 0.271484375 0.4826388888888889 0.271484375 0.4965277777777778 0.275390625 0.5069444444444444 0.28125 0.5138888888888888 0.28515625 0.5138888888888888 0.291015625 0.5243055555555556 0.310546875 0.5347222222222222 0.310546875 0.5590277777777778 0.30078125 0.5659722222222222 0.26171875 0.5625 0.259765625 0.5590277777777778 0.259765625 0.5451388888888888 0.2578125 0.5416666666666666 0.255859375 0.5173611111111112 0.251953125 0.5104166666666666 0.25 0.5104166666666666 0.248046875 0.5173611111111112 0.240234375 0.5069444444444444 0.240234375 0.4791666666666667 0.23828125 0.4756944444444444 0.23828125 0.4618055555555556 0.236328125 0.4583333333333333 0.23828125 0.4340277777777778 0.24609375 0.4236111111111111 0.259765625 0.4201388888888889 0.26171875 0.4236111111111111 0.259765625 0.4270833333333333 0.26171875 0.4409722222222222 0.265625 0.4479166666666667 0.271484375 0.4479166666666667 0.275390625 0.4444444444444444 0.287109375 0.4201388888888889 0.291015625 0.4166666666666667 0.30078125 0.4166666666666667
1 0.380859375 0.052083333333333336 0.380859375 0.05555555555555555 0.38671875 0.0625 0.38671875 0.0763888888888889 0.388671875 0.08333333333333333 0.384765625 0.09375 0.384765625 0.13194444444444445 0.38671875 0.13541666666666666 0.384765625 0.1388888888888889 0.38671875 0.1423611111111111 0.38671875 0.15625 0.37890625 0.16319444444444445 0.357421875 0.1597222222222222 0.35546875 0.15625 0.353515625 0.125 0.345703125 0.1076388888888889 0.337890625 0.10416666666666667 0.333984375 0.09375 0.3359375 0.06944444444444445 0.33984375 0.06597222222222222 0.345703125 0.06597222222222222 0.34765625 0.0625 0.361328125 0.0625 0.373046875 0.052083333333333336 0.37890625 0.052083333333333336
1 0.203125 0.017361111111111112 0.2109375 0.027777777777777776 0.2109375 0.04861111111111111 0.205078125 0.06597222222222222 0.203125 0.08680555555555555 0.197265625 0.0763888888888889 0.1875 0.06597222222222222 0.1875 0.03125 0.1953125 0.017361111111111112 0.201171875 0.017361111111111112
1 0.982421875 0.3680555555555556 0.98828125 0.3784722222222222 0.9921875 0.3923611111111111 0.9921875 0.4097222222222222 0.994140625 0.4131944444444444 0.994140625 0.4305555555555556 0.990234375 0.4340277777777778 0.982421875 0.4479166666666667 0.982421875 0.4513888888888889 0.974609375 0.4513888888888889 0.96875 0.4409722222222222 0.96875 0.4305555555555556 0.966796875 0.4270833333333333 0.96875 0.3923611111111111 0.974609375 0.375 0.974609375 0.3680555555555556 0.9765625 0.3645833333333333 0.98046875 0.3680555555555556
1 0.84375 0.4340277777777778 0.845703125 0.4375 0.849609375 0.4375 0.857421875 0.4479166666666667 0.857421875 0.4652777777777778 0.859375 0.46875 0.857421875 0.4826388888888889 0.837890625 0.4965277777777778 0.83203125 0.4965277777777778 0.830078125 0.5 0.8125 0.5 0.810546875 0.4965277777777778 0.80078125 0.4965277777777778 0.798828125 0.4930555555555556 0.794921875 0.4930555555555556 0.79296875 0.4861111111111111 0.80078125 0.4791666666666667 0.806640625 0.4791666666666667 0.80859375 0.4756944444444444 0.80859375 0.46875 0.814453125 0.4583333333333333 0.822265625 0.4513888888888889 0.826171875 0.4513888888888889 0.8359375 0.4375 0.841796875 0.4340277777777778
1 0.740234375 0.4270833333333333 0.759765625 0.4444444444444444 0.767578125 0.4548611111111111 0.7734375 0.4548611111111111 0.775390625 0.4583333333333333 0.787109375 0.4583333333333333 0.791015625 0.4618055555555556 0.791015625 0.4826388888888889 0.787109375 0.4826388888888889 0.78515625 0.4861111111111111 0.783203125 0.4826388888888889 0.78125 0.4861111111111111 0.7734375 0.4861111111111111 0.763671875 0.4930555555555556 0.75390625 0.4930555555555556 0.751953125 0.4965277777777778 0.74609375 0.4965277777777778 0.7421875 0.5034722222222222 0.75 0.5138888888888888 0.755859375 0.5138888888888888 0.7578125 0.5173611111111112 0.767578125 0.5208333333333334 0.779296875 0.5347222222222222 0.763671875 0.5763888888888888 0.7578125 0.6006944444444444 0.751953125 0.6076388888888888 0.740234375 0.6076388888888888 0.73828125 0.6041666666666666 0.728515625 0.6041666666666666 0.724609375 0.6006944444444444 0.71875 0.59375 0.712890625 0.5694444444444444 0.70703125 0.5590277777777778 0.705078125 0.5590277777777778 0.701171875 0.5486111111111112 0.701171875 0.5451388888888888 0.708984375 0.53125 0.712890625 0.5173611111111112 0.712890625 0.5104166666666666 0.716796875 0.5034722222222222 0.716796875 0.4965277777777778 0.720703125 0.4895833333333333 0.73046875 0.4548611111111111 0.73046875 0.4479166666666667 0.73828125 0.4305555555555556
1 0.6171875 0.052083333333333336 0.62109375 0.05555555555555555 0.62109375 0.06597222222222222 0.623046875 0.06944444444444445 0.619140625 0.08680555555555555 0.615234375 0.09375 0.615234375 0.13194444444444445 0.6171875 0.13541666666666666 0.615234375 0.14583333333333334 0.6171875 0.1527777777777778 0.615234375 0.15625 0.60546875 0.15625 0.603515625 0.1597222222222222 0.583984375 0.1597222222222222 0.583984375 0.14930555555555555 0.58203125 0.14583333333333334 0.58203125 0.13194444444444445 0.583984375 0.1284722222222222 0.583984375 0.11805555555555555 0.58203125 0.1111111111111111 0.583984375 0.1076388888888889 0.583984375 0.10069444444444445 0.576171875 0.08333333333333333 0.576171875 0.0625 0.583984375 0.05555555555555555 0.587890625 0.05555555555555555 0.59375 0.0625 0.603515625 0.0625 0.609375 0.052083333333333336 0.615234375 0.052083333333333336
1 0.55859375 0.04861111111111111 0.564453125 0.05555555555555555 0.564453125 0.09027777777777778 0.5625 0.09375 0.5625 0.10069444444444445 0.556640625 0.10069444444444445 0.5546875 0.10416666666666667 0.552734375 0.13194444444444445 0.5546875 0.13541666666666666 0.5546875 0.14930555555555555 0.556640625 0.15625 0.552734375 0.16319444444444445 0.546875 0.16319444444444445 0.544921875 0.16666666666666666 0.54296875 0.16319444444444445 0.54296875 0.13194444444444445 0.5390625 0.12152777777777778 0.5390625 0.08680555555555555 0.537109375 0.08333333333333333 0.5390625 0.0798611111111111 0.537109375 0.0763888888888889 0.537109375 0.06944444444444445 0.533203125 0.0625 0.533203125 0.05555555555555555 0.544921875 0.052083333333333336 0.546875 0.04861111111111111 0.556640625 0.04861111111111111
1 0.73828125 0.3576388888888889 0.740234375 0.3611111111111111 0.748046875 0.3611111111111111 0.748046875 0.3645833333333333 0.740234375 0.375 0.734375 0.3923611111111111 0.734375 0.3993055555555556 0.732421875 0.4027777777777778 0.732421875 0.4097222222222222 0.734375 0.4131944444444444 0.734375 0.4340277777777778 0.73046875 0.4409722222222222 0.7265625 0.4548611111111111 0.7265625 0.4618055555555556 0.72265625 0.4652777777777778 0.712890625 0.4479166666666667 0.708984375 0.4270833333333333 0.69921875 0.4131944444444444 0.6953125 0.4027777777777778 0.6953125 0.3958333333333333 0.716796875 0.3958333333333333 0.724609375 0.3819444444444444 0.728515625 0.3819444444444444 0.736328125 0.3611111111111111
1 0.29296875 0.03819444444444445 0.302734375 0.052083333333333336 0.314453125 0.052083333333333336 0.3203125 0.04513888888888889 0.33203125 0.04513888888888889 0.3359375 0.052083333333333336 0.33203125 0.0798611111111111 0.322265625 0.10416666666666667 0.322265625 0.12152777777777778 0.326171875 0.1284722222222222 0.318359375 0.14583333333333334 0.29296875 0.14583333333333334 0.2890625 0.1423611111111111 0.287109375 0.13541666666666666 0.287109375 0.09722222222222222 0.283203125 0.09027777777777778 0.27734375 0.09722222222222222 0.271484375 0.09722222222222222 0.267578125 0.08680555555555555 0.26953125 0.0763888888888889 0.27734375 0.0625 0.27734375 0.052083333333333336 0.279296875 0.04513888888888889 0.28125 0.041666666666666664 0.287109375 0.041666666666666664 0.291015625 0.03819444444444445
2 0.099609375 0 0.1015625 0.006944444444444444 0.1015625 0.020833333333333332 0.103515625 0.024305555555555556 0.103515625 0.041666666666666664 0.107421875 0.04861111111111111 0.107421875 0.059027777777777776 0.123046875 0.11458333333333333 0.123046875 0.13541666666666666 0.12109375 0.1388888888888889 0.12109375 0.14583333333333334 0.1171875 0.14583333333333334 0.115234375 0.14930555555555555 0.1171875 0.1527777777777778 0.1171875 0.16666666666666666 0.119140625 0.1701388888888889 0.119140625 0.19791666666666666 0.115234375 0.19791666666666666 0.11328125 0.2013888888888889 0.109375 0.19791666666666666 0.109375 0.1875 0.10546875 0.1840277777777778 0.10546875 0.17708333333333334 0.1015625 0.16319444444444445 0.09765625 0.16666666666666666 0.095703125 0.1736111111111111 0.095703125 0.1840277777777778 0.091796875 0.1909722222222222 0.091796875 0.19791666666666666 0.087890625 0.19791666666666666 0.0859375 0.1909722222222222 0.0859375 0.1736111111111111 0.083984375 0.1701388888888889 0.083984375 0.14930555555555555 0.087890625 0.1423611111111111 0.09375 0.11805555555555555 0.09765625 0.11805555555555555 0.09765625 0.1388888888888889 0.099609375 0.1423611111111111 0.099609375 0.1597222222222222 0.1015625 0.16319444444444445 0.103515625 0.16319444444444445 0.107421875 0.1527777777777778 0.111328125 0.1527777777777778 0.1171875 0.14583333333333334 0.115234375 0.125 0.11328125 0.12152777777777778 0.11328125 0.10416666666666667 0.099609375 0.08680555555555555 0.09765625 0.09027777777777778 0.09765625 0.10069444444444445 0.099609375 0.10416666666666667 0.09375 0.10416666666666667 0.08984375 0.09375 0.078125 0.0763888888888889 0.08203125 0.06597222222222222 0.080078125 0.041666666666666664 0.07421875 0.03125 0.068359375 0.03125 0.060546875 0.010416666666666666 0.064453125 0 0.09765625 0
2 0.408203125 0 0.408203125 0.034722222222222224 0.41015625 0.03819444444444445 0.412109375 0.0625 0.40625 0.06597222222222222 0.396484375 0.08333333333333333 0.396484375 0.08680555555555555 0.392578125 0.08680555555555555 0.390625 0.08333333333333333 0.388671875 0.0625 0.37890625 0.04513888888888889 0.376953125 0.020833333333333332 0.38671875 0.013888888888888888 0.392578125 0 0.40625 0
2 0.517578125 0.010416666666666666 0.525390625 0.024305555555555556 0.525390625 0.034722222222222224 0.52734375 0.03819444444444445 0.52734375 0.059027777777777776 0.53125 0.0625 0.537109375 0.0763888888888889 0.5390625 0.125 0.541015625 0.1284722222222222 0.541015625 0.19791666666666666 0.533203125 0.2152777777777778 0.533203125 0.22916666666666666 0.53125 0.2326388888888889 0.53125 0.24305555555555555 0.533203125 0.2465277777777778 0.533203125 0.2847222222222222 0.53125 0.2881944444444444 0.53125 0.3090277777777778 0.533203125 0.3125 0.53515625 0.3298611111111111 0.525390625 0.3298611111111111 0.521484375 0.3229166666666667 0.525390625 0.3090277777777778 0.525390625 0.3020833333333333 0.5234375 0.2986111111111111 0.521484375 0.24305555555555555 0.517578125 0.2361111111111111 0.509765625 0.2361111111111111 0.505859375 0.24305555555555555 0.50390625 0.3263888888888889 0.501953125 0.3298611111111111 0.4921875 0.3298611111111111 0.494140625 0.3194444444444444 0.498046875 0.3125 0.498046875 0.2916666666666667 0.49609375 0.2881944444444444 0.49609375 0.2569444444444444 0.498046875 0.25 0.49609375 0.2465277777777778 0.49609375 0.2361111111111111 0.4921875 0.22569444444444445 0.4921875 0.2152777777777778 0.484375 0.2013888888888889 0.484375 0.1527777777777778 0.486328125 0.14930555555555555 0.48828125 0.11458333333333333 0.490234375 0.1111111111111111 0.490234375 0.09027777777777778 0.48828125 0.08680555555555555 0.48828125 0.0763888888888889 0.490234375 0.06944444444444445 0.498046875 0.06597222222222222 0.50390625 0.059027777777777776 0.50390625 0.034722222222222224 0.501953125 0.03125 0.501953125 0.020833333333333332 0.509765625 0.010416666666666666 0.515625 0.010416666666666666
2 0 0 0.0078125 0 0.0078125 0.020833333333333332 0.013671875 0.027777777777777776 0.01953125 0.027777777777777776 0.02734375 0.03819444444444445 0.025390625 0.0625 0.029296875 0.0798611111111111 0.029296875 0.09722222222222222 0.033203125 0.1076388888888889 0.033203125 0.1284722222222222 0.029296875 0.13194444444444445 0.029296875 0.13541666666666666 0.033203125 0.1388888888888889 0.033203125 0.1701388888888889 0.02734375 0.18055555555555555 0.02734375 0.19444444444444445 0.025390625 0.19791666666666666 0.025390625 0.22569444444444445 0.02734375 0.22916666666666666 0.02734375 0.28125 0.0234375 0.2881944444444444 0.021484375 0.2847222222222222 0.021484375 0.2743055555555556 0.013671875 0.2534722222222222 0.01171875 0.2222222222222222 0.00390625 0.2048611111111111 0.00390625 0.19791666666666666 0 0.19444444444444445 0 0.003472222222222222
2 0.939453125 0.2986111111111111 0.95703125 0.3194444444444444 0.958984375 0.3263888888888889 0.958984375 0.3506944444444444 0.966796875 0.3576388888888889 0.970703125 0.3680555555555556 0.970703125 0.375 0.966796875 0.3819444444444444 0.966796875 0.3888888888888889 0.96484375 0.3923611111111111 0.962890625 0.4930555555555556 0.96484375 0.5 0.97265625 0.5138888888888888 0.978515625 0.5173611111111112 0.990234375 0.5416666666666666 0.994140625 0.5555555555555556 0.994140625 0.5902777777777778 0.998046875 0.6076388888888888 0.998046875 0.6736111111111112 0.994140625 0.6909722222222222 0.990234375 0.6909722222222222 0.986328125 0.6979166666666666 0.982421875 0.6979166666666666 0.98046875 0.7013888888888888 0.978515625 0.6979166666666666 0.9765625 0.7013888888888888 0.97265625 0.7013888888888888 0.96875 0.6944444444444444 0.966796875 0.6840277777777778 0.962890625 0.6805555555555556 0.95703125 0.6909722222222222 0.955078125 0.7013888888888888 0.951171875 0.7048611111111112 0.94921875 0.7256944444444444 0.970703125 0.7604166666666666 0.97265625 0.7743055555555556 0.978515625 0.7847222222222222 0.978515625 0.7881944444444444 0.98828125 0.8055555555555556 0.98828125 0.8090277777777778 0.99609375 0.8194444444444444 0.998046875 0.8263888888888888 0.998046875 0.8923611111111112 0.9921875 0.8923611111111112 0.990234375 0.8958333333333334 0.97265625 0.8958333333333334 0.970703125 0.8923611111111112 0.951171875 0.8923611111111112 0.94921875 0.8888888888888888 0.9453125 0.8888888888888888 0.943359375 0.8819444444444444 0.94921875 0.8680555555555556 0.94921875 0.8576388888888888 0.943359375 0.8472222222222222 0.93359375 0.8611111111111112 0.92578125 0.8854166666666666 0.916015625 0.9027777777777778 0.912109375 0.9027777777777778 0.912109375 0.8298611111111112 0.90625 0.8125 0.904296875 0.7986111111111112 0.88671875 0.7638888888888888 0.8828125 0.7534722222222222 0.8828125 0.7465277777777778 0.873046875 0.7256944444444444 0.873046875 0.71875 0.87109375 0.7152777777777778 0.873046875 0.6666666666666666 0.87890625 0.6527777777777778 0.880859375 0.6388888888888888 0.890625 0.6076388888888888 0.908203125 0.5729166666666666 0.908203125 0.5694444444444444 0.90234375 0.5590277777777778 0.904296875 0.5520833333333334 0.904296875 0.4930555555555556 0.900390625 0.4791666666666667 0.900390625 0.4618055555555556 0.89453125 0.4513888888888889 0.888671875 0.4513888888888889 0.880859375 0.4409722222222222 0.87109375 0.4409722222222222 0.869140625 0.4375 0.865234375 0.4375 0.861328125 0.4201388888888889 0.861328125 0.4097222222222222 0.859375 0.40625 0.859375 0.3993055555555556 0.861328125 0.3958333333333333 0.861328125 0.3819444444444444 0.859375 0.375 0.861328125 0.3715277777777778 0.861328125 0.3506944444444444 0.865234375 0.34375 0.87109375 0.3402777777777778 0.876953125 0.3298611111111111 0.8828125 0.3298611111111111 0.88671875 0.3402777777777778 0.884765625 0.3472222222222222 0.875 0.3541666666666667 0.873046875 0.3611111111111111 0.875 0.3645833333333333 0.875 0.3784722222222222 0.8828125 0.3958333333333333 0.90234375 0.3958333333333333 0.904296875 0.3923611111111111 0.904296875 0.3854166666666667 0.900390625 0.3715277777777778 0.900390625 0.3611111111111111 0.904296875 0.3506944444444444 0.904296875 0.3333333333333333 0.90625 0.3263888888888889 0.921875 0.3020833333333333 0.92578125 0.3020833333333333 0.927734375 0.2986111111111111 0.9375 0.2986111111111111
2 0.408203125 0 0.408203125 0.020833333333333332 0.41015625 0.024305555555555556 0.41015625 0.03125 0.408203125 0.034722222222222224 0.41015625 0.03819444444444445 0.412109375 0.0625 0.40625 0.06597222222222222 0.396484375 0.08333333333333333 0.39453125 0.10416666666666667 0.390625 0.11805555555555555 0.390625 0.13541666666666666 0.38671875 0.13194444444444445 0.38671875 0.1076388888888889 0.390625 0.09027777777777778 0.390625 0.07291666666666667 0.388671875 0.06944444444444445 0.388671875 0.0625 0.37890625 0.04513888888888889 0.375 0.04513888888888889 0.373046875 0.03819444444444445 0.375 0.034722222222222224 0.375 0.024305555555555556 0.380859375 0.017361111111111112 0.384765625 0.017361111111111112 0.392578125 0 0.40625 0
2 0.310546875 0.2222222222222222 0.314453125 0.22569444444444445 0.314453125 0.2326388888888889 0.322265625 0.2534722222222222 0.322265625 0.2743055555555556 0.326171875 0.28125 0.326171875 0.3090277777777778 0.322265625 0.3159722222222222 0.314453125 0.3159722222222222 0.3125 0.3125 0.310546875 0.2534722222222222 0.30859375 0.25 0.310546875 0.2465277777777778 0.310546875 0.22569444444444445
2 0.96484375 0.3194444444444444 0.970703125 0.3333333333333333 0.978515625 0.3333333333333333 0.9765625 0.3368055555555556 0.98046875 0.3472222222222222 0.98828125 0.34375 0.98828125 0.3506944444444444 0.990234375 0.3541666666666667 0.990234375 0.3576388888888889 0.98828125 0.3576388888888889 0.98046875 0.3472222222222222 0.9765625 0.3541666666666667 0.9765625 0.3611111111111111 0.978515625 0.3645833333333333 0.9765625 0.3645833333333333 0.974609375 0.3715277777777778 0.9765625 0.375 0.982421875 0.375 0.982421875 0.3819444444444444 0.98046875 0.3854166666666667 0.9765625 0.3819444444444444 0.974609375 0.3854166666666667 0.974609375 0.3923611111111111 0.982421875 0.4027777777777778 0.982421875 0.4097222222222222 0.986328125 0.4236111111111111 0.982421875 0.4305555555555556 0.984375 0.4340277777777778 0.982421875 0.4409722222222222 0.97265625 0.4409722222222222 0.970703125 0.4444444444444444 0.966796875 0.4340277777777778 0.966796875 0.4097222222222222 0.96875 0.40625 0.96875 0.3958333333333333 0.974609375 0.3819444444444444 0.974609375 0.3611111111111111 0.96875 0.3506944444444444 0.96484375 0.3506944444444444 0.962890625 0.3472222222222222 0.96484375 0.34375 0.962890625 0.3402777777777778 0.962890625 0.3298611111111111 0.96484375 0.3229166666666667
2 0.98828125 0.2951388888888889 0.994140625 0.3055555555555556 0.99609375 0.3055555555555556 0.998046875 0.3125 0.998046875 0.3784722222222222 0.994140625 0.3958333333333333 0.99609375 0.4027777777777778 0.99609375 0.4305555555555556 0.998046875 0.4340277777777778 0.998046875 0.4756944444444444 0.9921875 0.4756944444444444 0.982421875 0.4548611111111111 0.9765625 0.4548611111111111 0.97265625 0.4513888888888889 0.96875 0.4444444444444444 0.96875 0.4340277777777778 0.966796875 0.4305555555555556 0.96875 0.3888888888888889 0.97265625 0.3819444444444444 0.974609375 0.3611111111111111 0.962890625 0.3472222222222222 0.962890625 0.3159722222222222 0.96875 0.3020833333333333 0.9765625 0.2951388888888889 0.986328125 0.2951388888888889
2 0.169921875 0 0.1953125 0 0.197265625 0.010416666666666666 0.205078125 0.017361111111111112 0.2109375 0.027777777777777776 0.2109375 0.04861111111111111 0.203125 0.0763888888888889 0.203125 0.08680555555555555 0.197265625 0.0763888888888889 0.1875 0.06597222222222222 0.1875 0.03125 0.185546875 0.024305555555555556 0.1796875 0.017361111111111112 0.173828125 0.017361111111111112 0.16796875 0.027777777777777776 0.16796875 0.0625 0.158203125 0.0625 0.154296875 0.04513888888888889 0.154296875 0.024305555555555556 0.15625 0.020833333333333332 0.16796875 0.020833333333333332 0.169921875 0.017361111111111112 0.169921875 0.003472222222222222
2 0.359375 0.006944444444444444 0.369140625 0.024305555555555556 0.369140625 0.041666666666666664 0.375 0.052083333333333336 0.380859375 0.052083333333333336 0.388671875 0.06597222222222222 0.388671875 0.0763888888888889 0.390625 0.0798611111111111 0.390625 0.08680555555555555 0.38671875 0.09375 0.38671875 0.10069444444444445 0.384765625 0.10416666666666667 0.38671875 0.1597222222222222 0.388671875 0.16319444444444445 0.390625 0.19444444444444445 0.38671875 0.2048611111111111 0.384765625 0.21875 0.380859375 0.22569444444444445 0.380859375 0.2222222222222222 0.375 0.21180555555555555 0.37109375 0.2152777777777778 0.37109375 0.22569444444444445 0.369140625 0.22916666666666666 0.369140625 0.2881944444444444 0.37109375 0.2916666666666667 0.37109375 0.3090277777777778 0.373046875 0.3125 0.37109375 0.3194444444444444 0.36328125 0.3194444444444444 0.36328125 0.2916666666666667 0.357421875 0.2708333333333333 0.357421875 0.2152777777777778 0.3515625 0.1875 0.3515625 0.18055555555555555 0.353515625 0.17708333333333334 0.3515625 0.1736111111111111 0.353515625 0.1701388888888889 0.353515625 0.125 0.349609375 0.12152777777777778 0.337890625 0.1388888888888889 0.333984375 0.1284722222222222 0.333984375 0.12152777777777778 0.337890625 0.1111111111111111 0.333984375 0.10069444444444445 0.333984375 0.0798611111111111 0.3359375 0.0763888888888889 0.3359375 0.06944444444444445 0.34375 0.06597222222222222 0.349609375 0.059027777777777776 0.349609375 0.04513888888888889 0.345703125 0.03819444444444445 0.345703125 0.020833333333333332 0.3515625 0.006944444444444444 0.357421875 0.006944444444444444
2 0.728515625 0.3090277777777778 0.736328125 0.3229166666666667 0.736328125 0.3541666666666667 0.7421875 0.3611111111111111 0.748046875 0.3611111111111111 0.748046875 0.3645833333333333 0.740234375 0.375 0.734375 0.3923611111111111 0.734375 0.3993055555555556 0.732421875 0.4027777777777778 0.734375 0.4305555555555556 0.7265625 0.4513888888888889 0.724609375 0.4652777777777778 0.720703125 0.4652777777777778 0.712890625 0.4479166666666667 0.708984375 0.4479166666666667 0.70703125 0.4513888888888889 0.701171875 0.4756944444444444 0.689453125 0.5069444444444444 0.69140625 0.5381944444444444 0.685546875 0.5381944444444444 0.6796875 0.5590277777777778 0.67578125 0.5590277777777778 0.67578125 0.5486111111111112 0.6796875 0.5347222222222222 0.6796875 0.5208333333333334 0.68359375 0.5104166666666666 0.6875 0.4652777777777778 0.69921875 0.4131944444444444 0.693359375 0.3993055555555556 0.693359375 0.3680555555555556 0.69140625 0.3645833333333333 0.693359375 0.3611111111111111 0.693359375 0.3472222222222222 0.6953125 0.34375 0.697265625 0.3263888888888889 0.703125 0.3125 0.7109375 0.3055555555555556 0.724609375 0.3055555555555556 0.7265625 0.3090277777777778
2 0.85546875 0.24305555555555555 0.857421875 0.24305555555555555 0.86328125 0.2569444444444444 0.86328125 0.2951388888888889 0.859375 0.3090277777777778 0.869140625 0.3298611111111111 0.86328125 0.3368055555555556 0.857421875 0.3298611111111111 0.85546875 0.3229166666666667 0.857421875 0.3194444444444444 0.85546875 0.2847222222222222 0.8515625 0.2777777777777778 0.849609375 0.28125 0.841796875 0.2777777777777778 0.837890625 0.2847222222222222 0.8359375 0.3263888888888889 0.83203125 0.3333333333333333 0.82421875 0.3333333333333333 0.82421875 0.3263888888888889 0.830078125 0.3090277777777778 0.830078125 0.2638888888888889 0.83203125 0.2604166666666667 0.833984375 0.2708333333333333 0.83984375 0.2777777777777778 0.849609375 0.2777777777777778 0.853515625 0.2708333333333333 0.853515625 0.2534722222222222 0.85546875 0.2465277777777778
2 0.337890625 0.2708333333333333 0.3359375 0.2638888888888889 0.333984375 0.2361111111111111 0.33203125 0.2326388888888889 0.33203125 0.1701388888888889 0.330078125 0.16666666666666666 0.330078125 0.15625 0.333984375 0.14583333333333334 0.345703125 0.13194444444444445 0.3515625 0.13194444444444445 0.3515625 0.16666666666666666 0.349609375 0.1701388888888889 0.349609375 0.24305555555555555 0.34765625 0.2465277777777778 0.345703125 0.2673611111111111 0.34375 0.2708333333333333 0.33984375 0.2708333333333333
2 0.98828125 0.2951388888888889 0.998046875 0.3090277777777778 0.998046875 0.3819444444444444 0.99609375 0.3854166666666667 0.998046875 0.4756944444444444 0.9921875 0.4722222222222222 0.984375 0.4548611111111111 0.98046875 0.4513888888888889 0.974609375 0.4513888888888889 0.970703125 0.4444444444444444 0.96875 0.4375 0.96875 0.4270833333333333 0.966796875 0.4236111111111111 0.96875 0.3993055555555556 0.974609375 0.3784722222222222 0.974609375 0.3611111111111111 0.96875 0.3506944444444444 0.966796875 0.3506944444444444 0.962890625 0.3402777777777778 0.962890625 0.3159722222222222 0.96875 0.3020833333333333 0.9765625 0.2951388888888889 0.986328125 0.2951388888888889
2 0.802734375 0.5416666666666666 0.8046875 0.5451388888888888 0.822265625 0.5451388888888888 0.822265625 0.5486111111111112 0.8203125 0.5486111111111112 0.810546875 0.5694444444444444 0.81640625 0.5763888888888888 0.82421875 0.5763888888888888 0.828125 0.5798611111111112 0.828125 0.5972222222222222 0.830078125 0.6006944444444444 0.830078125 0.6076388888888888 0.828125 0.6111111111111112 0.82421875 0.6041666666666666 0.8203125 0.6041666666666666 0.818359375 0.6006944444444444 0.80859375 0.6006944444444444 0.806640625 0.6041666666666666 0.814453125 0.6215277777777778 0.83203125 0.6840277777777778 0.83203125 0.6909722222222222 0.826171875 0.7152777777777778 0.828125 0.71875 0.828125 0.7673611111111112 0.826171875 0.7708333333333334 0.828125 0.7743055555555556 0.828125 0.8020833333333334 0.83203125 0.8125 0.83984375 0.8159722222222222 0.845703125 0.8263888888888888 0.853515625 0.8263888888888888 0.861328125 0.8333333333333334 0.861328125 0.8402777777777778 0.853515625 0.8506944444444444 0.833984375 0.8506944444444444 0.83203125 0.8541666666666666 0.822265625 0.8541666666666666 0.8203125 0.8576388888888888 0.814453125 0.8576388888888888 0.80859375 0.8506944444444444 0.80859375 0.8298611111111112 0.810546875 0.8263888888888888 0.810546875 0.7777777777777778 0.80859375 0.7743055555555556 0.806640625 0.75 0.8046875 0.7465277777777778 0.8046875 0.7048611111111112 0.802734375 0.7013888888888888 0.802734375 0.6944444444444444 0.7890625 0.6597222222222222 0.787109375 0.6527777777777778 0.787109375 0.6423611111111112 0.783203125 0.6354166666666666 0.78125 0.625 0.771484375 0.6111111111111112 0.765625 0.5902777777777778 0.76953125 0.5798611111111112 0.76953125 0.5659722222222222 0.771484375 0.5590277777777778 0.78125 0.5381944444444444 0.794921875 0.5381944444444444 0.796875 0.5416666666666666 0.80078125 0.5416666666666666
2 0.7890625 0.3680555555555556 0.794921875 0.3819444444444444 0.796875 0.4027777777777778 0.80078125 0.4097222222222222 0.806640625 0.4027777777777778 0.810546875 0.4027777777777778 0.814453125 0.40625 0.81640625 0.4131944444444444 0.8125 0.4131944444444444 0.80859375 0.40625 0.8046875 0.40625 0.802734375 0.4097222222222222 0.8046875 0.4131944444444444 0.802734375 0.4166666666666667 0.802734375 0.4236111111111111 0.798828125 0.4375 0.798828125 0.4479166666666667 0.796875 0.4513888888888889 0.798828125 0.4583333333333333 0.794921875 0.46875 0.796875 0.4756944444444444 0.794921875 0.4756944444444444 0.7890625 0.4861111111111111 0.791015625 0.4930555555555556 0.8046875 0.5034722222222222 0.828125 0.5034722222222222 0.830078125 0.5 0.837890625 0.5 0.857421875 0.4861111111111111 0.8671875 0.4861111111111111 0.869140625 0.4826388888888889 0.892578125 0.4826388888888889 0.89453125 0.4861111111111111 0.89453125 0.5034722222222222 0.892578125 0.5069444444444444 0.86328125 0.5069444444444444 0.853515625 0.5138888888888888 0.84765625 0.5243055555555556 0.84765625 0.5277777777777778 0.84375 0.53125 0.837890625 0.53125 0.8359375 0.5347222222222222 0.826171875 0.5347222222222222 0.82421875 0.5381944444444444 0.80078125 0.5381944444444444 0.791015625 0.53125 0.78125 0.53125 0.76953125 0.5555555555555556 0.763671875 0.5798611111111112 0.7578125 0.59375 0.7578125 0.6041666666666666 0.759765625 0.6076388888888888 0.767578125 0.6076388888888888 0.77734375 0.625 0.779296875 0.625 0.779296875 0.6354166666666666 0.783203125 0.6423611111111112 0.783203125 0.6493055555555556 0.787109375 0.6631944444444444 0.798828125 0.6944444444444444 0.798828125 0.7118055555555556 0.79296875 0.7326388888888888 0.79296875 0.7534722222222222 0.791015625 0.7569444444444444 0.791015625 0.7673611111111112 0.783203125 0.7986111111111112 0.783203125 0.8298611111111112 0.787109375 0.8402777777777778 0.7890625 0.8402777777777778 0.798828125 0.8576388888888888 0.806640625 0.8645833333333334 0.806640625 0.8715277777777778 0.80078125 0.8819444444444444 0.796875 0.8819444444444444 0.794921875 0.8854166666666666 0.78125 0.8854166666666666 0.779296875 0.8819444444444444 0.7734375 0.8819444444444444 0.76953125 0.8680555555555556 0.763671875 0.8576388888888888 0.755859375 0.8506944444444444 0.755859375 0.8368055555555556 0.76171875 0.8263888888888888 0.76171875 0.8194444444444444 0.765625 0.8125 0.765625 0.78125 0.763671875 0.7777777777777778 0.763671875 0.7708333333333334 0.765625 0.7673611111111112 0.765625 0.7326388888888888 0.767578125 0.7291666666666666 0.767578125 0.7222222222222222 0.763671875 0.7083333333333334 0.7578125 0.6979166666666666 0.751953125 0.6944444444444444 0.744140625 0.6840277777777778 0.740234375 0.6840277777777778 0.732421875 0.6770833333333334 0.724609375 0.6666666666666666 0.720703125 0.6666666666666666 0.708984375 0.6909722222222222 0.705078125 0.7083333333333334 0.6953125 0.7291666666666666 0.685546875 0.7638888888888888 0.681640625 0.7708333333333334 0.673828125 0.7777777777777778 0.669921875 0.7777777777777778 0.66015625 0.7881944444444444 0.658203125 0.7951388888888888 0.65625 0.7951388888888888 0.62109375 0.8472222222222222 0.615234375 0.8680555555555556 0.615234375 0.8993055555555556 0.611328125 0.9027777777777778 0.603515625 0.9027777777777778 0.595703125 0.8958333333333334 0.59375 0.8888888888888888 0.59375 0.875 0.591796875 0.8715277777777778 0.591796875 0.8576388888888888 0.6171875 0.8159722222222222 0.619140625 0.8055555555555556 0.625 0.7951388888888888 0.626953125 0.7847222222222222 0.63671875 0.7673611111111112 0.63671875 0.7638888888888888 0.65625 0.7430555555555556 0.65625 0.7361111111111112 0.662109375 0.7152777777777778 0.662109375 0.6979166666666666 0.6640625 0.6944444444444444 0.6640625 0.6840277777777778 0.66796875 0.6736111111111112 0.66796875 0.6597222222222222 0.671875 0.6423611111111112 0.671875 0.6145833333333334 0.673828125 0.6111111111111112 0.673828125 0.59375 0.67578125 0.5902777777777778 0.67578125 0.5833333333333334 0.681640625 0.5694444444444444 0.689453125 0.5625 0.703125 0.5381944444444444 0.705078125 0.5381944444444444 0.712890625 0.5208333333333334 0.712890625 0.5138888888888888 0.7265625 0.46875 0.728515625 0.4513888888888889 0.740234375 0.4236111111111111 0.736328125 0.4097222222222222 0.740234375 0.3819444444444444 0.748046875 0.3680555555555556 0.759765625 0.3576388888888889 0.783203125 0.3611111111111111 0.787109375 0.3680555555555556
2 0.099609375 0 0.1015625 0.020833333333333332 0.103515625 0.024305555555555556 0.103515625 0.041666666666666664 0.107421875 0.04861111111111111 0.107421875 0.05555555555555555 0.1171875 0.09375 0.1171875 0.10069444444444445 0.123046875 0.11458333333333333 0.123046875 0.13541666666666666 0.12109375 0.1423611111111111 0.119140625 0.1423611111111111 0.115234375 0.13194444444444445 0.115234375 0.11805555555555555 0.111328125 0.10069444444444445 0.109375 0.10069444444444445 0.1015625 0.08680555555555555 0.099609375 0.08680555555555555 0.095703125 0.09375 0.095703125 0.10069444444444445 0.09375 0.10069444444444445 0.080078125 0.0763888888888889 0.083984375 0.06944444444444445 0.08203125 0.04513888888888889 0.07421875 0.03125 0.068359375 0.027777777777777776 0.0625 0.017361111111111112 0.0625 0.003472222222222222 0.064453125 0 0.09765625 0
2 0.603515625 0.006944444444444444 0.609375 0.027777777777777776 0.609375 0.03819444444444445 0.607421875 0.041666666666666664 0.609375 0.04861111111111111 0.611328125 0.052083333333333336 0.619140625 0.052083333333333336 0.623046875 0.0625 0.623046875 0.09027777777777778 0.625 0.09375 0.625 0.1111111111111111 0.626953125 0.11458333333333333 0.626953125 0.15625 0.62890625 0.1597222222222222 0.62890625 0.1840277777777778 0.623046875 0.2013888888888889 0.623046875 0.21875 0.62109375 0.2222222222222222 0.623046875 0.2465277777777778 0.625 0.25 0.625 0.2673611111111111 0.623046875 0.2708333333333333 0.623046875 0.3125 0.62890625 0.3194444444444444 0.630859375 0.3263888888888889 0.6171875 0.3263888888888889 0.615234375 0.3194444444444444 0.615234375 0.2881944444444444 0.61328125 0.2847222222222222 0.611328125 0.24305555555555555 0.60546875 0.2152777777777778 0.6015625 0.21180555555555555 0.599609375 0.2152777777777778 0.599609375 0.24305555555555555 0.59765625 0.2465277777777778 0.59765625 0.2569444444444444 0.599609375 0.2604166666666667 0.599609375 0.3090277777777778 0.603515625 0.3194444444444444 0.603515625 0.3263888888888889 0.599609375 0.3263888888888889 0.59765625 0.3298611111111111 0.591796875 0.3263888888888889 0.59375 0.3020833333333333 0.5859375 0.2673611111111111 0.5859375 0.2534722222222222 0.587890625 0.25 0.587890625 0.2222222222222222 0.5859375 0.21875 0.5859375 0.20833333333333334 0.578125 0.19444444444444445 0.576171875 0.1736111111111111 0.57421875 0.1701388888888889 0.576171875 0.1527777777777778 0.57421875 0.14930555555555555 0.57421875 0.1284722222222222 0.5703125 0.11805555555555555 0.5703125 0.09375 0.57421875 0.0798611111111111 0.572265625 0.0763888888888889 0.57421875 0.06597222222222222 0.5859375 0.04861111111111111 0.5859375 0.03819444444444445 0.583984375 0.034722222222222224 0.5859375 0.013888888888888888 0.59375 0.003472222222222222 0.599609375 0.003472222222222222 0.6015625 0.006944444444444444
2 0.546875 0 0.55078125 0.013888888888888888 0.55078125 0.03125 0.548828125 0.03819444444444445 0.5546875 0.04861111111111111 0.560546875 0.04861111111111111 0.564453125 0.052083333333333336 0.564453125 0.06597222222222222 0.56640625 0.06944444444444445 0.564453125 0.07291666666666667 0.564453125 0.09027777777777778 0.5625 0.09375 0.5625 0.10416666666666667 0.564453125 0.1076388888888889 0.564453125 0.14930555555555555 0.56640625 0.1527777777777778 0.56640625 0.1736111111111111 0.5625 0.1736111111111111 0.560546875 0.1701388888888889 0.55859375 0.1736111111111111 0.55859375 0.1909722222222222 0.560546875 0.19444444444444445 0.55859375 0.22916666666666666 0.560546875 0.2326388888888889 0.560546875 0.25 0.5625 0.2534722222222222 0.5625 0.2638888888888889 0.560546875 0.2673611111111111 0.560546875 0.2986111111111111 0.5703125 0.3159722222222222 0.568359375 0.3229166666666667 0.560546875 0.3229166666666667 0.5546875 0.3125 0.5546875 0.28125 0.55078125 0.2638888888888889 0.55078125 0.23958333333333334 0.54296875 0.21180555555555555 0.54296875 0.1284722222222222 0.5390625 0.11805555555555555 0.5390625 0.0763888888888889 0.53125 0.059027777777777776 0.53125 0.04861111111111111 0.529296875 0.04513888888888889 0.529296875 0.024305555555555556 0.52734375 0.020833333333333332 0.52734375 0.010416666666666666 0.53125 0 0.544921875 0
2 0.314453125 0 0.318359375 0.013888888888888888 0.318359375 0.04513888888888889 0.3203125 0.04861111111111111 0.330078125 0.04513888888888889 0.3359375 0.052083333333333336 0.3359375 0.06597222222222222 0.33203125 0.0763888888888889 0.33203125 0.10069444444444445 0.330078125 0.10416666666666667 0.33203125 0.1111111111111111 0.330078125 0.125 0.3359375 0.13541666666666666 0.3359375 0.1423611111111111 0.330078125 0.1527777777777778 0.330078125 0.2361111111111111 0.3359375 0.2604166666666667 0.3359375 0.2881944444444444 0.337890625 0.2916666666666667 0.33984375 0.3090277777777778 0.345703125 0.3194444444444444 0.345703125 0.3229166666666667 0.341796875 0.3263888888888889 0.333984375 0.3229166666666667 0.33203125 0.3159722222222222 0.33203125 0.3055555555555556 0.330078125 0.3020833333333333 0.330078125 0.2847222222222222 0.32421875 0.2673611111111111 0.32421875 0.2604166666666667 0.318359375 0.2465277777777778 0.318359375 0.2361111111111111 0.310546875 0.2152777777777778 0.30859375 0.21875 0.30859375 0.2569444444444444 0.3046875 0.2708333333333333 0.3046875 0.28125 0.30859375 0.2986111111111111 0.30859375 0.3229166666666667 0.296875 0.3229166666666667 0.296875 0.3159722222222222 0.298828125 0.3125 0.298828125 0.2881944444444444 0.29296875 0.2638888888888889 0.29296875 0.2465277777777778 0.294921875 0.24305555555555555 0.29296875 0.2361111111111111 0.294921875 0.22916666666666666 0.29296875 0.22569444444444445 0.29296875 0.21180555555555555 0.2890625 0.2013888888888889 0.2890625 0.1875 0.287109375 0.1840277777777778 0.287109375 0.13194444444444445 0.28515625 0.1284722222222222 0.287109375 0.09722222222222222 0.28515625 0.09375 0.279296875 0.09375 0.275390625 0.10069444444444445 0.265625 0.10069444444444445 0.265625 0.08333333333333333 0.27734375 0.059027777777777776 0.279296875 0.04513888888888889 0.28125 0.041666666666666664 0.291015625 0.041666666666666664 0.294921875 0.034722222222222224 0.296875 0.003472222222222222 0.298828125 0 0.3125 0
2 0.302734375 0.4166666666666667 0.31640625 0.4305555555555556 0.318359375 0.4444444444444444 0.322265625 0.4548611111111111 0.3203125 0.4618055555555556 0.3203125 0.4722222222222222 0.328125 0.5 0.328125 0.5277777777777778 0.326171875 0.53125 0.314453125 0.53125 0.310546875 0.5381944444444444 0.310546875 0.5486111111111112 0.31640625 0.5659722222222222 0.31640625 0.6388888888888888 0.318359375 0.6423611111111112 0.318359375 0.6701388888888888 0.333984375 0.7013888888888888 0.33984375 0.7222222222222222 0.341796875 0.7465277777777778 0.3515625 0.78125 0.3515625 0.8020833333333334 0.349609375 0.8090277777777778 0.34375 0.8090277777777778 0.341796875 0.8125 0.3359375 0.8090277777777778 0.3359375 0.7743055555555556 0.33203125 0.7569444444444444 0.328125 0.75 0.32421875 0.7326388888888888 0.3125 0.7013888888888888 0.296875 0.6701388888888888 0.296875 0.6631944444444444 0.283203125 0.6215277777777778 0.279296875 0.6215277777777778 0.271484375 0.6423611111111112 0.263671875 0.6423611111111112 0.26171875 0.6388888888888888 0.251953125 0.6493055555555556 0.248046875 0.6493055555555556 0.2421875 0.65625 0.234375 0.6597222222222222 0.228515625 0.6701388888888888 0.228515625 0.7013888888888888 0.2265625 0.7048611111111112 0.2265625 0.7152777777777778 0.228515625 0.71875 0.228515625 0.7534722222222222 0.220703125 0.7604166666666666 0.208984375 0.78125 0.19921875 0.7881944444444444 0.1953125 0.7847222222222222 0.1953125 0.7743055555555556 0.2109375 0.7465277777777778 0.21484375 0.7326388888888888 0.212890625 0.7291666666666666 0.212890625 0.7152777777777778 0.2109375 0.7118055555555556 0.208984375 0.6840277777777778 0.20703125 0.6805555555555556 0.20703125 0.6631944444444444 0.2109375 0.6458333333333334 0.234375 0.6006944444444444 0.234375 0.5972222222222222 0.259765625 0.5590277777777778 0.2578125 0.5243055555555556 0.25390625 0.5138888888888888 0.251953125 0.5138888888888888 0.248046875 0.5243055555555556 0.244140625 0.5277777777777778 0.23046875 0.5243055555555556 0.22265625 0.5173611111111112 0.22265625 0.5 0.2265625 0.4930555555555556 0.232421875 0.4930555555555556 0.23828125 0.4826388888888889 0.23828125 0.4652777777777778 0.236328125 0.4618055555555556 0.236328125 0.4409722222222222 0.23828125 0.4340277777777778 0.24609375 0.4236111111111111 0.251953125 0.4236111111111111 0.2578125 0.4131944444444444 0.251953125 0.3993055555555556 0.251953125 0.3680555555555556 0.25390625 0.3645833333333333 0.255859375 0.34375 0.26171875 0.3333333333333333 0.267578125 0.3333333333333333 0.26953125 0.3298611111111111 0.28125 0.3333333333333333 0.2890625 0.3472222222222222 0.29296875 0.3645833333333333 0.291015625 0.4131944444444444 0.29296875 0.4166666666666667 0.30078125 0.4166666666666667