0 0.568359375 0.4305555555555556 0.576171875 0.4305555555555556 0.578125 0.4375 0.576171875 0.4444444444444444 0.568359375 0.4479166666666667 0.56640625 0.4444444444444444 0.56640625 0.4375 0.568359375 0.4340277777777778
0 0.35546875 0.6666666666666666 0.359375 0.6736111111111112 0.359375 0.6840277777777778 0.35546875 0.6909722222222222 0.3515625 0.6909722222222222 0.34765625 0.6840277777777778 0.34765625 0.6770833333333334 0.353515625 0.6701388888888888
0 0.310546875 0.25 0.318359375 0.25 0.322265625 0.2569444444444444 0.3203125 0.2673611111111111 0.318359375 0.2708333333333333 0.314453125 0.2708333333333333 0.310546875 0.2638888888888889 0.310546875 0.2534722222222222
0 0.294921875 0.09722222222222222 0.296875 0.10416666666666667 0.294921875 0.11805555555555555 0.2890625 0.1111111111111111 0.2890625 0.10069444444444445 0.29296875 0.09722222222222222
0 0.33541666666666664 0.27685185185185185 0.013541666666666667 0.024074074074074074
0 0.630859375 0.10416666666666667 0.6328125 0.1076388888888889 0.6328125 0.11805555555555555 0.626953125 0.125 0.623046875 0.12152777777777778 0.623046875 0.1111111111111111 0.62890625 0.10416666666666667
0 0.1640625 0.16666666666666666 0.171875 0.16666666666666666 0.17578125 0.17708333333333334 0.171875 0.1875 0.1640625 0.18055555555555555 0.1640625 0.1701388888888889
0 0.3546875 0.3013888888888889 0.011458333333333333 0.026851851851851852
0 0.31640625 0.2951388888888889 0.326171875 0.3020833333333333 0.326171875 0.3159722222222222 0.32421875 0.3194444444444444 0.318359375 0.3194444444444444 0.3125 0.3125 0.31640625 0.2986111111111111
0 0.5 0.6388888888888888 0.5078125 0.6388888888888888 0.51171875 0.6493055555555556 0.50390625 0.6631944444444444 0.501953125 0.6631944444444444 0.498046875 0.6597222222222222 0.498046875 0.6458333333333334 0.5 0.6423611111111112
0 0.3221354166666667 0.21157407407407405 0.0140625 0.025
0 0.310546875 0.2152777777777778 0.314453125 0.2152777777777778 0.318359375 0.2222222222222222 0.318359375 0.2326388888888889 0.31640625 0.2361111111111111 0.3125 0.2361111111111111 0.30859375 0.22916666666666666 0.30859375 0.2222222222222222 0.310546875 0.21875
0 0.35546875 0.22569444444444445 0.3515625 0.2152777777777778 0.3515625 0.20833333333333334 0.353515625 0.2048611111111111 0.359375 0.2048611111111111 0.361328125 0.20833333333333334 0.361328125 0.22569444444444445 0.357421875 0.22569444444444445
0 0.322265625 0.2986111111111111 0.32421875 0.3020833333333333 0.318359375 0.3090277777777778 0.318359375 0.3159722222222222 0.30859375 0.3090277777777778 0.306640625 0.3055555555555556 0.306640625 0.2986111111111111 0.310546875 0.2916666666666667 0.31640625 0.2916666666666667 0.3203125 0.2986111111111111
0 0.19140625 0.2361111111111111 0.197265625 0.2465277777777778 0.193359375 0.2569444444444444 0.185546875 0.2534722222222222 0.185546875 0.23958333333333334 0.189453125 0.2361111111111111
0 0.7890625 0.2951388888888889 0.7890625 0.28125 0.79296875 0.2743055555555556 0.798828125 0.2743055555555556 0.802734375 0.2847222222222222 0.796875 0.2951388888888889 0.791015625 0.2951388888888889
0 0.359375 0.23958333333333334 0.361328125 0.24305555555555555 0.361328125 0.2604166666666667 0.359375 0.2638888888888889 0.35546875 0.2638888888888889 0.353515625 0.2604166666666667 0.353515625 0.24305555555555555 0.357421875 0.23958333333333334
0 0.36328125 0.3368055555555556 0.3671875 0.3368055555555556 0.369140625 0.3402777777777778 0.369140625 0.3506944444444444 0.365234375 0.3576388888888889 0.361328125 0.3506944444444444 0.361328125 0.34375 0.36328125 0.3402777777777778
0 0.498046875 0.1875 0.50390625 0.1840277777777778 0.5078125 0.1909722222222222 0.5078125 0.19444444444444445 0.501953125 0.2013888888888889 0.498046875 0.2013888888888889 0.498046875 0.1909722222222222
0 0.373046875 0.1284722222222222 0.376953125 0.1388888888888889 0.373046875 0.14930555555555555 0.3671875 0.14930555555555555 0.365234375 0.14583333333333334 0.3671875 0.13194444444444445 0.37109375 0.1284722222222222
0 0.3984375 0.08333333333333333 0.404296875 0.08333333333333333 0.40625 0.09027777777777778 0.404296875 0.10069444444444445 0.40234375 0.10416666666666667 0.3984375 0.10416666666666667 0.396484375 0.10069444444444445 0.396484375 0.09027777777777778 0.3984375 0.08680555555555555
0 0.326171875 0.4305555555555556 0.330078125 0.4375 0.328125 0.4513888888888889 0.318359375 0.4479166666666667 0.318359375 0.4375 0.32421875 0.4305555555555556
1 0.365234375 0.3263888888888889 0.359375 0.3159722222222222 0.359375 0.3090277777777778 0.361328125 0.3055555555555556 0.359375 0.2916666666666667 0.365234375 0.2847222222222222 0.375 0.2847222222222222 0.376953125 0.2881944444444444 0.384765625 0.2881944444444444 0.388671875 0.2986111111111111 0.38671875 0.3298611111111111 0.380859375 0.3333333333333333 0.375 0.3229166666666667 0.3671875 0.3229166666666667
1 0.330078125 0.2743055555555556 0.3359375 0.2847222222222222 0.3359375 0.2986111111111111 0.33203125 0.2951388888888889 0.3203125 0.2951388888888889 0.3125 0.2881944444444444 0.31640625 0.2777777777777778 0.328125 0.2743055555555556
1 0.2890625 0.1111111111111111 0.29296875 0.11805555555555555 0.29296875 0.125 0.28515625 0.14583333333333334 0.27734375 0.14583333333333334 0.27734375 0.13541666666666666 0.283203125 0.11458333333333333 0.287109375 0.1111111111111111
1 0.63671875 0.11805555555555555 0.640625 0.13541666666666666 0.640625 0.14930555555555555 0.638671875 0.14583333333333334 0.630859375 0.14583333333333334 0.62890625 0.13541666666666666 0.625 0.13194444444444445 0.62890625 0.12152777777777778 0.634765625 0.11805555555555555
1 0.30078125 0.2222222222222222 0.302734375 0.2152777777777778 0.306640625 0.2152777777777778 0.3125 0.20833333333333334 0.314453125 0.20833333333333334 0.318359375 0.21875 0.318359375 0.22569444444444445 0.31640625 0.22569444444444445 0.314453125 0.21875 0.302734375 0.2222222222222222
1 0.1640625 0.18055555555555555 0.171875 0.1909722222222222 0.171875 0.19791666666666666 0.169921875 0.2013888888888889 0.169921875 0.2222222222222222 0.166015625 0.22916666666666666 0.162109375 0.22569444444444445 0.162109375 0.2013888888888889 0.16015625 0.19791666666666666 0.162109375 0.1840277777777778
1 0.30859375 0.21875 0.30859375 0.2222222222222222 0.314453125 0.22916666666666666 0.314453125 0.2361111111111111 0.31640625 0.23958333333333334 0.314453125 0.2465277777777778 0.30859375 0.2465277777777778 0.306640625 0.24305555555555555 0.2890625 0.24305555555555555 0.2890625 0.23958333333333334 0.30078125 0.2222222222222222 0.306640625 0.21875
1 0.388671875 0.20833333333333334 0.390625 0.2222222222222222 0.38671875 0.2326388888888889 0.37109375 0.2326388888888889 0.369140625 0.2361111111111111 0.361328125 0.22569444444444445 0.36328125 0.2222222222222222 0.361328125 0.2152777777777778 0.36328125 0.20833333333333334 0.373046875 0.20833333333333334 0.375 0.2048611111111111 0.384765625 0.2048611111111111 0.38671875 0.20833333333333334
1 0.30859375 0.3055555555555556 0.310546875 0.3125 0.318359375 0.3194444444444444 0.318359375 0.3263888888888889 0.3125 0.3263888888888889 0.30859375 0.3333333333333333 0.302734375 0.3333333333333333 0.30078125 0.3368055555555556 0.302734375 0.3472222222222222 0.30078125 0.3472222222222222 0.294921875 0.3263888888888889 0.294921875 0.3194444444444444 0.306640625 0.3055555555555556
1 0.580078125 0.4444444444444444 0.583984375 0.4513888888888889 0.583984375 0.4826388888888889 0.578125 0.4826388888888889 0.578125 0.4722222222222222 0.580078125 0.46875 0.578125 0.4652777777777778 0.57421875 0.4652777777777778 0.572265625 0.46875 0.5703125 0.4618055555555556 0.5703125 0.4513888888888889 0.578125 0.4444444444444444
1 0.310546875 0.2604166666666667 0.314453125 0.2708333333333333 0.314453125 0.2777777777777778 0.310546875 0.28125 0.302734375 0.28125 0.294921875 0.2743055555555556 0.28515625 0.2743055555555556 0.3046875 0.2569444444444444 0.30859375 0.2604166666666667
1 0.189453125 0.2569444444444444 0.19140625 0.2604166666666667 0.19140625 0.2673611111111111 0.18359375 0.2881944444444444 0.171875 0.2881944444444444 0.171875 0.2777777777777778 0.18359375 0.2534722222222222 0.1875 0.2569444444444444
1 0.3828125 0.14583333333333334 0.38671875 0.15625 0.38671875 0.1701388888888889 0.376953125 0.1840277777777778 0.373046875 0.1736111111111111 0.373046875 0.14930555555555555 0.376953125 0.1423611111111111 0.380859375 0.14583333333333334
1 0.802734375 0.2916666666666667 0.806640625 0.3090277777777778 0.806640625 0.3229166666666667 0.80859375 0.3263888888888889 0.806640625 0.3333333333333333 0.8046875 0.3298611111111111 0.796875 0.3333333333333333 0.794921875 0.3263888888888889 0.79296875 0.3020833333333333 0.798828125 0.2916666666666667 0.80078125 0.2916666666666667
1 0.36328125 0.24305555555555555 0.3671875 0.24305555555555555 0.373046875 0.2361111111111111 0.38671875 0.2361111111111111 0.392578125 0.2465277777777778 0.392578125 0.2534722222222222 0.384765625 0.2604166666666667 0.375 0.2604166666666667 0.369140625 0.2708333333333333 0.369140625 0.2743055555555556 0.36328125 0.2673611111111111 0.36328125 0.2465277777777778
1 0.3828125 0.3541666666666667 0.39453125 0.3715277777777778 0.392578125 0.3784722222222222 0.3828125 0.3854166666666667 0.373046875 0.3854166666666667 0.373046875 0.3784722222222222 0.3671875 0.3680555555555556 0.365234375 0.3680555555555556 0.365234375 0.3576388888888889 0.369140625 0.3506944444444444 0.37890625 0.3506944444444444 0.380859375 0.3541666666666667
1 0.5078125 0.21342592592592594 0.019791666666666666 0.036111111111111115
1 0.515625 0.6527777777777778 0.5234375 0.6666666666666666 0.533203125 0.6979166666666666 0.529296875 0.7048611111111112 0.521484375 0.7048611111111112 0.515625 0.6909722222222222 0.509765625 0.6909722222222222 0.505859375 0.6805555555555556 0.50390625 0.6666666666666666 0.51171875 0.6527777777777778 0.513671875 0.6527777777777778
1 0.3984375 0.1527777777777778 0.3984375 0.13541666666666666 0.400390625 0.13194444444444445 0.3984375 0.125 0.3984375 0.1076388888888889 0.404296875 0.10069444444444445 0.41015625 0.1076388888888889 0.412109375 0.1388888888888889 0.408203125 0.15625 0.40234375 0.15625 0.400390625 0.1527777777777778
1 0.30859375 0.5 0.310546875 0.46875 0.3125 0.4652777777777778 0.3125 0.4583333333333333 0.31640625 0.4513888888888889 0.322265625 0.4513888888888889 0.326171875 0.4548611111111111 0.326171875 0.4652777777777778 0.32421875 0.46875 0.32421875 0.4756944444444444 0.318359375 0.4826388888888889 0.318359375 0.4965277777777778 0.310546875 0.5
1 0.408203125 0.10069444444444445 0.41015625 0.1076388888888889 0.41015625 0.12152777777777778 0.408203125 0.12152777777777778 0.404296875 0.13194444444444445 0.40234375 0.13194444444444445 0.3984375 0.12152777777777778 0.3984375 0.1076388888888889 0.40625 0.10069444444444445
1 0.345703125 0.6840277777777778 0.35546875 0.6979166666666666 0.353515625 0.7083333333333334 0.3515625 0.7118055555555556 0.349609375 0.7083333333333334 0.33984375 0.7291666666666666 0.3359375 0.7291666666666666 0.328125 0.7222222222222222 0.33203125 0.7083333333333334 0.33984375 0.6944444444444444 0.33984375 0.6909722222222222 0.34375 0.6875
2 0.56640625 0.5034722222222222 0.56640625 0.4965277777777778 0.572265625 0.4826388888888889 0.5703125 0.4548611111111111 0.56640625 0.4444444444444444 0.56640625 0.4375 0.5703125 0.4305555555555556 0.576171875 0.4305555555555556 0.578125 0.4409722222222222 0.583984375 0.4548611111111111 0.583984375 0.4826388888888889 0.5859375 0.4861111111111111 0.5859375 0.4965277777777778 0.583984375 0.5 0.583984375 0.5173611111111112 0.58203125 0.5243055555555556 0.5859375 0.5381944444444444 0.587890625 0.5625 0.58203125 0.5625 0.578125 0.5590277777777778 0.58203125 0.5486111111111112 0.58203125 0.5381944444444444 0.578125 0.5277777777777778 0.57421875 0.53125 0.568359375 0.5451388888888888 0.5703125 0.5486111111111112 0.568359375 0.5555555555555556 0.560546875 0.5555555555555556 0.55859375 0.5520833333333334 0.568359375 0.5381944444444444 0.568359375 0.53125 0.5703125 0.5277777777777778 0.5703125 0.5069444444444444 0.568359375 0.5034722222222222
2 0.376953125 0.2847222222222222 0.37890625 0.2881944444444444 0.384765625 0.2881944444444444 0.388671875 0.2951388888888889 0.388671875 0.3298611111111111 0.390625 0.3333333333333333 0.39453125 0.3333333333333333 0.3984375 0.3402777777777778 0.404296875 0.3402777777777778 0.408203125 0.34375 0.408203125 0.3506944444444444 0.404296875 0.3576388888888889 0.400390625 0.3576388888888889 0.400390625 0.3472222222222222 0.3984375 0.34375 0.384765625 0.34375 0.3828125 0.3472222222222222 0.376953125 0.3472222222222222 0.37109375 0.3368055555555556 0.36328125 0.3368055555555556 0.36328125 0.3229166666666667 0.349609375 0.3055555555555556 0.3515625 0.2916666666666667 0.35546875 0.2881944444444444 0.359375 0.2916666666666667 0.365234375 0.2847222222222222 0.375 0.2847222222222222
2 0.3359375 0.2673611111111111 0.341796875 0.2743055555555556 0.341796875 0.28125 0.33984375 0.2847222222222222 0.33984375 0.2916666666666667 0.333984375 0.3055555555555556 0.33984375 0.3263888888888889 0.34765625 0.3368055555555556 0.345703125 0.34375 0.341796875 0.34375 0.341796875 0.3368055555555556 0.337890625 0.3298611111111111 0.337890625 0.3159722222222222 0.3359375 0.3125 0.33203125 0.3090277777777778 0.328125 0.3125 0.328125 0.3055555555555556 0.322265625 0.2951388888888889 0.3125 0.2881944444444444 0.318359375 0.2777777777777778 0.333984375 0.2673611111111111
2 0.294921875 0.09722222222222222 0.296875 0.1111111111111111 0.291015625 0.1284722222222222 0.291015625 0.14583333333333334 0.294921875 0.1597222222222222 0.291015625 0.1736111111111111 0.291015625 0.19791666666666666 0.294921875 0.2048611111111111 0.287109375 0.2048611111111111 0.287109375 0.17708333333333334 0.283203125 0.1701388888888889 0.26953125 0.1875 0.267578125 0.19444444444444445 0.26953125 0.2048611111111111 0.26171875 0.19791666666666666 0.275390625 0.16319444444444445 0.275390625 0.1423611111111111 0.283203125 0.11458333333333333 0.2890625 0.10416666666666667 0.2890625 0.10069444444444445 0.29296875 0.09722222222222222
2 0.306640625 0.2152777777777778 0.318359375 0.2013888888888889 0.32421875 0.2013888888888889 0.328125 0.20833333333333334 0.328125 0.2152777777777778 0.3203125 0.22916666666666666 0.33203125 0.2604166666666667 0.328125 0.2604166666666667 0.318359375 0.24305555555555555 0.318359375 0.2222222222222222 0.314453125 0.2152777777777778 0.30859375 0.2152777777777778 0.306640625 0.21875 0.30078125 0.21875 0.3046875 0.2152777777777778
2 0.1640625 0.16666666666666666 0.171875 0.16666666666666666 0.17578125 0.17708333333333334 0.171875 0.1909722222222222 0.171875 0.20833333333333334 0.169921875 0.21180555555555555 0.169921875 0.21875 0.171875 0.2222222222222222 0.171875 0.23958333333333334 0.169921875 0.24305555555555555 0.169921875 0.28125 0.1640625 0.28125 0.1640625 0.2708333333333333 0.162109375 0.2673611111111111 0.1640625 0.2534722222222222 0.16015625 0.23958333333333334 0.16015625 0.20833333333333334 0.162109375 0.2048611111111111 0.16015625 0.2013888888888889 0.16015625 0.1909722222222222 0.162109375 0.1875 0.162109375 0.17708333333333334 0.1640625 0.1701388888888889
2 0.326171875 0.4305555555555556 0.330078125 0.4444444444444444 0.326171875 0.4548611111111111 0.326171875 0.46875 0.32421875 0.4722222222222222 0.32421875 0.5034722222222222 0.326171875 0.5069444444444444 0.326171875 0.5347222222222222 0.328125 0.5381944444444444 0.328125 0.5520833333333334 0.333984375 0.5625 0.32421875 0.5625 0.32421875 0.5381944444444444 0.3203125 0.5208333333333334 0.31640625 0.5173611111111112 0.296875 0.5590277777777778 0.30078125 0.5694444444444444 0.294921875 0.5694444444444444 0.291015625 0.5625 0.3046875 0.5277777777777778 0.306640625 0.4930555555555556 0.310546875 0.4791666666666667 0.3125 0.4583333333333333 0.318359375 0.4479166666666667 0.318359375 0.4375 0.32421875 0.4305555555555556
2 0.5 0.6388888888888888 0.5078125 0.6388888888888888 0.509765625 0.6458333333333334 0.5234375 0.6666666666666666 0.529296875 0.6875 0.533203125 0.6944444444444444 0.533203125 0.7013888888888888 0.529296875 0.7118055555555556 0.529296875 0.7222222222222222 0.5234375 0.7361111111111112 0.529296875 0.7743055555555556 0.52734375 0.7777777777777778 0.521484375 0.7777777777777778 0.517578125 0.7847222222222222 0.5078125 0.7847222222222222 0.5078125 0.78125 0.515625 0.7673611111111112 0.515625 0.7256944444444444 0.513671875 0.7222222222222222 0.51171875 0.6979166666666666 0.50390625 0.6736111111111112 0.50390625 0.6666666666666666 0.498046875 0.65625 0.498046875 0.6458333333333334 0.5 0.6423611111111112
2 0.353515625 0.2048611111111111 0.361328125 0.2048611111111111 0.36328125 0.20833333333333334 0.384765625 0.2048611111111111 0.390625 0.21180555555555555 0.390625 0.22569444444444445 0.388671875 0.2326388888888889 0.373046875 0.2326388888888889 0.365234375 0.23958333333333334 0.36328125 0.2326388888888889 0.35546875 0.22569444444444445 0.3515625 0.2152777777777778 0.353515625 0.20833333333333334
2 0.310546875 0.2916666666666667 0.3125 0.2951388888888889 0.322265625 0.2986111111111111 0.326171875 0.3055555555555556 0.32421875 0.3229166666666667 0.318359375 0.3333333333333333 0.318359375 0.34375 0.31640625 0.3472222222222222 0.318359375 0.3541666666666667 0.314453125 0.3680555555555556 0.314453125 0.3923611111111111 0.31640625 0.3993055555555556 0.30859375 0.3993055555555556 0.30859375 0.3819444444444444 0.306640625 0.3784722222222222 0.291015625 0.3993055555555556 0.291015625 0.4097222222222222 0.2890625 0.4131944444444444 0.287109375 0.4097222222222222 0.283203125 0.4097222222222222 0.283203125 0.4027777777777778 0.2890625 0.3923611111111111 0.2890625 0.3888888888888889 0.294921875 0.3819444444444444 0.294921875 0.3611111111111111 0.2890625 0.3402777777777778 0.291015625 0.3194444444444444 0.30078125 0.3125 0.30859375 0.2951388888888889
2 0.310546875 0.25 0.318359375 0.25 0.322265625 0.2604166666666667 0.31640625 0.2777777777777778 0.310546875 0.2847222222222222 0.296875 0.3125 0.2890625 0.3125 0.291015625 0.2986111111111111 0.283203125 0.28125 0.283203125 0.2743055555555556 0.28515625 0.2708333333333333 0.298828125 0.2638888888888889 0.310546875 0.2534722222222222
2 0.19140625 0.2361111111111111 0.197265625 0.25 0.185546875 0.2847222222222222 0.185546875 0.3229166666666667 0.193359375 0.34375 0.185546875 0.34375 0.18359375 0.3402777777777778 0.18359375 0.3263888888888889 0.181640625 0.3194444444444444 0.177734375 0.3159722222222222 0.171875 0.3333333333333333 0.171875 0.3402777777777778 0.17578125 0.3506944444444444 0.16796875 0.3506944444444444 0.166015625 0.3472222222222222 0.16796875 0.3402777777777778 0.16796875 0.3298611111111111 0.171875 0.3159722222222222 0.169921875 0.2847222222222222 0.17578125 0.2673611111111111 0.18359375 0.2534722222222222 0.185546875 0.23958333333333334 0.189453125 0.2361111111111111
2 0.630859375 0.10416666666666667 0.640625 0.125 0.64453125 0.1388888888888889 0.642578125 0.14583333333333334 0.642578125 0.1597222222222222 0.638671875 0.1736111111111111 0.638671875 0.2048611111111111 0.63671875 0.21180555555555555 0.6328125 0.21180555555555555 0.630859375 0.2048611111111111 0.625 0.2048611111111111 0.62890625 0.19444444444444445 0.62890625 0.1875 0.626953125 0.1840277777777778 0.626953125 0.16666666666666666 0.625 0.16319444444444445 0.626953125 0.13541666666666666 0.623046875 0.13194444444444445 0.623046875 0.1111111111111111 0.62890625 0.10416666666666667
2 0.80078125 0.2777777777777778 0.802734375 0.2847222222222222 0.802734375 0.2951388888888889 0.806640625 0.3090277777777778 0.80859375 0.3333333333333333 0.810546875 0.3368055555555556 0.810546875 0.3506944444444444 0.806640625 0.3611111111111111 0.8046875 0.3993055555555556 0.796875 0.3993055555555556 0.79296875 0.3888888888888889 0.796875 0.3784722222222222 0.796875 0.3506944444444444 0.79296875 0.3402777777777778 0.794921875 0.3125 0.79296875 0.3090277777777778 0.79296875 0.2986111111111111 0.7890625 0.2951388888888889 0.7890625 0.28125 0.794921875 0.2743055555555556 0.798828125 0.2777777777777778
2 0.388671875 0.2361111111111111 0.39453125 0.25 0.400390625 0.25 0.40234375 0.2534722222222222 0.400390625 0.2673611111111111 0.39453125 0.2673611111111111 0.392578125 0.2743055555555556 0.396484375 0.28125 0.404296875 0.28125 0.40625 0.2881944444444444 0.404296875 0.2986111111111111 0.400390625 0.2986111111111111 0.400390625 0.2916666666666667 0.3984375 0.2881944444444444 0.3828125 0.2847222222222222 0.373046875 0.2743055555555556 0.3671875 0.28125 0.353515625 0.2604166666666667 0.353515625 0.24305555555555555 0.35546875 0.23958333333333334 0.365234375 0.24305555555555555 0.373046875 0.2361111111111111 0.38671875 0.2361111111111111
2 0.39453125 0.3680555555555556 0.396484375 0.375 0.396484375 0.3854166666666667 0.392578125 0.4027777777777778 0.408203125 0.4236111111111111 0.408203125 0.4305555555555556 0.40625 0.4340277777777778 0.40234375 0.4340277777777778 0.40234375 0.4236111111111111 0.390625 0.4131944444444444 0.3828125 0.3993055555555556 0.37890625 0.40625 0.380859375 0.4270833333333333 0.3828125 0.4305555555555556 0.380859375 0.4340277777777778 0.373046875 0.4340277777777778 0.376953125 0.4236111111111111 0.375 0.4097222222222222 0.37109375 0.4027777777777778 0.373046875 0.3784722222222222 0.36328125 0.3645833333333333 0.361328125 0.34375 0.36328125 0.3402777777777778 0.369140625 0.3402777777777778 0.375 0.3506944444444444 0.384765625 0.3541666666666667 0.392578125 0.3680555555555556
2 0.373046875 0.1284722222222222 0.384765625 0.14930555555555555 0.38671875 0.1597222222222222 0.390625 0.16666666666666666 0.390625 0.19444444444444445 0.400390625 0.21180555555555555 0.400390625 0.2152777777777778 0.39453125 0.2222222222222222 0.39453125 0.2152777777777778 0.38671875 0.2013888888888889 0.3828125 0.19791666666666666 0.373046875 0.2013888888888889 0.375 0.19791666666666666 0.373046875 0.19444444444444445 0.373046875 0.1597222222222222 0.365234375 0.1423611111111111 0.3671875 0.13194444444444445 0.37109375 0.1284722222222222
2 0.404296875 0.08333333333333333 0.40625 0.09722222222222222 0.41015625 0.1076388888888889 0.41015625 0.12152777777777778 0.412109375 0.125 0.412109375 0.1423611111111111 0.41015625 0.14583333333333334 0.41015625 0.1736111111111111 0.412109375 0.17708333333333334 0.412109375 0.1909722222222222 0.408203125 0.19444444444444445 0.404296875 0.1875 0.40234375 0.1701388888888889 0.396484375 0.15625 0.396484375 0.1388888888888889 0.3984375 0.13541666666666666 0.396484375 0.09027777777777778 0.40234375 0.08333333333333333
2 0.498046875 0.1875 0.50390625 0.1840277777777778 0.5078125 0.1909722222222222 0.513671875 0.20833333333333334 0.513671875 0.2152777777777778 0.51953125 0.22916666666666666 0.51953125 0.24305555555555555 0.513671875 0.2569444444444444 0.513671875 0.2951388888888889 0.515625 0.3020833333333333 0.509765625 0.3090277777777778 0.505859375 0.3090277777777778 0.505859375 0.2916666666666667 0.5078125 0.2881944444444444 0.50390625 0.2708333333333333 0.50390625 0.2465277777777778 0.505859375 0.24305555555555555 0.505859375 0.2361111111111111 0.501953125 0.21875 0.498046875 0.21180555555555555 0.498046875 0.1909722222222222
2 0.30859375 0.2152777777777778 0.310546875 0.21875 0.314453125 0.21875 0.318359375 0.22569444444444445 0.31640625 0.2465277777777778 0.310546875 0.2465277777777778 0.306640625 0.2534722222222222 0.29296875 0.2638888888888889 0.2890625 0.2638888888888889 0.28515625 0.2569444444444444 0.28515625 0.24305555555555555 0.296875 0.22569444444444445 0.306640625 0.21875
2 0.35546875 0.6666666666666666 0.359375 0.6736111111111112 0.359375 0.6875 0.35546875 0.6944444444444444 0.35546875 0.7048611111111112 0.353515625 0.7118055555555556 0.349609375 0.71875 0.349609375 0.7430555555555556 0.353515625 0.75 0.353515625 0.7569444444444444 0.349609375 0.7638888888888888 0.349609375 0.7708333333333334 0.3515625 0.7743055555555556 0.3515625 0.7847222222222222 0.361328125 0.7986111111111112 0.34765625 0.7986111111111112 0.345703125 0.7604166666666666 0.33984375 0.75 0.3359375 0.75 0.33203125 0.7569444444444444 0.33203125 0.7638888888888888 0.322265625 0.78125 0.31640625 0.7847222222222222 0.310546875 0.7951388888888888 0.3125 0.8090277777777778 0.30859375 0.8090277777777778 0.302734375 0.7986111111111112 0.302734375 0.7916666666666666 0.30859375 0.7881944444444444 0.32421875 0.7638888888888888 0.326171875 0.7222222222222222 0.341796875 0.6909722222222222 0.341796875 0.6875 0.34375 0.6875 0.34765625 0.6770833333333334 0.353515625 0.6701388888888888