0 0.83203125 0.2847222222222222 0.837890625 0.3055555555555556 0.83984375 0.3333333333333333 0.837890625 0.3402777777777778 0.82421875 0.3611111111111111 0.822265625 0.3715277777777778 0.8203125 0.3715277777777778 0.818359375 0.3784722222222222 0.814453125 0.3819444444444444 0.810546875 0.3819444444444444 0.802734375 0.3645833333333333 0.80078125 0.3333333333333333 0.798828125 0.3298611111111111 0.798828125 0.3159722222222222 0.796875 0.3125 0.798828125 0.3090277777777778 0.80078125 0.2916666666666667 0.8046875 0.2847222222222222 0.80859375 0.2847222222222222 0.810546875 0.28125 0.82421875 0.28125 0.826171875 0.2847222222222222 0.830078125 0.2847222222222222
0 0.755859375 0.3229166666666667 0.759765625 0.3263888888888889 0.767578125 0.34375 0.767578125 0.3680555555555556 0.765625 0.3715277777777778 0.765625 0.3784722222222222 0.75390625 0.3784722222222222 0.751953125 0.375 0.728515625 0.3715277777777778 0.7265625 0.3680555555555556 0.7265625 0.3472222222222222 0.732421875 0.3298611111111111 0.7421875 0.3194444444444444 0.751953125 0.3194444444444444 0.75390625 0.3229166666666667
0 0.44921875 0.3368055555555556 0.45703125 0.3472222222222222 0.462890625 0.3645833333333333 0.462890625 0.4027777777777778 0.45703125 0.40625 0.455078125 0.4131944444444444 0.451171875 0.4166666666666667 0.4375 0.4097222222222222 0.427734375 0.3958333333333333 0.4140625 0.3958333333333333 0.412109375 0.3888888888888889 0.412109375 0.3576388888888889 0.4140625 0.3541666666666667 0.4140625 0.3472222222222222 0.427734375 0.3333333333333333 0.4453125 0.3333333333333333 0.447265625 0.3368055555555556
0 0.314453125 0.3125 0.31640625 0.3159722222222222 0.32421875 0.3159722222222222 0.33203125 0.3298611111111111 0.33203125 0.3368055555555556 0.3359375 0.3472222222222222 0.333984375 0.3819444444444444 0.33203125 0.3854166666666667 0.31640625 0.3854166666666667 0.314453125 0.3819444444444444 0.31640625 0.3680555555555556 0.3125 0.3576388888888889 0.310546875 0.34375 0.302734375 0.3298611111111111 0.306640625 0.3159722222222222 0.3125 0.3159722222222222
0 0.87890625 0.3020833333333333 0.88671875 0.3090277777777778 0.892578125 0.3333333333333333 0.892578125 0.3541666666666667 0.888671875 0.3680555555555556 0.880859375 0.3680555555555556 0.8515625 0.3472222222222222 0.857421875 0.3194444444444444 0.8671875 0.3055555555555556 0.87109375 0.3020833333333333 0.876953125 0.3020833333333333
0 0.6622395833333333 0.35509259259259257 0.04114583333333333 0.05277777777777778
0 0.671875 0.3298611111111111 0.671875 0.3368055555555556 0.68359375 0.3576388888888889 0.68359375 0.3680555555555556 0.689453125 0.3819444444444444 0.689453125 0.3993055555555556 0.685546875 0.40625 0.673828125 0.3854166666666667 0.662109375 0.375 0.65625 0.375 0.650390625 0.3680555555555556 0.64453125 0.3680555555555556 0.642578125 0.3645833333333333 0.642578125 0.34375 0.6484375 0.3298611111111111 0.669921875 0.3298611111111111
0 0.091796875 0.3888888888888889 0.12109375 0.3888888888888889 0.130859375 0.40625 0.130859375 0.4166666666666667 0.1328125 0.4201388888888889 0.1328125 0.4618055555555556 0.12890625 0.4652777777777778 0.12109375 0.4652777777777778 0.119140625 0.46875 0.109375 0.46875 0.103515625 0.4618055555555556 0.099609375 0.4618055555555556 0.099609375 0.4583333333333333 0.0859375 0.4340277777777778 0.0859375 0.4236111111111111 0.087890625 0.4201388888888889 0.087890625 0.4097222222222222 0.091796875 0.3923611111111111
0 0.298828125 0.3263888888888889 0.30859375 0.34375 0.314453125 0.3680555555555556 0.3125 0.3715277777777778 0.314453125 0.3819444444444444 0.3125 0.3854166666666667 0.30859375 0.3819444444444444 0.2890625 0.3819444444444444 0.283203125 0.3888888888888889 0.27734375 0.3888888888888889 0.27734375 0.3576388888888889 0.279296875 0.3541666666666667 0.279296875 0.3472222222222222 0.287109375 0.3298611111111111 0.29296875 0.3298611111111111 0.296875 0.3263888888888889
0 0.625 0.3368055555555556 0.625 0.3194444444444444 0.626953125 0.3125 0.638671875 0.2986111111111111 0.65625 0.2986111111111111 0.658203125 0.3020833333333333 0.662109375 0.3020833333333333 0.66796875 0.3125 0.666015625 0.3229166666666667 0.6640625 0.3263888888888889 0.6484375 0.3263888888888889 0.640625 0.3402777777777778 0.62890625 0.3402777777777778 0.626953125 0.3368055555555556
0 0.66796875 0.3159722222222222 0.67578125 0.3159722222222222 0.6796875 0.3194444444444444 0.6875 0.3333333333333333 0.69140625 0.3472222222222222 0.69140625 0.3680555555555556 0.689453125 0.375 0.685546875 0.375 0.681640625 0.3576388888888889 0.669921875 0.3368055555555556 0.66796875 0.3298611111111111 0.66796875 0.3194444444444444
1 0.751953125 0.3784722222222222 0.75390625 0.3819444444444444 0.763671875 0.3819444444444444 0.767578125 0.3854166666666667 0.7734375 0.3993055555555556 0.755859375 0.40625 0.7421875 0.4270833333333333 0.744140625 0.4340277777777778 0.751953125 0.4444444444444444 0.7578125 0.4375 0.76171875 0.4375 0.763671875 0.4409722222222222 0.763671875 0.4548611111111111 0.759765625 0.4722222222222222 0.75390625 0.4826388888888889 0.751953125 0.4930555555555556 0.740234375 0.5138888888888888 0.740234375 0.5173611111111112 0.736328125 0.5208333333333334 0.724609375 0.5173611111111112 0.71484375 0.5069444444444444 0.70703125 0.5069444444444444 0.705078125 0.5034722222222222 0.697265625 0.5034722222222222 0.6953125 0.5 0.68359375 0.5 0.681640625 0.4965277777777778 0.671875 0.4965277777777778 0.671875 0.4861111111111111 0.673828125 0.4861111111111111 0.67578125 0.4791666666666667 0.693359375 0.4513888888888889 0.697265625 0.4305555555555556 0.701171875 0.4270833333333333 0.703125 0.4097222222222222 0.712890625 0.3888888888888889 0.71875 0.3819444444444444 0.72265625 0.3819444444444444 0.73046875 0.375 0.744140625 0.375 0.74609375 0.3784722222222222 0.75 0.3784722222222222
1 0.640625 0.34375 0.642578125 0.3506944444444444 0.640625 0.3645833333333333 0.62109375 0.3715277777777778 0.615234375 0.3819444444444444 0.615234375 0.3923611111111111 0.623046875 0.3993055555555556 0.623046875 0.4131944444444444 0.62109375 0.4166666666666667 0.619140625 0.4340277777777778 0.615234375 0.4409722222222222 0.615234375 0.4652777777777778 0.61328125 0.46875 0.61328125 0.4756944444444444 0.603515625 0.5069444444444444 0.6015625 0.5069444444444444 0.595703125 0.5208333333333334 0.583984375 0.5173611111111112 0.58203125 0.5138888888888888 0.578125 0.5208333333333334 0.578125 0.5069444444444444 0.583984375 0.4895833333333333 0.583984375 0.4826388888888889 0.6015625 0.4375 0.6015625 0.4270833333333333 0.60546875 0.4131944444444444 0.60546875 0.3993055555555556 0.609375 0.3923611111111111 0.609375 0.3715277777777778 0.61328125 0.3645833333333333 0.615234375 0.3541666666666667 0.62109375 0.34375 0.638671875 0.34375
1 0.423828125 0.4236111111111111 0.439453125 0.4375 0.447265625 0.4513888888888889 0.44921875 0.4756944444444444 0.443359375 0.4826388888888889 0.44140625 0.4965277777777778 0.443359375 0.5034722222222222 0.453125 0.5173611111111112 0.451171875 0.5381944444444444 0.44921875 0.5416666666666666 0.44921875 0.5555555555555556 0.44140625 0.5625 0.4296875 0.5625 0.427734375 0.5659722222222222 0.423828125 0.5625 0.412109375 0.5625 0.404296875 0.5555555555555556 0.404296875 0.5486111111111112 0.40234375 0.5451388888888888 0.40234375 0.5243055555555556 0.400390625 0.5208333333333334 0.400390625 0.4895833333333333 0.39453125 0.4791666666666667 0.396484375 0.4409722222222222 0.404296875 0.4305555555555556 0.408203125 0.4305555555555556 0.416015625 0.4236111111111111 0.421875 0.4236111111111111
1 0.353515625 0.3819444444444444 0.357421875 0.3993055555555556 0.357421875 0.4097222222222222 0.35546875 0.4131944444444444 0.34765625 0.4131944444444444 0.345703125 0.4027777777777778 0.333984375 0.3854166666666667 0.3359375 0.3784722222222222 0.349609375 0.3784722222222222 0.3515625 0.3819444444444444
1 0.349609375 0.3784722222222222 0.353515625 0.3819444444444444 0.35546875 0.3888888888888889 0.35546875 0.3993055555555556 0.357421875 0.4027777777777778 0.35546875 0.4166666666666667 0.3515625 0.4166666666666667 0.349609375 0.4201388888888889 0.34375 0.3993055555555556 0.33984375 0.3923611111111111 0.326171875 0.3854166666666667 0.33203125 0.375 0.3359375 0.3784722222222222 0.34765625 0.3784722222222222
1 0.841796875 0.3472222222222222 0.84375 0.3506944444444444 0.865234375 0.3576388888888889 0.875 0.3680555555555556 0.884765625 0.3715277777777778 0.900390625 0.3854166666666667 0.90625 0.3958333333333333 0.904296875 0.4305555555555556 0.89453125 0.4375 0.876953125 0.4618055555555556 0.873046875 0.4791666666666667 0.873046875 0.4930555555555556 0.873046875 0.4861111111111111 0.865234375 0.4791666666666667 0.859375 0.4791666666666667 0.857421875 0.4756944444444444 0.84375 0.4756944444444444 0.841796875 0.4722222222222222 0.82421875 0.46875 0.814453125 0.4618055555555556 0.81640625 0.4548611111111111 0.81640625 0.4444444444444444 0.82421875 0.4236111111111111 0.82421875 0.4166666666666667 0.822265625 0.4131944444444444 0.82421875 0.3715277777777778 0.830078125 0.3576388888888889 0.8359375 0.3506944444444444 0.83984375 0.3506944444444444
1 0.078125 0.4375 0.087890625 0.4444444444444444 0.095703125 0.4583333333333333 0.09765625 0.4861111111111111 0.099609375 0.4895833333333333 0.095703125 0.5381944444444444 0.09375 0.5347222222222222 0.080078125 0.53125 0.076171875 0.5243055555555556 0.072265625 0.5138888888888888 0.07421875 0.4965277777777778 0.0703125 0.4895833333333333 0.056640625 0.4895833333333333 0.052734375 0.4930555555555556 0.052734375 0.4861111111111111 0.056640625 0.4722222222222222 0.056640625 0.4513888888888889 0.06640625 0.4375 0.076171875 0.4375
1 0.33984375 0.3958333333333333 0.34375 0.4027777777777778 0.345703125 0.4166666666666667 0.33984375 0.4270833333333333 0.33984375 0.4618055555555556 0.337890625 0.4652777777777778 0.337890625 0.4756944444444444 0.330078125 0.4930555555555556 0.328125 0.5138888888888888 0.314453125 0.5104166666666666 0.3125 0.5069444444444444 0.279296875 0.5069444444444444 0.2734375 0.5138888888888888 0.271484375 0.5104166666666666 0.271484375 0.4826388888888889 0.26953125 0.4791666666666667 0.267578125 0.4618055555555556 0.263671875 0.4548611111111111 0.263671875 0.4375 0.259765625 0.4236111111111111 0.25390625 0.4236111111111111 0.25390625 0.4097222222222222 0.26171875 0.3993055555555556 0.26953125 0.3993055555555556 0.271484375 0.3958333333333333 0.287109375 0.3923611111111111 0.2890625 0.3888888888888889 0.330078125 0.3888888888888889 0.337890625 0.3958333333333333
1 0.130859375 0.4652777777777778 0.134765625 0.4756944444444444 0.134765625 0.4930555555555556 0.123046875 0.5208333333333334 0.12109375 0.5347222222222222 0.109375 0.5347222222222222 0.107421875 0.5381944444444444 0.1015625 0.5381944444444444 0.1015625 0.5277777777777778 0.099609375 0.5243055555555556 0.099609375 0.5034722222222222 0.103515625 0.4965277777777778 0.111328125 0.4930555555555556 0.11328125 0.4895833333333333 0.11328125 0.4791666666666667 0.119140625 0.46875 0.125 0.46875 0.12890625 0.4652777777777778
1 0.662109375 0.3784722222222222 0.671875 0.3854166666666667 0.681640625 0.4027777777777778 0.681640625 0.4201388888888889 0.6640625 0.4201388888888889 0.658203125 0.4340277777777778 0.66015625 0.4479166666666667 0.66796875 0.4652777777777778 0.66796875 0.4895833333333333 0.666015625 0.4930555555555556 0.6640625 0.5104166666666666 0.658203125 0.5243055555555556 0.65625 0.5208333333333334 0.65234375 0.5208333333333334 0.64453125 0.5138888888888888 0.638671875 0.5138888888888888 0.63671875 0.5104166666666666 0.60546875 0.5104166666666666 0.60546875 0.5034722222222222 0.615234375 0.4756944444444444 0.615234375 0.4652777777777778 0.6171875 0.4618055555555556 0.615234375 0.4548611111111111 0.6171875 0.4513888888888889 0.6171875 0.4409722222222222 0.62109375 0.4305555555555556 0.62109375 0.4236111111111111 0.625 0.4131944444444444 0.625 0.3993055555555556 0.626953125 0.3993055555555556 0.6328125 0.3888888888888889 0.638671875 0.3888888888888889 0.650390625 0.3784722222222222 0.66015625 0.3784722222222222
1 0.6015625 0.4375 0.6015625 0.4270833333333333 0.60546875 0.4131944444444444 0.60546875 0.3993055555555556 0.609375 0.3888888888888889 0.609375 0.3715277777777778 0.615234375 0.3541666666666667 0.625 0.3402777777777778 0.634765625 0.3402777777777778 0.63671875 0.34375 0.640625 0.34375 0.642578125 0.3472222222222222 0.642578125 0.3611111111111111 0.634765625 0.3680555555555556 0.626953125 0.3680555555555556 0.615234375 0.3819444444444444 0.615234375 0.3923611111111111 0.623046875 0.3993055555555556 0.623046875 0.4131944444444444 0.6171875 0.4340277777777778 0.61328125 0.4409722222222222 0.611328125 0.4375 0.603515625 0.4375
1 0.693359375 0.3923611111111111 0.693359375 0.375 0.705078125 0.3611111111111111 0.7109375 0.3472222222222222 0.71484375 0.3472222222222222 0.716796875 0.34375 0.72265625 0.34375 0.724609375 0.3472222222222222 0.724609375 0.3645833333333333 0.7265625 0.3680555555555556 0.724609375 0.375 0.70703125 0.3958333333333333 0.69921875 0.3958333333333333 0.6953125 0.3923611111111111
1 0.771484375 0.4444444444444444 0.77734375 0.4444444444444444 0.78125 0.4513888888888889 0.796875 0.4513888888888889 0.806640625 0.4444444444444444 0.8125 0.4444444444444444 0.814453125 0.4479166666666667 0.802734375 0.4791666666666667 0.798828125 0.5208333333333334 0.79296875 0.5277777777777778 0.783203125 0.5277777777777778 0.78125 0.5208333333333334 0.78125 0.5104166666666666 0.779296875 0.5069444444444444 0.779296875 0.4722222222222222 0.78125 0.46875 0.78125 0.4513888888888889 0.7734375 0.4444444444444444
2 0.755859375 0.3229166666666667 0.759765625 0.3263888888888889 0.767578125 0.34375 0.767578125 0.3680555555555556 0.765625 0.3715277777777778 0.765625 0.3819444444444444 0.779296875 0.4097222222222222 0.783203125 0.4131944444444444 0.794921875 0.4131944444444444 0.796875 0.4166666666666667 0.814453125 0.4166666666666667 0.818359375 0.4236111111111111 0.814453125 0.4375 0.798828125 0.4409722222222222 0.796875 0.4444444444444444 0.78515625 0.4444444444444444 0.77734375 0.4375 0.767578125 0.4375 0.763671875 0.4479166666666667 0.76171875 0.4652777777777778 0.755859375 0.4791666666666667 0.75390625 0.4895833333333333 0.74609375 0.5034722222222222 0.74609375 0.5069444444444444 0.734375 0.5243055555555556 0.73828125 0.5486111111111112 0.74609375 0.5729166666666666 0.74609375 0.5798611111111112 0.75 0.5868055555555556 0.751953125 0.6145833333333334 0.755859375 0.625 0.755859375 0.6909722222222222 0.75390625 0.6944444444444444 0.75390625 0.7152777777777778 0.751953125 0.71875 0.751953125 0.7673611111111112 0.7421875 0.7673611111111112 0.736328125 0.7534722222222222 0.736328125 0.7430555555555556 0.73828125 0.7395833333333334 0.73828125 0.7048611111111112 0.736328125 0.7013888888888888 0.736328125 0.6736111111111112 0.734375 0.6701388888888888 0.734375 0.6527777777777778 0.732421875 0.6458333333333334 0.72265625 0.6284722222222222 0.703125 0.6111111111111112 0.69921875 0.6215277777777778 0.697265625 0.6493055555555556 0.689453125 0.6701388888888888 0.685546875 0.6736111111111112 0.67578125 0.7152777777777778 0.673828125 0.71875 0.669921875 0.71875 0.666015625 0.7256944444444444 0.662109375 0.7222222222222222 0.662109375 0.6979166666666666 0.66796875 0.6840277777777778 0.66796875 0.6736111111111112 0.671875 0.6666666666666666 0.671875 0.6597222222222222 0.67578125 0.6493055555555556 0.67578125 0.625 0.673828125 0.6215277777777778 0.671875 0.5972222222222222 0.66796875 0.5902777777777778 0.66796875 0.5763888888888888 0.6640625 0.5659722222222222 0.6640625 0.5486111111111112 0.662109375 0.5451388888888888 0.662109375 0.5381944444444444 0.6640625 0.5347222222222222 0.6640625 0.5208333333333334 0.66796875 0.5104166666666666 0.671875 0.4861111111111111 0.673828125 0.4861111111111111 0.6796875 0.4756944444444444 0.6796875 0.4722222222222222 0.693359375 0.4513888888888889 0.697265625 0.4340277777777778 0.701171875 0.4270833333333333 0.703125 0.4097222222222222 0.70703125 0.3993055555555556 0.71484375 0.3854166666666667 0.7265625 0.375 0.7265625 0.3472222222222222 0.728515625 0.3402777777777778 0.740234375 0.3229166666666667 0.744140625 0.3229166666666667 0.74609375 0.3194444444444444 0.75390625 0.3229166666666667
2 0.66015625 0.3020833333333333 0.666015625 0.3090277777777778 0.66796875 0.3194444444444444 0.6640625 0.3263888888888889 0.6484375 0.3263888888888889 0.642578125 0.3368055555555556 0.642578125 0.3576388888888889 0.640625 0.3645833333333333 0.626953125 0.3680555555555556 0.61328125 0.3888888888888889 0.6171875 0.3958333333333333 0.623046875 0.3958333333333333 0.623046875 0.4131944444444444 0.615234375 0.4409722222222222 0.615234375 0.4652777777777778 0.61328125 0.46875 0.61328125 0.4756944444444444 0.58984375 0.5416666666666666 0.58984375 0.5694444444444444 0.587890625 0.5763888888888888 0.583984375 0.5729166666666666 0.583984375 0.5659722222222222 0.578125 0.5520833333333334 0.576171875 0.5208333333333334 0.578125 0.5173611111111112 0.578125 0.5069444444444444 0.5859375 0.4791666666666667 0.6015625 0.4375 0.6015625 0.4236111111111111 0.60546875 0.4131944444444444 0.60546875 0.3993055555555556 0.609375 0.3854166666666667 0.609375 0.3715277777777778 0.61328125 0.3645833333333333 0.615234375 0.3541666666666667 0.625 0.3368055555555556 0.625 0.3194444444444444 0.626953125 0.3125 0.630859375 0.3090277777777778 0.630859375 0.3055555555555556 0.638671875 0.2986111111111111 0.65625 0.2986111111111111 0.658203125 0.3020833333333333
2 0.34375 0.5416666666666666 0.34765625 0.5416666666666666 0.35546875 0.5555555555555556 0.365234375 0.5902777777777778 0.369140625 0.5972222222222222 0.37109375 0.6076388888888888 0.376953125 0.6180555555555556 0.376953125 0.625 0.37890625 0.6284722222222222 0.37890625 0.6979166666666666 0.380859375 0.7013888888888888 0.380859375 0.7152777777777778 0.3828125 0.71875 0.3828125 0.7256944444444444 0.388671875 0.7361111111111112 0.388671875 0.7395833333333334 0.39453125 0.75 0.396484375 0.75 0.396484375 0.7604166666666666 0.39453125 0.7638888888888888 0.390625 0.7673611111111112 0.380859375 0.7673611111111112 0.375 0.7534722222222222 0.37109375 0.7395833333333334 0.37109375 0.7291666666666666 0.3671875 0.71875 0.3671875 0.7048611111111112 0.369140625 0.7013888888888888 0.369140625 0.6388888888888888 0.3671875 0.6354166666666666 0.3671875 0.6215277777777778 0.365234375 0.6180555555555556 0.36328125 0.6006944444444444 0.357421875 0.5868055555555556 0.357421875 0.5763888888888888 0.345703125 0.5451388888888888
2 0.443359375 0.3333333333333333 0.455078125 0.34375 0.462890625 0.3645833333333333 0.462890625 0.3993055555555556 0.458984375 0.4027777777777778 0.455078125 0.4097222222222222 0.453125 0.4201388888888889 0.44921875 0.4236111111111111 0.447265625 0.4305555555555556 0.44921875 0.4375 0.447265625 0.4444444444444444 0.44921875 0.4513888888888889 0.455078125 0.4583333333333333 0.455078125 0.46875 0.45703125 0.4722222222222222 0.466796875 0.4722222222222222 0.46875 0.4652777777777778 0.474609375 0.4583333333333333 0.48046875 0.4652777777777778 0.48046875 0.5069444444444444 0.478515625 0.5104166666666666 0.48046875 0.5138888888888888 0.48046875 0.5243055555555556 0.478515625 0.53125 0.4765625 0.5347222222222222 0.466796875 0.5347222222222222 0.455078125 0.5243055555555556 0.451171875 0.53125 0.44921875 0.5590277777777778 0.453125 0.5659722222222222 0.455078125 0.5833333333333334 0.458984375 0.5902777777777778 0.466796875 0.59375 0.4765625 0.6111111111111112 0.48046875 0.6284722222222222 0.490234375 0.6493055555555556 0.490234375 0.65625 0.4921875 0.6597222222222222 0.490234375 0.6631944444444444 0.490234375 0.6770833333333334 0.48828125 0.6805555555555556 0.48828125 0.6979166666666666 0.486328125 0.7013888888888888 0.486328125 0.7152777777777778 0.484375 0.71875 0.484375 0.7361111111111112 0.482421875 0.7395833333333334 0.482421875 0.7465277777777778 0.490234375 0.7569444444444444 0.5 0.7881944444444444 0.498046875 0.7916666666666666 0.484375 0.7881944444444444 0.474609375 0.7743055555555556 0.470703125 0.7743055555555556 0.4609375 0.7638888888888888 0.4609375 0.7569444444444444 0.466796875 0.7465277777777778 0.466796875 0.7326388888888888 0.46875 0.7291666666666666 0.46875 0.6840277777777778 0.470703125 0.6805555555555556 0.470703125 0.6666666666666666 0.462890625 0.65625 0.458984375 0.65625 0.455078125 0.6493055555555556 0.451171875 0.6493055555555556 0.443359375 0.6631944444444444 0.443359375 0.6701388888888888 0.431640625 0.6944444444444444 0.419921875 0.7361111111111112 0.41796875 0.7569444444444444 0.421875 0.7673611111111112 0.421875 0.7777777777777778 0.423828125 0.7847222222222222 0.4296875 0.7951388888888888 0.427734375 0.7986111111111112 0.416015625 0.7986111111111112 0.39453125 0.78125 0.39453125 0.7708333333333334 0.400390625 0.7604166666666666 0.40234375 0.7465277777777778 0.408203125 0.7291666666666666 0.412109375 0.6944444444444444 0.423828125 0.6631944444444444 0.40625 0.6041666666666666 0.40625 0.59375 0.404296875 0.5902777777777778 0.404296875 0.5729166666666666 0.40234375 0.5694444444444444 0.40234375 0.5590277777777778 0.404296875 0.5555555555555556 0.40234375 0.5520833333333334 0.40234375 0.5277777777777778 0.400390625 0.5243055555555556 0.400390625 0.4861111111111111 0.396484375 0.4791666666666667 0.396484375 0.4409722222222222 0.400390625 0.4340277777777778 0.408203125 0.4305555555555556 0.41796875 0.4201388888888889 0.416015625 0.3993055555555556 0.412109375 0.3854166666666667 0.412109375 0.3611111111111111 0.4140625 0.3576388888888889 0.4140625 0.3506944444444444 0.419921875 0.3402777777777778 0.427734375 0.3333333333333333 0.44140625 0.3333333333333333
2 0.8828125 0.3055555555555556 0.888671875 0.3159722222222222 0.892578125 0.3333333333333333 0.892578125 0.3541666666666667 0.888671875 0.3645833333333333 0.888671875 0.3715277777777778 0.89453125 0.3819444444444444 0.904296875 0.3923611111111111 0.90625 0.3993055555555556 0.90625 0.4097222222222222 0.904296875 0.4131944444444444 0.904296875 0.4270833333333333 0.892578125 0.4444444444444444 0.892578125 0.46875 0.890625 0.4722222222222222 0.890625 0.4930555555555556 0.888671875 0.4965277777777778 0.888671875 0.5069444444444444 0.88671875 0.5138888888888888 0.880859375 0.5173611111111112 0.876953125 0.5243055555555556 0.876953125 0.5555555555555556 0.88671875 0.5972222222222222 0.88671875 0.6180555555555556 0.888671875 0.6215277777777778 0.888671875 0.6319444444444444 0.88671875 0.6354166666666666 0.88671875 0.6458333333333334 0.880859375 0.6597222222222222 0.876953125 0.6840277777777778 0.87109375 0.6944444444444444 0.87109375 0.6979166666666666 0.86328125 0.7083333333333334 0.85546875 0.7326388888888888 0.857421875 0.7395833333333334 0.857421875 0.7604166666666666 0.86328125 0.78125 0.853515625 0.78125 0.84765625 0.7708333333333334 0.845703125 0.7708333333333334 0.837890625 0.7534722222222222 0.833984375 0.75 0.833984375 0.7326388888888888 0.845703125 0.7152777777777778 0.845703125 0.7083333333333334 0.8515625 0.6909722222222222 0.8515625 0.6840277777777778 0.85546875 0.6701388888888888 0.85546875 0.6597222222222222 0.859375 0.6458333333333334 0.859375 0.6180555555555556 0.857421875 0.6145833333333334 0.857421875 0.6041666666666666 0.83984375 0.5659722222222222 0.833984375 0.5729166666666666 0.833984375 0.5798611111111112 0.830078125 0.59375 0.830078125 0.6215277777777778 0.828125 0.625 0.828125 0.6319444444444444 0.82421875 0.6423611111111112 0.822265625 0.6423611111111112 0.814453125 0.65625 0.814453125 0.6597222222222222 0.80859375 0.6666666666666666 0.80859375 0.6701388888888888 0.791015625 0.7048611111111112 0.7890625 0.7152777777777778 0.78515625 0.7222222222222222 0.787109375 0.7291666666666666 0.787109375 0.7395833333333334 0.794921875 0.75 0.794921875 0.7604166666666666 0.796875 0.7638888888888888 0.791015625 0.7743055555555556 0.783203125 0.78125 0.76953125 0.78125 0.765625 0.7777777777777778 0.765625 0.75 0.763671875 0.7465277777777778 0.765625 0.7430555555555556 0.765625 0.7326388888888888 0.771484375 0.7256944444444444 0.77734375 0.7013888888888888 0.78515625 0.6805555555555556 0.78515625 0.6701388888888888 0.7890625 0.6527777777777778 0.79296875 0.6493055555555556 0.8046875 0.6180555555555556 0.806640625 0.5659722222222222 0.8046875 0.5625 0.8046875 0.5381944444444444 0.802734375 0.5347222222222222 0.802734375 0.4930555555555556 0.80859375 0.46875 0.81640625 0.4548611111111111 0.81640625 0.4444444444444444 0.822265625 0.4305555555555556 0.822265625 0.4166666666666667 0.818359375 0.40625 0.810546875 0.40625 0.80859375 0.4097222222222222 0.802734375 0.4097222222222222 0.798828125 0.40625 0.806640625 0.3993055555555556 0.8125 0.3888888888888889 0.822265625 0.3819444444444444 0.826171875 0.3645833333333333 0.8359375 0.3506944444444444 0.849609375 0.3506944444444444 0.853515625 0.3402777777777778 0.853515625 0.3333333333333333 0.857421875 0.3194444444444444 0.861328125 0.3125 0.873046875 0.3020833333333333 0.87890625 0.3020833333333333 0.880859375 0.3055555555555556
2 0.77734375 0.4583333333333333 0.779296875 0.4548611111111111 0.787109375 0.4548611111111111 0.7890625 0.4513888888888889 0.8125 0.4479166666666667 0.8125 0.4548611111111111 0.8046875 0.4722222222222222 0.80078125 0.4895833333333333 0.80078125 0.5381944444444444 0.802734375 0.5416666666666666 0.802734375 0.5729166666666666 0.8046875 0.5763888888888888 0.8046875 0.5868055555555556 0.80078125 0.5972222222222222 0.80078125 0.6041666666666666 0.796875 0.6006944444444444 0.79296875 0.5833333333333334 0.787109375 0.5729166666666666 0.78125 0.5486111111111112 0.78125 0.5243055555555556 0.779296875 0.5208333333333334 0.779296875 0.4930555555555556 0.78125 0.4895833333333333 0.78125 0.4791666666666667 0.779296875 0.4722222222222222 0.78125 0.46875 0.78125 0.4618055555555556 0.779296875 0.4583333333333333
2 0.1171875 0.3888888888888889 0.126953125 0.3993055555555556 0.130859375 0.4097222222222222 0.130859375 0.4236111111111111 0.1328125 0.4270833333333333 0.130859375 0.4756944444444444 0.1328125 0.4826388888888889 0.12890625 0.4791666666666667 0.125 0.4861111111111111 0.125 0.4826388888888889 0.12109375 0.4791666666666667 0.111328125 0.4965277777777778 0.107421875 0.4965277777777778 0.10546875 0.5 0.10546875 0.5069444444444444 0.1015625 0.5069444444444444 0.099609375 0.5104166666666666 0.099609375 0.5347222222222222 0.115234375 0.5486111111111112 0.119140625 0.5451388888888888 0.119140625 0.5520833333333334 0.123046875 0.5590277777777778 0.123046875 0.5659722222222222 0.103515625 0.5902777777777778 0.095703125 0.5902777777777778 0.091796875 0.5798611111111112 0.08984375 0.5798611111111112 0.083984375 0.5902777777777778 0.0859375 0.59375 0.087890625 0.6180555555555556 0.091796875 0.6319444444444444 0.091796875 0.6527777777777778 0.08984375 0.65625 0.08984375 0.6736111111111112 0.087890625 0.6770833333333334 0.087890625 0.6840277777777778 0.080078125 0.7013888888888888 0.07421875 0.7083333333333334 0.068359375 0.7083333333333334 0.06640625 0.7118055555555556 0.052734375 0.7118055555555556 0.041015625 0.7013888888888888 0.03125 0.7013888888888888 0.025390625 0.7118055555555556 0.025390625 0.7152777777777778 0.0234375 0.7152777777777778 0.021484375 0.7222222222222222 0.005859375 0.7465277777777778 0 0.7465277777777778 0 0.7152777777777778 0.00390625 0.7118055555555556 0.00390625 0.7048611111111112 0.0078125 0.6909722222222222 0.013671875 0.6805555555555556 0.015625 0.6736111111111112 0.013671875 0.6701388888888888 0.015625 0.6666666666666666 0.021484375 0.6666666666666666 0.025390625 0.6597222222222222 0.0234375 0.5798611111111112 0.03125 0.5520833333333334 0.0390625 0.5381944444444444 0.041015625 0.5381944444444444 0.05078125 0.5173611111111112 0.05078125 0.4965277777777778 0.056640625 0.46875 0.056640625 0.4513888888888889 0.0625 0.4409722222222222 0.0625 0.4375 0.06640625 0.4340277777777778 0.06640625 0.4270833333333333 0.0703125 0.4131944444444444 0.083984375 0.4166666666666667 0.087890625 0.4097222222222222 0.08984375 0.3958333333333333 0.09375 0.3888888888888889 0.115234375 0.3888888888888889
2 0.330078125 0.3888888888888889 0.341796875 0.3993055555555556 0.345703125 0.4097222222222222 0.345703125 0.4166666666666667 0.35546875 0.4375 0.357421875 0.4513888888888889 0.36328125 0.4583333333333333 0.375 0.4826388888888889 0.380859375 0.4861111111111111 0.380859375 0.4895833333333333 0.384765625 0.4930555555555556 0.390625 0.5138888888888888 0.390625 0.5243055555555556 0.376953125 0.5243055555555556 0.365234375 0.5138888888888888 0.359375 0.5069444444444444 0.357421875 0.4965277777777778 0.3515625 0.4895833333333333 0.349609375 0.4791666666666667 0.345703125 0.4722222222222222 0.337890625 0.4756944444444444 0.328125 0.4965277777777778 0.328125 0.5173611111111112 0.33984375 0.5381944444444444 0.34765625 0.5451388888888888 0.34765625 0.5520833333333334 0.353515625 0.5659722222222222 0.35546875 0.5729166666666666 0.35546875 0.5833333333333334 0.36328125 0.6076388888888888 0.36328125 0.6215277777777778 0.365234375 0.625 0.365234375 0.6631944444444444 0.3671875 0.6666666666666666 0.3671875 0.6840277777777778 0.365234375 0.6875 0.365234375 0.7222222222222222 0.369140625 0.7326388888888888 0.369140625 0.7430555555555556 0.376953125 0.7604166666666666 0.373046875 0.7708333333333334 0.3515625 0.7708333333333334 0.34765625 0.7638888888888888 0.34765625 0.7534722222222222 0.3515625 0.7361111111111112 0.3515625 0.6875 0.34765625 0.6701388888888888 0.34765625 0.6423611111111112 0.337890625 0.625 0.32421875 0.6145833333333334 0.3203125 0.6076388888888888 0.314453125 0.6041666666666666 0.30859375 0.59375 0.294921875 0.59375 0.287109375 0.6076388888888888 0.28515625 0.6076388888888888 0.275390625 0.6284722222222222 0.271484375 0.6388888888888888 0.271484375 0.6458333333333334 0.265625 0.65625 0.265625 0.6597222222222222 0.259765625 0.6701388888888888 0.25390625 0.6736111111111112 0.24609375 0.6875 0.234375 0.6979166666666666 0.216796875 0.7326388888888888 0.216796875 0.75 0.208984375 0.7708333333333334 0.1953125 0.7708333333333334 0.19140625 0.7638888888888888 0.19140625 0.75 0.189453125 0.7465277777777778 0.19140625 0.7430555555555556 0.19140625 0.7361111111111112 0.203125 0.7048611111111112 0.212890625 0.6944444444444444 0.216796875 0.6944444444444444 0.22265625 0.6840277777777778 0.2265625 0.6666666666666666 0.232421875 0.65625 0.232421875 0.6527777777777778 0.244140625 0.6388888888888888 0.25390625 0.6145833333333334 0.2578125 0.6006944444444444 0.2578125 0.59375 0.251953125 0.5868055555555556 0.251953125 0.5763888888888888 0.259765625 0.5694444444444444 0.265625 0.5590277777777778 0.26953125 0.5451388888888888 0.26953125 0.5277777777777778 0.271484375 0.5243055555555556 0.271484375 0.4826388888888889 0.26953125 0.4791666666666667 0.26953125 0.46875 0.265625 0.4583333333333333 0.259765625 0.4583333333333333 0.248046875 0.4826388888888889 0.240234375 0.4861111111111111 0.234375 0.4965277777777778 0.224609375 0.5069444444444444 0.193359375 0.5659722222222222 0.189453125 0.5625 0.189453125 0.5555555555555556 0.193359375 0.5486111111111112 0.193359375 0.5416666666666666 0.20703125 0.5208333333333334 0.216796875 0.4826388888888889 0.25 0.4340277777777778 0.25390625 0.4236111111111111 0.25390625 0.4097222222222222 0.26171875 0.3993055555555556 0.26953125 0.3993055555555556 0.271484375 0.3958333333333333 0.275390625 0.3958333333333333 0.279296875 0.3888888888888889 0.27734375 0.3611111111111111 0.279296875 0.3576388888888889 0.279296875 0.3472222222222222 0.287109375 0.3298611111111111 0.30078125 0.3298611111111111 0.30859375 0.34375 0.3125 0.3576388888888889 0.3125 0.3645833333333333 0.314453125 0.3680555555555556 0.314453125 0.3854166666666667 0.31640625 0.3888888888888889 0.328125 0.3888888888888889
2 0.65234375 0.3263888888888889 0.654296875 0.3298611111111111 0.66015625 0.3298611111111111 0.662109375 0.3229166666666667 0.666015625 0.3194444444444444 0.6640625 0.3263888888888889 0.66796875 0.3368055555555556 0.677734375 0.3541666666666667 0.6796875 0.3541666666666667 0.681640625 0.3611111111111111 0.681640625 0.3715277777777778 0.685546875 0.3784722222222222 0.685546875 0.3854166666666667 0.68359375 0.3888888888888889 0.68359375 0.4305555555555556 0.685546875 0.4340277777777778 0.685546875 0.4548611111111111 0.669921875 0.4722222222222222 0.666015625 0.5 0.662109375 0.5104166666666666 0.662109375 0.5173611111111112 0.658203125 0.5243055555555556 0.66015625 0.5729166666666666 0.662109375 0.5763888888888888 0.662109375 0.5833333333333334 0.666015625 0.5902777777777778 0.666015625 0.6076388888888888 0.66796875 0.6111111111111112 0.66796875 0.6458333333333334 0.666015625 0.6493055555555556 0.666015625 0.6666666666666666 0.662109375 0.6736111111111112 0.66015625 0.6875 0.654296875 0.7013888888888888 0.65234375 0.71875 0.65625 0.7291666666666666 0.671875 0.7465277777777778 0.673828125 0.7534722222222222 0.66796875 0.7534722222222222 0.666015625 0.7569444444444444 0.66015625 0.7569444444444444 0.658203125 0.7534722222222222 0.646484375 0.7534722222222222 0.63671875 0.7465277777777778 0.6328125 0.7395833333333334 0.640625 0.71875 0.640625 0.6701388888888888 0.642578125 0.6666666666666666 0.642578125 0.6458333333333334 0.63671875 0.6354166666666666 0.62109375 0.6215277777777778 0.61328125 0.6388888888888888 0.61328125 0.6458333333333334 0.607421875 0.6666666666666666 0.58984375 0.6944444444444444 0.583984375 0.7118055555555556 0.572265625 0.7326388888888888 0.56640625 0.75 0.564453125 0.7673611111111112 0.55859375 0.7743055555555556 0.548828125 0.7743055555555556 0.548828125 0.7604166666666666 0.55078125 0.7569444444444444 0.55078125 0.75 0.55859375 0.7361111111111112 0.560546875 0.7152777777777778 0.564453125 0.7083333333333334 0.5703125 0.6805555555555556 0.58203125 0.6631944444444444 0.5859375 0.6493055555555556 0.587890625 0.6006944444444444 0.58984375 0.5972222222222222 0.58984375 0.5763888888888888 0.591796875 0.5729166666666666 0.591796875 0.5486111111111112 0.59375 0.5451388888888888 0.59375 0.5347222222222222 0.59765625 0.53125 0.6015625 0.5138888888888888 0.60546875 0.5069444444444444 0.60546875 0.5 0.61328125 0.4826388888888889 0.61328125 0.4756944444444444 0.615234375 0.4722222222222222 0.615234375 0.4479166666666667 0.6171875 0.4444444444444444 0.615234375 0.4409722222222222 0.62109375 0.4270833333333333 0.623046875 0.40625 0.625 0.4027777777777778 0.619140625 0.3923611111111111 0.61328125 0.3923611111111111 0.609375 0.3888888888888889 0.611328125 0.3854166666666667 0.615234375 0.3854166666666667 0.62109375 0.375 0.625 0.375 0.626953125 0.3715277777777778 0.63671875 0.3715277777777778 0.640625 0.3680555555555556 0.64453125 0.3541666666666667 0.64453125 0.3333333333333333 0.650390625 0.3263888888888889