0 0.796875 0.16666666666666666 0.80859375 0.16319444444444445 0.8125 0.1701388888888889 0.810546875 0.18055555555555555 0.806640625 0.1840277777777778 0.796875 0.18055555555555555 0.796875 0.1701388888888889
0 0.45625 0.3078703703703704 0.014583333333333334 0.02314814814814815
0 0.47265625 0.3229166666666667 0.474609375 0.3125 0.478515625 0.3055555555555556 0.48046875 0.3055555555555556 0.486328125 0.3159722222222222 0.486328125 0.3229166666666667 0.474609375 0.3229166666666667
0 0.8046875 0.4722222222222222 0.8046875 0.4583333333333333 0.810546875 0.4513888888888889 0.8125 0.4513888888888889 0.818359375 0.4652777777777778 0.810546875 0.4756944444444444 0.806640625 0.4722222222222222
0 0.92578125 0.8020833333333334 0.931640625 0.8090277777777778 0.931640625 0.8194444444444444 0.92578125 0.8333333333333334 0.9140625 0.8298611111111112 0.91015625 0.8229166666666666 0.91015625 0.8055555555555556 0.9140625 0.8020833333333334 0.923828125 0.8020833333333334
0 0.51171875 0.4548611111111111 0.513671875 0.4583333333333333 0.513671875 0.4652777777777778 0.51171875 0.46875 0.51171875 0.4756944444444444 0.5078125 0.4791666666666667 0.505859375 0.4756944444444444 0.501953125 0.4756944444444444 0.498046875 0.46875 0.498046875 0.4583333333333333 0.5 0.4548611111111111 0.509765625 0.4548611111111111
0 0.349609375 0.4548611111111111 0.357421875 0.4548611111111111 0.361328125 0.4652777777777778 0.359375 0.4722222222222222 0.349609375 0.4722222222222222 0.34765625 0.46875 0.34765625 0.4618055555555556 0.349609375 0.4583333333333333
0 0.3984375 0.2465277777777778 0.400390625 0.25 0.400390625 0.2638888888888889 0.3984375 0.2673611111111111 0.39453125 0.2673611111111111 0.388671875 0.2569444444444444 0.390625 0.25 0.396484375 0.2465277777777778
0 0.23828125 0.3576388888888889 0.240234375 0.3611111111111111 0.240234375 0.375 0.236328125 0.3784722222222222 0.2265625 0.3715277777777778 0.2265625 0.3611111111111111 0.228515625 0.3576388888888889 0.232421875 0.3541666666666667 0.236328125 0.3576388888888889
0 0.474609375 0.3298611111111111 0.478515625 0.3333333333333333 0.48046875 0.3402777777777778 0.478515625 0.3541666666666667 0.46875 0.3541666666666667 0.46484375 0.3506944444444444 0.462890625 0.34375 0.466796875 0.3333333333333333 0.47265625 0.3298611111111111
0 0.3828125 0.2361111111111111 0.38671875 0.2326388888888889 0.392578125 0.2326388888888889 0.392578125 0.23958333333333334 0.39453125 0.24305555555555555 0.388671875 0.2534722222222222 0.3828125 0.2534722222222222 0.380859375 0.25 0.3828125 0.23958333333333334
0 0.458984375 0.3993055555555556 0.458984375 0.3923611111111111 0.46484375 0.3854166666666667 0.474609375 0.3854166666666667 0.478515625 0.3993055555555556 0.474609375 0.40625 0.47265625 0.4027777777777778 0.4609375 0.3993055555555556
0 0.685546875 0.11458333333333333 0.685546875 0.10069444444444445 0.6875 0.09722222222222222 0.697265625 0.09722222222222222 0.69921875 0.10069444444444445 0.697265625 0.11458333333333333 0.693359375 0.11805555555555555 0.6875 0.11458333333333333
0 0.806640625 0.22569444444444445 0.8046875 0.2152777777777778 0.80859375 0.20833333333333334 0.814453125 0.20833333333333334 0.818359375 0.21875 0.81640625 0.22569444444444445 0.80859375 0.22569444444444445
0 0.3515625 0.4722222222222222 0.361328125 0.4861111111111111 0.359375 0.4895833333333333 0.35546875 0.4861111111111111 0.349609375 0.4861111111111111 0.34765625 0.4826388888888889 0.349609375 0.4756944444444444
1 0.79296875 0.18055555555555555 0.8046875 0.1840277777777778 0.80859375 0.2013888888888889 0.80859375 0.2048611111111111 0.8046875 0.20833333333333334 0.80078125 0.21875 0.7890625 0.21875 0.78515625 0.2152777777777778 0.78515625 0.2013888888888889 0.79296875 0.1840277777777778
1 0.716796875 0.09027777777777778 0.720703125 0.08680555555555555 0.728515625 0.09027777777777778 0.73828125 0.1111111111111111 0.73828125 0.11805555555555555 0.734375 0.12152777777777778 0.720703125 0.11805555555555555 0.716796875 0.1076388888888889 0.716796875 0.09375
1 0.490234375 0.3368055555555556 0.494140625 0.3715277777777778 0.48828125 0.3715277777777778 0.484375 0.375 0.48046875 0.3854166666666667 0.478515625 0.3819444444444444 0.48046875 0.3784722222222222 0.48046875 0.3680555555555556 0.478515625 0.3645833333333333 0.48046875 0.3402777777777778 0.482421875 0.3368055555555556 0.48828125 0.3368055555555556
1 0.8125 0.4722222222222222 0.81640625 0.46875 0.822265625 0.4722222222222222 0.826171875 0.4791666666666667 0.828125 0.4930555555555556 0.8359375 0.5104166666666666 0.8359375 0.5208333333333334 0.833984375 0.5243055555555556 0.830078125 0.5243055555555556 0.828125 0.5208333333333334 0.818359375 0.5208333333333334 0.810546875 0.4930555555555556 0.810546875 0.4791666666666667 0.8125 0.4756944444444444
1 0.5 0.4756944444444444 0.5078125 0.4826388888888889 0.505859375 0.4861111111111111 0.505859375 0.5104166666666666 0.50390625 0.5173611111111112 0.5 0.5208333333333334 0.48828125 0.5208333333333334 0.486328125 0.5173611111111112 0.486328125 0.5 0.490234375 0.4895833333333333 0.490234375 0.4826388888888889 0.498046875 0.4756944444444444
1 0.35546875 0.4826388888888889 0.3671875 0.4965277777777778 0.3671875 0.5069444444444444 0.36328125 0.5173611111111112 0.36328125 0.53125 0.365234375 0.5347222222222222 0.36328125 0.5381944444444444 0.36328125 0.5520833333333334 0.361328125 0.5520833333333334 0.361328125 0.5451388888888888 0.357421875 0.5416666666666666 0.35546875 0.5347222222222222 0.349609375 0.5416666666666666 0.34375 0.5416666666666666 0.34375 0.5347222222222222 0.337890625 0.5173611111111112 0.341796875 0.4861111111111111 0.345703125 0.4895833333333333 0.353515625 0.4826388888888889
1 0.439453125 0.3645833333333333 0.439453125 0.3541666666666667 0.443359375 0.3402777777777778 0.443359375 0.3298611111111111 0.451171875 0.3159722222222222 0.458984375 0.3194444444444444 0.4609375 0.3263888888888889 0.4609375 0.3402777777777778 0.455078125 0.3541666666666667 0.453125 0.3680555555555556 0.443359375 0.3680555555555556 0.44140625 0.3645833333333333
1 0.69140625 0.11805555555555555 0.693359375 0.12152777777777778 0.693359375 0.1284722222222222 0.68359375 0.14583333333333334 0.677734375 0.14583333333333334 0.673828125 0.13194444444444445 0.6796875 0.11805555555555555 0.689453125 0.11805555555555555
1 0.349609375 0.4722222222222222 0.3515625 0.4756944444444444 0.36328125 0.4722222222222222 0.3671875 0.4826388888888889 0.365234375 0.4895833333333333 0.359375 0.4895833333333333 0.357421875 0.4861111111111111 0.34375 0.4861111111111111 0.341796875 0.4895833333333333 0.33984375 0.4861111111111111 0.33984375 0.4756944444444444 0.341796875 0.4722222222222222 0.34765625 0.4722222222222222
1 0.908203125 0.8229166666666666 0.91796875 0.8368055555555556 0.916015625 0.8680555555555556 0.91015625 0.8784722222222222 0.8984375 0.8784722222222222 0.8984375 0.875 0.890625 0.8645833333333334 0.8984375 0.8298611111111112 0.90625 0.8229166666666666
1 0.38671875 0.2569444444444444 0.400390625 0.2743055555555556 0.400390625 0.2951388888888889 0.39453125 0.2986111111111111 0.388671875 0.3125 0.3828125 0.3125 0.37109375 0.3020833333333333 0.375 0.2847222222222222 0.375 0.2708333333333333 0.376953125 0.2638888888888889 0.384765625 0.2569444444444444
1 0.240234375 0.3784722222222222 0.244140625 0.3854166666666667 0.244140625 0.40625 0.23828125 0.4166666666666667 0.23828125 0.4236111111111111 0.2265625 0.4201388888888889 0.220703125 0.4131944444444444 0.220703125 0.3854166666666667 0.224609375 0.3784722222222222 0.23828125 0.3784722222222222
1 0.8203125 0.2222222222222222 0.82421875 0.22569444444444445 0.83203125 0.24305555555555555 0.828125 0.2604166666666667 0.822265625 0.2708333333333333 0.810546875 0.2708333333333333 0.80859375 0.2673611111111111 0.80859375 0.22916666666666666 0.818359375 0.2222222222222222
1 0.462890625 0.3472222222222222 0.466796875 0.3541666666666667 0.470703125 0.3541666666666667 0.478515625 0.3611111111111111 0.478515625 0.3819444444444444 0.4765625 0.3854166666666667 0.474609375 0.3819444444444444 0.46484375 0.3819444444444444 0.45703125 0.3923611111111111 0.453125 0.3888888888888889 0.453125 0.3645833333333333 0.45703125 0.3506944444444444 0.4609375 0.3472222222222222
1 0.478515625 0.4131944444444444 0.478515625 0.4201388888888889 0.48046875 0.4236111111111111 0.470703125 0.4479166666666667 0.44921875 0.4444444444444444 0.4453125 0.4375 0.453125 0.4166666666666667 0.453125 0.4097222222222222 0.45703125 0.4027777777777778 0.466796875 0.4027777777777778 0.46875 0.40625 0.47265625 0.40625 0.4765625 0.4131944444444444
2 0.708984375 0.006944444444444444 0.71484375 0 0.732421875 0 0.73046875 0.04513888888888889 0.72265625 0.04513888888888889 0.72265625 0.034722222222222224 0.724609375 0.03125 0.724609375 0.020833333333333332 0.72265625 0.017361111111111112 0.716796875 0.017361111111111112 0.708984375 0.010416666666666666
2 0.474609375 0.3298611111111111 0.478515625 0.3333333333333333 0.48046875 0.3402777777777778 0.48046875 0.3541666666666667 0.478515625 0.3576388888888889 0.478515625 0.3854166666666667 0.46484375 0.3819444444444444 0.45703125 0.3923611111111111 0.453125 0.3888888888888889 0.453125 0.3680555555555556 0.455078125 0.3645833333333333 0.455078125 0.3576388888888889 0.4609375 0.3402777777777778 0.47265625 0.3298611111111111
2 0.92578125 0 0.92578125 0.006944444444444444 0.916015625 0.010416666666666666 0.904296875 0.027777777777777776 0.900390625 0.024305555555555556 0.90234375 0.020833333333333332 0.90234375 0.010416666666666666 0.90625 0 0.923828125 0
2 0.4765625 0.3090277777777778 0.484375 0.3125 0.484375 0.3159722222222222 0.4921875 0.3298611111111111 0.4921875 0.3576388888888889 0.498046875 0.3854166666666667 0.494140625 0.3993055555555556 0.494140625 0.4097222222222222 0.498046875 0.4166666666666667 0.501953125 0.4166666666666667 0.51171875 0.4270833333333333 0.5078125 0.4375 0.501953125 0.4270833333333333 0.494140625 0.4236111111111111 0.4921875 0.4201388888888889 0.4921875 0.4131944444444444 0.48046875 0.3923611111111111 0.478515625 0.3854166666666667 0.48046875 0.3819444444444444 0.48046875 0.3402777777777778 0.474609375 0.3298611111111111 0.470703125 0.3298611111111111 0.4765625 0.3125
2 0.92578125 0.8020833333333334 0.9296875 0.8055555555555556 0.931640625 0.8194444444444444 0.927734375 0.8333333333333334 0.92578125 0.8333333333333334 0.91796875 0.8472222222222222 0.916015625 0.8680555555555556 0.912109375 0.8819444444444444 0.9140625 0.8888888888888888 0.9140625 0.9236111111111112 0.904296875 0.9479166666666666 0.904296875 0.9652777777777778 0.90234375 0.96875 0.8984375 0.96875 0.89453125 0.9618055555555556 0.896484375 0.9305555555555556 0.888671875 0.9201388888888888 0.8828125 0.9201388888888888 0.873046875 0.9131944444444444 0.875 0.9097222222222222 0.880859375 0.9097222222222222 0.88671875 0.9027777777777778 0.88671875 0.8715277777777778 0.890625 0.8645833333333334 0.8984375 0.8298611111111112 0.900390625 0.8298611111111112 0.91015625 0.8125 0.91015625 0.8055555555555556 0.9140625 0.8020833333333334 0.923828125 0.8020833333333334
2 0.814453125 0.4548611111111111 0.826171875 0.4791666666666667 0.83203125 0.5034722222222222 0.837890625 0.5173611111111112 0.8359375 0.5277777777777778 0.822265625 0.5555555555555556 0.822265625 0.59375 0.81640625 0.6006944444444444 0.814453125 0.6006944444444444 0.81640625 0.5763888888888888 0.814453125 0.5729166666666666 0.80859375 0.5729166666666666 0.80859375 0.5694444444444444 0.810546875 0.5694444444444444 0.814453125 0.5590277777777778 0.8125 0.5555555555555556 0.8125 0.5381944444444444 0.810546875 0.5347222222222222 0.8125 0.53125 0.8125 0.5173611111111112 0.806640625 0.5104166666666666 0.810546875 0.5 0.810546875 0.4826388888888889 0.8046875 0.4722222222222222 0.8046875 0.4583333333333333 0.806640625 0.4548611111111111 0.8125 0.4548611111111111
2 0.51171875 0.4548611111111111 0.513671875 0.4652777777777778 0.51171875 0.46875 0.51171875 0.4756944444444444 0.505859375 0.4895833333333333 0.505859375 0.5138888888888888 0.5078125 0.5173611111111112 0.50390625 0.5243055555555556 0.5078125 0.5347222222222222 0.5078125 0.5729166666666666 0.50390625 0.5729166666666666 0.498046875 0.5520833333333334 0.48828125 0.5625 0.482421875 0.5625 0.46875 0.5520833333333334 0.466796875 0.5451388888888888 0.470703125 0.5416666666666666 0.474609375 0.5486111111111112 0.478515625 0.5486111111111112 0.482421875 0.5416666666666666 0.482421875 0.53125 0.484375 0.5277777777777778 0.484375 0.5034722222222222 0.490234375 0.4791666666666667 0.4921875 0.4791666666666667 0.498046875 0.46875 0.498046875 0.4583333333333333 0.5 0.4548611111111111 0.509765625 0.4548611111111111
2 0.400390625 0.2881944444444444 0.400390625 0.3194444444444444 0.40234375 0.3263888888888889 0.4140625 0.3402777777777778 0.421875 0.3611111111111111 0.41796875 0.3680555555555556 0.412109375 0.3506944444444444 0.39453125 0.3333333333333333 0.390625 0.3263888888888889 0.390625 0.3125 0.3984375 0.2916666666666667
2 0.341796875 0.4722222222222222 0.345703125 0.4722222222222222 0.34765625 0.46875 0.34765625 0.4618055555555556 0.3515625 0.4548611111111111 0.357421875 0.4548611111111111 0.3671875 0.4826388888888889 0.365234375 0.4861111111111111 0.365234375 0.4930555555555556 0.3671875 0.4965277777777778 0.3671875 0.5173611111111112 0.376953125 0.5347222222222222 0.3828125 0.5347222222222222 0.388671875 0.5416666666666666 0.388671875 0.5451388888888888 0.3828125 0.5451388888888888 0.376953125 0.5381944444444444 0.37109375 0.5381944444444444 0.3671875 0.5347222222222222 0.36328125 0.5451388888888888 0.36328125 0.5555555555555556 0.365234375 0.5590277777777778 0.365234375 0.5763888888888888 0.36328125 0.5833333333333334 0.369140625 0.5972222222222222 0.37109375 0.6076388888888888 0.36328125 0.6041666666666666 0.3515625 0.5902777777777778 0.349609375 0.5798611111111112 0.345703125 0.5729166666666666 0.341796875 0.5798611111111112 0.341796875 0.5868055555555556 0.337890625 0.6006944444444444 0.33203125 0.6111111111111112 0.333984375 0.6180555555555556 0.32421875 0.6180555555555556 0.32421875 0.6145833333333334 0.333984375 0.6076388888888888 0.333984375 0.5694444444444444 0.3359375 0.5659722222222222 0.33203125 0.5555555555555556 0.328125 0.5555555555555556 0.3203125 0.5625 0.31640625 0.5625 0.31640625 0.5555555555555556 0.333984375 0.5347222222222222 0.3359375 0.5138888888888888 0.33984375 0.5034722222222222 0.33984375 0.4791666666666667 0.341796875 0.4756944444444444
2 0.4296875 0.4548611111111111 0.4296875 0.4444444444444444 0.42578125 0.4375 0.42578125 0.4270833333333333 0.4296875 0.4236111111111111 0.435546875 0.4097222222222222 0.43359375 0.3715277777777778 0.439453125 0.3576388888888889 0.443359375 0.3298611111111111 0.44921875 0.3194444444444444 0.44921875 0.3090277777777778 0.453125 0.2986111111111111 0.458984375 0.2986111111111111 0.462890625 0.3020833333333333 0.462890625 0.3125 0.4609375 0.3159722222222222 0.4609375 0.3298611111111111 0.462890625 0.3368055555555556 0.458984375 0.34375 0.453125 0.3645833333333333 0.453125 0.3819444444444444 0.45703125 0.3888888888888889 0.443359375 0.4166666666666667 0.439453125 0.4270833333333333 0.439453125 0.4375 0.435546875 0.4513888888888889 0.431640625 0.4548611111111111
2 0.400390625 0.25 0.400390625 0.2916666666666667 0.392578125 0.3020833333333333 0.388671875 0.3159722222222222 0.388671875 0.3263888888888889 0.392578125 0.3333333333333333 0.390625 0.3368055555555556 0.388671875 0.3576388888888889 0.384765625 0.3715277777777778 0.384765625 0.3819444444444444 0.38671875 0.3854166666666667 0.37890625 0.3854166666666667 0.376953125 0.3819444444444444 0.3828125 0.3541666666666667 0.3828125 0.3402777777777778 0.376953125 0.3298611111111111 0.369140625 0.3402777777777778 0.369140625 0.3506944444444444 0.365234375 0.3576388888888889 0.365234375 0.3715277777777778 0.36328125 0.3784722222222222 0.35546875 0.3784722222222222 0.35546875 0.375 0.359375 0.3680555555555556 0.359375 0.3333333333333333 0.37109375 0.3090277777777778 0.37109375 0.2986111111111111 0.375 0.2847222222222222 0.375 0.2638888888888889 0.380859375 0.2569444444444444 0.38671875 0.2569444444444444 0.39453125 0.2465277777777778 0.3984375 0.25
2 0.234375 0.3541666666666667 0.240234375 0.3611111111111111 0.240234375 0.375 0.244140625 0.3854166666666667 0.244140625 0.4097222222222222 0.2421875 0.4097222222222222 0.23828125 0.4201388888888889 0.23828125 0.4444444444444444 0.240234375 0.4479166666666667 0.240234375 0.4548611111111111 0.236328125 0.4722222222222222 0.2265625 0.4861111111111111 0.22265625 0.4826388888888889 0.232421875 0.4583333333333333 0.23046875 0.4513888888888889 0.224609375 0.4409722222222222 0.22265625 0.4409722222222222 0.220703125 0.4479166666666667 0.21875 0.4479166666666667 0.19921875 0.4861111111111111 0.197265625 0.4826388888888889 0.203125 0.4583333333333333 0.205078125 0.4583333333333333 0.2109375 0.4479166666666667 0.212890625 0.4375 0.216796875 0.4305555555555556 0.220703125 0.4166666666666667 0.21875 0.4131944444444444 0.21875 0.3958333333333333 0.220703125 0.3923611111111111 0.220703125 0.3854166666666667 0.2265625 0.375 0.2265625 0.3611111111111111 0.228515625 0.3576388888888889 0.232421875 0.3576388888888889
2 0.796875 0.16666666666666666 0.80859375 0.16319444444444445 0.8125 0.1701388888888889 0.80859375 0.1875 0.80859375 0.2048611111111111 0.802734375 0.2152777777777778 0.8046875 0.2222222222222222 0.8046875 0.23958333333333334 0.791015625 0.2465277777777778 0.77734375 0.2673611111111111 0.7734375 0.2673611111111111 0.771484375 0.2638888888888889 0.771484375 0.2604166666666667 0.779296875 0.2465277777777778 0.779296875 0.2361111111111111 0.78125 0.2326388888888889 0.78125 0.22569444444444445 0.779296875 0.2222222222222222 0.787109375 0.19444444444444445 0.79296875 0.1840277777777778 0.796875 0.1701388888888889
2 0.818359375 0.2152777777777778 0.818359375 0.21875 0.830078125 0.2361111111111111 0.83203125 0.2465277777777778 0.828125 0.2638888888888889 0.8203125 0.2708333333333333 0.814453125 0.28125 0.814453125 0.3159722222222222 0.806640625 0.3159722222222222 0.8046875 0.3125 0.8046875 0.3020833333333333 0.806640625 0.2986111111111111 0.806640625 0.2743055555555556 0.80859375 0.2708333333333333 0.80859375 0.2326388888888889 0.8046875 0.2152777777777778 0.80859375 0.20833333333333334 0.814453125 0.20833333333333334 0.81640625 0.2152777777777778
2 0.47265625 0.3819444444444444 0.48828125 0.4131944444444444 0.474609375 0.4479166666666667 0.46875 0.4548611111111111 0.46875 0.4618055555555556 0.470703125 0.4652777777777778 0.470703125 0.4826388888888889 0.47265625 0.4861111111111111 0.470703125 0.4895833333333333 0.47265625 0.5243055555555556 0.474609375 0.5277777777777778 0.47265625 0.5347222222222222 0.46875 0.5347222222222222 0.466796875 0.53125 0.466796875 0.5243055555555556 0.458984375 0.5138888888888888 0.458984375 0.5069444444444444 0.45703125 0.5034722222222222 0.45703125 0.4826388888888889 0.453125 0.4791666666666667 0.44921875 0.4618055555555556 0.4453125 0.4548611111111111 0.4453125 0.4409722222222222 0.443359375 0.4375 0.443359375 0.4270833333333333 0.453125 0.4027777777777778 0.4609375 0.3888888888888889 0.470703125 0.3819444444444444
2 0.66796875 0.1840277777777778 0.66796875 0.17708333333333334 0.666015625 0.1736111111111111 0.666015625 0.16319444444444445 0.66796875 0.1597222222222222 0.666015625 0.15625 0.66796875 0.14930555555555555 0.66796875 0.1388888888888889 0.68359375 0.11458333333333333 0.68359375 0.1076388888888889 0.6875 0.09722222222222222 0.697265625 0.09722222222222222 0.69921875 0.10069444444444445 0.69921875 0.1076388888888889 0.693359375 0.1284722222222222 0.685546875 0.1423611111111111 0.685546875 0.14930555555555555 0.689453125 0.1597222222222222 0.6875 0.1597222222222222 0.677734375 0.18055555555555555 0.669921875 0.1840277777777778
2 0.72265625 0.0798611111111111 0.73046875 0.09027777777777778 0.73828125 0.1111111111111111 0.73828125 0.1284722222222222 0.734375 0.1388888888888889 0.734375 0.1736111111111111 0.73046875 0.1736111111111111 0.73046875 0.1527777777777778 0.7265625 0.14583333333333334 0.72265625 0.14583333333333334 0.71484375 0.16666666666666666 0.712890625 0.16319444444444445 0.71484375 0.1597222222222222 0.71484375 0.1423611111111111 0.720703125 0.12152777777777778 0.716796875 0.1111111111111111 0.716796875 0.09722222222222222 0.71484375 0.09375 0.716796875 0.09027777777777778 0.716796875 0.08333333333333333 0.720703125 0.0798611111111111