0 0.56640625 0.3645833333333333 0.568359375 0.3680555555555556 0.572265625 0.3680555555555556 0.580078125 0.3819444444444444 0.58203125 0.3993055555555556 0.578125 0.40625 0.5703125 0.40625 0.5625 0.3854166666666667 0.560546875 0.3680555555555556 0.564453125 0.3645833333333333
0 0.3734375 0.5791666666666667 0.021875 0.036111111111111115
0 0.765625 0.46875 0.7734375 0.4826388888888889 0.775390625 0.4930555555555556 0.7734375 0.4965277777777778 0.763671875 0.5 0.759765625 0.5069444444444444 0.755859375 0.5069444444444444 0.75390625 0.5034722222222222 0.751953125 0.4826388888888889 0.7578125 0.46875 0.763671875 0.46875
0 0.0859375 0.9618055555555556 0.08984375 0.9583333333333334 0.099609375 0.9583333333333334 0.107421875 0.9791666666666666 0.107421875 0.9930555555555556 0.10546875 0.9965277777777778 0.083984375 0.9965277777777778 0.083984375 0.96875 0.0859375 0.9652777777777778
0 0.31953125 0.6254629629629629 0.0203125 0.041666666666666664
0 0.39453125 0.4791666666666667 0.400390625 0.5 0.39453125 0.5138888888888888 0.3828125 0.5104166666666666 0.380859375 0.5069444444444444 0.3828125 0.4861111111111111 0.38671875 0.4791666666666667 0.392578125 0.4791666666666667
0 0.39453125 0.2534722222222222 0.396484375 0.2604166666666667 0.396484375 0.28125 0.392578125 0.2881944444444444 0.38671875 0.2881944444444444 0.3828125 0.2847222222222222 0.380859375 0.2777777777777778 0.380859375 0.2569444444444444 0.384765625 0.25 0.390625 0.25 0.392578125 0.2534722222222222
0 0.54296875 0.4479166666666667 0.546875 0.4583333333333333 0.546875 0.4756944444444444 0.54296875 0.4756944444444444 0.541015625 0.4791666666666667 0.53125 0.4791666666666667 0.529296875 0.4756944444444444 0.529296875 0.4548611111111111 0.537109375 0.4444444444444444 0.541015625 0.4479166666666667
0 0.5161458333333333 0.37083333333333335 0.015625 0.030555555555555558
1 0.78125 0.5 0.798828125 0.5277777777777778 0.802734375 0.5451388888888888 0.810546875 0.5590277777777778 0.810546875 0.5625 0.8046875 0.5694444444444444 0.7890625 0.5694444444444444 0.787109375 0.5625 0.787109375 0.5520833333333334 0.78515625 0.5486111111111112 0.78515625 0.5381944444444444 0.77734375 0.5208333333333334 0.76953125 0.5208333333333334 0.765625 0.53125 0.763671875 0.5277777777777778 0.76171875 0.5069444444444444 0.767578125 0.5 0.7734375 0.5 0.775390625 0.4965277777777778 0.779296875 0.5
1 0.34765625 0.6423611111111112 0.3515625 0.6493055555555556 0.3515625 0.6597222222222222 0.349609375 0.6666666666666666 0.34375 0.6666666666666666 0.33984375 0.6736111111111112 0.33984375 0.6840277777777778 0.341796875 0.6875 0.337890625 0.7013888888888888 0.3359375 0.7256944444444444 0.318359375 0.7256944444444444 0.31640625 0.7291666666666666 0.306640625 0.7291666666666666 0.3046875 0.7222222222222222 0.3046875 0.7152777777777778 0.30859375 0.7013888888888888 0.30859375 0.6909722222222222 0.30078125 0.6770833333333334 0.298828125 0.6701388888888888 0.298828125 0.6597222222222222 0.302734375 0.6527777777777778 0.30859375 0.6527777777777778 0.310546875 0.6493055555555556 0.322265625 0.6597222222222222 0.33203125 0.6423611111111112 0.345703125 0.6423611111111112
1 0.40234375 0.5243055555555556 0.40625 0.5347222222222222 0.40625 0.5451388888888888 0.396484375 0.5590277777777778 0.392578125 0.5763888888888888 0.38671875 0.5902777777777778 0.384765625 0.5902777777777778 0.384765625 0.5763888888888888 0.3828125 0.5694444444444444 0.37890625 0.5625 0.375 0.5625 0.373046875 0.5590277777777778 0.373046875 0.5451388888888888 0.3671875 0.5381944444444444 0.3671875 0.5208333333333334 0.373046875 0.5138888888888888 0.3828125 0.5138888888888888 0.38671875 0.5208333333333334 0.400390625 0.5243055555555556
1 0.380859375 0.28125 0.38671875 0.2916666666666667 0.400390625 0.2847222222222222 0.40234375 0.2881944444444444 0.40234375 0.3020833333333333 0.392578125 0.3263888888888889 0.392578125 0.3576388888888889 0.37890625 0.3576388888888889 0.373046875 0.3645833333333333 0.3671875 0.3576388888888889 0.3671875 0.34375 0.369140625 0.3402777777777778 0.369140625 0.3090277777777778 0.365234375 0.2986111111111111 0.365234375 0.28125 0.3671875 0.2777777777777778 0.376953125 0.2777777777777778 0.37890625 0.28125
1 0.5546875 0.4791666666666667 0.55859375 0.4826388888888889 0.560546875 0.4895833333333333 0.560546875 0.4965277777777778 0.55859375 0.5 0.55859375 0.5347222222222222 0.564453125 0.5486111111111112 0.55078125 0.5590277777777778 0.546875 0.5659722222222222 0.5390625 0.5659722222222222 0.521484375 0.5034722222222222 0.521484375 0.4895833333333333 0.53125 0.4826388888888889 0.552734375 0.4791666666666667
1 0.390625 0.59375 0.396484375 0.6006944444444444 0.396484375 0.6180555555555556 0.39453125 0.6215277777777778 0.396484375 0.6701388888888888 0.392578125 0.6736111111111112 0.38671875 0.6736111111111112 0.384765625 0.6770833333333334 0.369140625 0.6770833333333334 0.3671875 0.6736111111111112 0.365234375 0.6666666666666666 0.365234375 0.6458333333333334 0.36328125 0.6423611111111112 0.36328125 0.6354166666666666 0.357421875 0.625 0.35546875 0.625 0.353515625 0.6180555555555556 0.359375 0.6041666666666666 0.365234375 0.6041666666666666 0.3671875 0.6006944444444444 0.37890625 0.6006944444444444 0.388671875 0.59375
1 0.484375 0.3819444444444444 0.484375 0.3715277777777778 0.490234375 0.3611111111111111 0.498046875 0.3541666666666667 0.51171875 0.3506944444444444 0.513671875 0.3472222222222222 0.5234375 0.3472222222222222 0.52734375 0.3541666666666667 0.52734375 0.3784722222222222 0.521484375 0.3888888888888889 0.509765625 0.3923611111111111 0.50390625 0.3993055555555556 0.49609375 0.3993055555555556 0.486328125 0.3819444444444444
1 0.5390625 0.3715277777777778 0.546875 0.3715277777777778 0.55078125 0.375 0.5546875 0.3888888888888889 0.564453125 0.3923611111111111 0.564453125 0.3958333333333333 0.5703125 0.40625 0.5703125 0.4166666666666667 0.568359375 0.4236111111111111 0.552734375 0.4236111111111111 0.55078125 0.4201388888888889 0.5390625 0.4166666666666667 0.537109375 0.4131944444444444 0.5390625 0.4097222222222222 0.5390625 0.4027777777777778 0.537109375 0.3993055555555556 0.537109375 0.3784722222222222 0.5390625 0.375
2 0.765625 0.46875 0.7734375 0.4826388888888889 0.775390625 0.4930555555555556 0.779296875 0.5 0.78515625 0.5034722222222222 0.798828125 0.5277777777777778 0.802734375 0.5451388888888888 0.81640625 0.5659722222222222 0.81640625 0.5902777777777778 0.814453125 0.59375 0.81640625 0.5972222222222222 0.818359375 0.6180555555555556 0.8203125 0.6215277777777778 0.830078125 0.6215277777777778 0.83984375 0.6284722222222222 0.853515625 0.6284722222222222 0.85546875 0.6423611111111112 0.859375 0.6493055555555556 0.859375 0.6631944444444444 0.857421875 0.6666666666666666 0.853515625 0.6666666666666666 0.849609375 0.6527777777777778 0.841796875 0.6388888888888888 0.83203125 0.6388888888888888 0.830078125 0.6354166666666666 0.810546875 0.6354166666666666 0.802734375 0.6180555555555556 0.802734375 0.6041666666666666 0.80078125 0.6006944444444444 0.796875 0.6006944444444444 0.791015625 0.6076388888888888 0.787109375 0.6180555555555556 0.787109375 0.625 0.796875 0.65625 0.80078125 0.6631944444444444 0.806640625 0.6666666666666666 0.806640625 0.6736111111111112 0.802734375 0.6770833333333334 0.78515625 0.6736111111111112 0.78515625 0.6666666666666666 0.7890625 0.6597222222222222 0.7890625 0.6527777777777778 0.783203125 0.6423611111111112 0.78125 0.6423611111111112 0.771484375 0.6180555555555556 0.771484375 0.6111111111111112 0.76953125 0.6076388888888888 0.7734375 0.5902777777777778 0.77734375 0.5833333333333334 0.77734375 0.5763888888888888 0.775390625 0.5729166666666666 0.765625 0.5798611111111112 0.7578125 0.5763888888888888 0.759765625 0.5694444444444444 0.767578125 0.5694444444444444 0.77734375 0.5625 0.775390625 0.5520833333333334 0.763671875 0.5277777777777778 0.76171875 0.5138888888888888 0.75390625 0.5034722222222222 0.75390625 0.4930555555555556 0.751953125 0.4895833333333333 0.75390625 0.4756944444444444 0.7578125 0.46875 0.763671875 0.46875
2 0.0859375 0.9618055555555556 0.08984375 0.9583333333333334 0.099609375 0.9583333333333334 0.107421875 0.9756944444444444 0.107421875 0.9965277777777778 0.083984375 0.9965277777777778 0.083984375 0.96875 0.0859375 0.9652777777777778
2 0.32421875 0.6076388888888888 0.328125 0.6180555555555556 0.328125 0.6284722222222222 0.33203125 0.6423611111111112 0.34765625 0.6423611111111112 0.3515625 0.6493055555555556 0.349609375 0.6701388888888888 0.353515625 0.6770833333333334 0.353515625 0.6840277777777778 0.357421875 0.6944444444444444 0.357421875 0.7152777777777778 0.353515625 0.7152777777777778 0.3515625 0.7118055555555556 0.349609375 0.6979166666666666 0.34375 0.6875 0.33984375 0.6909722222222222 0.33984375 0.6979166666666666 0.3359375 0.7083333333333334 0.3359375 0.7152777777777778 0.33984375 0.7291666666666666 0.33984375 0.7395833333333334 0.3359375 0.7465277777777778 0.3359375 0.7569444444444444 0.33203125 0.7673611111111112 0.33203125 0.7777777777777778 0.326171875 0.7916666666666666 0.326171875 0.7986111111111112 0.322265625 0.8125 0.32421875 0.84375 0.326171875 0.8506944444444444 0.3359375 0.8645833333333334 0.3359375 0.8715277777777778 0.330078125 0.8819444444444444 0.330078125 0.8888888888888888 0.32421875 0.8993055555555556 0.3203125 0.8993055555555556 0.3203125 0.8923611111111112 0.32421875 0.8819444444444444 0.32421875 0.8680555555555556 0.314453125 0.8472222222222222 0.30078125 0.875 0.296875 0.8715277777777778 0.298828125 0.8576388888888888 0.306640625 0.8333333333333334 0.306640625 0.8263888888888888 0.3046875 0.8229166666666666 0.3046875 0.7604166666666666 0.30859375 0.75 0.306640625 0.7256944444444444 0.302734375 0.71875 0.296875 0.7152777777777778 0.296875 0.6944444444444444 0.30078125 0.6770833333333334 0.298828125 0.6736111111111112 0.298828125 0.6597222222222222 0.310546875 0.6458333333333334 0.310546875 0.6215277777777778 0.3125 0.6180555555555556 0.3125 0.6111111111111112 0.31640625 0.6076388888888888 0.322265625 0.6076388888888888
2 0.39453125 0.4791666666666667 0.396484375 0.4826388888888889 0.396484375 0.4895833333333333 0.400390625 0.4965277777777778 0.400390625 0.5034722222222222 0.396484375 0.5104166666666666 0.396484375 0.5173611111111112 0.40234375 0.5243055555555556 0.40625 0.5347222222222222 0.404296875 0.5625 0.4140625 0.6006944444444444 0.419921875 0.6145833333333334 0.419921875 0.6215277777777778 0.416015625 0.6284722222222222 0.4140625 0.625 0.412109375 0.6111111111111112 0.40625 0.6006944444444444 0.400390625 0.5763888888888888 0.396484375 0.5694444444444444 0.388671875 0.5833333333333334 0.388671875 0.5868055555555556 0.384765625 0.5902777777777778 0.3828125 0.5694444444444444 0.376953125 0.5625 0.369140625 0.5625 0.36328125 0.5729166666666666 0.361328125 0.5868055555555556 0.3515625 0.6111111111111112 0.3515625 0.6215277777777778 0.353515625 0.625 0.3515625 0.6319444444444444 0.345703125 0.6319444444444444 0.349609375 0.6180555555555556 0.349609375 0.6111111111111112 0.345703125 0.6076388888888888 0.345703125 0.6041666666666666 0.3515625 0.5833333333333334 0.357421875 0.5729166666666666 0.357421875 0.5659722222222222 0.365234375 0.5486111111111112 0.365234375 0.53125 0.3671875 0.5277777777777778 0.3671875 0.5208333333333334 0.37890625 0.5104166666666666 0.380859375 0.5034722222222222 0.380859375 0.4930555555555556 0.38671875 0.4791666666666667 0.392578125 0.4791666666666667
2 0.41796875 0.2743055555555556 0.421875 0.2743055555555556 0.423828125 0.2777777777777778 0.421875 0.3090277777777778 0.416015625 0.3263888888888889 0.404296875 0.3229166666666667 0.400390625 0.3159722222222222 0.396484375 0.3159722222222222 0.39453125 0.3194444444444444 0.392578125 0.3263888888888889 0.392578125 0.3680555555555556 0.388671875 0.3819444444444444 0.3828125 0.3923611111111111 0.373046875 0.4027777777777778 0.373046875 0.4548611111111111 0.37109375 0.4583333333333333 0.36328125 0.4583333333333333 0.3671875 0.4444444444444444 0.365234375 0.4131944444444444 0.35546875 0.40625 0.35546875 0.3888888888888889 0.357421875 0.3854166666666667 0.357421875 0.3784722222222222 0.3671875 0.3541666666666667 0.3671875 0.3298611111111111 0.365234375 0.3263888888888889 0.359375 0.3368055555555556 0.361328125 0.34375 0.359375 0.3472222222222222 0.3515625 0.3472222222222222 0.353515625 0.3263888888888889 0.36328125 0.2986111111111111 0.365234375 0.28125 0.3671875 0.2777777777777778 0.375 0.2777777777777778 0.37890625 0.2708333333333333 0.380859375 0.2569444444444444 0.384765625 0.25 0.390625 0.25 0.396484375 0.2604166666666667 0.396484375 0.28125 0.40234375 0.2881944444444444 0.40234375 0.3020833333333333 0.404296875 0.3055555555555556 0.4140625 0.3090277777777778 0.41796875 0.3020833333333333 0.41796875 0.2777777777777778
2 0.51953125 0.5451388888888888 0.517578125 0.5381944444444444 0.51953125 0.4965277777777778 0.5234375 0.4861111111111111 0.52734375 0.4861111111111111 0.53125 0.4791666666666667 0.529296875 0.4756944444444444 0.529296875 0.4583333333333333 0.53125 0.4513888888888889 0.533203125 0.4479166666666667 0.54296875 0.4479166666666667 0.546875 0.4583333333333333 0.546875 0.46875 0.552734375 0.4791666666666667 0.556640625 0.4791666666666667 0.560546875 0.4861111111111111 0.560546875 0.4965277777777778 0.578125 0.5277777777777778 0.580078125 0.5381944444444444 0.58984375 0.5590277777777778 0.58984375 0.5729166666666666 0.583984375 0.5729166666666666 0.57421875 0.5416666666666666 0.5625 0.5208333333333334 0.55859375 0.5243055555555556 0.55859375 0.5347222222222222 0.564453125 0.5451388888888888 0.564453125 0.5729166666666666 0.5625 0.5763888888888888 0.5625 0.5868055555555556 0.56640625 0.6006944444444444 0.56640625 0.6111111111111112 0.568359375 0.6180555555555556 0.5859375 0.6458333333333334 0.595703125 0.6527777777777778 0.6015625 0.6631944444444444 0.6015625 0.6701388888888888 0.595703125 0.6805555555555556 0.59375 0.6805555555555556 0.591796875 0.6666666666666666 0.58203125 0.6527777777777778 0.5703125 0.6423611111111112 0.560546875 0.6493055555555556 0.55859375 0.6423611111111112 0.55859375 0.6319444444444444 0.5546875 0.6180555555555556 0.544921875 0.6006944444444444 0.537109375 0.5798611111111112 0.5390625 0.5729166666666666 0.5390625 0.5625 0.53515625 0.5486111111111112 0.529296875 0.5381944444444444 0.525390625 0.5451388888888888 0.521484375 0.5451388888888888
2 0.373046875 0.5625 0.380859375 0.5729166666666666 0.3828125 0.5798611111111112 0.3828125 0.5902777777777778 0.384765625 0.59375 0.392578125 0.59375 0.396484375 0.6006944444444444 0.396484375 0.6145833333333334 0.400390625 0.6215277777777778 0.400390625 0.6284722222222222 0.404296875 0.6388888888888888 0.404296875 0.6527777777777778 0.40234375 0.6527777777777778 0.396484375 0.6631944444444444 0.396484375 0.6701388888888888 0.400390625 0.6805555555555556 0.400390625 0.6909722222222222 0.40234375 0.6944444444444444 0.404296875 0.7152777777777778 0.408203125 0.7222222222222222 0.408203125 0.7291666666666666 0.412109375 0.7395833333333334 0.416015625 0.7430555555555556 0.419921875 0.7534722222222222 0.423828125 0.7673611111111112 0.423828125 0.7743055555555556 0.4296875 0.7847222222222222 0.435546875 0.7847222222222222 0.4375 0.7881944444444444 0.431640625 0.7951388888888888 0.427734375 0.7951388888888888 0.419921875 0.78125 0.419921875 0.7777777777777778 0.41015625 0.7638888888888888 0.404296875 0.7465277777777778 0.38671875 0.7118055555555556 0.3671875 0.7118055555555556 0.361328125 0.7222222222222222 0.361328125 0.7291666666666666 0.359375 0.7326388888888888 0.35546875 0.7291666666666666 0.35546875 0.7222222222222222 0.361328125 0.7152777777777778 0.361328125 0.7083333333333334 0.359375 0.7048611111111112 0.359375 0.6840277777777778 0.353515625 0.6701388888888888 0.353515625 0.6631944444444444 0.35546875 0.6597222222222222 0.35546875 0.6319444444444444 0.357421875 0.6284722222222222 0.353515625 0.6180555555555556 0.357421875 0.6041666666666666 0.361328125 0.6041666666666666 0.3671875 0.5972222222222222 0.36328125 0.5833333333333334 0.365234375 0.5798611111111112 0.365234375 0.5729166666666666 0.37109375 0.5659722222222222
2 0.5234375 0.3472222222222222 0.53125 0.3611111111111111 0.533203125 0.3611111111111111 0.53515625 0.3680555555555556 0.53515625 0.3819444444444444 0.533203125 0.3854166666666667 0.533203125 0.3958333333333333 0.529296875 0.4027777777777778 0.529296875 0.4166666666666667 0.515625 0.4652777777777778 0.513671875 0.46875 0.5 0.4722222222222222 0.498046875 0.4756944444444444 0.48046875 0.4756944444444444 0.478515625 0.4791666666666667 0.474609375 0.4791666666666667 0.470703125 0.4895833333333333 0.466796875 0.4895833333333333 0.458984375 0.5 0.45703125 0.5 0.45703125 0.4895833333333333 0.4609375 0.4756944444444444 0.4609375 0.4618055555555556 0.46484375 0.4513888888888889 0.46484375 0.4444444444444444 0.470703125 0.4305555555555556 0.466796875 0.4201388888888889 0.46484375 0.4236111111111111 0.4609375 0.4236111111111111 0.4609375 0.4131944444444444 0.466796875 0.4027777777777778 0.47265625 0.4097222222222222 0.4765625 0.4027777777777778 0.484375 0.3715277777777778 0.490234375 0.3611111111111111 0.501953125 0.3506944444444444 0.521484375 0.3472222222222222
2 0.5390625 0.3715277777777778 0.5546875 0.375 0.564453125 0.3645833333333333 0.57421875 0.3715277777777778 0.58203125 0.3923611111111111 0.58203125 0.3958333333333333 0.568359375 0.4236111111111111 0.564453125 0.4270833333333333 0.5546875 0.4270833333333333 0.552734375 0.4305555555555556 0.552734375 0.4479166666666667 0.55859375 0.4583333333333333 0.55859375 0.46875 0.556640625 0.4722222222222222 0.548828125 0.4618055555555556 0.546875 0.4513888888888889 0.541015625 0.4409722222222222 0.53515625 0.4409722222222222 0.53515625 0.4340277777777778 0.533203125 0.4305555555555556 0.533203125 0.4201388888888889 0.537109375 0.4097222222222222 0.537109375 0.3819444444444444 0.5390625 0.375