0 0.212890625 0.3298611111111111 0.224609375 0.34375 0.21875 0.3645833333333333 0.208984375 0.3645833333333333 0.201171875 0.3541666666666667 0.201171875 0.34375 0.203125 0.3368055555555556 0.2109375 0.3298611111111111
0 0.849609375 0.7604166666666666 0.85546875 0.7708333333333334 0.85546875 0.7847222222222222 0.849609375 0.7986111111111112 0.837890625 0.7951388888888888 0.830078125 0.7847222222222222 0.83203125 0.7638888888888888 0.833984375 0.7604166666666666 0.837890625 0.7604166666666666 0.83984375 0.7569444444444444 0.845703125 0.7569444444444444 0.84765625 0.7604166666666666
0 0.3203125 0.6631944444444444 0.32421875 0.6666666666666666 0.328125 0.6770833333333334 0.328125 0.6909722222222222 0.32421875 0.7013888888888888 0.310546875 0.7013888888888888 0.30859375 0.6979166666666666 0.30859375 0.6805555555555556 0.310546875 0.6770833333333334 0.310546875 0.6701388888888888 0.318359375 0.6631944444444444
0 0.42578125 0.4652777777777778 0.435546875 0.4652777777777778 0.439453125 0.4826388888888889 0.439453125 0.4895833333333333 0.435546875 0.4965277777777778 0.427734375 0.4965277777777778 0.423828125 0.4930555555555556 0.421875 0.4895833333333333 0.421875 0.4791666666666667 0.42578125 0.46875
0 0.65625 0.3576388888888889 0.66015625 0.3645833333333333 0.662109375 0.3784722222222222 0.654296875 0.3854166666666667 0.646484375 0.3854166666666667 0.64453125 0.3819444444444444 0.64453125 0.3645833333333333 0.6484375 0.3576388888888889 0.654296875 0.3576388888888889
0 0.421875 0.1736111111111111 0.42578125 0.18055555555555555 0.42578125 0.2013888888888889 0.423828125 0.2048611111111111 0.416015625 0.2048611111111111 0.412109375 0.19444444444444445 0.412109375 0.17708333333333334 0.4140625 0.1736111111111111 0.419921875 0.1736111111111111
0 0.4453125 0.5208333333333334 0.44921875 0.5277777777777778 0.44921875 0.5451388888888888 0.447265625 0.5486111111111112 0.4375 0.5486111111111112 0.435546875 0.5451388888888888 0.431640625 0.5451388888888888 0.431640625 0.53125 0.4375 0.5208333333333334 0.443359375 0.5208333333333334
0 0.52734375 0.2152777777777778 0.533203125 0.2222222222222222 0.533203125 0.2326388888888889 0.529296875 0.24305555555555555 0.521484375 0.24305555555555555 0.51953125 0.2361111111111111 0.51953125 0.2222222222222222 0.525390625 0.2152777777777778
1 0.296875 0.7152777777777778 0.294921875 0.7361111111111112 0.291015625 0.7430555555555556 0.296875 0.7604166666666666 0.294921875 0.7569444444444444 0.287109375 0.7569444444444444 0.291015625 0.7430555555555556 0.2890625 0.7395833333333334 0.294921875 0.71875
1 0.435546875 0.5 0.443359375 0.5104166666666666 0.443359375 0.5173611111111112 0.435546875 0.5208333333333334 0.427734375 0.5347222222222222 0.427734375 0.5381944444444444 0.41796875 0.5520833333333334 0.4140625 0.5451388888888888 0.4140625 0.5277777777777778 0.416015625 0.5243055555555556 0.416015625 0.5138888888888888 0.41796875 0.5069444444444444 0.423828125 0.5 0.43359375 0.5
1 0.828125 0.7847222222222222 0.845703125 0.8090277777777778 0.845703125 0.8263888888888888 0.841796875 0.8333333333333334 0.83984375 0.8298611111111112 0.83203125 0.8298611111111112 0.828125 0.8368055555555556 0.830078125 0.8645833333333334 0.826171875 0.8715277777777778 0.8203125 0.8715277777777778 0.818359375 0.875 0.8125 0.875 0.802734375 0.8680555555555556 0.802734375 0.8541666666666666 0.8046875 0.8472222222222222 0.810546875 0.8368055555555556 0.810546875 0.8298611111111112 0.814453125 0.8229166666666666 0.8203125 0.7951388888888888 0.826171875 0.7881944444444444
1 0.19921875 0.3506944444444444 0.203125 0.3576388888888889 0.212890625 0.3645833333333333 0.21484375 0.3680555555555556 0.21484375 0.3784722222222222 0.212890625 0.3819444444444444 0.201171875 0.3819444444444444 0.1953125 0.3958333333333333 0.197265625 0.3993055555555556 0.197265625 0.4131944444444444 0.19140625 0.4166666666666667 0.1875 0.4236111111111111 0.177734375 0.4236111111111111 0.177734375 0.4166666666666667 0.173828125 0.4097222222222222 0.173828125 0.4027777777777778 0.181640625 0.3715277777777778 0.19140625 0.3541666666666667 0.197265625 0.3506944444444444
1 0.3203125 0.7048611111111112 0.330078125 0.7118055555555556 0.333984375 0.71875 0.333984375 0.7326388888888888 0.328125 0.7326388888888888 0.322265625 0.7465277777777778 0.328125 0.7638888888888888 0.330078125 0.7847222222222222 0.314453125 0.7951388888888888 0.310546875 0.7916666666666666 0.30859375 0.7951388888888888 0.302734375 0.7951388888888888 0.302734375 0.7743055555555556 0.298828125 0.7604166666666666 0.298828125 0.7430555555555556 0.294921875 0.7326388888888888 0.294921875 0.7222222222222222 0.296875 0.71875 0.296875 0.7118055555555556 0.30078125 0.7048611111111112 0.318359375 0.7048611111111112
1 0.669921875 0.3854166666666667 0.671875 0.3923611111111111 0.666015625 0.3993055555555556 0.666015625 0.4131944444444444 0.669921875 0.4236111111111111 0.669921875 0.4444444444444444 0.673828125 0.4548611111111111 0.671875 0.4652777777777778 0.666015625 0.4583333333333333 0.646484375 0.4618055555555556 0.646484375 0.4340277777777778 0.64453125 0.4305555555555556 0.64453125 0.4236111111111111 0.638671875 0.4131944444444444 0.638671875 0.4027777777777778 0.6484375 0.3888888888888889 0.654296875 0.3888888888888889 0.6640625 0.3819444444444444 0.66796875 0.3854166666666667
1 0.4140625 0.2534722222222222 0.412109375 0.2465277777777778 0.412109375 0.2361111111111111 0.404296875 0.2152777777777778 0.404296875 0.19791666666666666 0.40625 0.19444444444444445 0.412109375 0.19444444444444445 0.412109375 0.19791666666666666 0.41796875 0.20833333333333334 0.427734375 0.2013888888888889 0.43359375 0.21180555555555555 0.43359375 0.21875 0.4296875 0.22916666666666666 0.431640625 0.2361111111111111 0.431640625 0.2534722222222222 0.4296875 0.2569444444444444 0.41796875 0.2569444444444444 0.416015625 0.2534722222222222
1 0.4296875 0.5451388888888888 0.439453125 0.5520833333333334 0.447265625 0.5520833333333334 0.451171875 0.5555555555555556 0.453125 0.5625 0.44921875 0.5763888888888888 0.44140625 0.5763888888888888 0.435546875 0.5902777777777778 0.435546875 0.5972222222222222 0.43359375 0.6006944444444444 0.43359375 0.6180555555555556 0.416015625 0.6180555555555556 0.416015625 0.6041666666666666 0.41796875 0.6006944444444444 0.4140625 0.5902777777777778 0.4140625 0.5798611111111112 0.41796875 0.5694444444444444 0.419921875 0.5555555555555556 0.423828125 0.5486111111111112 0.427734375 0.5486111111111112
1 0.541015625 0.2465277777777778 0.54296875 0.2604166666666667 0.53515625 0.2777777777777778 0.53515625 0.2881944444444444 0.529296875 0.2881944444444444 0.52734375 0.2916666666666667 0.525390625 0.2881944444444444 0.521484375 0.2881944444444444 0.513671875 0.2708333333333333 0.5078125 0.2673611111111111 0.5078125 0.2569444444444444 0.509765625 0.25 0.513671875 0.2465277777777778 0.529296875 0.2465277777777778 0.53125 0.24305555555555555 0.537109375 0.24305555555555555 0.5390625 0.2465277777777778
2 0.42578125 0.4652777777777778 0.435546875 0.4652777777777778 0.439453125 0.4826388888888889 0.4375 0.5 0.443359375 0.5104166666666666 0.443359375 0.5173611111111112 0.435546875 0.5208333333333334 0.4296875 0.53125 0.4296875 0.5381944444444444 0.41796875 0.5555555555555556 0.412109375 0.5798611111111112 0.412109375 0.5902777777777778 0.416015625 0.5972222222222222 0.4140625 0.6215277777777778 0.412109375 0.625 0.412109375 0.6631944444444444 0.4140625 0.6666666666666666 0.4140625 0.6736111111111112 0.41796875 0.6805555555555556 0.41796875 0.6909722222222222 0.40234375 0.6909722222222222 0.3984375 0.6875 0.3984375 0.6840277777777778 0.400390625 0.6840277777777778 0.40625 0.6701388888888888 0.404296875 0.6666666666666666 0.404296875 0.6527777777777778 0.40234375 0.6493055555555556 0.40234375 0.6076388888888888 0.40625 0.5902777777777778 0.40625 0.5763888888888888 0.41015625 0.5694444444444444 0.408203125 0.5625 0.408203125 0.5520833333333334 0.4140625 0.5451388888888888 0.416015625 0.5138888888888888 0.423828125 0.4965277777777778 0.421875 0.4895833333333333 0.421875 0.4791666666666667 0.42578125 0.46875
2 0.845703125 0.7569444444444444 0.85546875 0.7708333333333334 0.85546875 0.7847222222222222 0.853515625 0.7916666666666666 0.845703125 0.8020833333333334 0.845703125 0.8263888888888888 0.841796875 0.8333333333333334 0.83984375 0.8576388888888888 0.841796875 0.8645833333333334 0.845703125 0.8680555555555556 0.845703125 0.8784722222222222 0.853515625 0.8923611111111112 0.853515625 0.9027777777777778 0.849609375 0.9166666666666666 0.84375 0.9236111111111112 0.83984375 0.9340277777777778 0.833984375 0.9340277777777778 0.82421875 0.9513888888888888 0.830078125 0.96875 0.822265625 0.9652777777777778 0.81640625 0.9548611111111112 0.814453125 0.9548611111111112 0.810546875 0.9444444444444444 0.8125 0.9409722222222222 0.81640625 0.9409722222222222 0.828125 0.9236111111111112 0.83203125 0.9131944444444444 0.828125 0.9027777777777778 0.8203125 0.8958333333333334 0.8125 0.8958333333333334 0.798828125 0.9236111111111112 0.794921875 0.9375 0.794921875 0.9513888888888888 0.7890625 0.9479166666666666 0.787109375 0.9409722222222222 0.787109375 0.9305555555555556 0.794921875 0.9166666666666666 0.796875 0.9027777777777778 0.80078125 0.8958333333333334 0.80078125 0.8854166666666666 0.802734375 0.8819444444444444 0.80078125 0.8611111111111112 0.810546875 0.8368055555555556 0.810546875 0.8298611111111112 0.81640625 0.8159722222222222 0.8203125 0.7951388888888888 0.830078125 0.78125 0.83203125 0.7743055555555556 0.83203125 0.7638888888888888 0.833984375 0.7604166666666666 0.83984375 0.7604166666666666 0.84375 0.7569444444444444
2 0.216796875 0.3333333333333333 0.22265625 0.3402777777777778 0.22265625 0.3541666666666667 0.216796875 0.3680555555555556 0.21484375 0.3784722222222222 0.2109375 0.3819444444444444 0.201171875 0.4027777777777778 0.201171875 0.4236111111111111 0.208984375 0.4409722222222222 0.208984375 0.4479166666666667 0.203125 0.4513888888888889 0.193359375 0.4722222222222222 0.189453125 0.4861111111111111 0.19140625 0.4930555555555556 0.19140625 0.5 0.189453125 0.5034722222222222 0.185546875 0.5 0.177734375 0.5 0.181640625 0.4826388888888889 0.1875 0.46875 0.1875 0.4618055555555556 0.185546875 0.4583333333333333 0.18359375 0.4652777777777778 0.173828125 0.4791666666666667 0.1484375 0.4791666666666667 0.146484375 0.4826388888888889 0.13671875 0.4826388888888889 0.1328125 0.4861111111111111 0.1328125 0.4756944444444444 0.13671875 0.46875 0.140625 0.46875 0.142578125 0.4652777777777778 0.158203125 0.4652777777777778 0.162109375 0.4618055555555556 0.16796875 0.4444444444444444 0.16796875 0.4236111111111111 0.171875 0.40625 0.17578125 0.3993055555555556 0.177734375 0.3784722222222222 0.185546875 0.3645833333333333 0.185546875 0.3611111111111111 0.1875 0.3611111111111111 0.193359375 0.3506944444444444 0.19921875 0.3472222222222222 0.205078125 0.3333333333333333 0.21484375 0.3333333333333333
2 0.318359375 0.6631944444444444 0.328125 0.6770833333333334 0.326171875 0.7083333333333334 0.330078125 0.7118055555555556 0.3359375 0.7256944444444444 0.3359375 0.7326388888888888 0.333984375 0.7361111111111112 0.333984375 0.75 0.3359375 0.7569444444444444 0.34375 0.7708333333333334 0.357421875 0.7847222222222222 0.357421875 0.7916666666666666 0.35546875 0.7951388888888888 0.3515625 0.7951388888888888 0.34765625 0.7847222222222222 0.333984375 0.7777777777777778 0.33203125 0.78125 0.33203125 0.7951388888888888 0.337890625 0.8020833333333334 0.34765625 0.8368055555555556 0.353515625 0.8472222222222222 0.35546875 0.8680555555555556 0.357421875 0.8715277777777778 0.357421875 0.8854166666666666 0.36328125 0.90625 0.357421875 0.90625 0.35546875 0.9027777777777778 0.341796875 0.8541666666666666 0.341796875 0.8472222222222222 0.330078125 0.8263888888888888 0.328125 0.8263888888888888 0.32421875 0.8333333333333334 0.32421875 0.84375 0.341796875 0.90625 0.341796875 0.9201388888888888 0.337890625 0.9236111111111112 0.3359375 0.9201388888888888 0.3359375 0.90625 0.333984375 0.8993055555555556 0.322265625 0.8784722222222222 0.318359375 0.8680555555555556 0.318359375 0.8576388888888888 0.31640625 0.8506944444444444 0.3046875 0.8229166666666666 0.3046875 0.8090277777777778 0.30078125 0.7986111111111112 0.302734375 0.7743055555555556 0.29296875 0.7395833333333334 0.294921875 0.7361111111111112 0.296875 0.7118055555555556 0.30859375 0.6979166666666666 0.30859375 0.6805555555555556 0.310546875 0.6770833333333334 0.310546875 0.6701388888888888 0.3125 0.6666666666666666 0.31640625 0.6666666666666666
2 0.65625 0.3576388888888889 0.66015625 0.3645833333333333 0.662109375 0.3784722222222222 0.669921875 0.3854166666666667 0.671875 0.3888888888888889 0.671875 0.3958333333333333 0.6796875 0.4097222222222222 0.6953125 0.4097222222222222 0.701171875 0.3993055555555556 0.70703125 0.3993055555555556 0.708984375 0.4027777777777778 0.708984375 0.4097222222222222 0.693359375 0.4201388888888889 0.671875 0.4201388888888889 0.669921875 0.4236111111111111 0.669921875 0.4444444444444444 0.67578125 0.4652777777777778 0.67578125 0.4791666666666667 0.673828125 0.4826388888888889 0.673828125 0.5034722222222222 0.669921875 0.5138888888888888 0.669921875 0.5381944444444444 0.666015625 0.5555555555555556 0.66796875 0.5902777777777778 0.666015625 0.59375 0.662109375 0.5902777777777778 0.662109375 0.5798611111111112 0.65625 0.5659722222222222 0.662109375 0.5520833333333334 0.662109375 0.5277777777777778 0.658203125 0.5243055555555556 0.650390625 0.5520833333333334 0.6484375 0.5798611111111112 0.646484375 0.5833333333333334 0.646484375 0.5972222222222222 0.640625 0.5902777777777778 0.640625 0.5763888888888888 0.64453125 0.5694444444444444 0.646484375 0.53125 0.650390625 0.5208333333333334 0.650390625 0.5104166666666666 0.6484375 0.5069444444444444 0.646484375 0.4340277777777778 0.64453125 0.4305555555555556 0.64453125 0.4236111111111111 0.638671875 0.4131944444444444 0.638671875 0.4027777777777778 0.646484375 0.3888888888888889 0.64453125 0.3819444444444444 0.64453125 0.3680555555555556 0.646484375 0.3611111111111111 0.6484375 0.3576388888888889 0.654296875 0.3576388888888889
2 0.404296875 0.19444444444444445 0.408203125 0.19444444444444445 0.416015625 0.1736111111111111 0.421875 0.1736111111111111 0.42578125 0.18055555555555555 0.42578125 0.19791666666666666 0.431640625 0.20833333333333334 0.43359375 0.20833333333333334 0.43359375 0.22569444444444445 0.439453125 0.2465277777777778 0.439453125 0.2708333333333333 0.4375 0.2743055555555556 0.44140625 0.2916666666666667 0.44140625 0.3125 0.439453125 0.3159722222222222 0.4375 0.3055555555555556 0.43359375 0.2986111111111111 0.4296875 0.2986111111111111 0.42578125 0.3055555555555556 0.421875 0.3055555555555556 0.419921875 0.3090277777777778 0.421875 0.3298611111111111 0.416015625 0.3368055555555556 0.41796875 0.3263888888888889 0.40625 0.2951388888888889 0.40625 0.2569444444444444 0.41015625 0.25 0.41015625 0.2326388888888889 0.408203125 0.22916666666666666 0.404296875 0.22916666666666666 0.400390625 0.23958333333333334 0.396484375 0.24305555555555555 0.3984375 0.2222222222222222 0.40234375 0.2152777777777778 0.40234375 0.2048611111111111 0.404296875 0.19791666666666666
2 0.4453125 0.5208333333333334 0.44921875 0.5277777777777778 0.44921875 0.5451388888888888 0.447265625 0.5486111111111112 0.453125 0.5659722222222222 0.4453125 0.5902777777777778 0.4453125 0.6006944444444444 0.443359375 0.6041666666666666 0.443359375 0.6284722222222222 0.447265625 0.6423611111111112 0.447265625 0.6909722222222222 0.451171875 0.7048611111111112 0.45703125 0.7152777777777778 0.455078125 0.7222222222222222 0.447265625 0.7222222222222222 0.4453125 0.71875 0.4375 0.71875 0.435546875 0.7152777777777778 0.4375 0.7083333333333334 0.4375 0.6875 0.435546875 0.6840277777777778 0.435546875 0.6736111111111112 0.43359375 0.6666666666666666 0.421875 0.6458333333333334 0.419921875 0.6458333333333334 0.4140625 0.6319444444444444 0.4140625 0.625 0.416015625 0.6215277777777778 0.416015625 0.6041666666666666 0.41796875 0.6006944444444444 0.4140625 0.5833333333333334 0.416015625 0.5798611111111112 0.41796875 0.5625 0.419921875 0.5555555555555556 0.431640625 0.5381944444444444 0.431640625 0.53125 0.4375 0.5208333333333334 0.443359375 0.5208333333333334
2 0.529296875 0.21875 0.533203125 0.2222222222222222 0.533203125 0.23958333333333334 0.541015625 0.2465277777777778 0.54296875 0.2534722222222222 0.54296875 0.2673611111111111 0.541015625 0.2708333333333333 0.54296875 0.2743055555555556 0.54296875 0.2951388888888889 0.5390625 0.3020833333333333 0.537109375 0.3368055555555556 0.53515625 0.3402777777777778 0.533203125 0.3576388888888889 0.537109375 0.3680555555555556 0.541015625 0.3715277777777778 0.541015625 0.3784722222222222 0.552734375 0.3958333333333333 0.552734375 0.4027777777777778 0.556640625 0.4131944444444444 0.55078125 0.4131944444444444 0.537109375 0.3888888888888889 0.53515625 0.3888888888888889 0.53125 0.3958333333333333 0.529296875 0.4166666666666667 0.525390625 0.4270833333333333 0.51953125 0.4270833333333333 0.51953125 0.4166666666666667 0.525390625 0.40625 0.525390625 0.3923611111111111 0.5234375 0.3888888888888889 0.5234375 0.3576388888888889 0.515625 0.3402777777777778 0.513671875 0.3055555555555556 0.509765625 0.2951388888888889 0.509765625 0.2708333333333333 0.5078125 0.2673611111111111 0.5078125 0.2569444444444444 0.509765625 0.25 0.51953125 0.24305555555555555 0.51953125 0.2222222222222222 0.521484375 0.21875 0.52734375 0.21875
2 0.294921875 0.7222222222222222 0.294921875 0.7430555555555556 0.296875 0.7465277777777778 0.296875 0.7604166666666666 0.30078125 0.7708333333333334 0.30078125 0.7881944444444444 0.294921875 0.8159722222222222 0.29296875 0.84375 0.28515625 0.8611111111111112 0.28515625 0.8784722222222222 0.283203125 0.8854166666666666 0.279296875 0.8888888888888888 0.279296875 0.8784722222222222 0.27734375 0.875 0.279296875 0.84375 0.283203125 0.8368055555555556 0.28125 0.7743055555555556 0.283203125 0.7708333333333334 0.283203125 0.7638888888888888 0.287109375 0.7569444444444444 0.287109375 0.75 0.29296875 0.7256944444444444