0 0.5408854166666667 0.5314814814814814 0.024479166666666666 0.044444444444444446
0 0.09375 0.4027777777777778 0.09765625 0.4097222222222222 0.099609375 0.4236111111111111 0.091796875 0.4340277777777778 0.083984375 0.4340277777777778 0.08203125 0.4270833333333333 0.08203125 0.4131944444444444 0.0859375 0.40625 0.091796875 0.4027777777777778
0 0.076171875 0.3854166666666667 0.080078125 0.3888888888888889 0.08203125 0.3958333333333333 0.08203125 0.40625 0.078125 0.4166666666666667 0.078125 0.4305555555555556 0.076171875 0.4340277777777778 0.072265625 0.4340277777777778 0.068359375 0.4270833333333333 0.060546875 0.3993055555555556 0.060546875 0.3888888888888889 0.0625 0.3854166666666667 0.06640625 0.3819444444444444 0.072265625 0.3819444444444444 0.07421875 0.3854166666666667
0 0.8973958333333333 0.27685185185185185 0.026041666666666668 0.053703703703703705
0 0.8046875 0.46875 0.80859375 0.4756944444444444 0.810546875 0.4895833333333333 0.802734375 0.5104166666666666 0.796875 0.5104166666666666 0.79296875 0.5173611111111112 0.791015625 0.5173611111111112 0.78515625 0.5034722222222222 0.78515625 0.4722222222222222 0.791015625 0.4652777777777778 0.80078125 0.4652777777777778 0.802734375 0.46875
0 0.958984375 0.6215277777777778 0.966796875 0.6284722222222222 0.974609375 0.6493055555555556 0.974609375 0.6597222222222222 0.966796875 0.6666666666666666 0.96484375 0.6736111111111112 0.95703125 0.6840277777777778 0.951171875 0.6840277777777778 0.9453125 0.6736111111111112 0.9453125 0.6493055555555556 0.947265625 0.6458333333333334 0.947265625 0.6388888888888888 0.951171875 0.625 0.95703125 0.6215277777777778
1 0.916015625 0.2881944444444444 0.923828125 0.3090277777777778 0.921875 0.3125 0.921875 0.3402777777777778 0.92578125 0.3576388888888889 0.912109375 0.3576388888888889 0.90625 0.3645833333333333 0.8984375 0.3645833333333333 0.896484375 0.3506944444444444 0.892578125 0.34375 0.888671875 0.3263888888888889 0.8828125 0.3159722222222222 0.880859375 0.3055555555555556 0.8828125 0.3020833333333333 0.8828125 0.2916666666666667 0.88671875 0.2916666666666667 0.890625 0.2986111111111111 0.89453125 0.2986111111111111 0.896484375 0.3020833333333333 0.908203125 0.2881944444444444 0.9140625 0.2881944444444444
1 0.064453125 0.4131944444444444 0.072265625 0.4305555555555556 0.0703125 0.4444444444444444 0.060546875 0.4618055555555556 0.064453125 0.46875 0.068359375 0.46875 0.072265625 0.4791666666666667 0.0703125 0.4861111111111111 0.0703125 0.4965277777777778 0.064453125 0.5034722222222222 0.052734375 0.5034722222222222 0.048828125 0.5 0.046875 0.4965277777777778 0.046875 0.4791666666666667 0.0390625 0.4722222222222222 0.0390625 0.4652777777777778 0.04296875 0.4548611111111111 0.04296875 0.4409722222222222 0.048828125 0.4166666666666667 0.052734375 0.4131944444444444 0.0625 0.4131944444444444
1 0.984375 0.6631944444444444 0.98828125 0.6701388888888888 0.98828125 0.6770833333333334 0.998046875 0.6979166666666666 0.998046875 0.7256944444444444 0.99609375 0.7291666666666666 0.998046875 0.7326388888888888 0.998046875 0.7673611111111112 0.978515625 0.7673611111111112 0.9765625 0.7638888888888888 0.970703125 0.7638888888888888 0.96875 0.7604166666666666 0.96484375 0.7604166666666666 0.96484375 0.75 0.962890625 0.7465277777777778 0.95703125 0.7465277777777778 0.953125 0.7534722222222222 0.94921875 0.7534722222222222 0.947265625 0.75 0.947265625 0.7361111111111112 0.94921875 0.7326388888888888 0.947265625 0.7291666666666666 0.9453125 0.6840277777777778 0.94921875 0.6770833333333334 0.955078125 0.6770833333333334 0.96484375 0.6666666666666666 0.982421875 0.6631944444444444
1 0.095703125 0.4236111111111111 0.103515625 0.4305555555555556 0.109375 0.4409722222222222 0.109375 0.4479166666666667 0.111328125 0.4513888888888889 0.111328125 0.4722222222222222 0.11328125 0.4756944444444444 0.11328125 0.4895833333333333 0.107421875 0.5 0.107421875 0.5069444444444444 0.099609375 0.5138888888888888 0.083984375 0.5138888888888888 0.08203125 0.5104166666666666 0.08203125 0.4930555555555556 0.076171875 0.4756944444444444 0.0703125 0.4652777777777778 0.064453125 0.4652777777777778 0.07421875 0.4305555555555556 0.083984375 0.4236111111111111 0.09375 0.4236111111111111
1 0.81640625 0.5 0.822265625 0.5104166666666666 0.828125 0.5347222222222222 0.83203125 0.5416666666666666 0.841796875 0.5729166666666666 0.828125 0.5763888888888888 0.830078125 0.5694444444444444 0.830078125 0.5416666666666666 0.822265625 0.5243055555555556 0.818359375 0.5208333333333334 0.8125 0.5208333333333334 0.806640625 0.53125 0.806640625 0.5381944444444444 0.810546875 0.5486111111111112 0.81640625 0.5555555555555556 0.81640625 0.5763888888888888 0.814453125 0.5798611111111112 0.810546875 0.5729166666666666 0.810546875 0.5555555555555556 0.8046875 0.5451388888888888 0.802734375 0.5451388888888888 0.798828125 0.5347222222222222 0.796875 0.5347222222222222 0.796875 0.5243055555555556 0.794921875 0.5208333333333334 0.796875 0.5173611111111112 0.796875 0.5104166666666666 0.798828125 0.5104166666666666 0.806640625 0.4965277777777778 0.8125 0.4965277777777778 0.814453125 0.5
1 0.55859375 0.5555555555555556 0.564453125 0.5625 0.56640625 0.5694444444444444 0.56640625 0.5763888888888888 0.568359375 0.5798611111111112 0.568359375 0.5972222222222222 0.560546875 0.6180555555555556 0.55859375 0.6388888888888888 0.546875 0.6388888888888888 0.5390625 0.6458333333333334 0.52734375 0.6458333333333334 0.525390625 0.6423611111111112 0.52734375 0.5972222222222222 0.525390625 0.59375 0.521484375 0.59375 0.517578125 0.5868055555555556 0.51953125 0.5659722222222222 0.529296875 0.5520833333333334 0.5546875 0.5520833333333334 0.556640625 0.5555555555555556
2 0.890625 0.2604166666666667 0.89453125 0.2569444444444444 0.900390625 0.2569444444444444 0.904296875 0.2604166666666667 0.908203125 0.2708333333333333 0.908203125 0.28125 0.916015625 0.2881944444444444 0.923828125 0.3055555555555556 0.935546875 0.3159722222222222 0.939453125 0.3229166666666667 0.939453125 0.3298611111111111 0.94140625 0.3333333333333333 0.94140625 0.3715277777777778 0.943359375 0.375 0.943359375 0.3819444444444444 0.939453125 0.3888888888888889 0.93359375 0.3888888888888889 0.931640625 0.3923611111111111 0.93359375 0.3958333333333333 0.93359375 0.40625 0.94140625 0.4166666666666667 0.958984375 0.4166666666666667 0.9609375 0.4201388888888889 0.966796875 0.4166666666666667 0.970703125 0.4097222222222222 0.974609375 0.4131944444444444 0.974609375 0.4166666666666667 0.982421875 0.4305555555555556 0.982421875 0.4375 0.98046875 0.4409722222222222 0.970703125 0.4305555555555556 0.931640625 0.4305555555555556 0.91796875 0.4097222222222222 0.9140625 0.4097222222222222 0.912109375 0.40625 0.91015625 0.4097222222222222 0.90625 0.4097222222222222 0.90234375 0.4166666666666667 0.90234375 0.4444444444444444 0.904296875 0.4479166666666667 0.904296875 0.46875 0.90625 0.4722222222222222 0.90625 0.4826388888888889 0.896484375 0.4895833333333333 0.890625 0.4895833333333333 0.888671875 0.4861111111111111 0.896484375 0.46875 0.896484375 0.4513888888888889 0.890625 0.4236111111111111 0.888671875 0.3993055555555556 0.896484375 0.3819444444444444 0.8984375 0.375 0.8984375 0.3645833333333333 0.896484375 0.3576388888888889 0.892578125 0.3541666666666667 0.888671875 0.3645833333333333 0.888671875 0.3715277777777778 0.8828125 0.3680555555555556 0.8828125 0.3611111111111111 0.87890625 0.3472222222222222 0.87890625 0.3333333333333333 0.880859375 0.3298611111111111 0.880859375 0.3020833333333333 0.8828125 0.2986111111111111 0.8828125 0.2916666666666667 0.88671875 0.2881944444444444 0.88671875 0.2743055555555556 0.890625 0.2638888888888889
2 0.802734375 0.46875 0.806640625 0.4756944444444444 0.80859375 0.4895833333333333 0.814453125 0.5 0.81640625 0.5 0.8203125 0.5104166666666666 0.822265625 0.5104166666666666 0.826171875 0.5277777777777778 0.845703125 0.5798611111111112 0.845703125 0.6388888888888888 0.849609375 0.6458333333333334 0.85546875 0.6458333333333334 0.857421875 0.6493055555555556 0.865234375 0.6493055555555556 0.8671875 0.6527777777777778 0.884765625 0.6527777777777778 0.884765625 0.6736111111111112 0.88671875 0.6770833333333334 0.88671875 0.6840277777777778 0.884765625 0.6909722222222222 0.8828125 0.6909722222222222 0.875 0.6736111111111112 0.859375 0.6631944444444444 0.8359375 0.6631944444444444 0.830078125 0.6527777777777778 0.828125 0.6319444444444444 0.82421875 0.625 0.822265625 0.6284722222222222 0.8125 0.6319444444444444 0.806640625 0.6423611111111112 0.806640625 0.6631944444444444 0.802734375 0.6770833333333334 0.802734375 0.7013888888888888 0.80078125 0.7048611111111112 0.802734375 0.7222222222222222 0.798828125 0.7256944444444444 0.779296875 0.7222222222222222 0.775390625 0.7118055555555556 0.78125 0.7118055555555556 0.7890625 0.7013888888888888 0.7890625 0.6944444444444444 0.791015625 0.6909722222222222 0.791015625 0.65625 0.79296875 0.6527777777777778 0.79296875 0.6388888888888888 0.791015625 0.6354166666666666 0.79296875 0.6319444444444444 0.79296875 0.625 0.798828125 0.6111111111111112 0.80078125 0.5972222222222222 0.80859375 0.5833333333333334 0.80859375 0.5694444444444444 0.810546875 0.5659722222222222 0.810546875 0.5555555555555556 0.796875 0.53125 0.794921875 0.5208333333333334 0.787109375 0.5069444444444444 0.783203125 0.4930555555555556 0.78515625 0.4756944444444444 0.7890625 0.46875 0.79296875 0.4652777777777778 0.798828125 0.4652777777777778 0.80078125 0.46875
2 0.96875 0.6354166666666666 0.9765625 0.6597222222222222 0.98046875 0.6631944444444444 0.986328125 0.6631944444444444 0.98828125 0.6770833333333334 0.998046875 0.6979166666666666 0.998046875 0.7222222222222222 0.99609375 0.7256944444444444 0.998046875 0.7326388888888888 0.998046875 0.8229166666666666 0.99609375 0.8263888888888888 0.998046875 0.8333333333333334 0.998046875 0.8541666666666666 0.98828125 0.8506944444444444 0.978515625 0.8298611111111112 0.97265625 0.8368055555555556 0.974609375 0.8680555555555556 0.98046875 0.8854166666666666 0.982421875 0.8993055555555556 0.974609375 0.8993055555555556 0.966796875 0.8888888888888888 0.966796875 0.8819444444444444 0.958984375 0.8611111111111112 0.95703125 0.84375 0.953125 0.8333333333333334 0.955078125 0.7951388888888888 0.95703125 0.7916666666666666 0.95703125 0.78125 0.9609375 0.7708333333333334 0.9609375 0.7638888888888888 0.958984375 0.7604166666666666 0.95703125 0.7638888888888888 0.953125 0.7638888888888888 0.94921875 0.7708333333333334 0.947265625 0.7916666666666666 0.943359375 0.7916666666666666 0.939453125 0.7847222222222222 0.939453125 0.7743055555555556 0.9453125 0.7534722222222222 0.9453125 0.7395833333333334 0.947265625 0.7361111111111112 0.947265625 0.7118055555555556 0.943359375 0.6979166666666666 0.9453125 0.6909722222222222 0.9453125 0.6805555555555556 0.947265625 0.6770833333333334 0.947265625 0.6493055555555556 0.94921875 0.6458333333333334 0.94921875 0.6388888888888888 0.955078125 0.6319444444444444 0.96484375 0.6319444444444444 0.966796875 0.6354166666666666
2 0.095703125 0.4201388888888889 0.111328125 0.4444444444444444 0.11328125 0.4895833333333333 0.1171875 0.5 0.1171875 0.5104166666666666 0.119140625 0.5138888888888888 0.119140625 0.5243055555555556 0.123046875 0.5416666666666666 0.123046875 0.5590277777777778 0.13671875 0.5868055555555556 0.138671875 0.6006944444444444 0.146484375 0.6111111111111112 0.1484375 0.6215277777777778 0.146484375 0.625 0.138671875 0.625 0.1328125 0.6145833333333334 0.1328125 0.6076388888888888 0.12890625 0.5972222222222222 0.1171875 0.5763888888888888 0.111328125 0.5555555555555556 0.1015625 0.5381944444444444 0.095703125 0.5381944444444444 0.080078125 0.5520833333333334 0.076171875 0.5590277777777778 0.076171875 0.5798611111111112 0.087890625 0.6076388888888888 0.087890625 0.6145833333333334 0.078125 0.6284722222222222 0.07421875 0.6284722222222222 0.072265625 0.6319444444444444 0.0703125 0.6284722222222222 0.0703125 0.5902777777777778 0.0625 0.5729166666666666 0.0625 0.5486111111111112 0.064453125 0.5486111111111112 0.078125 0.5243055555555556 0.080078125 0.5173611111111112 0.080078125 0.4895833333333333 0.0703125 0.46875 0.060546875 0.46875 0.05859375 0.4618055555555556 0.0703125 0.4444444444444444 0.076171875 0.4270833333333333 0.080078125 0.4270833333333333 0.08984375 0.4166666666666667 0.09375 0.4201388888888889
2 0.0703125 0.3819444444444444 0.072265625 0.3854166666666667 0.080078125 0.3854166666666667 0.08984375 0.4027777777777778 0.08984375 0.4097222222222222 0.083984375 0.4201388888888889 0.07421875 0.4236111111111111 0.068359375 0.4444444444444444 0.056640625 0.4618055555555556 0.060546875 0.4722222222222222 0.06640625 0.4722222222222222 0.072265625 0.4791666666666667 0.07421875 0.5243055555555556 0.064453125 0.5381944444444444 0.052734375 0.5277777777777778 0.046875 0.5277777777777778 0.04296875 0.53125 0.029296875 0.5520833333333334 0.025390625 0.5659722222222222 0.01953125 0.5763888888888888 0.01953125 0.5833333333333334 0.017578125 0.5868055555555556 0.017578125 0.6041666666666666 0.0078125 0.6041666666666666 0.005859375 0.6006944444444444 0.005859375 0.5763888888888888 0.015625 0.5451388888888888 0.021484375 0.5381944444444444 0.025390625 0.5277777777777778 0.025390625 0.5173611111111112 0.029296875 0.5034722222222222 0.029296875 0.4930555555555556 0.037109375 0.4652777777777778 0.04296875 0.4548611111111111 0.044921875 0.4305555555555556 0.048828125 0.4166666666666667 0.05078125 0.4131944444444444 0.0546875 0.4131944444444444 0.05859375 0.40625 0.05859375 0.3993055555555556 0.0625 0.3854166666666667 0.068359375 0.3854166666666667
2 0.556640625 0.5520833333333334 0.560546875 0.5555555555555556 0.560546875 0.5590277777777778 0.564453125 0.5625 0.56640625 0.5694444444444444 0.56640625 0.5763888888888888 0.568359375 0.5798611111111112 0.568359375 0.6006944444444444 0.5625 0.6111111111111112 0.55859375 0.6284722222222222 0.55859375 0.6666666666666666 0.55078125 0.6840277777777778 0.55078125 0.6979166666666666 0.546875 0.6979166666666666 0.5390625 0.7083333333333334 0.537109375 0.7569444444444444 0.533203125 0.7673611111111112 0.533203125 0.78125 0.529296875 0.7916666666666666 0.5234375 0.7847222222222222 0.5234375 0.7673611111111112 0.52734375 0.7569444444444444 0.52734375 0.7361111111111112 0.517578125 0.7222222222222222 0.51953125 0.6840277777777778 0.52734375 0.65625 0.52734375 0.6493055555555556 0.51953125 0.6354166666666666 0.517578125 0.6388888888888888 0.51171875 0.6388888888888888 0.51171875 0.6284722222222222 0.515625 0.6180555555555556 0.515625 0.6076388888888888 0.51953125 0.59375 0.517578125 0.5868055555555556 0.51953125 0.5659722222222222 0.5234375 0.5555555555555556 0.53125 0.5486111111111112 0.53125 0.53125 0.533203125 0.5243055555555556 0.541015625 0.5138888888888888 0.546875 0.5138888888888888 0.55078125 0.5277777777777778 0.55078125 0.5416666666666666 0.5546875 0.5520833333333334