0 0.24609375 0.13541666666666666 0.251953125 0.14583333333333334 0.251953125 0.15625 0.25390625 0.1597222222222222 0.25390625 0.1701388888888889 0.25 0.17708333333333334 0.23828125 0.17708333333333334 0.234375 0.1736111111111111 0.23046875 0.16319444444444445 0.232421875 0.1388888888888889 0.234375 0.13541666666666666 0.244140625 0.13541666666666666
0 0.42578125 0.2881944444444444 0.4296875 0.2951388888888889 0.4296875 0.3020833333333333 0.431640625 0.3055555555555556 0.431640625 0.3194444444444444 0.42578125 0.3402777777777778 0.412109375 0.3194444444444444 0.4140625 0.2951388888888889 0.41796875 0.2881944444444444 0.423828125 0.2881944444444444
0 0.2796875 0.1449074074074074 0.021875 0.045370370370370366
0 0.015625 0.6215277777777778 0.01953125 0.625 0.025390625 0.6458333333333334 0.021484375 0.65625 0.017578125 0.65625 0.015625 0.6597222222222222 0 0.6597222222222222 0 0.625 0.00390625 0.6215277777777778 0.013671875 0.6215277777777778
0 0.34375 0.13541666666666666 0.35546875 0.13194444444444445 0.359375 0.13541666666666666 0.36328125 0.14583333333333334 0.361328125 0.16319444444444445 0.345703125 0.16666666666666666 0.341796875 0.1597222222222222 0.341796875 0.14583333333333334 0.34375 0.1388888888888889
0 0.29296875 0.23055555555555557 0.025520833333333333 0.05
0 0.634765625 0.2569444444444444 0.640625 0.2638888888888889 0.642578125 0.28125 0.638671875 0.2916666666666667 0.6328125 0.2986111111111111 0.625 0.2986111111111111 0.62109375 0.2881944444444444 0.62109375 0.2708333333333333 0.623046875 0.2638888888888889 0.6328125 0.2569444444444444
0 0.357421875 0.10069444444444445 0.361328125 0.11458333333333333 0.361328125 0.125 0.357421875 0.13194444444444445 0.345703125 0.13194444444444445 0.341796875 0.12152777777777778 0.34375 0.1076388888888889 0.34765625 0.10069444444444445 0.3515625 0.09722222222222222 0.35546875 0.10069444444444445
0 0.369140625 0.2013888888888889 0.373046875 0.2048611111111111 0.376953125 0.2152777777777778 0.376953125 0.22916666666666666 0.37109375 0.24305555555555555 0.36328125 0.24305555555555555 0.357421875 0.22916666666666666 0.357421875 0.2152777777777778 0.359375 0.20833333333333334 0.3671875 0.2013888888888889
0 0.41796875 0.3854166666666667 0.41796875 0.3715277777777778 0.419921875 0.3645833333333333 0.42578125 0.3576388888888889 0.4296875 0.3611111111111111 0.4375 0.3611111111111111 0.44140625 0.3680555555555556 0.439453125 0.375 0.439453125 0.3854166666666667 0.419921875 0.3854166666666667
0 0.490234375 0.4375 0.49609375 0.4444444444444444 0.49609375 0.4618055555555556 0.494140625 0.46875 0.490234375 0.4722222222222222 0.482421875 0.4722222222222222 0.4765625 0.4652777777777778 0.4765625 0.4479166666666667 0.482421875 0.4375 0.48828125 0.4375
0 0.5885416666666666 0.3907407407407407 0.022916666666666665 0.044444444444444446
1 0.439453125 0.3923611111111111 0.443359375 0.4027777777777778 0.443359375 0.4409722222222222 0.4453125 0.4479166666666667 0.44140625 0.4548611111111111 0.4375 0.4548611111111111 0.431640625 0.4652777777777778 0.41796875 0.4652777777777778 0.40625 0.4548611111111111 0.400390625 0.4548611111111111 0.400390625 0.4479166666666667 0.404296875 0.4375 0.40625 0.4166666666666667 0.41015625 0.40625 0.41015625 0.3993055555555556 0.4140625 0.3923611111111111 0.41796875 0.3888888888888889 0.431640625 0.3888888888888889 0.43359375 0.3923611111111111 0.4375 0.3923611111111111
1 0.23828125 0.17708333333333334 0.240234375 0.18055555555555555 0.248046875 0.18055555555555555 0.25 0.1875 0.23828125 0.2326388888888889 0.236328125 0.22916666666666666 0.236328125 0.21180555555555555 0.234375 0.2048611111111111 0.232421875 0.2013888888888889 0.2265625 0.2013888888888889 0.224609375 0.2048611111111111 0.224609375 0.2326388888888889 0.236328125 0.25 0.234375 0.2534722222222222 0.220703125 0.2465277777777778 0.220703125 0.1875 0.22265625 0.1840277777777778 0.22265625 0.17708333333333334 0.228515625 0.16666666666666666 0.23046875 0.16666666666666666 0.236328125 0.17708333333333334
1 0.369140625 0.15625 0.375 0.18055555555555555 0.373046875 0.2013888888888889 0.365234375 0.2013888888888889 0.361328125 0.2048611111111111 0.357421875 0.21180555555555555 0.35546875 0.2222222222222222 0.345703125 0.22916666666666666 0.33984375 0.2222222222222222 0.341796875 0.2152777777777778 0.341796875 0.19791666666666666 0.337890625 0.1909722222222222 0.333984375 0.1909722222222222 0.333984375 0.18055555555555555 0.3359375 0.1736111111111111 0.341796875 0.16666666666666666 0.357421875 0.16666666666666666 0.36328125 0.1597222222222222 0.3671875 0.1597222222222222
1 0.44140625 0.3125 0.447265625 0.3194444444444444 0.4453125 0.3506944444444444 0.44921875 0.3680555555555556 0.44921875 0.3819444444444444 0.443359375 0.3888888888888889 0.427734375 0.3784722222222222 0.42578125 0.3715277777777778 0.421875 0.3715277777777778 0.419921875 0.3784722222222222 0.416015625 0.3680555555555556 0.416015625 0.3611111111111111 0.41015625 0.3506944444444444 0.408203125 0.3506944444444444 0.404296875 0.3402777777777778 0.404296875 0.3298611111111111 0.408203125 0.3229166666666667 0.416015625 0.3263888888888889 0.42578125 0.3402777777777778 0.431640625 0.3229166666666667 0.431640625 0.3159722222222222 0.43359375 0.3125 0.439453125 0.3125
1 0.341796875 0.1284722222222222 0.34375 0.13194444444444445 0.341796875 0.1388888888888889 0.341796875 0.16666666666666666 0.337890625 0.1701388888888889 0.322265625 0.16666666666666666 0.322265625 0.1527777777777778 0.326171875 0.13541666666666666 0.330078125 0.1284722222222222 0.33984375 0.1284722222222222
1 0.2713541666666667 0.19166666666666665 0.04791666666666666 0.08333333333333333
1 0 0.6597222222222222 0.00390625 0.6631944444444444 0.017578125 0.6631944444444444 0.021484375 0.6666666666666666 0.021484375 0.6736111111111112 0.0234375 0.6770833333333334 0.0234375 0.6840277777777778 0.01953125 0.6909722222222222 0.01171875 0.6909722222222222 0.009765625 0.6944444444444444 0.009765625 0.7048611111111112 0.0078125 0.7118055555555556 0 0.71875 0 0.6631944444444444
1 0.283203125 0.23958333333333334 0.294921875 0.2569444444444444 0.298828125 0.2569444444444444 0.3046875 0.2465277777777778 0.302734375 0.23958333333333334 0.306640625 0.23958333333333334 0.306640625 0.2638888888888889 0.3046875 0.2673611111111111 0.302734375 0.2916666666666667 0.298828125 0.3055555555555556 0.298828125 0.3229166666666667 0.2890625 0.3229166666666667 0.287109375 0.3263888888888889 0.275390625 0.3229166666666667 0.26953125 0.3020833333333333 0.26953125 0.2916666666666667 0.275390625 0.28125 0.275390625 0.2743055555555556 0.267578125 0.2638888888888889 0.267578125 0.25 0.271484375 0.24305555555555555 0.27734375 0.24305555555555555 0.28125 0.23958333333333334
1 0.658203125 0.2916666666666667 0.66015625 0.2951388888888889 0.66015625 0.3055555555555556 0.654296875 0.3159722222222222 0.654296875 0.3263888888888889 0.6640625 0.3472222222222222 0.662109375 0.3541666666666667 0.6640625 0.3576388888888889 0.650390625 0.375 0.634765625 0.3645833333333333 0.63671875 0.3611111111111111 0.63671875 0.3541666666666667 0.623046875 0.3263888888888889 0.62109375 0.3020833333333333 0.623046875 0.2986111111111111 0.630859375 0.3020833333333333 0.642578125 0.2847222222222222 0.6484375 0.2847222222222222 0.65625 0.2916666666666667
1 0.513671875 0.4270833333333333 0.515625 0.4305555555555556 0.521484375 0.4305555555555556 0.53515625 0.4479166666666667 0.53515625 0.4513888888888889 0.529296875 0.4583333333333333 0.525390625 0.4756944444444444 0.521484375 0.4826388888888889 0.509765625 0.4826388888888889 0.494140625 0.4722222222222222 0.49609375 0.46875 0.49609375 0.4583333333333333 0.498046875 0.4513888888888889 0.490234375 0.4340277777777778 0.4921875 0.4305555555555556 0.50390625 0.4305555555555556 0.505859375 0.4270833333333333 0.51171875 0.4270833333333333
1 0.3515625 0.22569444444444445 0.3671875 0.2465277777777778 0.376953125 0.2326388888888889 0.384765625 0.2361111111111111 0.38671875 0.2569444444444444 0.384765625 0.2638888888888889 0.380859375 0.2673611111111111 0.376953125 0.28125 0.376953125 0.2881944444444444 0.37890625 0.2916666666666667 0.37890625 0.3090277777777778 0.373046875 0.3159722222222222 0.34765625 0.3125 0.345703125 0.3090277777777778 0.34765625 0.3020833333333333 0.34765625 0.2916666666666667 0.345703125 0.2881944444444444 0.34765625 0.28125 0.34375 0.2708333333333333 0.34375 0.2569444444444444 0.33984375 0.25 0.33984375 0.24305555555555555 0.345703125 0.22916666666666666 0.349609375 0.22916666666666666
1 0.59765625 0.4027777777777778 0.607421875 0.4027777777777778 0.611328125 0.4097222222222222 0.61328125 0.4270833333333333 0.60546875 0.4444444444444444 0.60546875 0.4583333333333333 0.599609375 0.4652777777777778 0.595703125 0.4652777777777778 0.591796875 0.4756944444444444 0.587890625 0.4791666666666667 0.57421875 0.4756944444444444 0.57421875 0.4513888888888889 0.572265625 0.4479166666666667 0.5703125 0.4270833333333333 0.56640625 0.4201388888888889 0.56640625 0.4097222222222222 0.572265625 0.3958333333333333 0.578125 0.3958333333333333 0.580078125 0.4027777777777778 0.587890625 0.4131944444444444 0.59765625 0.40625
2 0.435546875 0.3888888888888889 0.443359375 0.3993055555555556 0.443359375 0.4409722222222222 0.4453125 0.4444444444444444 0.4453125 0.4548611111111111 0.439453125 0.4548611111111111 0.431640625 0.4652777777777778 0.431640625 0.4826388888888889 0.439453125 0.5034722222222222 0.44140625 0.53125 0.439453125 0.5347222222222222 0.439453125 0.5416666666666666 0.43359375 0.5520833333333334 0.4296875 0.5520833333333334 0.41796875 0.5659722222222222 0.419921875 0.5868055555555556 0.41796875 0.5868055555555556 0.40234375 0.5590277777777778 0.392578125 0.5590277777777778 0.39453125 0.5416666666666666 0.3984375 0.53125 0.3984375 0.5069444444444444 0.400390625 0.5034722222222222 0.400390625 0.4861111111111111 0.396484375 0.4756944444444444 0.396484375 0.4583333333333333 0.404296875 0.4375 0.40625 0.4166666666666667 0.41015625 0.40625 0.41015625 0.3993055555555556 0.41796875 0.3854166666666667 0.431640625 0.3854166666666667 0.43359375 0.3888888888888889
2 0.248046875 0.1388888888888889 0.251953125 0.14930555555555555 0.25390625 0.1736111111111111 0.251953125 0.17708333333333334 0.251953125 0.1840277777777778 0.248046875 0.1909722222222222 0.24609375 0.20833333333333334 0.240234375 0.2222222222222222 0.240234375 0.2326388888888889 0.24609375 0.24305555555555555 0.24609375 0.2534722222222222 0.244140625 0.2569444444444444 0.24609375 0.2604166666666667 0.24609375 0.2708333333333333 0.25390625 0.2951388888888889 0.25390625 0.3333333333333333 0.251953125 0.3368055555555556 0.25390625 0.3402777777777778 0.25390625 0.3680555555555556 0.259765625 0.3784722222222222 0.267578125 0.3819444444444444 0.267578125 0.3888888888888889 0.263671875 0.3888888888888889 0.26171875 0.3923611111111111 0.24609375 0.3923611111111111 0.244140625 0.3888888888888889 0.244140625 0.3819444444444444 0.24609375 0.3784722222222222 0.24609375 0.3576388888888889 0.244140625 0.3541666666666667 0.2421875 0.3263888888888889 0.240234375 0.3229166666666667 0.234375 0.3263888888888889 0.23046875 0.3333333333333333 0.23046875 0.3402777777777778 0.2265625 0.3402777777777778 0.22265625 0.3472222222222222 0.220703125 0.3541666666666667 0.224609375 0.3645833333333333 0.224609375 0.3715277777777778 0.216796875 0.3715277777777778 0.212890625 0.3680555555555556 0.203125 0.3506944444444444 0.23046875 0.3055555555555556 0.23046875 0.2916666666666667 0.224609375 0.28125 0.216796875 0.2569444444444444 0.216796875 0.2465277777777778 0.220703125 0.23958333333333334 0.220703125 0.1875 0.22265625 0.1840277777777778 0.22265625 0.17708333333333334 0.23046875 0.1597222222222222 0.232421875 0.1388888888888889 0.234375 0.13541666666666666 0.244140625 0.13541666666666666 0.24609375 0.1388888888888889
2 0.423828125 0.2881944444444444 0.4296875 0.2951388888888889 0.431640625 0.3055555555555556 0.435546875 0.3125 0.44140625 0.3125 0.4453125 0.3159722222222222 0.44921875 0.3263888888888889 0.44921875 0.3333333333333333 0.455078125 0.3402777777777778 0.4609375 0.3541666666666667 0.4609375 0.3611111111111111 0.453125 0.3576388888888889 0.44921875 0.3645833333333333 0.44921875 0.3819444444444444 0.455078125 0.40625 0.45703125 0.4618055555555556 0.462890625 0.4756944444444444 0.4609375 0.4826388888888889 0.455078125 0.4826388888888889 0.44921875 0.46875 0.44921875 0.4340277777777778 0.4453125 0.4236111111111111 0.447265625 0.4201388888888889 0.447265625 0.4097222222222222 0.4453125 0.40625 0.4453125 0.3958333333333333 0.44140625 0.3888888888888889 0.435546875 0.3854166666666667 0.4375 0.3819444444444444 0.4375 0.375 0.435546875 0.3715277777777778 0.431640625 0.3680555555555556 0.423828125 0.3680555555555556 0.416015625 0.3819444444444444 0.41015625 0.3819444444444444 0.40625 0.3923611111111111 0.40234375 0.3923611111111111 0.40234375 0.3715277777777778 0.404296875 0.3645833333333333 0.408203125 0.3611111111111111 0.408203125 0.3541666666666667 0.404296875 0.3402777777777778 0.404296875 0.3298611111111111 0.412109375 0.3159722222222222 0.4140625 0.2951388888888889 0.421875 0.2881944444444444
2 0.3515625 0.09722222222222222 0.359375 0.1076388888888889 0.361328125 0.11458333333333333 0.361328125 0.1284722222222222 0.37109375 0.1423611111111111 0.373046875 0.15625 0.376953125 0.1597222222222222 0.380859375 0.1736111111111111 0.37890625 0.1840277777777778 0.376953125 0.1840277777777778 0.373046875 0.1736111111111111 0.37109375 0.15625 0.365234375 0.14930555555555555 0.357421875 0.13194444444444445 0.34765625 0.13194444444444445 0.341796875 0.1388888888888889 0.341796875 0.15625 0.34375 0.1597222222222222 0.337890625 0.1701388888888889 0.32421875 0.1701388888888889 0.3203125 0.16666666666666666 0.3203125 0.15625 0.32421875 0.14930555555555555 0.32421875 0.1388888888888889 0.330078125 0.1284722222222222 0.33984375 0.125 0.34375 0.11458333333333333 0.34375 0.1076388888888889 0.349609375 0.10069444444444445
2 0.322265625 0.1701388888888889 0.32421875 0.1736111111111111 0.330078125 0.1736111111111111 0.330078125 0.18055555555555555 0.326171875 0.18055555555555555 0.32421875 0.1840277777777778 0.30859375 0.1840277777777778 0.306640625 0.18055555555555555 0.29296875 0.17708333333333334 0.287109375 0.1875 0.287109375 0.19791666666666666 0.27734375 0.2222222222222222 0.27734375 0.2326388888888889 0.265625 0.25 0.259765625 0.2881944444444444 0.255859375 0.2951388888888889 0.248046875 0.2673611111111111 0.248046875 0.25 0.25 0.2465277777777778 0.2421875 0.2326388888888889 0.2421875 0.21875 0.24609375 0.2152777777777778 0.25 0.1909722222222222 0.255859375 0.1736111111111111 0.255859375 0.16319444444444445 0.259765625 0.15625 0.26953125 0.14930555555555555 0.26953125 0.13541666666666666 0.271484375 0.1284722222222222 0.2734375 0.125 0.283203125 0.125 0.287109375 0.13194444444444445 0.2890625 0.14583333333333334 0.296875 0.16319444444444445 0.3203125 0.1701388888888889
2 0 0.625 0.00390625 0.6215277777777778 0.013671875 0.6215277777777778 0.021484375 0.6319444444444444 0.025390625 0.6458333333333334 0.01953125 0.6631944444444444 0.0234375 0.6770833333333334 0.01953125 0.7048611111111112 0.021484375 0.7083333333333334 0.021484375 0.71875 0.025390625 0.7256944444444444 0.025390625 0.7326388888888888 0.029296875 0.7465277777777778 0.029296875 0.7604166666666666 0.033203125 0.7743055555555556 0.033203125 0.7881944444444444 0.029296875 0.7951388888888888 0.02734375 0.78125 0.021484375 0.7604166666666666 0.017578125 0.7534722222222222 0.01171875 0.7291666666666666 0.0078125 0.7256944444444444 0.005859375 0.71875 0 0.7222222222222222 0 0.6284722222222222
2 0.294921875 0.20833333333333334 0.298828125 0.21180555555555555 0.302734375 0.22569444444444445 0.302734375 0.2326388888888889 0.306640625 0.23958333333333334 0.306640625 0.2673611111111111 0.3046875 0.2708333333333333 0.3046875 0.2777777777777778 0.306640625 0.28125 0.306640625 0.2986111111111111 0.30078125 0.3055555555555556 0.30078125 0.3229166666666667 0.306640625 0.3368055555555556 0.310546875 0.3506944444444444 0.310546875 0.3576388888888889 0.31640625 0.375 0.31640625 0.4340277777777778 0.3203125 0.4409722222222222 0.330078125 0.4479166666666667 0.330078125 0.4513888888888889 0.328125 0.4548611111111111 0.310546875 0.4548611111111111 0.306640625 0.4513888888888889 0.30859375 0.4236111111111111 0.306640625 0.4201388888888889 0.3046875 0.3888888888888889 0.302734375 0.3854166666666667 0.302734375 0.3784722222222222 0.291015625 0.3576388888888889 0.2890625 0.3576388888888889 0.28515625 0.3715277777777778 0.283203125 0.3993055555555556 0.27734375 0.4166666666666667 0.27734375 0.4236111111111111 0.2734375 0.4375 0.275390625 0.46875 0.26953125 0.46875 0.265625 0.4652777777777778 0.263671875 0.4583333333333333 0.267578125 0.4409722222222222 0.267578125 0.4131944444444444 0.271484375 0.3993055555555556 0.26953125 0.3263888888888889 0.265625 0.3194444444444444 0.267578125 0.25 0.271484375 0.24305555555555555 0.275390625 0.24305555555555555 0.28125 0.2326388888888889 0.28125 0.21875 0.287109375 0.20833333333333334 0.29296875 0.20833333333333334
2 0.650390625 0.2847222222222222 0.66015625 0.2951388888888889 0.66015625 0.3159722222222222 0.666015625 0.3298611111111111 0.666015625 0.3576388888888889 0.66796875 0.3611111111111111 0.66796875 0.375 0.669921875 0.3784722222222222 0.669921875 0.40625 0.671875 0.4097222222222222 0.671875 0.4201388888888889 0.67578125 0.4340277777777778 0.681640625 0.4444444444444444 0.681640625 0.4548611111111111 0.68359375 0.4583333333333333 0.685546875 0.4756944444444444 0.689453125 0.4826388888888889 0.689453125 0.5 0.685546875 0.5034722222222222 0.681640625 0.5034722222222222 0.6796875 0.5 0.6796875 0.4756944444444444 0.669921875 0.4548611111111111 0.66796875 0.4444444444444444 0.662109375 0.4340277777777778 0.65234375 0.3993055555555556 0.640625 0.4097222222222222 0.63671875 0.4201388888888889 0.63671875 0.4270833333333333 0.6484375 0.46875 0.6484375 0.4895833333333333 0.646484375 0.4965277777777778 0.640625 0.4965277777777778 0.638671875 0.4930555555555556 0.638671875 0.4618055555555556 0.623046875 0.4270833333333333 0.623046875 0.3993055555555556 0.625 0.3958333333333333 0.625 0.3888888888888889 0.63671875 0.3576388888888889 0.6328125 0.34375 0.62890625 0.34375 0.619140625 0.3680555555555556 0.6171875 0.3784722222222222 0.615234375 0.3784722222222222 0.609375 0.3888888888888889 0.609375 0.3923611111111111 0.60546875 0.3923611111111111 0.609375 0.3715277777777778 0.619140625 0.3541666666666667 0.619140625 0.3472222222222222 0.62109375 0.34375 0.62109375 0.2743055555555556 0.623046875 0.2708333333333333 0.623046875 0.2638888888888889 0.625 0.2604166666666667 0.638671875 0.2604166666666667 0.642578125 0.2708333333333333 0.642578125 0.28125 0.64453125 0.2847222222222222 0.6484375 0.2847222222222222
2 0.513671875 0.4270833333333333 0.515625 0.4305555555555556 0.521484375 0.4305555555555556 0.529296875 0.4409722222222222 0.53515625 0.4444444444444444 0.548828125 0.46875 0.55078125 0.46875 0.560546875 0.4895833333333333 0.564453125 0.4861111111111111 0.568359375 0.4930555555555556 0.568359375 0.5069444444444444 0.564453125 0.5173611111111112 0.560546875 0.5104166666666666 0.55078125 0.5138888888888888 0.54296875 0.5069444444444444 0.51953125 0.5104166666666666 0.505859375 0.5277777777777778 0.49609375 0.5277777777777778 0.494140625 0.5243055555555556 0.49609375 0.5243055555555556 0.505859375 0.5034722222222222 0.50390625 0.4861111111111111 0.498046875 0.4756944444444444 0.482421875 0.4826388888888889 0.4765625 0.4965277777777778 0.466796875 0.4965277777777778 0.466796875 0.4930555555555556 0.470703125 0.4930555555555556 0.4765625 0.4826388888888889 0.478515625 0.4756944444444444 0.4765625 0.4479166666666667 0.482421875 0.4375 0.4921875 0.4305555555555556 0.50390625 0.4305555555555556 0.505859375 0.4270833333333333 0.51171875 0.4270833333333333
2 0.359375 0.20833333333333334 0.36328125 0.2048611111111111 0.373046875 0.2048611111111111 0.376953125 0.22916666666666666 0.380859375 0.2361111111111111 0.384765625 0.2361111111111111 0.384765625 0.24305555555555555 0.38671875 0.2465277777777778 0.38671875 0.2708333333333333 0.390625 0.2881944444444444 0.390625 0.3298611111111111 0.38671875 0.3125 0.3828125 0.3125 0.380859375 0.3090277777777778 0.37890625 0.3125 0.380859375 0.3541666666666667 0.392578125 0.3854166666666667 0.39453125 0.3993055555555556 0.396484375 0.4027777777777778 0.3984375 0.3993055555555556 0.40234375 0.3993055555555556 0.404296875 0.4027777777777778 0.40234375 0.40625 0.40234375 0.4236111111111111 0.400390625 0.4305555555555556 0.396484375 0.4305555555555556 0.392578125 0.4236111111111111 0.38671875 0.4027777777777778 0.37890625 0.3923611111111111 0.369140625 0.3576388888888889 0.361328125 0.34375 0.359375 0.34375 0.353515625 0.3541666666666667 0.349609375 0.3784722222222222 0.33984375 0.3993055555555556 0.33984375 0.40625 0.333984375 0.4201388888888889 0.333984375 0.4270833333333333 0.328125 0.4270833333333333 0.328125 0.4201388888888889 0.33203125 0.4131944444444444 0.33203125 0.3854166666666667 0.328125 0.375 0.3359375 0.3611111111111111 0.341796875 0.3402777777777778 0.341796875 0.3159722222222222 0.34375 0.3125 0.34375 0.2916666666666667 0.341796875 0.2881944444444444 0.337890625 0.2881944444444444 0.33203125 0.2777777777777778 0.33203125 0.2638888888888889 0.33984375 0.2465277777777778 0.341796875 0.2326388888888889 0.34375 0.22916666666666666 0.353515625 0.22569444444444445 0.359375 0.21180555555555555
2 0.357421875 0.13194444444444445 0.369140625 0.14583333333333334 0.373046875 0.15625 0.375 0.1701388888888889 0.37890625 0.17708333333333334 0.37890625 0.1909722222222222 0.380859375 0.19444444444444445 0.376953125 0.2048611111111111 0.37109375 0.2048611111111111 0.369140625 0.2013888888888889 0.36328125 0.2048611111111111 0.353515625 0.22569444444444445 0.349609375 0.22569444444444445 0.34765625 0.22916666666666666 0.3359375 0.22916666666666666 0.333984375 0.2326388888888889 0.328125 0.22916666666666666 0.328125 0.21875 0.32421875 0.2013888888888889 0.330078125 0.19444444444444445 0.333984375 0.1840277777777778 0.333984375 0.17708333333333334 0.337890625 0.1736111111111111 0.34375 0.1597222222222222 0.341796875 0.15625 0.341796875 0.14583333333333334 0.34375 0.1388888888888889 0.349609375 0.13194444444444445 0.35546875 0.13194444444444445
2 0.603515625 0.3993055555555556 0.607421875 0.4027777777777778 0.61328125 0.4166666666666667 0.61328125 0.4270833333333333 0.611328125 0.4305555555555556 0.615234375 0.4409722222222222 0.615234375 0.4548611111111111 0.6171875 0.4583333333333333 0.6171875 0.4722222222222222 0.619140625 0.4756944444444444 0.619140625 0.5173611111111112 0.615234375 0.53125 0.609375 0.53125 0.603515625 0.5451388888888888 0.603515625 0.5520833333333334 0.607421875 0.5659722222222222 0.607421875 0.5729166666666666 0.60546875 0.5763888888888888 0.6015625 0.5763888888888888 0.59765625 0.5659722222222222 0.59765625 0.5381944444444444 0.591796875 0.5243055555555556 0.5859375 0.53125 0.578125 0.53125 0.578125 0.5243055555555556 0.57421875 0.5104166666666666 0.57421875 0.4895833333333333 0.572265625 0.4861111111111111 0.57421875 0.4826388888888889 0.57421875 0.4583333333333333 0.5703125 0.4513888888888889 0.56640625 0.4618055555555556 0.56640625 0.4722222222222222 0.564453125 0.4791666666666667 0.55859375 0.4791666666666667 0.55859375 0.4548611111111111 0.560546875 0.4513888888888889 0.5625 0.4305555555555556 0.56640625 0.4201388888888889 0.56640625 0.4097222222222222 0.568359375 0.4027777777777778 0.57421875 0.3958333333333333 0.5859375 0.3715277777777778 0.595703125 0.3715277777777778 0.59765625 0.375 0.59765625 0.3923611111111111 0.6015625 0.3993055555555556