0 0.4028645833333333 0.08611111111111111 0.0140625 0.027777777777777776
0 0.521484375 0.06597222222222222 0.521484375 0.0763888888888889 0.513671875 0.09027777777777778 0.5078125 0.08333333333333333 0.5078125 0.06944444444444445 0.509765625 0.06597222222222222 0.51953125 0.06597222222222222
0 0.4375 0.19675925925925924 0.014583333333333334 0.026851851851851852
0 0.4895833333333333 0.2287037037037037 0.017708333333333333 0.03518518518518518
0 0.36328125 0.2951388888888889 0.359375 0.28125 0.359375 0.2743055555555556 0.361328125 0.2708333333333333 0.37109375 0.2708333333333333 0.373046875 0.2743055555555556 0.373046875 0.2881944444444444 0.369140625 0.2951388888888889 0.365234375 0.2951388888888889
0 0.46484375 0.2465277777777778 0.470703125 0.24305555555555555 0.4765625 0.2569444444444444 0.474609375 0.2604166666666667 0.474609375 0.2673611111111111 0.46875 0.2673611111111111 0.46484375 0.2604166666666667 0.46484375 0.25
0 0.5236979166666667 0.2601851851851852 0.019270833333333334 0.03518518518518518
0 0.4765625 0.2777777777777778 0.48046875 0.2847222222222222 0.48046875 0.2986111111111111 0.478515625 0.3020833333333333 0.474609375 0.3020833333333333 0.466796875 0.2951388888888889 0.466796875 0.2847222222222222 0.46875 0.2777777777777778 0.470703125 0.2743055555555556 0.474609375 0.2777777777777778
0 0.36328125 0.3993055555555556 0.365234375 0.4027777777777778 0.369140625 0.4027777777777778 0.369140625 0.4166666666666667 0.361328125 0.4270833333333333 0.35546875 0.4236111111111111 0.3515625 0.4166666666666667 0.3515625 0.40625 0.35546875 0.3993055555555556 0.361328125 0.3993055555555556
0 0.48046875 0.3398148148148148 0.019270833333333334 0.02962962962962963
0 0.54296875 0.2777777777777778 0.544921875 0.28125 0.544921875 0.2951388888888889 0.54296875 0.2951388888888889 0.537109375 0.3055555555555556 0.537109375 0.3090277777777778 0.53125 0.3090277777777778 0.52734375 0.3020833333333333 0.52734375 0.2881944444444444 0.53125 0.2777777777777778 0.541015625 0.2777777777777778
0 0.5234375 0.3159722222222222 0.52734375 0.3229166666666667 0.52734375 0.3333333333333333 0.51953125 0.3506944444444444 0.515625 0.3506944444444444 0.51171875 0.34375 0.51171875 0.3263888888888889 0.515625 0.3194444444444444 0.521484375 0.3159722222222222
0 0.595703125 0.3229166666666667 0.595703125 0.3333333333333333 0.58984375 0.34375 0.58984375 0.3472222222222222 0.58203125 0.3472222222222222 0.580078125 0.3402777777777778 0.580078125 0.3229166666666667 0.583984375 0.3159722222222222 0.58984375 0.3159722222222222 0.59375 0.3229166666666667
0 0.55859375 0.3541666666666667 0.564453125 0.3611111111111111 0.564453125 0.3784722222222222 0.55859375 0.3888888888888889 0.55859375 0.3923611111111111 0.55078125 0.3923611111111111 0.546875 0.3854166666666667 0.546875 0.3680555555555556 0.548828125 0.3611111111111111 0.556640625 0.3541666666666667
0 0.599609375 0.3854166666666667 0.6015625 0.3888888888888889 0.6015625 0.4097222222222222 0.59765625 0.4236111111111111 0.591796875 0.4236111111111111 0.587890625 0.4131944444444444 0.587890625 0.3923611111111111 0.591796875 0.3854166666666667 0.59765625 0.3854166666666667
0 0.6875 0.3472222222222222 0.689453125 0.3506944444444444 0.689453125 0.375 0.685546875 0.3819444444444444 0.681640625 0.3819444444444444 0.677734375 0.3715277777777778 0.677734375 0.3506944444444444 0.6796875 0.3472222222222222 0.685546875 0.3472222222222222
0 0.509765625 0.3854166666666667 0.51171875 0.3888888888888889 0.51171875 0.3993055555555556 0.513671875 0.40625 0.51171875 0.4131944444444444 0.5078125 0.4166666666666667 0.50390625 0.4166666666666667 0.49609375 0.4027777777777778 0.49609375 0.3888888888888889 0.5 0.3819444444444444 0.505859375 0.3819444444444444 0.5078125 0.3854166666666667
0 0.52734375 0.4340277777777778 0.533203125 0.4409722222222222 0.533203125 0.4548611111111111 0.529296875 0.4618055555555556 0.5234375 0.4583333333333333 0.517578125 0.4479166666666667 0.517578125 0.4444444444444444 0.5234375 0.4340277777777778 0.525390625 0.4340277777777778
0 0.576171875 0.6979166666666666 0.587890625 0.6979166666666666 0.59375 0.7118055555555556 0.59375 0.7222222222222222 0.58984375 0.7326388888888888 0.58203125 0.7326388888888888 0.57421875 0.7256944444444444 0.57421875 0.7048611111111112 0.576171875 0.7013888888888888
0 0.63046875 0.7013888888888888 0.0234375 0.03796296296296296
0 0.83203125 0.2847222222222222 0.841796875 0.2986111111111111 0.841796875 0.3090277777777778 0.8359375 0.3194444444444444 0.8359375 0.3229166666666667 0.830078125 0.3298611111111111 0.82421875 0.3263888888888889 0.82421875 0.3194444444444444 0.822265625 0.3159722222222222 0.822265625 0.2951388888888889 0.828125 0.2847222222222222 0.830078125 0.2847222222222222
1 0.541015625 0.2604166666666667 0.564453125 0.2881944444444444 0.56640625 0.2951388888888889 0.56640625 0.3090277777777778 0.564453125 0.3125 0.537109375 0.2708333333333333 0.529296875 0.28125 0.525390625 0.28125 0.525390625 0.2743055555555556 0.533203125 0.2604166666666667 0.5390625 0.2604166666666667
1 0.55078125 0.34375 0.556640625 0.3541666666666667 0.544921875 0.3645833333333333 0.54296875 0.3506944444444444 0.5390625 0.3472222222222222 0.53515625 0.3576388888888889 0.53515625 0.3645833333333333 0.53125 0.3645833333333333 0.529296875 0.3680555555555556 0.51953125 0.3541666666666667 0.521484375 0.34375 0.52734375 0.3333333333333333 0.533203125 0.3298611111111111 0.53515625 0.3333333333333333 0.544921875 0.3368055555555556 0.548828125 0.34375
1 0.466796875 0.2638888888888889 0.46875 0.2743055555555556 0.46484375 0.2847222222222222 0.4609375 0.2916666666666667 0.45703125 0.2916666666666667 0.44921875 0.3055555555555556 0.447265625 0.3159722222222222 0.44140625 0.3263888888888889 0.435546875 0.3263888888888889 0.435546875 0.3194444444444444 0.431640625 0.3090277777777778 0.431640625 0.2986111111111111 0.4296875 0.2951388888888889 0.431640625 0.2847222222222222 0.435546875 0.2777777777777778 0.4453125 0.2708333333333333 0.453125 0.2604166666666667 0.462890625 0.2604166666666667 0.46484375 0.2638888888888889
1 0.47265625 0.34375 0.482421875 0.3576388888888889 0.482421875 0.375 0.484375 0.3784722222222222 0.484375 0.3819444444444444 0.478515625 0.3854166666666667 0.474609375 0.3923611111111111 0.474609375 0.3993055555555556 0.4765625 0.4027777777777778 0.474609375 0.4131944444444444 0.470703125 0.4131944444444444 0.453125 0.3888888888888889 0.453125 0.3645833333333333 0.4609375 0.3472222222222222 0.46484375 0.34375 0.470703125 0.34375
1 0.3984375 0.09027777777777778 0.40234375 0.10069444444444445 0.400390625 0.1111111111111111 0.39453125 0.12152777777777778 0.39453125 0.1284722222222222 0.38671875 0.1284722222222222 0.384765625 0.13194444444444445 0.380859375 0.1284722222222222 0.37109375 0.1284722222222222 0.37109375 0.11805555555555555 0.3828125 0.09722222222222222 0.390625 0.09027777777777778 0.396484375 0.09027777777777778
1 0.658203125 0.7222222222222222 0.662109375 0.7291666666666666 0.671875 0.7604166666666666 0.671875 0.7743055555555556 0.66796875 0.7777777777777778 0.666015625 0.7743055555555556 0.654296875 0.7743055555555556 0.65234375 0.7708333333333334 0.654296875 0.7569444444444444 0.65234375 0.7534722222222222 0.65234375 0.7465277777777778 0.64453125 0.7291666666666666 0.640625 0.7291666666666666 0.63671875 0.7395833333333334 0.6328125 0.7395833333333334 0.630859375 0.71875 0.64453125 0.7013888888888888 0.646484375 0.7013888888888888 0.65625 0.7222222222222222
1 0.359375 0.4305555555555556 0.36328125 0.4340277777777778 0.36328125 0.4444444444444444 0.359375 0.4548611111111111 0.353515625 0.4479166666666667 0.349609375 0.4479166666666667 0.345703125 0.4548611111111111 0.349609375 0.4722222222222222 0.353515625 0.4756944444444444 0.35546875 0.4826388888888889 0.349609375 0.4826388888888889 0.34765625 0.4861111111111111 0.3359375 0.4826388888888889 0.333984375 0.4756944444444444 0.33984375 0.4618055555555556 0.33984375 0.4479166666666667 0.34375 0.4305555555555556 0.34765625 0.4236111111111111 0.353515625 0.4236111111111111 0.357421875 0.4305555555555556
1 0.47265625 0.2986111111111111 0.4765625 0.3055555555555556 0.4765625 0.3194444444444444 0.47265625 0.3229166666666667 0.470703125 0.3298611111111111 0.46875 0.3298611111111111 0.466796875 0.3368055555555556 0.45703125 0.3506944444444444 0.453125 0.3506944444444444 0.4453125 0.3368055555555556 0.4453125 0.3229166666666667 0.4609375 0.2986111111111111 0.470703125 0.2986111111111111
1 0.697265625 0.3680555555555556 0.69921875 0.375 0.69921875 0.3854166666666667 0.6953125 0.4027777777777778 0.697265625 0.4236111111111111 0.6875 0.4236111111111111 0.685546875 0.4270833333333333 0.677734375 0.4236111111111111 0.671875 0.4131944444444444 0.671875 0.3888888888888889 0.669921875 0.3854166666666667 0.669921875 0.3784722222222222 0.67578125 0.3715277777777778 0.6796875 0.375 0.685546875 0.375 0.69140625 0.3645833333333333 0.6953125 0.3680555555555556
1 0.52734375 0.08333333333333333 0.5390625 0.1076388888888889 0.5390625 0.11458333333333333 0.54296875 0.1284722222222222 0.54296875 0.1388888888888889 0.5390625 0.1423611111111111 0.53515625 0.1423611111111111 0.52734375 0.13541666666666666 0.525390625 0.12152777777777778 0.513671875 0.09722222222222222 0.513671875 0.09027777777777778 0.515625 0.08680555555555555 0.51953125 0.08333333333333333 0.525390625 0.08333333333333333
1 0.50390625 0.22916666666666666 0.517578125 0.24305555555555555 0.513671875 0.2569444444444444 0.513671875 0.2638888888888889 0.5234375 0.28125 0.5234375 0.2916666666666667 0.51953125 0.3055555555555556 0.515625 0.3055555555555556 0.505859375 0.2951388888888889 0.505859375 0.2881944444444444 0.51171875 0.2777777777777778 0.5078125 0.2708333333333333 0.5078125 0.2638888888888889 0.50390625 0.2569444444444444 0.49609375 0.2604166666666667 0.490234375 0.2534722222222222 0.490234375 0.24305555555555555 0.501953125 0.22916666666666666
1 0.400390625 0.2534722222222222 0.404296875 0.22916666666666666 0.41796875 0.20833333333333334 0.42578125 0.2013888888888889 0.431640625 0.2013888888888889 0.4375 0.21180555555555555 0.427734375 0.23958333333333334 0.4140625 0.2465277777777778 0.41015625 0.2604166666666667 0.40625 0.2604166666666667 0.40625 0.2569444444444444 0.40234375 0.2534722222222222
1 0.359375 0.2847222222222222 0.36328125 0.2916666666666667 0.369140625 0.2951388888888889 0.369140625 0.3090277777777778 0.359375 0.3298611111111111 0.359375 0.3368055555555556 0.35546875 0.3506944444444444 0.337890625 0.3506944444444444 0.3359375 0.34375 0.33984375 0.3333333333333333 0.337890625 0.3125 0.34375 0.3055555555555556 0.3515625 0.2881944444444444 0.357421875 0.2847222222222222
1 0.544921875 0.2916666666666667 0.55078125 0.2916666666666667 0.556640625 0.3020833333333333 0.55859375 0.3020833333333333 0.560546875 0.3090277777777778 0.564453125 0.3125 0.564453125 0.3229166666666667 0.5703125 0.3368055555555556 0.5703125 0.34375 0.56640625 0.34375 0.5625 0.3541666666666667 0.55859375 0.3541666666666667 0.54296875 0.3298611111111111 0.5390625 0.3298611111111111 0.533203125 0.3194444444444444 0.533203125 0.3159722222222222 0.537109375 0.3055555555555556 0.5390625 0.3055555555555556 0.544921875 0.2951388888888889
1 0.56640625 0.3784722222222222 0.580078125 0.3923611111111111 0.58203125 0.3993055555555556 0.5625 0.4097222222222222 0.556640625 0.4166666666666667 0.546875 0.4166666666666667 0.544921875 0.4131944444444444 0.544921875 0.3958333333333333 0.548828125 0.3854166666666667 0.55859375 0.3854166666666667 0.564453125 0.3784722222222222
1 0.849609375 0.3159722222222222 0.87109375 0.3472222222222222 0.87109375 0.3541666666666667 0.869140625 0.3576388888888889 0.85546875 0.3576388888888889 0.853515625 0.3541666666666667 0.853515625 0.3472222222222222 0.849609375 0.3402777777777778 0.845703125 0.3402777777777778 0.84375 0.34375 0.84375 0.3506944444444444 0.83984375 0.3506944444444444 0.833984375 0.3402777777777778 0.830078125 0.3263888888888889 0.83984375 0.3125 0.845703125 0.3125 0.84765625 0.3159722222222222
1 0.578125 0.3888888888888889 0.583984375 0.3993055555555556 0.587890625 0.4131944444444444 0.587890625 0.4201388888888889 0.59375 0.4305555555555556 0.59375 0.4409722222222222 0.58984375 0.4548611111111111 0.583984375 0.4652777777777778 0.57421875 0.4652777777777778 0.572265625 0.4618055555555556 0.5703125 0.4548611111111111 0.5703125 0.4131944444444444 0.568359375 0.4097222222222222 0.5625 0.4097222222222222 0.55078125 0.4201388888888889 0.544921875 0.4131944444444444 0.544921875 0.3993055555555556 0.55078125 0.3888888888888889 0.556640625 0.3888888888888889 0.564453125 0.3784722222222222 0.572265625 0.3819444444444444 0.576171875 0.3888888888888889
1 0.49609375 0.40625 0.501953125 0.4166666666666667 0.501953125 0.4305555555555556 0.5 0.4340277777777778 0.501953125 0.4409722222222222 0.501953125 0.4652777777777778 0.498046875 0.4722222222222222 0.490234375 0.4652777777777778 0.486328125 0.4513888888888889 0.46875 0.4479166666666667 0.466796875 0.4444444444444444 0.466796875 0.4375 0.4609375 0.4305555555555556 0.4765625 0.4131944444444444 0.484375 0.4131944444444444 0.48828125 0.40625 0.494140625 0.40625
1 0.521484375 0.4548611111111111 0.525390625 0.4583333333333333 0.53125 0.46875 0.53125 0.4722222222222222 0.51953125 0.4895833333333333 0.513671875 0.5104166666666666 0.50390625 0.5104166666666666 0.501953125 0.5069444444444444 0.4921875 0.5034722222222222 0.4921875 0.4930555555555556 0.5078125 0.4548611111111111 0.51171875 0.4513888888888889 0.517578125 0.4513888888888889 0.51953125 0.4548611111111111
1 0.615234375 0.4131944444444444 0.619140625 0.4166666666666667 0.619140625 0.4201388888888889 0.630859375 0.4444444444444444 0.630859375 0.4548611111111111 0.626953125 0.4583333333333333 0.623046875 0.4548611111111111 0.62109375 0.4409722222222222 0.615234375 0.4270833333333333 0.609375 0.4375 0.611328125 0.4409722222222222 0.611328125 0.4479166666666667 0.609375 0.4513888888888889 0.595703125 0.4340277777777778 0.59375 0.4236111111111111 0.6015625 0.4097222222222222 0.611328125 0.4097222222222222 0.61328125 0.4131944444444444
1 0.595703125 0.3298611111111111 0.59765625 0.3333333333333333 0.603515625 0.3333333333333333 0.615234375 0.3541666666666667 0.619140625 0.3715277777777778 0.60546875 0.3888888888888889 0.603515625 0.3854166666666667 0.59375 0.3819444444444444 0.59375 0.375 0.583984375 0.3611111111111111 0.583984375 0.3472222222222222 0.5859375 0.3472222222222222 0.59375 0.3333333333333333
1 0.572265625 0.7152777777777778 0.580078125 0.7326388888888888 0.58203125 0.7430555555555556 0.578125 0.7534722222222222 0.5703125 0.7569444444444444 0.564453125 0.7638888888888888 0.5546875 0.7638888888888888 0.5546875 0.7569444444444444 0.548828125 0.7465277777777778 0.544921875 0.7465277777777778 0.54296875 0.7395833333333334 0.548828125 0.7291666666666666 0.560546875 0.71875 0.56640625 0.71875 0.5703125 0.7152777777777778
2 0.494140625 0.21875 0.5 0.22916666666666666 0.517578125 0.2326388888888889 0.51953125 0.23958333333333334 0.517578125 0.25 0.513671875 0.2569444444444444 0.513671875 0.2638888888888889 0.5234375 0.2847222222222222 0.521484375 0.3020833333333333 0.517578125 0.3125 0.51171875 0.3125 0.509765625 0.3090277777777778 0.5078125 0.2986111111111111 0.50390625 0.2951388888888889 0.5 0.2847222222222222 0.5 0.2743055555555556 0.482421875 0.2326388888888889 0.486328125 0.21875 0.4921875 0.21875
2 0.47265625 0.2465277777777778 0.474609375 0.25 0.474609375 0.2708333333333333 0.470703125 0.2743055555555556 0.4609375 0.2951388888888889 0.45703125 0.2951388888888889 0.443359375 0.3263888888888889 0.43359375 0.3298611111111111 0.4296875 0.3159722222222222 0.427734375 0.3159722222222222 0.421875 0.3263888888888889 0.421875 0.3333333333333333 0.4296875 0.3402777777777778 0.427734375 0.34375 0.4296875 0.3506944444444444 0.427734375 0.3541666666666667 0.423828125 0.3541666666666667 0.41796875 0.3680555555555556 0.416015625 0.3680555555555556 0.412109375 0.3576388888888889 0.4140625 0.3194444444444444 0.416015625 0.3159722222222222 0.42578125 0.3159722222222222 0.427734375 0.3125 0.42578125 0.3020833333333333 0.4296875 0.2881944444444444 0.4375 0.2743055555555556 0.447265625 0.2673611111111111 0.451171875 0.2604166666666667 0.458984375 0.2569444444444444 0.4609375 0.25 0.466796875 0.24305555555555555 0.470703125 0.2465277777777778
2 0.47265625 0.3229166666666667 0.48046875 0.3229166666666667 0.484375 0.3263888888888889 0.48828125 0.3368055555555556 0.48828125 0.3541666666666667 0.482421875 0.3680555555555556 0.484375 0.3819444444444444 0.478515625 0.3819444444444444 0.474609375 0.3888888888888889 0.474609375 0.4097222222222222 0.46875 0.4097222222222222 0.46484375 0.4131944444444444 0.45703125 0.4270833333333333 0.455078125 0.4479166666666667 0.453125 0.4513888888888889 0.4453125 0.4548611111111111 0.435546875 0.4652777777777778 0.435546875 0.4756944444444444 0.4375 0.4791666666666667 0.435546875 0.4826388888888889 0.427734375 0.4791666666666667 0.421875 0.46875 0.42578125 0.4583333333333333 0.43359375 0.4513888888888889 0.435546875 0.4375 0.4375 0.4375 0.443359375 0.4236111111111111 0.443359375 0.4166666666666667 0.439453125 0.40625 0.443359375 0.375 0.458984375 0.3506944444444444 0.4609375 0.34375 0.458984375 0.3368055555555556 0.462890625 0.3333333333333333 0.466796875 0.3368055555555556 0.47265625 0.3263888888888889
2 0.40625 0.0763888888888889 0.408203125 0.0798611111111111 0.408203125 0.09375 0.404296875 0.09722222222222222 0.40234375 0.1111111111111111 0.396484375 0.12152777777777778 0.396484375 0.13541666666666666 0.400390625 0.1388888888888889 0.404296875 0.14930555555555555 0.404296875 0.16319444444444445 0.39453125 0.17708333333333334 0.39453125 0.2013888888888889 0.396484375 0.2048611111111111 0.39453125 0.20833333333333334 0.388671875 0.20833333333333334 0.3828125 0.2013888888888889 0.38671875 0.1875 0.38671875 0.1701388888888889 0.388671875 0.16666666666666666 0.388671875 0.1597222222222222 0.375 0.1423611111111111 0.37109375 0.13194444444444445 0.37109375 0.11805555555555555 0.3828125 0.09722222222222222 0.390625 0.09027777777777778 0.39453125 0.09027777777777778 0.3984375 0.0763888888888889 0.404296875 0.0763888888888889
2 0.64453125 0.7013888888888888 0.6484375 0.7048611111111112 0.65625 0.7222222222222222 0.658203125 0.7222222222222222 0.671875 0.7604166666666666 0.671875 0.7847222222222222 0.669921875 0.7881944444444444 0.66796875 0.8125 0.677734375 0.8263888888888888 0.685546875 0.8333333333333334 0.697265625 0.8368055555555556 0.701171875 0.84375 0.69921875 0.8472222222222222 0.69921875 0.8611111111111112 0.6953125 0.8680555555555556 0.69140625 0.8645833333333334 0.69140625 0.8541666666666666 0.681640625 0.8368055555555556 0.671875 0.8368055555555556 0.6640625 0.8298611111111112 0.658203125 0.8194444444444444 0.658203125 0.8020833333333334 0.654296875 0.7881944444444444 0.6484375 0.7881944444444444 0.64453125 0.7951388888888888 0.64453125 0.8263888888888888 0.642578125 0.8298611111111112 0.642578125 0.8368055555555556 0.64453125 0.8402777777777778 0.64453125 0.8576388888888888 0.640625 0.8576388888888888 0.638671875 0.8611111111111112 0.626953125 0.8611111111111112 0.626953125 0.8576388888888888 0.63671875 0.84375 0.63671875 0.7986111111111112 0.634765625 0.7951388888888888 0.634765625 0.7847222222222222 0.642578125 0.7708333333333334 0.64453125 0.7569444444444444 0.640625 0.7465277777777778 0.63671875 0.7465277777777778 0.634765625 0.7430555555555556 0.623046875 0.7430555555555556 0.62109375 0.7395833333333334 0.62109375 0.7361111111111112 0.626953125 0.7256944444444444 0.623046875 0.71875 0.62109375 0.6979166666666666 0.625 0.6875 0.62890625 0.6840277777777778 0.634765625 0.6840277777777778 0.642578125 0.7013888888888888
2 0.36328125 0.4027777777777778 0.3671875 0.4097222222222222 0.3671875 0.4236111111111111 0.365234375 0.4270833333333333 0.361328125 0.4548611111111111 0.36328125 0.4583333333333333 0.3671875 0.4583333333333333 0.373046875 0.4513888888888889 0.376953125 0.4513888888888889 0.376953125 0.4548611111111111 0.369140625 0.46875 0.361328125 0.4722222222222222 0.35546875 0.4826388888888889 0.36328125 0.5069444444444444 0.365234375 0.53125 0.361328125 0.5347222222222222 0.3515625 0.5347222222222222 0.34765625 0.5451388888888888 0.33984375 0.5555555555555556 0.33984375 0.5694444444444444 0.341796875 0.5729166666666666 0.3359375 0.5729166666666666 0.33203125 0.5659722222222222 0.33203125 0.5486111111111112 0.3359375 0.5381944444444444 0.3359375 0.5173611111111112 0.33203125 0.5034722222222222 0.33203125 0.4791666666666667 0.33984375 0.4583333333333333 0.341796875 0.4375 0.349609375 0.4201388888888889 0.349609375 0.4097222222222222 0.3515625 0.4027777777777778 0.353515625 0.3993055555555556 0.359375 0.3993055555555556 0.361328125 0.4027777777777778
2 0.486328125 0.3854166666666667 0.490234375 0.4027777777777778 0.49609375 0.3958333333333333 0.49609375 0.3888888888888889 0.498046875 0.3854166666666667 0.509765625 0.3854166666666667 0.51171875 0.3888888888888889 0.51171875 0.4097222222222222 0.509765625 0.4166666666666667 0.501953125 0.4270833333333333 0.501953125 0.4652777777777778 0.4765625 0.5034722222222222 0.462890625 0.5138888888888888 0.4609375 0.5173611111111112 0.462890625 0.5347222222222222 0.455078125 0.53125 0.44921875 0.5208333333333334 0.44921875 0.5138888888888888 0.451171875 0.5104166666666666 0.455078125 0.5104166666666666 0.4609375 0.5 0.462890625 0.5 0.47265625 0.4826388888888889 0.470703125 0.4791666666666667 0.4609375 0.4791666666666667 0.45703125 0.4861111111111111 0.44140625 0.4930555555555556 0.435546875 0.5 0.43359375 0.5104166666666666 0.421875 0.5 0.42578125 0.4930555555555556 0.4296875 0.4930555555555556 0.43359375 0.4861111111111111 0.4375 0.4861111111111111 0.4453125 0.4791666666666667 0.453125 0.4652777777777778 0.453125 0.4548611111111111 0.45703125 0.4479166666666667 0.458984375 0.4270833333333333 0.46875 0.4166666666666667 0.47265625 0.4166666666666667 0.4765625 0.4097222222222222 0.4765625 0.3958333333333333 0.474609375 0.3923611111111111 0.478515625 0.3854166666666667 0.484375 0.3854166666666667
2 0.685546875 0.3472222222222222 0.689453125 0.3506944444444444 0.69140625 0.3611111111111111 0.69921875 0.3715277777777778 0.69921875 0.3784722222222222 0.703125 0.3923611111111111 0.712890625 0.4166666666666667 0.712890625 0.4340277777777778 0.708984375 0.4340277777777778 0.70703125 0.4305555555555556 0.70703125 0.4097222222222222 0.705078125 0.4027777777777778 0.701171875 0.3958333333333333 0.697265625 0.3993055555555556 0.697265625 0.4236111111111111 0.703125 0.4513888888888889 0.703125 0.46875 0.70703125 0.4791666666666667 0.70703125 0.5034722222222222 0.708984375 0.5069444444444444 0.708984375 0.5208333333333334 0.7109375 0.5243055555555556 0.708984375 0.5277777777777778 0.703125 0.5104166666666666 0.703125 0.5034722222222222 0.69921875 0.4930555555555556 0.69921875 0.4826388888888889 0.6953125 0.4756944444444444 0.6953125 0.46875 0.69140625 0.4652777777777778 0.685546875 0.4756944444444444 0.681640625 0.4756944444444444 0.6796875 0.46875 0.6796875 0.4583333333333333 0.677734375 0.4548611111111111 0.677734375 0.4444444444444444 0.671875 0.4340277777777778 0.669921875 0.3784722222222222 0.67578125 0.3715277777777778 0.677734375 0.3645833333333333 0.677734375 0.3541666666666667 0.68359375 0.3472222222222222
2 0.5625 0.3576388888888889 0.56640625 0.3680555555555556 0.564453125 0.3715277777777778 0.5859375 0.4027777777777778 0.5859375 0.4097222222222222 0.59375 0.4305555555555556 0.59375 0.4444444444444444 0.595703125 0.4479166666666667 0.595703125 0.4513888888888889 0.58203125 0.4756944444444444 0.58203125 0.4791666666666667 0.576171875 0.4791666666666667 0.572265625 0.4861111111111111 0.56640625 0.4861111111111111 0.564453125 0.4895833333333333 0.560546875 0.4895833333333333 0.55859375 0.4861111111111111 0.55859375 0.4756944444444444 0.5546875 0.4652777777777778 0.55078125 0.4652777777777778 0.544921875 0.4722222222222222 0.5390625 0.4722222222222222 0.5390625 0.46875 0.544921875 0.4583333333333333 0.54296875 0.4513888888888889 0.54296875 0.4340277777777778 0.546875 0.4270833333333333 0.54296875 0.4201388888888889 0.54296875 0.3993055555555556 0.546875 0.3854166666666667 0.546875 0.375 0.55078125 0.3611111111111111 0.5546875 0.3576388888888889 0.560546875 0.3576388888888889
2 0.439453125 0.1840277777777778 0.443359375 0.1909722222222222 0.443359375 0.2048611111111111 0.439453125 0.2152777777777778 0.435546875 0.21875 0.43359375 0.22916666666666666 0.4296875 0.2361111111111111 0.4296875 0.24305555555555555 0.439453125 0.2708333333333333 0.4375 0.2708333333333333 0.42578125 0.2916666666666667 0.42578125 0.3055555555555556 0.421875 0.3159722222222222 0.416015625 0.3159722222222222 0.41796875 0.2951388888888889 0.4140625 0.2881944444444444 0.404296875 0.2916666666666667 0.404296875 0.2673611111111111 0.3984375 0.2569444444444444 0.404296875 0.22916666666666666 0.412109375 0.2152777777777778 0.423828125 0.2048611111111111 0.431640625 0.1875 0.4375 0.1840277777777778
2 0.359375 0.2708333333333333 0.36328125 0.2673611111111111 0.369140625 0.2673611111111111 0.37109375 0.2708333333333333 0.373046875 0.2777777777777778 0.373046875 0.2881944444444444 0.37109375 0.2916666666666667 0.37109375 0.3020833333333333 0.3671875 0.3125 0.3671875 0.3194444444444444 0.369140625 0.3229166666666667 0.37890625 0.3229166666666667 0.37890625 0.3263888888888889 0.375 0.3298611111111111 0.3671875 0.3298611111111111 0.36328125 0.3263888888888889 0.359375 0.3333333333333333 0.359375 0.3506944444444444 0.36328125 0.3611111111111111 0.36328125 0.3715277777777778 0.365234375 0.375 0.365234375 0.3958333333333333 0.3671875 0.4027777777777778 0.365234375 0.40625 0.359375 0.3958333333333333 0.353515625 0.3958333333333333 0.3515625 0.3993055555555556 0.33984375 0.3993055555555556 0.3359375 0.4027777777777778 0.33203125 0.4131944444444444 0.33203125 0.40625 0.330078125 0.4027777777777778 0.33203125 0.3923611111111111 0.3359375 0.3923611111111111 0.341796875 0.3854166666666667 0.341796875 0.375 0.3359375 0.3541666666666667 0.3359375 0.34375 0.33984375 0.3333333333333333 0.3359375 0.3229166666666667 0.3359375 0.3159722222222222 0.341796875 0.3055555555555556 0.34375 0.3055555555555556 0.359375 0.2743055555555556
2 0.833984375 0.2881944444444444 0.8359375 0.2916666666666667 0.83984375 0.2916666666666667 0.841796875 0.3020833333333333 0.85546875 0.3263888888888889 0.8671875 0.3402777777777778 0.875 0.3611111111111111 0.875 0.3680555555555556 0.87109375 0.3715277777777778 0.859375 0.3958333333333333 0.859375 0.4201388888888889 0.861328125 0.4236111111111111 0.86328125 0.4548611111111111 0.849609375 0.4548611111111111 0.853515625 0.4409722222222222 0.8515625 0.4375 0.845703125 0.4375 0.841796875 0.4340277777777778 0.841796875 0.4305555555555556 0.84765625 0.4236111111111111 0.84765625 0.40625 0.841796875 0.3854166666666667 0.841796875 0.3611111111111111 0.83203125 0.3298611111111111 0.828125 0.3263888888888889 0.82421875 0.3159722222222222 0.82421875 0.2951388888888889 0.83203125 0.2881944444444444
2 0.51953125 0.3159722222222222 0.53125 0.3263888888888889 0.53515625 0.3333333333333333 0.5390625 0.3333333333333333 0.55078125 0.34375 0.556640625 0.3541666666666667 0.548828125 0.3611111111111111 0.541015625 0.3958333333333333 0.54296875 0.3993055555555556 0.541015625 0.4444444444444444 0.53515625 0.4444444444444444 0.533203125 0.4375 0.533203125 0.4131944444444444 0.52734375 0.3993055555555556 0.53515625 0.3854166666666667 0.533203125 0.375 0.525390625 0.3645833333333333 0.521484375 0.3645833333333333 0.515625 0.3576388888888889 0.51171875 0.3472222222222222 0.51171875 0.3263888888888889 0.513671875 0.3194444444444444 0.517578125 0.3159722222222222
2 0.529296875 0.4340277777777778 0.533203125 0.4444444444444444 0.533203125 0.4513888888888889 0.529296875 0.4583333333333333 0.529296875 0.4652777777777778 0.533203125 0.4791666666666667 0.533203125 0.4895833333333333 0.52734375 0.4965277777777778 0.52734375 0.5069444444444444 0.5234375 0.5034722222222222 0.51953125 0.5069444444444444 0.521484375 0.5173611111111112 0.52734375 0.5243055555555556 0.52734375 0.5381944444444444 0.525390625 0.5451388888888888 0.51171875 0.5659722222222222 0.51171875 0.5763888888888888 0.515625 0.5833333333333334 0.513671875 0.5868055555555556 0.5078125 0.5868055555555556 0.498046875 0.5729166666666666 0.5078125 0.5555555555555556 0.51171875 0.5416666666666666 0.505859375 0.5347222222222222 0.49609375 0.5347222222222222 0.4765625 0.5729166666666666 0.466796875 0.5833333333333334 0.46484375 0.6006944444444444 0.458984375 0.6006944444444444 0.45703125 0.5972222222222222 0.45703125 0.5868055555555556 0.466796875 0.5694444444444444 0.466796875 0.5659722222222222 0.48046875 0.5451388888888888 0.482421875 0.5277777777777778 0.494140625 0.4861111111111111 0.5078125 0.4548611111111111 0.513671875 0.4513888888888889 0.521484375 0.4340277777777778 0.52734375 0.4340277777777778
2 0.55078125 0.2916666666666667 0.564453125 0.3125 0.568359375 0.3298611111111111 0.57421875 0.34375 0.572265625 0.3576388888888889 0.568359375 0.3645833333333333 0.546875 0.3368055555555556 0.53515625 0.3298611111111111 0.53515625 0.3263888888888889 0.525390625 0.3125 0.52734375 0.2847222222222222 0.53125 0.2777777777777778 0.53515625 0.2743055555555556 0.541015625 0.2743055555555556 0.548828125 0.2916666666666667
2 0.52734375 0.08333333333333333 0.5390625 0.1076388888888889 0.5390625 0.11458333333333333 0.54296875 0.1284722222222222 0.54296875 0.16666666666666666 0.541015625 0.1701388888888889 0.556640625 0.2013888888888889 0.556640625 0.20833333333333334 0.552734375 0.2152777777777778 0.548828125 0.21180555555555555 0.546875 0.19791666666666666 0.53515625 0.18055555555555555 0.53515625 0.1701388888888889 0.529296875 0.15625 0.52734375 0.1597222222222222 0.5234375 0.1597222222222222 0.51953125 0.16666666666666666 0.521484375 0.2048611111111111 0.51171875 0.2048611111111111 0.509765625 0.2013888888888889 0.513671875 0.19444444444444445 0.51171875 0.1527777777777778 0.525390625 0.13194444444444445 0.525390625 0.12152777777777778 0.5078125 0.08680555555555555 0.5078125 0.06944444444444445 0.51171875 0.0625 0.517578125 0.0625 0.525390625 0.08333333333333333
2 0.611328125 0.4097222222222222 0.615234375 0.4131944444444444 0.630859375 0.4444444444444444 0.630859375 0.4722222222222222 0.623046875 0.4861111111111111 0.623046875 0.4930555555555556 0.62109375 0.4965277777777778 0.625 0.5173611111111112 0.6328125 0.5347222222222222 0.6328125 0.5451388888888888 0.626953125 0.5520833333333334 0.625 0.5520833333333334 0.625 0.5347222222222222 0.623046875 0.5277777777777778 0.609375 0.5 0.609375 0.4895833333333333 0.60546875 0.4826388888888889 0.59765625 0.4895833333333333 0.591796875 0.5 0.591796875 0.5034722222222222 0.587890625 0.5069444444444444 0.587890625 0.5173611111111112 0.5859375 0.5208333333333334 0.5703125 0.5208333333333334 0.5703125 0.5173611111111112 0.572265625 0.5173611111111112 0.58203125 0.5 0.58203125 0.4826388888888889 0.5859375 0.4756944444444444 0.591796875 0.4722222222222222 0.595703125 0.4652777777777778 0.595703125 0.4583333333333333 0.59765625 0.4548611111111111 0.59765625 0.4375 0.59375 0.4305555555555556 0.587890625 0.4097222222222222 0.587890625 0.3923611111111111 0.58984375 0.3888888888888889 0.599609375 0.3888888888888889 0.609375 0.4097222222222222
2 0.525390625 0.24305555555555555 0.533203125 0.25 0.53515625 0.2569444444444444 0.544921875 0.2638888888888889 0.564453125 0.2881944444444444 0.56640625 0.2916666666666667 0.56640625 0.3125 0.564453125 0.3125 0.552734375 0.2916666666666667 0.546875 0.2881944444444444 0.546875 0.2847222222222222 0.5390625 0.2708333333333333 0.53515625 0.2708333333333333 0.53125 0.2743055555555556 0.529296875 0.28125 0.525390625 0.28125 0.515625 0.2604166666666667 0.517578125 0.25 0.5234375 0.24305555555555555
2 0.58984375 0.3159722222222222 0.59375 0.3194444444444444 0.59375 0.3229166666666667 0.599609375 0.3333333333333333 0.603515625 0.3333333333333333 0.619140625 0.3645833333333333 0.62109375 0.3784722222222222 0.619140625 0.3854166666666667 0.609375 0.3993055555555556 0.60546875 0.3993055555555556 0.599609375 0.3854166666666667 0.595703125 0.3854166666666667 0.59375 0.3819444444444444 0.58984375 0.3854166666666667 0.578125 0.3854166666666667 0.57421875 0.3784722222222222 0.57421875 0.375 0.580078125 0.3680555555555556 0.583984375 0.3576388888888889 0.578125 0.3298611111111111 0.58203125 0.3194444444444444 0.587890625 0.3159722222222222
2 0.55078125 0.8472222222222222 0.55078125 0.8368055555555556 0.5546875 0.8298611111111112 0.556640625 0.8090277777777778 0.541015625 0.7847222222222222 0.537109375 0.7847222222222222 0.53515625 0.7881944444444444 0.53515625 0.8125 0.53125 0.8090277777777778 0.53125 0.7708333333333334 0.533203125 0.7673611111111112 0.533203125 0.7569444444444444 0.548828125 0.7291666666666666 0.560546875 0.71875 0.572265625 0.7152777777777778 0.578125 0.7013888888888888 0.587890625 0.7013888888888888 0.591796875 0.7083333333333334 0.591796875 0.7291666666666666 0.5859375 0.7395833333333334 0.583984375 0.7395833333333334 0.576171875 0.7569444444444444 0.5703125 0.7604166666666666 0.56640625 0.7673611111111112 0.56640625 0.78125 0.5703125 0.7951388888888888 0.56640625 0.8090277777777778 0.56640625 0.8333333333333334 0.564453125 0.8368055555555556 0.5625 0.8680555555555556 0.568359375 0.875 0.568359375 0.8819444444444444 0.556640625 0.8819444444444444 0.552734375 0.8784722222222222 0.552734375 0.8680555555555556 0.5546875 0.8645833333333334 0.5546875 0.8506944444444444 0.552734375 0.8472222222222222
2 0.4765625 0.2777777777777778 0.48046875 0.2847222222222222 0.478515625 0.3159722222222222 0.470703125 0.3298611111111111 0.46875 0.3298611111111111 0.466796875 0.3368055555555556 0.4609375 0.3402777777777778 0.44921875 0.3645833333333333 0.44921875 0.3680555555555556 0.443359375 0.3784722222222222 0.443359375 0.3958333333333333 0.439453125 0.40625 0.431640625 0.40625 0.4296875 0.4027777777777778 0.427734375 0.40625 0.419921875 0.40625 0.41796875 0.4097222222222222 0.4140625 0.4097222222222222 0.412109375 0.4131944444444444 0.412109375 0.4201388888888889 0.408203125 0.4201388888888889 0.40625 0.4131944444444444 0.40625 0.3958333333333333 0.41015625 0.3923611111111111 0.416015625 0.3923611111111111 0.423828125 0.3854166666666667 0.4296875 0.3854166666666667 0.435546875 0.375 0.435546875 0.3611111111111111 0.431640625 0.3541666666666667 0.427734375 0.3541666666666667 0.42578125 0.3506944444444444 0.427734375 0.3472222222222222 0.427734375 0.3402777777777778 0.439453125 0.3298611111111111 0.453125 0.3055555555555556 0.4609375 0.2986111111111111 0.46875 0.2777777777777778 0.474609375 0.2777777777777778