0 0.65625 0.2777777777777778 0.66796875 0.2743055555555556 0.669921875 0.2777777777777778 0.673828125 0.2777777777777778 0.6796875 0.2916666666666667 0.6796875 0.3020833333333333 0.677734375 0.3055555555555556 0.662109375 0.3194444444444444 0.654296875 0.3194444444444444 0.650390625 0.3125 0.650390625 0.2916666666666667 0.65625 0.28125
0 0.7109375 0.2708333333333333 0.71484375 0.2743055555555556 0.720703125 0.2881944444444444 0.720703125 0.3159722222222222 0.716796875 0.3229166666666667 0.708984375 0.3159722222222222 0.703125 0.3159722222222222 0.701171875 0.3125 0.693359375 0.3125 0.689453125 0.3090277777777778 0.689453125 0.2881944444444444 0.69140625 0.28125 0.69921875 0.2708333333333333 0.708984375 0.2708333333333333
0 0.13671875 0.17708333333333334 0.140625 0.1909722222222222 0.13671875 0.2048611111111111 0.125 0.2013888888888889 0.125 0.1840277777777778 0.12890625 0.17708333333333334 0.134765625 0.17708333333333334
0 0.802734375 0.4305555555555556 0.8125 0.4444444444444444 0.814453125 0.4513888888888889 0.814453125 0.46875 0.80859375 0.4722222222222222 0.802734375 0.4826388888888889 0.802734375 0.4930555555555556 0.796875 0.5034722222222222 0.79296875 0.5034722222222222 0.775390625 0.4826388888888889 0.76953125 0.4791666666666667 0.765625 0.4722222222222222 0.765625 0.4583333333333333 0.767578125 0.4548611111111111 0.767578125 0.4444444444444444 0.76953125 0.4375 0.77734375 0.4270833333333333 0.798828125 0.4270833333333333 0.80078125 0.4305555555555556
0 0.931640625 0.3125 0.943359375 0.3263888888888889 0.9453125 0.3333333333333333 0.9453125 0.34375 0.9375 0.3506944444444444 0.9296875 0.3680555555555556 0.919921875 0.3680555555555556 0.9140625 0.3784722222222222 0.904296875 0.3784722222222222 0.90234375 0.375 0.90234375 0.3402777777777778 0.91015625 0.3159722222222222 0.9140625 0.3159722222222222 0.916015625 0.3125 0.9296875 0.3125
0 0.15234375 0.4409722222222222 0.162109375 0.4583333333333333 0.162109375 0.46875 0.1640625 0.4722222222222222 0.1640625 0.4861111111111111 0.162109375 0.4895833333333333 0.158203125 0.4895833333333333 0.15234375 0.4826388888888889 0.140625 0.4826388888888889 0.138671875 0.4791666666666667 0.134765625 0.4826388888888889 0.12890625 0.4826388888888889 0.12890625 0.4583333333333333 0.140625 0.4409722222222222 0.14453125 0.4409722222222222 0.146484375 0.4375 0.150390625 0.4409722222222222
0 0.787109375 0.2916666666666667 0.791015625 0.2986111111111111 0.791015625 0.3055555555555556 0.7890625 0.3055555555555556 0.783203125 0.3159722222222222 0.783203125 0.3263888888888889 0.78125 0.3333333333333333 0.771484375 0.3402777777777778 0.767578125 0.3402777777777778 0.765625 0.3333333333333333 0.765625 0.3229166666666667 0.7578125 0.3090277777777778 0.7578125 0.3055555555555556 0.76953125 0.2881944444444444 0.783203125 0.2881944444444444 0.78515625 0.2916666666666667
0 0.873046875 0.3055555555555556 0.8828125 0.3125 0.888671875 0.3229166666666667 0.888671875 0.3298611111111111 0.890625 0.3333333333333333 0.888671875 0.3576388888888889 0.884765625 0.3715277777777778 0.876953125 0.3715277777777778 0.87109375 0.3611111111111111 0.857421875 0.3576388888888889 0.8515625 0.3472222222222222 0.8515625 0.3298611111111111 0.853515625 0.3229166666666667 0.859375 0.3125 0.87109375 0.3055555555555556
0 0.8046875 0.3541666666666667 0.80859375 0.3645833333333333 0.80859375 0.3715277777777778 0.8046875 0.3819444444444444 0.794921875 0.3819444444444444 0.79296875 0.3854166666666667 0.7734375 0.3854166666666667 0.771484375 0.3819444444444444 0.771484375 0.3576388888888889 0.783203125 0.34375 0.79296875 0.34375 0.794921875 0.3472222222222222 0.798828125 0.3472222222222222 0.802734375 0.3541666666666667
0 0.693359375 0.13194444444444445 0.6953125 0.1388888888888889 0.6953125 0.15625 0.693359375 0.16319444444444445 0.6796875 0.1597222222222222 0.6796875 0.13541666666666666 0.681640625 0.13194444444444445 0.69140625 0.13194444444444445
0 0.734375 0.2881944444444444 0.736328125 0.2916666666666667 0.740234375 0.2916666666666667 0.74609375 0.3020833333333333 0.748046875 0.3194444444444444 0.744140625 0.3298611111111111 0.744140625 0.3402777777777778 0.740234375 0.3402777777777778 0.728515625 0.3229166666666667 0.72265625 0.3194444444444444 0.720703125 0.3125 0.72265625 0.2916666666666667 0.7265625 0.2881944444444444 0.732421875 0.2881944444444444
0 0.3359375 0.2708333333333333 0.33984375 0.2743055555555556 0.345703125 0.2881944444444444 0.33984375 0.3090277777777778 0.33984375 0.3194444444444444 0.3359375 0.3263888888888889 0.32421875 0.3263888888888889 0.322265625 0.3229166666666667 0.318359375 0.3229166666666667 0.314453125 0.3194444444444444 0.310546875 0.3055555555555556 0.310546875 0.2916666666666667 0.3203125 0.2708333333333333 0.333984375 0.2708333333333333
0 0.806640625 0.3090277777777778 0.8125 0.3194444444444444 0.814453125 0.3194444444444444 0.814453125 0.3263888888888889 0.81640625 0.3298611111111111 0.81640625 0.3472222222222222 0.810546875 0.3541666666666667 0.8046875 0.3541666666666667 0.80078125 0.3472222222222222 0.791015625 0.3402777777777778 0.783203125 0.3402777777777778 0.78515625 0.3159722222222222 0.7890625 0.3090277777777778 0.79296875 0.3055555555555556 0.802734375 0.3055555555555556 0.8046875 0.3090277777777778
1 0.8515625 0.4131944444444444 0.859375 0.4270833333333333 0.865234375 0.4305555555555556 0.869140625 0.4375 0.86328125 0.4444444444444444 0.86328125 0.4548611111111111 0.85546875 0.4756944444444444 0.8515625 0.4791666666666667 0.84765625 0.4652777777777778 0.84765625 0.4270833333333333 0.849609375 0.4236111111111111 0.849609375 0.4166666666666667
1 0.724609375 0.3923611111111111 0.73046875 0.4027777777777778 0.734375 0.4027777777777778 0.7421875 0.4097222222222222 0.748046875 0.3993055555555556 0.75 0.3819444444444444 0.755859375 0.375 0.76171875 0.3611111111111111 0.767578125 0.3611111111111111 0.76953125 0.3680555555555556 0.76953125 0.3854166666666667 0.767578125 0.3923611111111111 0.765625 0.3923611111111111 0.759765625 0.4027777777777778 0.755859375 0.4027777777777778 0.75 0.4097222222222222 0.744140625 0.4236111111111111 0.7421875 0.4201388888888889 0.73828125 0.4270833333333333 0.73828125 0.4479166666666667 0.734375 0.4548611111111111 0.7265625 0.4548611111111111 0.724609375 0.4513888888888889 0.724609375 0.4444444444444444 0.73046875 0.4340277777777778 0.73046875 0.4270833333333333 0.728515625 0.4236111111111111 0.73046875 0.4166666666666667 0.724609375 0.40625 0.7265625 0.3993055555555556 0.724609375 0.3958333333333333
1 0.6640625 0.3854166666666667 0.662109375 0.3923611111111111 0.662109375 0.4027777777777778 0.66015625 0.40625 0.66015625 0.4166666666666667 0.658203125 0.4201388888888889 0.658203125 0.4305555555555556 0.65234375 0.4340277777777778 0.6328125 0.4201388888888889 0.63671875 0.4131944444444444 0.63671875 0.40625 0.630859375 0.3854166666666667 0.63671875 0.375 0.63671875 0.3541666666666667 0.640625 0.34375 0.640625 0.3298611111111111 0.646484375 0.3194444444444444 0.658203125 0.3229166666666667 0.65625 0.3333333333333333 0.658203125 0.3368055555555556 0.658203125 0.3611111111111111 0.66015625 0.3645833333333333 0.66015625 0.3819444444444444 0.662109375 0.3854166666666667
1 0.318359375 0.3298611111111111 0.326171875 0.3472222222222222 0.333984375 0.3472222222222222 0.341796875 0.3333333333333333 0.341796875 0.3298611111111111 0.35546875 0.3333333333333333 0.36328125 0.3506944444444444 0.36328125 0.3645833333333333 0.349609375 0.375 0.34375 0.3680555555555556 0.33984375 0.3576388888888889 0.326171875 0.3541666666666667 0.310546875 0.3784722222222222 0.306640625 0.3784722222222222 0.306640625 0.3715277777777778 0.302734375 0.3645833333333333 0.294921875 0.3645833333333333 0.294921875 0.34375 0.298828125 0.3402777777777778 0.302734375 0.3298611111111111 0.31640625 0.3298611111111111
1 0.701171875 0.3159722222222222 0.703125 0.3194444444444444 0.708984375 0.3194444444444444 0.71484375 0.3263888888888889 0.728515625 0.3263888888888889 0.732421875 0.3333333333333333 0.732421875 0.3506944444444444 0.73046875 0.3541666666666667 0.7265625 0.3541666666666667 0.72265625 0.3611111111111111 0.720703125 0.3888888888888889 0.7109375 0.4131944444444444 0.708984375 0.4340277777777778 0.685546875 0.4340277777777778 0.68359375 0.4305555555555556 0.662109375 0.4305555555555556 0.66015625 0.4270833333333333 0.662109375 0.4201388888888889 0.662109375 0.3958333333333333 0.6640625 0.3888888888888889 0.66015625 0.3819444444444444 0.662109375 0.3715277777777778 0.658203125 0.3645833333333333 0.6640625 0.3611111111111111 0.671875 0.34375 0.671875 0.3263888888888889 0.669921875 0.3229166666666667 0.669921875 0.3159722222222222 0.671875 0.3125 0.693359375 0.3125 0.6953125 0.3159722222222222 0.69921875 0.3159722222222222
1 0.94921875 0.3506944444444444 0.953125 0.3541666666666667 0.953125 0.3645833333333333 0.95703125 0.3715277777777778 0.95703125 0.3958333333333333 0.958984375 0.3993055555555556 0.958984375 0.4097222222222222 0.96484375 0.4201388888888889 0.9765625 0.4618055555555556 0.94140625 0.5 0.9375 0.5 0.931640625 0.4791666666666667 0.927734375 0.4756944444444444 0.92578125 0.46875 0.92578125 0.4548611111111111 0.9296875 0.4479166666666667 0.94140625 0.4375 0.94140625 0.4131944444444444 0.9453125 0.40625 0.9453125 0.3958333333333333 0.94140625 0.3888888888888889 0.9296875 0.3888888888888889 0.9296875 0.3715277777777778 0.9375 0.3541666666666667 0.94140625 0.3506944444444444 0.947265625 0.3506944444444444
1 0.138671875 0.4826388888888889 0.140625 0.4861111111111111 0.15234375 0.4861111111111111 0.1640625 0.4965277777777778 0.166015625 0.4930555555555556 0.1796875 0.4965277777777778 0.18359375 0.5034722222222222 0.18359375 0.5138888888888888 0.17578125 0.5243055555555556 0.17578125 0.5520833333333334 0.173828125 0.5555555555555556 0.173828125 0.5694444444444444 0.171875 0.5729166666666666 0.171875 0.6006944444444444 0.158203125 0.5833333333333334 0.1484375 0.5763888888888888 0.119140625 0.5763888888888888 0.1171875 0.5729166666666666 0.115234375 0.5555555555555556 0.10546875 0.53125 0.10546875 0.5069444444444444 0.11328125 0.4965277777777778 0.12109375 0.4965277777777778 0.12890625 0.4861111111111111 0.13671875 0.4861111111111111
1 0.095703125 0.19791666666666666 0.103515625 0.2048611111111111 0.103515625 0.2534722222222222 0.095703125 0.2534722222222222 0.091796875 0.2465277777777778 0.080078125 0.2465277777777778 0.078125 0.22569444444444445 0.076171875 0.2222222222222222 0.078125 0.21180555555555555 0.08203125 0.2048611111111111 0.08984375 0.2048611111111111 0.09375 0.2013888888888889
1 0.83984375 0.3506944444444444 0.849609375 0.3611111111111111 0.865234375 0.3680555555555556 0.865234375 0.3715277777777778 0.87109375 0.3819444444444444 0.876953125 0.3819444444444444 0.87890625 0.3923611111111111 0.859375 0.3923611111111111 0.857421875 0.3958333333333333 0.853515625 0.3958333333333333 0.849609375 0.4027777777777778 0.84765625 0.4097222222222222 0.849609375 0.4166666666666667 0.84765625 0.4201388888888889 0.84765625 0.4375 0.845703125 0.4409722222222222 0.845703125 0.4618055555555556 0.849609375 0.4791666666666667 0.853515625 0.4861111111111111 0.85546875 0.5069444444444444 0.8203125 0.5347222222222222 0.80859375 0.5347222222222222 0.80078125 0.5069444444444444 0.8125 0.4756944444444444 0.818359375 0.46875 0.830078125 0.46875 0.837890625 0.4548611111111111 0.837890625 0.4479166666666667 0.830078125 0.4340277777777778 0.818359375 0.4236111111111111 0.818359375 0.4097222222222222 0.8125 0.3888888888888889 0.8125 0.3715277777777778 0.81640625 0.3680555555555556 0.82421875 0.3506944444444444 0.837890625 0.3506944444444444
1 0.849609375 0.4166666666666667 0.853515625 0.4166666666666667 0.8671875 0.4375 0.86328125 0.4444444444444444 0.86328125 0.4548611111111111 0.861328125 0.4618055555555556 0.85546875 0.4722222222222222 0.85546875 0.4756944444444444 0.8515625 0.4791666666666667 0.84765625 0.4652777777777778 0.84765625 0.4375 0.849609375 0.4340277777777778 0.849609375 0.4201388888888889
1 0.744140625 0.4826388888888889 0.767578125 0.4826388888888889 0.775390625 0.5 0.775390625 0.5069444444444444 0.78125 0.5173611111111112 0.78515625 0.5208333333333334 0.796875 0.5208333333333334 0.80078125 0.5277777777777778 0.80078125 0.5381944444444444 0.798828125 0.5416666666666666 0.798828125 0.5763888888888888 0.796875 0.5798611111111112 0.796875 0.5868055555555556 0.79296875 0.5902777777777778 0.787109375 0.5902777777777778 0.78515625 0.5868055555555556 0.7734375 0.5868055555555556 0.76953125 0.5902777777777778 0.7578125 0.6145833333333334 0.751953125 0.6145833333333334 0.744140625 0.6041666666666666 0.73046875 0.6041666666666666 0.724609375 0.5972222222222222 0.720703125 0.5972222222222222 0.716796875 0.5902777777777778 0.720703125 0.5729166666666666 0.724609375 0.5659722222222222 0.732421875 0.5625 0.736328125 0.5555555555555556 0.744140625 0.5486111111111112 0.748046875 0.5486111111111112 0.755859375 0.5381944444444444 0.755859375 0.5243055555555556 0.74609375 0.5069444444444444 0.7421875 0.5069444444444444 0.740234375 0.5034722222222222 0.744140625 0.4930555555555556 0.744140625 0.4861111111111111
1 0.802734375 0.3854166666666667 0.8046875 0.3888888888888889 0.80859375 0.3888888888888889 0.8125 0.3993055555555556 0.8125 0.40625 0.814453125 0.4097222222222222 0.814453125 0.4340277777777778 0.80859375 0.4340277777777778 0.798828125 0.4236111111111111 0.77734375 0.4236111111111111 0.767578125 0.4375 0.765625 0.4444444444444444 0.763671875 0.4722222222222222 0.76171875 0.4756944444444444 0.75390625 0.4756944444444444 0.751953125 0.4722222222222222 0.74609375 0.4722222222222222 0.7421875 0.4756944444444444 0.740234375 0.4722222222222222 0.740234375 0.4583333333333333 0.73828125 0.4548611111111111 0.732421875 0.4548611111111111 0.734375 0.4513888888888889 0.732421875 0.4444444444444444 0.7265625 0.4513888888888889 0.7265625 0.4444444444444444 0.734375 0.4305555555555556 0.736328125 0.4305555555555556 0.748046875 0.40625 0.75 0.4097222222222222 0.75390625 0.4097222222222222 0.755859375 0.4027777777777778 0.759765625 0.4027777777777778 0.771484375 0.3888888888888889 0.77734375 0.3888888888888889 0.779296875 0.3854166666666667 0.7890625 0.3854166666666667 0.791015625 0.3888888888888889 0.794921875 0.3854166666666667 0.80078125 0.3854166666666667
1 0.767578125 0.3680555555555556 0.767578125 0.3854166666666667 0.76953125 0.3888888888888889 0.77734375 0.3888888888888889 0.779296875 0.3854166666666667 0.791015625 0.3854166666666667 0.79296875 0.3888888888888889 0.794921875 0.3854166666666667 0.802734375 0.3854166666666667 0.8046875 0.3888888888888889 0.80859375 0.3888888888888889 0.810546875 0.3923611111111111 0.8125 0.4166666666666667 0.814453125 0.4201388888888889 0.810546875 0.4340277777777778 0.8046875 0.4270833333333333 0.79296875 0.4236111111111111 0.791015625 0.4201388888888889 0.77734375 0.4236111111111111 0.765625 0.4409722222222222 0.765625 0.4479166666666667 0.76171875 0.4548611111111111 0.751953125 0.4479166666666667 0.7421875 0.4479166666666667 0.736328125 0.4548611111111111 0.728515625 0.4548611111111111 0.724609375 0.4513888888888889 0.724609375 0.4479166666666667 0.7265625 0.4409722222222222 0.734375 0.4270833333333333 0.736328125 0.4270833333333333 0.748046875 0.4027777777777778 0.751953125 0.3854166666666667 0.759765625 0.3715277777777778 0.765625 0.3680555555555556
2 0.685546875 0.5 0.685546875 0.5034722222222222 0.689453125 0.5069444444444444 0.689453125 0.5138888888888888 0.693359375 0.5243055555555556 0.693359375 0.5798611111111112 0.697265625 0.5902777777777778 0.6953125 0.6111111111111112 0.689453125 0.6215277777777778 0.68359375 0.6215277777777778 0.6796875 0.6111111111111112 0.6796875 0.59375 0.68359375 0.5798611111111112 0.681640625 0.5763888888888888 0.681640625 0.5625 0.677734375 0.5451388888888888 0.677734375 0.5173611111111112 0.67578125 0.5138888888888888 0.67578125 0.5069444444444444 0.68359375 0.5
2 0.732421875 0.2881944444444444 0.734375 0.2916666666666667 0.740234375 0.2916666666666667 0.744140625 0.2986111111111111 0.748046875 0.3125 0.74609375 0.34375 0.75390625 0.3576388888888889 0.75390625 0.3611111111111111 0.751953125 0.3611111111111111 0.7421875 0.34375 0.734375 0.3368055555555556 0.734375 0.3333333333333333 0.728515625 0.3229166666666667 0.72265625 0.3194444444444444 0.72265625 0.3125 0.720703125 0.3090277777777778 0.72265625 0.2916666666666667 0.724609375 0.2881944444444444 0.73046875 0.2881944444444444
2 0.333984375 0.2708333333333333 0.3359375 0.2743055555555556 0.33984375 0.2743055555555556 0.345703125 0.2916666666666667 0.341796875 0.3194444444444444 0.34765625 0.3298611111111111 0.357421875 0.3333333333333333 0.36328125 0.3506944444444444 0.36328125 0.3819444444444444 0.365234375 0.3854166666666667 0.365234375 0.3958333333333333 0.369140625 0.4027777777777778 0.369140625 0.4236111111111111 0.3671875 0.4270833333333333 0.359375 0.4270833333333333 0.3515625 0.4131944444444444 0.34765625 0.4201388888888889 0.34765625 0.4375 0.345703125 0.4409722222222222 0.345703125 0.4826388888888889 0.34765625 0.4861111111111111 0.34765625 0.5034722222222222 0.3515625 0.5208333333333334 0.3515625 0.5590277777777778 0.353515625 0.5625 0.353515625 0.6006944444444444 0.349609375 0.6111111111111112 0.349609375 0.6284722222222222 0.34765625 0.6319444444444444 0.349609375 0.6354166666666666 0.349609375 0.6458333333333334 0.353515625 0.6527777777777778 0.353515625 0.6631944444444444 0.34765625 0.6631944444444444 0.345703125 0.6666666666666666 0.34375 0.6631944444444444 0.33984375 0.6631944444444444 0.33984375 0.65625 0.337890625 0.6527777777777778 0.337890625 0.6388888888888888 0.33984375 0.6354166666666666 0.33984375 0.6006944444444444 0.337890625 0.5972222222222222 0.337890625 0.5798611111111112 0.33984375 0.5763888888888888 0.33984375 0.5659722222222222 0.3359375 0.5520833333333334 0.3359375 0.5416666666666666 0.326171875 0.5243055555555556 0.32421875 0.5104166666666666 0.31640625 0.5 0.3046875 0.5104166666666666 0.29296875 0.53125 0.287109375 0.5347222222222222 0.283203125 0.5416666666666666 0.279296875 0.5659722222222222 0.267578125 0.5972222222222222 0.267578125 0.6180555555555556 0.26171875 0.6284722222222222 0.251953125 0.6354166666666666 0.248046875 0.6423611111111112 0.244140625 0.6458333333333334 0.236328125 0.6458333333333334 0.236328125 0.6388888888888888 0.248046875 0.6215277777777778 0.25 0.6111111111111112 0.255859375 0.6006944444444444 0.263671875 0.5486111111111112 0.2734375 0.5243055555555556 0.2734375 0.5138888888888888 0.28515625 0.4826388888888889 0.30078125 0.4513888888888889 0.30078125 0.4444444444444444 0.302734375 0.4409722222222222 0.302734375 0.4201388888888889 0.30078125 0.4166666666666667 0.291015625 0.4236111111111111 0.287109375 0.4201388888888889 0.28515625 0.4131944444444444 0.28515625 0.3993055555555556 0.29296875 0.3715277777777778 0.29296875 0.3541666666666667 0.294921875 0.3506944444444444 0.294921875 0.34375 0.302734375 0.3298611111111111 0.3125 0.3298611111111111 0.31640625 0.3229166666666667 0.3125 0.3125 0.3125 0.3020833333333333 0.310546875 0.2986111111111111 0.3125 0.2847222222222222 0.322265625 0.2708333333333333 0.33203125 0.2708333333333333
2 0.63671875 0.3854166666666667 0.640625 0.3819444444444444 0.650390625 0.3819444444444444 0.65625 0.3923611111111111 0.65625 0.4236111111111111 0.658203125 0.4270833333333333 0.65234375 0.4375 0.650390625 0.4548611111111111 0.640625 0.4791666666666667 0.634765625 0.5 0.634765625 0.5138888888888888 0.630859375 0.5243055555555556 0.630859375 0.53125 0.623046875 0.5486111111111112 0.619140625 0.5659722222222222 0.609375 0.5833333333333334 0.609375 0.5868055555555556 0.603515625 0.59375 0.59765625 0.6215277777777778 0.5859375 0.6215277777777778 0.5859375 0.6041666666666666 0.587890625 0.5972222222222222 0.59765625 0.5868055555555556 0.599609375 0.5729166666666666 0.60546875 0.5590277777777778 0.607421875 0.5451388888888888 0.619140625 0.5208333333333334 0.61328125 0.4861111111111111 0.609375 0.4756944444444444 0.607421875 0.4375 0.61328125 0.4201388888888889 0.61328125 0.4131944444444444 0.626953125 0.3888888888888889 0.626953125 0.3958333333333333 0.62109375 0.4097222222222222 0.62109375 0.4166666666666667 0.623046875 0.4201388888888889 0.625 0.4166666666666667 0.630859375 0.4166666666666667 0.634765625 0.4097222222222222 0.63671875 0.3888888888888889
2 0.83984375 0.3506944444444444 0.8515625 0.3611111111111111 0.86328125 0.3611111111111111 0.865234375 0.3645833333333333 0.87109375 0.3645833333333333 0.876953125 0.3715277777777778 0.876953125 0.3819444444444444 0.87890625 0.3854166666666667 0.87890625 0.3993055555555556 0.876953125 0.4027777777777778 0.8671875 0.3958333333333333 0.86328125 0.3993055555555556 0.859375 0.3958333333333333 0.85546875 0.40625 0.849609375 0.4131944444444444 0.84765625 0.4201388888888889 0.84765625 0.4375 0.845703125 0.4409722222222222 0.845703125 0.4618055555555556 0.849609375 0.4791666666666667 0.853515625 0.4861111111111111 0.85546875 0.5104166666666666 0.857421875 0.5138888888888888 0.857421875 0.5520833333333334 0.85546875 0.5555555555555556 0.857421875 0.5590277777777778 0.857421875 0.5659722222222222 0.85546875 0.5694444444444444 0.85546875 0.59375 0.865234375 0.6145833333333334 0.869140625 0.6284722222222222 0.869140625 0.6423611111111112 0.8671875 0.6423611111111112 0.853515625 0.6215277777777778 0.84765625 0.6180555555555556 0.84765625 0.6145833333333334 0.841796875 0.6041666666666666 0.837890625 0.6041666666666666 0.8359375 0.6006944444444444 0.818359375 0.6006944444444444 0.810546875 0.5868055555555556 0.810546875 0.5694444444444444 0.80859375 0.5659722222222222 0.80859375 0.5520833333333334 0.810546875 0.5486111111111112 0.8046875 0.5277777777777778 0.802734375 0.5034722222222222 0.80859375 0.4930555555555556 0.8125 0.4791666666666667 0.822265625 0.46875 0.830078125 0.46875 0.833984375 0.4652777777777778 0.837890625 0.4548611111111111 0.8359375 0.4409722222222222 0.830078125 0.4340277777777778 0.826171875 0.4340277777777778 0.82421875 0.4270833333333333 0.8203125 0.4236111111111111 0.8203125 0.4166666666666667 0.8125 0.3888888888888889 0.8125 0.3645833333333333 0.810546875 0.3576388888888889 0.81640625 0.3576388888888889 0.82421875 0.3506944444444444 0.837890625 0.3506944444444444
2 0.13671875 0.17708333333333334 0.140625 0.1909722222222222 0.140625 0.2013888888888889 0.14453125 0.20833333333333334 0.1484375 0.20833333333333334 0.1484375 0.21875 0.14453125 0.22569444444444445 0.142578125 0.2361111111111111 0.134765625 0.25 0.134765625 0.2708333333333333 0.12890625 0.2777777777777778 0.126953125 0.3055555555555556 0.125 0.3090277777777778 0.125 0.3194444444444444 0.123046875 0.3263888888888889 0.11328125 0.3263888888888889 0.11328125 0.3194444444444444 0.115234375 0.3159722222222222 0.109375 0.3020833333333333 0.109375 0.2847222222222222 0.107421875 0.28125 0.107421875 0.25 0.109375 0.25 0.115234375 0.23958333333333334 0.115234375 0.22916666666666666 0.1171875 0.22569444444444445 0.115234375 0.21875 0.115234375 0.20833333333333334 0.119140625 0.20833333333333334 0.125 0.19791666666666666 0.125 0.1875 0.12890625 0.17708333333333334 0.134765625 0.17708333333333334
2 0.93359375 0.3159722222222222 0.943359375 0.3298611111111111 0.9453125 0.3368055555555556 0.9453125 0.3472222222222222 0.953125 0.3541666666666667 0.953125 0.3611111111111111 0.958984375 0.3784722222222222 0.95703125 0.3854166666666667 0.958984375 0.4097222222222222 0.970703125 0.4375 0.970703125 0.4444444444444444 0.974609375 0.4548611111111111 0.98046875 0.4652777777777778 0.982421875 0.4826388888888889 0.98828125 0.4930555555555556 0.986328125 0.5486111111111112 0.98828125 0.5520833333333334 0.98828125 0.5729166666666666 0.9921875 0.5798611111111112 0.99609375 0.5798611111111112 0.998046875 0.5833333333333334 0.998046875 0.59375 0.99609375 0.5972222222222222 0.998046875 0.6041666666666666 0.998046875 0.6388888888888888 0.98828125 0.6319444444444444 0.982421875 0.6215277777777778 0.96875 0.6111111111111112 0.96484375 0.6041666666666666 0.95703125 0.5763888888888888 0.94140625 0.5763888888888888 0.939453125 0.5729166666666666 0.9375 0.5555555555555556 0.939453125 0.5520833333333334 0.939453125 0.5381944444444444 0.94140625 0.5347222222222222 0.943359375 0.5104166666666666 0.9375 0.5034722222222222 0.93359375 0.4861111111111111 0.923828125 0.46875 0.919921875 0.46875 0.9140625 0.4618055555555556 0.912109375 0.4548611111111111 0.912109375 0.4409722222222222 0.91015625 0.4375 0.90625 0.4375 0.908203125 0.4270833333333333 0.91796875 0.4166666666666667 0.919921875 0.3993055555555556 0.916015625 0.3958333333333333 0.916015625 0.3888888888888889 0.912109375 0.3819444444444444 0.904296875 0.3784722222222222 0.90234375 0.3715277777777778 0.90234375 0.34375 0.904296875 0.3402777777777778 0.904296875 0.3333333333333333 0.91015625 0.3229166666666667 0.91015625 0.3194444444444444 0.9140625 0.3159722222222222 0.931640625 0.3159722222222222
2 0.15234375 0.4409722222222222 0.162109375 0.4618055555555556 0.1640625 0.4895833333333333 0.166015625 0.4930555555555556 0.1796875 0.4965277777777778 0.1875 0.5173611111111112 0.197265625 0.5243055555555556 0.20703125 0.5381944444444444 0.212890625 0.5625 0.212890625 0.5798611111111112 0.21484375 0.5833333333333334 0.212890625 0.5902777777777778 0.21484375 0.5972222222222222 0.21484375 0.6215277777777778 0.212890625 0.6284722222222222 0.208984375 0.6319444444444444 0.201171875 0.6284722222222222 0.201171875 0.6076388888888888 0.205078125 0.59375 0.201171875 0.5763888888888888 0.201171875 0.5625 0.1953125 0.5486111111111112 0.1796875 0.5486111111111112 0.173828125 0.5590277777777778 0.173828125 0.5694444444444444 0.171875 0.5729166666666666 0.171875 0.6423611111111112 0.169921875 0.6458333333333334 0.169921875 0.65625 0.16015625 0.6909722222222222 0.154296875 0.7013888888888888 0.154296875 0.7361111111111112 0.15234375 0.7395833333333334 0.15234375 0.7569444444444444 0.150390625 0.7604166666666666 0.1484375 0.7847222222222222 0.14453125 0.7951388888888888 0.13671875 0.7951388888888888 0.134765625 0.7916666666666666 0.134765625 0.7743055555555556 0.13671875 0.7708333333333334 0.13671875 0.7291666666666666 0.134765625 0.7256944444444444 0.134765625 0.7083333333333334 0.1328125 0.7048611111111112 0.1328125 0.6875 0.130859375 0.6840277777777778 0.126953125 0.6875 0.107421875 0.7222222222222222 0.107421875 0.7291666666666666 0.103515625 0.7430555555555556 0.103515625 0.7569444444444444 0.099609375 0.7708333333333334 0.09765625 0.8263888888888888 0.095703125 0.8298611111111112 0.076171875 0.8298611111111112 0.07421875 0.8229166666666666 0.083984375 0.8055555555555556 0.083984375 0.7881944444444444 0.0859375 0.7847222222222222 0.0859375 0.7743055555555556 0.083984375 0.7708333333333334 0.083984375 0.7395833333333334 0.087890625 0.7222222222222222 0.095703125 0.7048611111111112 0.099609375 0.6597222222222222 0.107421875 0.6388888888888888 0.107421875 0.6215277777777778 0.1015625 0.6006944444444444 0.1015625 0.5659722222222222 0.10546875 0.5520833333333334 0.103515625 0.5208333333333334 0.10546875 0.5173611111111112 0.10546875 0.5069444444444444 0.109375 0.5 0.12109375 0.4965277777777778 0.12890625 0.4826388888888889 0.12890625 0.4618055555555556 0.13671875 0.4444444444444444 0.140625 0.4409722222222222 0.150390625 0.4409722222222222
2 0.08203125 0.1736111111111111 0.08984375 0.1736111111111111 0.091796875 0.1840277777777778 0.11328125 0.2152777777777778 0.11328125 0.23958333333333334 0.103515625 0.2534722222222222 0.10546875 0.2604166666666667 0.10546875 0.2708333333333333 0.103515625 0.2743055555555556 0.103515625 0.28125 0.10546875 0.2847222222222222 0.103515625 0.2881944444444444 0.103515625 0.3229166666666667 0.1015625 0.3263888888888889 0.095703125 0.3263888888888889 0.09765625 0.2986111111111111 0.091796875 0.2743055555555556 0.0859375 0.2847222222222222 0.0859375 0.2916666666666667 0.078125 0.3125 0.078125 0.3229166666666667 0.0546875 0.3229166666666667 0.0546875 0.3159722222222222 0.05859375 0.3125 0.05859375 0.2743055555555556 0.0546875 0.2638888888888889 0.05859375 0.2465277777777778 0.05859375 0.2361111111111111 0.0625 0.2222222222222222 0.076171875 0.19791666666666666 0.076171875 0.19444444444444445 0.08203125 0.1875 0.08203125 0.17708333333333334
2 0.880859375 0.3923611111111111 0.896484375 0.3958333333333333 0.8984375 0.40625 0.896484375 0.4097222222222222 0.896484375 0.4166666666666667 0.892578125 0.4201388888888889 0.890625 0.4270833333333333 0.896484375 0.4375 0.89453125 0.4444444444444444 0.90234375 0.4548611111111111 0.896484375 0.4548611111111111 0.890625 0.4618055555555556 0.88671875 0.4618055555555556 0.87109375 0.4409722222222222 0.865234375 0.4409722222222222 0.861328125 0.4479166666666667 0.861328125 0.4583333333333333 0.853515625 0.4791666666666667 0.849609375 0.4756944444444444 0.849609375 0.46875 0.84765625 0.4652777777777778 0.84765625 0.4409722222222222 0.849609375 0.4375 0.849609375 0.4131944444444444 0.8515625 0.4097222222222222 0.8515625 0.4027777777777778 0.859375 0.3958333333333333 0.87109375 0.3958333333333333 0.873046875 0.3993055555555556 0.87890625 0.3993055555555556 0.880859375 0.3958333333333333
2 0.708984375 0.2708333333333333 0.720703125 0.2881944444444444 0.720703125 0.3159722222222222 0.71875 0.3194444444444444 0.72265625 0.3263888888888889 0.73046875 0.3298611111111111 0.732421875 0.3402777777777778 0.740234375 0.3472222222222222 0.744140625 0.3576388888888889 0.748046875 0.3611111111111111 0.748046875 0.3645833333333333 0.7421875 0.3715277777777778 0.74609375 0.3784722222222222 0.74609375 0.3888888888888889 0.744140625 0.3958333333333333 0.734375 0.3958333333333333 0.7265625 0.3819444444444444 0.72265625 0.3819444444444444 0.7109375 0.4131944444444444 0.7109375 0.4201388888888889 0.708984375 0.4236111111111111 0.708984375 0.4479166666666667 0.7109375 0.4513888888888889 0.7109375 0.4618055555555556 0.71484375 0.4791666666666667 0.71484375 0.4930555555555556 0.712890625 0.4965277777777778 0.712890625 0.53125 0.703125 0.5451388888888888 0.69921875 0.5381944444444444 0.69140625 0.5069444444444444 0.68359375 0.4930555555555556 0.6796875 0.4930555555555556 0.673828125 0.5069444444444444 0.66796875 0.5069444444444444 0.6640625 0.5104166666666666 0.658203125 0.5208333333333334 0.658203125 0.5243055555555556 0.65625 0.5243055555555556 0.654296875 0.53125 0.65234375 0.53125 0.646484375 0.5416666666666666 0.646484375 0.5451388888888888 0.640625 0.5555555555555556 0.63671875 0.5729166666666666 0.62890625 0.5902777777777778 0.626953125 0.6006944444444444 0.623046875 0.6041666666666666 0.619140625 0.6215277777777778 0.619140625 0.6354166666666666 0.615234375 0.6458333333333334 0.59765625 0.6458333333333334 0.59375 0.6423611111111112 0.59375 0.6354166666666666 0.603515625 0.625 0.61328125 0.6076388888888888 0.6171875 0.5902777777777778 0.6171875 0.5798611111111112 0.623046875 0.5625 0.623046875 0.5555555555555556 0.634765625 0.5277777777777778 0.634765625 0.5208333333333334 0.63671875 0.5173611111111112 0.63671875 0.5 0.640625 0.4930555555555556 0.640625 0.4861111111111111 0.6484375 0.46875 0.650390625 0.4583333333333333 0.65625 0.4444444444444444 0.65625 0.4375 0.66015625 0.4305555555555556 0.66015625 0.4027777777777778 0.654296875 0.3854166666666667 0.6484375 0.3784722222222222 0.638671875 0.3784722222222222 0.634765625 0.3854166666666667 0.6328125 0.3958333333333333 0.626953125 0.4027777777777778 0.626953125 0.3993055555555556 0.630859375 0.3958333333333333 0.630859375 0.3784722222222222 0.63671875 0.3645833333333333 0.63671875 0.3541666666666667 0.6484375 0.3333333333333333 0.65234375 0.3333333333333333 0.662109375 0.3229166666666667 0.666015625 0.3229166666666667 0.671875 0.3125 0.6875 0.3125 0.689453125 0.3090277777777778 0.689453125 0.2881944444444444 0.69140625 0.28125 0.6953125 0.2743055555555556 0.70703125 0.2708333333333333
2 0.80859375 0.4375 0.814453125 0.4513888888888889 0.814453125 0.46875 0.8046875 0.4791666666666667 0.80078125 0.4965277777777778 0.794921875 0.5069444444444444 0.794921875 0.5173611111111112 0.80078125 0.5277777777777778 0.80078125 0.5347222222222222 0.798828125 0.5381944444444444 0.798828125 0.5625 0.8046875 0.5798611111111112 0.8046875 0.5868055555555556 0.8125 0.6006944444444444 0.818359375 0.6076388888888888 0.83984375 0.6076388888888888 0.84375 0.6180555555555556 0.84375 0.625 0.837890625 0.6388888888888888 0.828125 0.6319444444444444 0.8046875 0.6319444444444444 0.7890625 0.6145833333333334 0.7890625 0.6076388888888888 0.783203125 0.5833333333333334 0.779296875 0.5833333333333334 0.765625 0.59375 0.755859375 0.6180555555555556 0.755859375 0.625 0.775390625 0.65625 0.77734375 0.6701388888888888 0.783203125 0.6805555555555556 0.783203125 0.6875 0.78515625 0.6909722222222222 0.783203125 0.6979166666666666 0.783203125 0.7118055555555556 0.779296875 0.7222222222222222 0.77734375 0.7395833333333334 0.7734375 0.7465277777777778 0.76953125 0.7604166666666666 0.76953125 0.7673611111111112 0.763671875 0.7777777777777778 0.763671875 0.7881944444444444 0.76171875 0.7916666666666666 0.76171875 0.8020833333333334 0.767578125 0.8125 0.76953125 0.8229166666666666 0.77734375 0.8333333333333334 0.779296875 0.84375 0.751953125 0.84375 0.75 0.8402777777777778 0.740234375 0.8402777777777778 0.73828125 0.8368055555555556 0.7421875 0.8229166666666666 0.7421875 0.8125 0.748046875 0.7881944444444444 0.748046875 0.7777777777777778 0.75390625 0.7534722222222222 0.75390625 0.7430555555555556 0.755859375 0.7395833333333334 0.755859375 0.7291666666666666 0.759765625 0.7118055555555556 0.759765625 0.7048611111111112 0.755859375 0.6979166666666666 0.751953125 0.6979166666666666 0.744140625 0.6875 0.740234375 0.6875 0.73828125 0.6840277777777778 0.728515625 0.6840277777777778 0.724609375 0.6909722222222222 0.72265625 0.7118055555555556 0.716796875 0.7222222222222222 0.71484375 0.7326388888888888 0.708984375 0.7395833333333334 0.69921875 0.7604166666666666 0.693359375 0.7673611111111112 0.6875 0.7673611111111112 0.685546875 0.7708333333333334 0.6796875 0.7708333333333334 0.677734375 0.7743055555555556 0.671875 0.7743055555555556 0.662109375 0.78125 0.6328125 0.7881944444444444 0.623046875 0.8020833333333334 0.623046875 0.8090277777777778 0.619140625 0.8194444444444444 0.619140625 0.8298611111111112 0.615234375 0.8333333333333334 0.607421875 0.8263888888888888 0.60546875 0.8020833333333334 0.6015625 0.7951388888888888 0.59765625 0.7777777777777778 0.60546875 0.7708333333333334 0.615234375 0.7708333333333334 0.623046875 0.7638888888888888 0.62890625 0.7638888888888888 0.630859375 0.7604166666666666 0.640625 0.7569444444444444 0.650390625 0.7465277777777778 0.6640625 0.7430555555555556 0.6796875 0.7326388888888888 0.68359375 0.7256944444444444 0.685546875 0.6979166666666666 0.69140625 0.6770833333333334 0.6953125 0.6701388888888888 0.6953125 0.6631944444444444 0.69921875 0.6527777777777778 0.69921875 0.6354166666666666 0.6953125 0.6284722222222222 0.6953125 0.6215277777777778 0.69921875 0.6145833333333334 0.69921875 0.6041666666666666 0.701171875 0.6006944444444444 0.701171875 0.5555555555555556 0.703125 0.5486111111111112 0.7109375 0.5416666666666666 0.728515625 0.5138888888888888 0.734375 0.5104166666666666 0.73828125 0.5034722222222222 0.7421875 0.4826388888888889 0.75 0.4826388888888889 0.751953125 0.4791666666666667 0.75390625 0.4826388888888889 0.7578125 0.4826388888888889 0.76171875 0.4791666666666667 0.765625 0.46875 0.767578125 0.4444444444444444 0.7734375 0.4305555555555556 0.77734375 0.4305555555555556 0.779296875 0.4270833333333333 0.796875 0.4270833333333333 0.798828125 0.4305555555555556 0.802734375 0.4305555555555556 0.806640625 0.4375
2 0.787109375 0.2916666666666667 0.791015625 0.2951388888888889 0.79296875 0.3020833333333333 0.783203125 0.3194444444444444 0.783203125 0.3333333333333333 0.771484375 0.34375 0.763671875 0.34375 0.765625 0.3402777777777778 0.763671875 0.3333333333333333 0.76171875 0.3298611111111111 0.759765625 0.3333333333333333 0.7578125 0.3298611111111111 0.7578125 0.3055555555555556 0.76953125 0.2881944444444444 0.783203125 0.2881944444444444 0.78515625 0.2916666666666667
2 0.787109375 0.3125 0.791015625 0.3090277777777778 0.80078125 0.3090277777777778 0.810546875 0.3159722222222222 0.814453125 0.3229166666666667 0.814453125 0.3298611111111111 0.81640625 0.3333333333333333 0.814453125 0.3472222222222222 0.80859375 0.3472222222222222 0.806640625 0.3506944444444444 0.806640625 0.3611111111111111 0.80859375 0.3645833333333333 0.80859375 0.3819444444444444 0.806640625 0.3854166666666667 0.8125 0.3993055555555556 0.81640625 0.4236111111111111 0.82421875 0.4375 0.828125 0.4375 0.833984375 0.4444444444444444 0.8359375 0.4513888888888889 0.833984375 0.4583333333333333 0.830078125 0.4652777777777778 0.818359375 0.4652777777777778 0.818359375 0.4548611111111111 0.814453125 0.4409722222222222 0.8046875 0.4270833333333333 0.80078125 0.4236111111111111 0.791015625 0.4236111111111111 0.7890625 0.4201388888888889 0.775390625 0.4236111111111111 0.771484375 0.4270833333333333 0.765625 0.4409722222222222 0.763671875 0.4618055555555556 0.7578125 0.4756944444444444 0.75390625 0.4756944444444444 0.751953125 0.4722222222222222 0.744140625 0.4756944444444444 0.740234375 0.4791666666666667 0.736328125 0.4895833333333333 0.728515625 0.4895833333333333 0.724609375 0.4965277777777778 0.7265625 0.5 0.724609375 0.5034722222222222 0.716796875 0.5034722222222222 0.716796875 0.4965277777777778 0.71875 0.4930555555555556 0.71875 0.4652777777777778 0.724609375 0.4513888888888889 0.7265625 0.4409722222222222 0.744140625 0.4097222222222222 0.748046875 0.40625 0.748046875 0.3958333333333333 0.755859375 0.375 0.759765625 0.3680555555555556 0.767578125 0.3645833333333333 0.7734375 0.3472222222222222 0.779296875 0.34375 0.783203125 0.3368055555555556 0.78515625 0.3298611111111111 0.78515625 0.3194444444444444 0.787109375 0.3159722222222222