0 0.951171875 0.3611111111111111 0.955078125 0.3611111111111111 0.958984375 0.3784722222222222 0.958984375 0.3923611111111111 0.955078125 0.3993055555555556 0.951171875 0.4027777777777778 0.943359375 0.4027777777777778 0.93359375 0.3888888888888889 0.93359375 0.375 0.935546875 0.3680555555555556 0.94921875 0.3680555555555556 0.951171875 0.3645833333333333
0 0.72265625 0.5069444444444444 0.73046875 0.5243055555555556 0.73046875 0.5486111111111112 0.728515625 0.5520833333333334 0.71875 0.5520833333333334 0.7109375 0.5416666666666666 0.7109375 0.5138888888888888 0.71484375 0.5069444444444444 0.720703125 0.5069444444444444
0 0.61328125 0.6041666666666666 0.61328125 0.6180555555555556 0.6171875 0.6319444444444444 0.6171875 0.6458333333333334 0.615234375 0.6493055555555556 0.61328125 0.6458333333333334 0.611328125 0.6493055555555556 0.603515625 0.6458333333333334 0.59765625 0.6319444444444444 0.59765625 0.6076388888888888 0.6015625 0.6041666666666666 0.611328125 0.6041666666666666
0 0.552734375 0.3125 0.5546875 0.3159722222222222 0.556640625 0.3402777777777778 0.552734375 0.3506944444444444 0.546875 0.3576388888888889 0.5390625 0.3576388888888889 0.53515625 0.3506944444444444 0.53515625 0.3333333333333333 0.53125 0.3298611111111111 0.53125 0.3263888888888889 0.537109375 0.3125 0.55078125 0.3125
0 0.37890625 0.2361111111111111 0.3828125 0.2326388888888889 0.392578125 0.2326388888888889 0.400390625 0.24305555555555555 0.400390625 0.2638888888888889 0.3984375 0.2708333333333333 0.39453125 0.2743055555555556 0.3828125 0.2743055555555556 0.376953125 0.2604166666666667 0.376953125 0.24305555555555555 0.37890625 0.23958333333333334
1 0.955078125 0.013888888888888888 0.955078125 0.024305555555555556 0.951171875 0.034722222222222224 0.955078125 0.04513888888888889 0.955078125 0.059027777777777776 0.951171875 0.06944444444444445 0.94921875 0.06944444444444445 0.943359375 0.059027777777777776 0.92578125 0.05555555555555555 0.92578125 0.034722222222222224 0.927734375 0.03125 0.927734375 0.013888888888888888 0.9296875 0.010416666666666666 0.951171875 0.010416666666666666 0.953125 0.013888888888888888
1 0.748046875 0.5347222222222222 0.751953125 0.5381944444444444 0.751953125 0.5451388888888888 0.755859375 0.5520833333333334 0.755859375 0.5659722222222222 0.759765625 0.5798611111111112 0.763671875 0.5833333333333334 0.763671875 0.6041666666666666 0.7421875 0.6215277777777778 0.732421875 0.6215277777777778 0.73046875 0.6076388888888888 0.7265625 0.5972222222222222 0.712890625 0.5729166666666666 0.712890625 0.5555555555555556 0.716796875 0.5520833333333334 0.71875 0.5555555555555556 0.7265625 0.5555555555555556 0.736328125 0.5381944444444444 0.740234375 0.5347222222222222 0.74609375 0.5347222222222222
1 0.96484375 0.3923611111111111 0.966796875 0.3958333333333333 0.970703125 0.3958333333333333 0.9765625 0.40625 0.9765625 0.4166666666666667 0.974609375 0.4201388888888889 0.974609375 0.4340277777777778 0.97265625 0.4375 0.97265625 0.4826388888888889 0.958984375 0.5034722222222222 0.947265625 0.4895833333333333 0.939453125 0.4895833333333333 0.9375 0.4861111111111111 0.9375 0.4722222222222222 0.943359375 0.4583333333333333 0.943359375 0.4444444444444444 0.94140625 0.4409722222222222 0.943359375 0.4375 0.943359375 0.4131944444444444 0.962890625 0.3923611111111111
1 0.568359375 0.6284722222222222 0.57421875 0.6215277777777778 0.57421875 0.6145833333333334 0.580078125 0.6006944444444444 0.607421875 0.5972222222222222 0.61328125 0.6111111111111112 0.61328125 0.6145833333333334 0.609375 0.6145833333333334 0.6015625 0.6215277777777778 0.6015625 0.6388888888888888 0.603515625 0.6458333333333334 0.599609375 0.6493055555555556 0.58203125 0.6493055555555556 0.580078125 0.6458333333333334 0.57421875 0.6458333333333334 0.568359375 0.6354166666666666 0.568359375 0.6319444444444444
1 0.671875 0.010416666666666666 0.673828125 0.017361111111111112 0.673828125 0.027777777777777776 0.671875 0.034722222222222224 0.66796875 0.03819444444444445 0.65625 0.03819444444444445 0.65234375 0.034722222222222224 0.6484375 0.03125 0.640625 0.013888888888888888 0.64453125 0.010416666666666666 0.669921875 0.010416666666666666
1 0.384765625 0.2638888888888889 0.39453125 0.2743055555555556 0.400390625 0.2743055555555556 0.40234375 0.28125 0.400390625 0.2847222222222222 0.400390625 0.3020833333333333 0.39453125 0.3125 0.39453125 0.3229166666666667 0.390625 0.3298611111111111 0.37890625 0.3298611111111111 0.376953125 0.3333333333333333 0.3671875 0.3333333333333333 0.365234375 0.28125 0.373046875 0.2604166666666667 0.37890625 0.2569444444444444 0.3828125 0.2638888888888889
1 0.533203125 0.3506944444444444 0.53515625 0.3576388888888889 0.541015625 0.3645833333333333 0.55078125 0.3611111111111111 0.556640625 0.3541666666666667 0.560546875 0.3576388888888889 0.5625 0.3645833333333333 0.5625 0.3784722222222222 0.556640625 0.3958333333333333 0.556640625 0.40625 0.5546875 0.4097222222222222 0.5546875 0.4270833333333333 0.55078125 0.4375 0.546875 0.4375 0.544921875 0.4409722222222222 0.533203125 0.4409722222222222 0.525390625 0.4340277777777778 0.51953125 0.4236111111111111 0.51953125 0.4131944444444444 0.521484375 0.4097222222222222 0.521484375 0.3819444444444444 0.5234375 0.3784722222222222 0.51953125 0.3611111111111111 0.52734375 0.3472222222222222 0.53125 0.3506944444444444
2 0.9140625 0.013888888888888888 0.91796875 0.010416666666666666 0.962890625 0.010416666666666666 0.966796875 0.013888888888888888 0.966796875 0.03125 0.955078125 0.04861111111111111 0.955078125 0.10416666666666667 0.953125 0.1076388888888889 0.953125 0.11805555555555555 0.958984375 0.1388888888888889 0.962890625 0.14583333333333334 0.962890625 0.15625 0.96484375 0.1597222222222222 0.96484375 0.1701388888888889 0.9609375 0.1840277777777778 0.95703125 0.1840277777777778 0.95703125 0.16319444444444445 0.94921875 0.1423611111111111 0.94140625 0.1284722222222222 0.94140625 0.12152777777777778 0.9375 0.11458333333333333 0.9375 0.10416666666666667 0.939453125 0.10416666666666667 0.943359375 0.09375 0.9453125 0.07291666666666667 0.939453125 0.059027777777777776 0.9296875 0.059027777777777776 0.92578125 0.05555555555555555 0.92578125 0.034722222222222224 0.923828125 0.03125 0.91796875 0.03125 0.9140625 0.017361111111111112
2 0.74609375 0.5277777777777778 0.751953125 0.5347222222222222 0.759765625 0.5555555555555556 0.763671875 0.5555555555555556 0.767578125 0.5625 0.76953125 0.5763888888888888 0.765625 0.5868055555555556 0.765625 0.6006944444444444 0.771484375 0.6076388888888888 0.7890625 0.6423611111111112 0.794921875 0.6458333333333334 0.794921875 0.6701388888888888 0.791015625 0.6701388888888888 0.7734375 0.6458333333333334 0.765625 0.6458333333333334 0.763671875 0.6493055555555556 0.755859375 0.6493055555555556 0.75 0.65625 0.740234375 0.65625 0.734375 0.6666666666666666 0.734375 0.6701388888888888 0.724609375 0.6840277777777778 0.716796875 0.6840277777777778 0.70703125 0.6770833333333334 0.708984375 0.6701388888888888 0.716796875 0.6701388888888888 0.720703125 0.6631944444444444 0.724609375 0.6458333333333334 0.724609375 0.6354166666666666 0.7265625 0.6319444444444444 0.7265625 0.6145833333333334 0.724609375 0.6111111111111112 0.720703125 0.6111111111111112 0.71484375 0.6284722222222222 0.7109375 0.6284722222222222 0.708984375 0.6319444444444444 0.69921875 0.6319444444444444 0.69921875 0.625 0.703125 0.625 0.7109375 0.6145833333333334 0.7109375 0.6041666666666666 0.712890625 0.6006944444444444 0.712890625 0.5486111111111112 0.7109375 0.5451388888888888 0.7109375 0.5243055555555556 0.716796875 0.5104166666666666 0.72265625 0.5104166666666666 0.728515625 0.5208333333333334 0.732421875 0.5347222222222222 0.744140625 0.53125
2 0.955078125 0.3645833333333333 0.958984375 0.3715277777777778 0.958984375 0.3819444444444444 0.9765625 0.40625 0.974609375 0.4375 0.97265625 0.4409722222222222 0.97265625 0.4826388888888889 0.970703125 0.4895833333333333 0.96484375 0.4965277777777778 0.958984375 0.5243055555555556 0.958984375 0.5590277777777778 0.974609375 0.5902777777777778 0.986328125 0.5972222222222222 0.98828125 0.6041666666666666 0.98828125 0.6180555555555556 0.984375 0.625 0.978515625 0.6215277777777778 0.974609375 0.6076388888888888 0.966796875 0.59375 0.953125 0.5868055555555556 0.947265625 0.5763888888888888 0.947265625 0.5729166666666666 0.94140625 0.5659722222222222 0.931640625 0.5659722222222222 0.9296875 0.5694444444444444 0.9296875 0.6180555555555556 0.927734375 0.6215277777777778 0.9296875 0.625 0.9296875 0.6493055555555556 0.90625 0.6493055555555556 0.904296875 0.6423611111111112 0.91796875 0.6215277777777778 0.91796875 0.59375 0.916015625 0.5902777777777778 0.91796875 0.5520833333333334 0.927734375 0.5173611111111112 0.939453125 0.4965277777777778 0.9375 0.4722222222222222 0.94140625 0.4652777777777778 0.94140625 0.4583333333333333 0.943359375 0.4548611111111111 0.94140625 0.4479166666666667 0.94140625 0.4409722222222222 0.943359375 0.4375 0.943359375 0.4097222222222222 0.935546875 0.3888888888888889 0.935546875 0.375 0.943359375 0.3645833333333333 0.953125 0.3645833333333333
2 0.552734375 0.6284722222222222 0.552734375 0.6215277777777778 0.556640625 0.6111111111111112 0.556640625 0.5972222222222222 0.55859375 0.59375 0.560546875 0.5381944444444444 0.56640625 0.5277777777777778 0.568359375 0.5173611111111112 0.576171875 0.5069444444444444 0.578125 0.5069444444444444 0.578125 0.5208333333333334 0.576171875 0.5243055555555556 0.576171875 0.5347222222222222 0.578125 0.5381944444444444 0.591796875 0.53125 0.591796875 0.5381944444444444 0.595703125 0.5451388888888888 0.599609375 0.5347222222222222 0.60546875 0.5243055555555556 0.607421875 0.5243055555555556 0.607421875 0.5451388888888888 0.60546875 0.5486111111111112 0.60546875 0.5902777777777778 0.61328125 0.6041666666666666 0.6171875 0.6180555555555556 0.6171875 0.6458333333333334 0.609375 0.6527777777777778 0.60546875 0.6527777777777778 0.603515625 0.6493055555555556 0.58203125 0.6493055555555556 0.580078125 0.6458333333333334 0.57421875 0.6458333333333334 0.5625 0.6284722222222222 0.5546875 0.6284722222222222
2 0.220703125 0.9444444444444444 0.224609375 0.9513888888888888 0.224609375 0.9583333333333334 0.220703125 0.9583333333333334 0.21875 0.9618055555555556 0.203125 0.9618055555555556 0.193359375 0.9548611111111112 0.193359375 0.9513888888888888 0.1953125 0.9513888888888888 0.201171875 0.9409722222222222 0.208984375 0.9131944444444444 0.212890625 0.9166666666666666 0.21484375 0.9236111111111112 0.21484375 0.9375 0.21875 0.9444444444444444
2 0.390625 0.22916666666666666 0.39453125 0.2326388888888889 0.404296875 0.2534722222222222 0.404296875 0.2638888888888889 0.40234375 0.2673611111111111 0.404296875 0.3298611111111111 0.396484375 0.3229166666666667 0.392578125 0.3333333333333333 0.40234375 0.3715277777777778 0.40234375 0.3784722222222222 0.400390625 0.3819444444444444 0.40234375 0.3854166666666667 0.404296875 0.4236111111111111 0.412109375 0.4375 0.421875 0.4444444444444444 0.419921875 0.4513888888888889 0.416015625 0.4513888888888889 0.4140625 0.4548611111111111 0.3984375 0.4548611111111111 0.396484375 0.4479166666666667 0.396484375 0.4375 0.39453125 0.4340277777777778 0.384765625 0.4340277777777778 0.373046875 0.4236111111111111 0.375 0.4097222222222222 0.37890625 0.4027777777777778 0.37890625 0.375 0.373046875 0.3541666666666667 0.3671875 0.3472222222222222 0.365234375 0.28125 0.37109375 0.2638888888888889 0.37890625 0.25 0.380859375 0.24305555555555555 0.380859375 0.2326388888888889 0.388671875 0.22916666666666666
2 0.55078125 0.3125 0.5546875 0.3194444444444444 0.5546875 0.3368055555555556 0.5625 0.3645833333333333 0.5625 0.3819444444444444 0.564453125 0.3854166666666667 0.564453125 0.4097222222222222 0.56640625 0.4131944444444444 0.56640625 0.4722222222222222 0.564453125 0.4756944444444444 0.564453125 0.4826388888888889 0.5625 0.4826388888888889 0.55859375 0.4930555555555556 0.560546875 0.4965277777777778 0.560546875 0.5034722222222222 0.56640625 0.5138888888888888 0.56640625 0.5208333333333334 0.5625 0.53125 0.55859375 0.53125 0.5546875 0.5173611111111112 0.54296875 0.4965277777777778 0.537109375 0.4791666666666667 0.529296875 0.46875 0.51953125 0.4791666666666667 0.51171875 0.5 0.509765625 0.5208333333333334 0.505859375 0.5347222222222222 0.498046875 0.5555555555555556 0.494140625 0.5625 0.490234375 0.5625 0.48828125 0.5659722222222222 0.48046875 0.5659722222222222 0.48046875 0.5625 0.4921875 0.5451388888888888 0.494140625 0.5208333333333334 0.501953125 0.5 0.501953125 0.4895833333333333 0.50390625 0.4861111111111111 0.50390625 0.4756944444444444 0.505859375 0.4722222222222222 0.5078125 0.4513888888888889 0.517578125 0.4270833333333333 0.517578125 0.4131944444444444 0.515625 0.4097222222222222 0.513671875 0.4166666666666667 0.505859375 0.4270833333333333 0.505859375 0.4444444444444444 0.50390625 0.4513888888888889 0.498046875 0.4513888888888889 0.5 0.4270833333333333 0.505859375 0.40625 0.505859375 0.3993055555555556 0.509765625 0.3923611111111111 0.51953125 0.3576388888888889 0.533203125 0.3333333333333333 0.53515625 0.3263888888888889 0.53515625 0.3159722222222222 0.541015625 0.3090277777777778 0.546875 0.3090277777777778 0.548828125 0.3125
2 0.681640625 0.010416666666666666 0.685546875 0.017361111111111112 0.68359375 0.024305555555555556 0.68359375 0.04513888888888889 0.681640625 0.04861111111111111 0.681640625 0.05555555555555555 0.677734375 0.059027777777777776 0.671875 0.04513888888888889 0.669921875 0.04861111111111111 0.669921875 0.059027777777777776 0.666015625 0.06944444444444445 0.666015625 0.0763888888888889 0.662109375 0.08680555555555555 0.662109375 0.1423611111111111 0.6640625 0.14583333333333334 0.6640625 0.1527777777777778 0.650390625 0.1736111111111111 0.642578125 0.1736111111111111 0.640625 0.1701388888888889 0.650390625 0.1284722222222222 0.65234375 0.09375 0.646484375 0.07291666666666667 0.64453125 0.034722222222222224 0.642578125 0.03125 0.638671875 0.03125 0.63671875 0.024305555555555556 0.63671875 0.013888888888888888 0.638671875 0.010416666666666666 0.6796875 0.010416666666666666