1 0.65234375 0.2569444444444444 0.658203125 0.2673611111111111 0.66796875 0.2743055555555556 0.671875 0.2847222222222222 0.671875 0.3020833333333333 0.66796875 0.3090277777777778 0.65625 0.3090277777777778 0.654296875 0.3125 0.650390625 0.3125 0.650390625 0.2986111111111111 0.6484375 0.2916666666666667 0.640625 0.28125 0.640625 0.2604166666666667 0.64453125 0.2569444444444444 0.650390625 0.2569444444444444
1 0.630859375 0.2986111111111111 0.642578125 0.3159722222222222 0.642578125 0.3229166666666667 0.63671875 0.3298611111111111 0.623046875 0.3125 0.61328125 0.3159722222222222 0.61328125 0.3020833333333333 0.619140625 0.2916666666666667 0.625 0.2916666666666667 0.62890625 0.2986111111111111
1 0.505859375 0.4722222222222222 0.5078125 0.4756944444444444 0.5078125 0.4861111111111111 0.505859375 0.4895833333333333 0.505859375 0.5 0.50390625 0.5069444444444444 0.5 0.5104166666666666 0.4921875 0.5104166666666666 0.490234375 0.5138888888888888 0.484375 0.5104166666666666 0.48046875 0.4861111111111111 0.486328125 0.4791666666666667 0.490234375 0.4791666666666667 0.494140625 0.4722222222222222 0.50390625 0.4722222222222222
1 0.509765625 0.3020833333333333 0.51171875 0.3090277777777778 0.51953125 0.3194444444444444 0.521484375 0.3159722222222222 0.533203125 0.3125 0.533203125 0.3298611111111111 0.52734375 0.3402777777777778 0.525390625 0.3506944444444444 0.51953125 0.3506944444444444 0.501953125 0.3194444444444444 0.50390625 0.3159722222222222 0.50390625 0.3055555555555556 0.5078125 0.3020833333333333
1 0.505859375 0.3784722222222222 0.505859375 0.3715277777777778 0.5078125 0.3680555555555556 0.529296875 0.3680555555555556 0.53125 0.3715277777777778 0.53515625 0.3715277777777778 0.541015625 0.3854166666666667 0.54296875 0.4201388888888889 0.546875 0.4375 0.54296875 0.4340277777777778 0.541015625 0.4270833333333333 0.5390625 0.4270833333333333 0.53125 0.3993055555555556 0.5234375 0.3993055555555556 0.521484375 0.4027777777777778 0.513671875 0.3958333333333333 0.51171875 0.3819444444444444 0.5078125 0.3784722222222222
1 0.501953125 0.4131944444444444 0.505859375 0.4166666666666667 0.5078125 0.4236111111111111 0.51171875 0.4270833333333333 0.517578125 0.4270833333333333 0.51953125 0.4305555555555556 0.517578125 0.4340277777777778 0.517578125 0.4444444444444444 0.515625 0.4513888888888889 0.5078125 0.4618055555555556 0.50390625 0.4618055555555556 0.50390625 0.4548611111111111 0.5 0.4513888888888889 0.49609375 0.4409722222222222 0.494140625 0.4270833333333333 0.490234375 0.4201388888888889 0.490234375 0.4166666666666667 0.494140625 0.4131944444444444 0.5 0.4131944444444444
1 0.587890625 0.3680555555555556 0.58984375 0.3715277777777778 0.603515625 0.3715277777777778 0.607421875 0.375 0.611328125 0.3819444444444444 0.611328125 0.3958333333333333 0.599609375 0.3958333333333333 0.591796875 0.3854166666666667 0.5859375 0.3854166666666667 0.58203125 0.3993055555555556 0.578125 0.3993055555555556 0.57421875 0.3923611111111111 0.57421875 0.3854166666666667 0.576171875 0.3819444444444444 0.576171875 0.375 0.580078125 0.3680555555555556 0.5859375 0.3680555555555556
1 0.19947916666666665 0.6745370370370369 0.02395833333333333 0.07685185185185185
1 0.51953125 0.24305555555555555 0.533203125 0.22916666666666666 0.5390625 0.22916666666666666 0.544921875 0.2465277777777778 0.541015625 0.2638888888888889 0.53515625 0.2743055555555556 0.529296875 0.2743055555555556 0.51953125 0.2569444444444444 0.517578125 0.25 0.51953125 0.2465277777777778
1 0.34375 0.4444444444444444 0.349609375 0.4409722222222222 0.353515625 0.4444444444444444 0.357421875 0.4548611111111111 0.357421875 0.4652777777777778 0.349609375 0.4826388888888889 0.34765625 0.4965277777777778 0.34375 0.5 0.337890625 0.4895833333333333 0.337890625 0.4861111111111111 0.33203125 0.4791666666666667 0.33203125 0.46875 0.34375 0.4479166666666667
1 0.51171875 0.3020833333333333 0.51171875 0.3090277777777778 0.51953125 0.3194444444444444 0.529296875 0.3125 0.533203125 0.3125 0.53515625 0.3159722222222222 0.533203125 0.3229166666666667 0.533203125 0.3368055555555556 0.53125 0.3402777777777778 0.533203125 0.3472222222222222 0.53125 0.3472222222222222 0.529296875 0.3402777777777778 0.52734375 0.34375 0.52734375 0.3541666666666667 0.51953125 0.3645833333333333 0.50390625 0.3645833333333333 0.498046875 0.3472222222222222 0.498046875 0.3333333333333333 0.49609375 0.3298611111111111 0.494140625 0.3125 0.498046875 0.3055555555555556 0.509765625 0.3020833333333333
1 0.390625 0.22569444444444445 0.3984375 0.23958333333333334 0.3984375 0.24305555555555555 0.388671875 0.2604166666666667 0.38671875 0.2743055555555556 0.373046875 0.2708333333333333 0.369140625 0.2604166666666667 0.373046875 0.2465277777777778 0.380859375 0.2326388888888889 0.388671875 0.22569444444444445
1 0.369140625 0.34375 0.373046875 0.3472222222222222 0.373046875 0.3611111111111111 0.365234375 0.3784722222222222 0.365234375 0.3923611111111111 0.35546875 0.40625 0.349609375 0.4027777777777778 0.345703125 0.3923611111111111 0.34375 0.375 0.357421875 0.3472222222222222 0.361328125 0.34375 0.3671875 0.34375
1 0.87109375 0.34375 0.87890625 0.3506944444444444 0.890625 0.3680555555555556 0.884765625 0.3854166666666667 0.875 0.3854166666666667 0.87109375 0.3784722222222222 0.859375 0.3680555555555556 0.857421875 0.3611111111111111 0.859375 0.3506944444444444 0.86328125 0.34375 0.869140625 0.34375
1 0.640625 0.4895833333333333 0.6640625 0.5138888888888888 0.6640625 0.5208333333333334 0.662109375 0.5243055555555556 0.658203125 0.5243055555555556 0.650390625 0.53125 0.638671875 0.53125 0.62890625 0.5173611111111112 0.626953125 0.5104166666666666 0.626953125 0.5 0.62890625 0.4930555555555556 0.6328125 0.4895833333333333 0.638671875 0.4895833333333333
1 0.591796875 0.4270833333333333 0.595703125 0.4305555555555556 0.603515625 0.4305555555555556 0.61328125 0.4409722222222222 0.6171875 0.4409722222222222 0.625 0.4479166666666667 0.626953125 0.4548611111111111 0.626953125 0.4618055555555556 0.623046875 0.46875 0.611328125 0.4722222222222222 0.609375 0.4756944444444444 0.599609375 0.46875 0.591796875 0.46875 0.5859375 0.4618055555555556 0.5859375 0.4479166666666667 0.591796875 0.4305555555555556
1 0.287109375 0.13194444444444445 0.296875 0.14583333333333334 0.291015625 0.16666666666666666 0.28515625 0.1736111111111111 0.2734375 0.1736111111111111 0.271484375 0.1701388888888889 0.271484375 0.1597222222222222 0.28125 0.1423611111111111 0.28125 0.1388888888888889 0.28515625 0.13541666666666666
1 0.548828125 0.6909722222222222 0.552734375 0.6944444444444444 0.552734375 0.6979166666666666 0.568359375 0.7326388888888888 0.5703125 0.7534722222222222 0.55078125 0.7534722222222222 0.546875 0.7465277777777778 0.546875 0.7361111111111112 0.5390625 0.71875 0.5390625 0.7118055555555556 0.537109375 0.7083333333333334 0.537109375 0.7048611111111112 0.544921875 0.6909722222222222 0.546875 0.6909722222222222
1 0.599609375 0.3993055555555556 0.6015625 0.4027777777777778 0.609375 0.4027777777777778 0.625 0.4131944444444444 0.62890625 0.4201388888888889 0.62890625 0.4305555555555556 0.630859375 0.4340277777777778 0.62890625 0.4409722222222222 0.626953125 0.4444444444444444 0.62109375 0.4444444444444444 0.619140625 0.4409722222222222 0.61328125 0.4409722222222222 0.6015625 0.4270833333333333 0.591796875 0.4270833333333333 0.591796875 0.4131944444444444 0.59765625 0.4027777777777778
1 0.623046875 0.2916666666666667 0.634765625 0.3020833333333333 0.64453125 0.3159722222222222 0.64453125 0.3402777777777778 0.65234375 0.3576388888888889 0.65234375 0.3645833333333333 0.6484375 0.3645833333333333 0.646484375 0.3680555555555556 0.634765625 0.3645833333333333 0.6328125 0.3611111111111111 0.634765625 0.3541666666666667 0.6328125 0.3402777777777778 0.626953125 0.3333333333333333 0.619140625 0.3333333333333333 0.61328125 0.3229166666666667 0.61328125 0.3020833333333333 0.619140625 0.2916666666666667 0.62109375 0.2916666666666667
1 0.61328125 0.3298611111111111 0.623046875 0.3402777777777778 0.62890625 0.3402777777777778 0.6328125 0.3506944444444444 0.630859375 0.3576388888888889 0.6328125 0.3645833333333333 0.630859375 0.3645833333333333 0.625 0.375 0.6171875 0.375 0.611328125 0.3680555555555556 0.60546875 0.3715277777777778 0.6015625 0.3645833333333333 0.6015625 0.3541666666666667 0.59765625 0.34375 0.59765625 0.3368055555555556 0.603515625 0.3263888888888889 0.611328125 0.3298611111111111
1 0.625 0.1840277777777778 0.634765625 0.19444444444444445 0.642578125 0.20833333333333334 0.64453125 0.2152777777777778 0.64453125 0.2326388888888889 0.642578125 0.2361111111111111 0.625 0.2361111111111111 0.625 0.2152777777777778 0.615234375 0.2013888888888889 0.6171875 0.1909722222222222 0.623046875 0.1840277777777778
1 0.35546875 0.4444444444444444 0.35546875 0.4479166666666667 0.359375 0.4513888888888889 0.359375 0.4618055555555556 0.353515625 0.4722222222222222 0.34765625 0.4895833333333333 0.34765625 0.5243055555555556 0.345703125 0.5277777777777778 0.337890625 0.5277777777777778 0.3359375 0.5243055555555556 0.33203125 0.5138888888888888 0.33203125 0.5069444444444444 0.328125 0.5 0.328125 0.4826388888888889 0.33203125 0.4756944444444444 0.33203125 0.46875 0.345703125 0.4409722222222222 0.3515625 0.4409722222222222 0.353515625 0.4444444444444444
0 0.8640625 0.3416666666666667 0.859375 0.32685185069444445 0.853645833984375 0.3277777777777778 0.848958333984375 0.33518518402777775 0.8484375 0.3509259270833333 0.852604166015625 0.3564814826388889 0.8578125 0.35555555555555557 0.8640625 0.3416666666666667
0 0.61875 0.18518518402777778 0.6171875 0.17777777777777778 0.613020833984375 0.17314814930555555 0.608854166015625 0.17314814930555555 0.606770833984375 0.17777777777777778 0.6078125 0.19537037152777778 0.6125 0.2 0.616145833984375 0.19722222222222222 0.61875 0.18518518402777778
0 0.614583333984375 0.28055555555555556 0.608333333984375 0.2796296284722222 0.604166666015625 0.28611111111111115 0.6046875 0.30462962847222225 0.611458333984375 0.3092592604166666 0.616666666015625 0.29259259375 0.614583333984375 0.28055555555555556
0 0.603125 0.3277777777777778 0.5984375 0.32037037152777775 0.594791666015625 0.32037037152777775 0.591666666015625 0.32592592708333334 0.591145833984375 0.33888888888888885 0.594791666015625 0.3462962951388889 0.598958333984375 0.34814814930555554 0.603125 0.3277777777777778
0 0.5765625 0.3703703715277778 0.582291666015625 0.3638888888888889 0.578645833984375 0.35277777777777775 0.571354166015625 0.35370370486111113 0.567708333984375 0.36203703819444444 0.5671875 0.37592592708333333 0.571354166015625 0.3842592604166667 0.575 0.38333333333333336 0.5765625 0.3703703715277778
0 0.591145833984375 0.41944444444444445 0.597916666015625 0.39722222222222225 0.590625 0.38703703819444446 0.583854166015625 0.38981481597222223 0.581770833984375 0.40092592708333336 0.5828125 0.4092592604166667 0.586458333984375 0.4185185173611111 0.591145833984375 0.41944444444444445
0 0.590104166015625 0.4259259270833333 0.584375 0.41944444444444445 0.5796875 0.4222222222222222 0.577083333984375 0.4287037048611111 0.577604166015625 0.4388888888888889 0.584895833984375 0.44999999999999996 0.590104166015625 0.43240740625 0.590104166015625 0.4259259270833333
0 0.538020833984375 0.6712962951388889 0.5328125 0.6722222222222222 0.5296875 0.68240740625 0.5296875 0.6916666666666667 0.536458333984375 0.7009259270833333 0.5453125 0.6888888888888889 0.538020833984375 0.6712962951388889
0 0.213020833984375 0.6407407395833333 0.213541666015625 0.6240740729166666 0.209895833984375 0.61759259375 0.202604166015625 0.61759259375 0.197916666015625 0.6277777777777778 0.197395833984375 0.6379629618055556 0.200520833984375 0.64259259375 0.209895833984375 0.6453703715277778 0.213020833984375 0.6407407395833333
0 0.36875 0.44166666666666665 0.369270833984375 0.4351851840277778 0.365625 0.4268518506944445 0.358854166015625 0.4268518506944445 0.3546875 0.43333333333333335 0.354166666015625 0.44166666666666665 0.358854166015625 0.44999999999999996 0.366145833984375 0.44722222222222224 0.36875 0.44166666666666665
0 0.38125 0.3314814826388889 0.377604166015625 0.3212962951388889 0.3734375 0.3194444444444444 0.3703125 0.3212962951388889 0.366145833984375 0.3314814826388889 0.365104166015625 0.3416666666666667 0.372395833984375 0.3462962951388889 0.3765625 0.3453703715277778 0.38125 0.3314814826388889
0 0.3 0.14166666666666666 0.301041666015625 0.12870370486111113 0.299479166015625 0.12222222222222223 0.293229166015625 0.11759259375 0.2875 0.12592592708333333 0.286458333984375 0.1314814826388889 0.288020833984375 0.13425926041666666 0.295833333984375 0.14259259375 0.3 0.14166666666666666
0 0.555208333984375 0.23055555555555557 0.554166666015625 0.22037037152777778 0.550520833984375 0.21574073958333334 0.544791666015625 0.21666666666666667 0.540625 0.22407407291666667 0.541145833984375 0.23425926041666667 0.546354166015625 0.24259259375000003 0.551041666015625 0.24166666666666664 0.555208333984375 0.23055555555555557
0 0.546875 0.3277777777777778 0.547395833984375 0.31666666666666665 0.543229166015625 0.3092592604166666 0.5375 0.3101851840277778 0.534375 0.3148148159722222 0.533854166015625 0.3240740729166667 0.536458333984375 0.33240740625 0.543229166015625 0.3333333333333333 0.546875 0.3277777777777778
0 0.547916666015625 0.3657407395833333 0.547395833984375 0.3546296284722222 0.544270833984375 0.34907407291666664 0.536979166015625 0.35277777777777775 0.535416666015625 0.35740740625 0.535416666015625 0.36944444444444446 0.539583333984375 0.375 0.544270833984375 0.37314814930555557 0.547916666015625 0.3657407395833333
0 0.534375 0.4259259270833333 0.532291666015625 0.4212962951388889 0.526041666015625 0.41944444444444445 0.522916666015625 0.42500000000000004 0.523958333984375 0.4444444444444444 0.529166666015625 0.44351851736111114 0.5328125 0.43796296180555555 0.534375 0.4259259270833333
0 0.40234375 0.21180555555555555 0.404296875 0.21875 0.404296875 0.2361111111111111 0.40234375 0.23958333333333334 0.392578125 0.22569444444444445 0.392578125 0.2152777777777778 0.39453125 0.21180555555555555 0.400390625 0.21180555555555555
2 0.64453125 0.2465277777777778 0.658203125 0.2673611111111111 0.67578125 0.28125 0.67578125 0.2951388888888889 0.66796875 0.3125 0.66796875 0.3229166666666667 0.6640625 0.3298611111111111 0.6640625 0.3368055555555556 0.66796875 0.3472222222222222 0.666015625 0.3506944444444444 0.666015625 0.3645833333333333 0.6640625 0.3680555555555556 0.658203125 0.3680555555555556 0.658203125 0.3576388888888889 0.650390625 0.3402777777777778 0.6484375 0.2951388888888889 0.640625 0.28125 0.640625 0.2743055555555556 0.63671875 0.2673611111111111 0.63671875 0.2534722222222222 0.638671875 0.25 0.642578125 0.25
2 0.517578125 0.4583333333333333 0.517578125 0.46875 0.51953125 0.4722222222222222 0.517578125 0.4861111111111111 0.515625 0.4895833333333333 0.51171875 0.4895833333333333 0.505859375 0.5 0.505859375 0.5069444444444444 0.50390625 0.5104166666666666 0.501953125 0.5694444444444444 0.5078125 0.5763888888888888 0.509765625 0.5833333333333334 0.494140625 0.5833333333333334 0.4921875 0.5798611111111112 0.494140625 0.5763888888888888 0.494140625 0.5416666666666666 0.490234375 0.5381944444444444 0.48828125 0.5416666666666666 0.486328125 0.5625 0.470703125 0.5729166666666666 0.46484375 0.5729166666666666 0.4609375 0.5798611111111112 0.4609375 0.5902777777777778 0.453125 0.5902777777777778 0.451171875 0.5868055555555556 0.451171875 0.5729166666666666 0.46484375 0.5625 0.474609375 0.5486111111111112 0.47265625 0.5 0.48046875 0.4861111111111111 0.48046875 0.4826388888888889 0.48828125 0.4791666666666667 0.494140625 0.4722222222222222 0.501953125 0.4722222222222222 0.515625 0.4583333333333333
2 0.51171875 0.3020833333333333 0.51171875 0.3090277777777778 0.51953125 0.3194444444444444 0.529296875 0.3125 0.53515625 0.3125 0.537109375 0.3090277777777778 0.541015625 0.3090277777777778 0.546875 0.3159722222222222 0.546875 0.3298611111111111 0.5390625 0.3402777777777778 0.5390625 0.3472222222222222 0.53515625 0.3541666666666667 0.533203125 0.3645833333333333 0.53125 0.3611111111111111 0.5234375 0.3611111111111111 0.521484375 0.3645833333333333 0.50390625 0.3645833333333333 0.50390625 0.3611111111111111 0.498046875 0.3506944444444444 0.49609375 0.3263888888888889 0.4921875 0.3159722222222222 0.498046875 0.3055555555555556 0.509765625 0.3020833333333333
2 0.578125 0.3541666666666667 0.5859375 0.3680555555555556 0.58984375 0.3680555555555556 0.591796875 0.3715277777777778 0.60546875 0.3715277777777778 0.611328125 0.3784722222222222 0.615234375 0.3854166666666667 0.61328125 0.3888888888888889 0.615234375 0.3923611111111111 0.615234375 0.3993055555555556 0.599609375 0.3958333333333333 0.591796875 0.3854166666666667 0.5859375 0.3854166666666667 0.58203125 0.3923611111111111 0.58203125 0.3993055555555556 0.576171875 0.3993055555555556 0.57421875 0.3888888888888889 0.568359375 0.3784722222222222 0.568359375 0.3611111111111111 0.576171875 0.3541666666666667
2 0.54296875 0.3506944444444444 0.546875 0.3576388888888889 0.546875 0.3680555555555556 0.541015625 0.3784722222222222 0.541015625 0.3958333333333333 0.54296875 0.3993055555555556 0.54296875 0.4166666666666667 0.548828125 0.4375 0.548828125 0.4444444444444444 0.546875 0.4444444444444444 0.53515625 0.4201388888888889 0.53515625 0.4097222222222222 0.53125 0.3993055555555556 0.525390625 0.3993055555555556 0.5234375 0.4027777777777778 0.5234375 0.4131944444444444 0.525390625 0.4166666666666667 0.5234375 0.4236111111111111 0.513671875 0.4236111111111111 0.51171875 0.4201388888888889 0.5078125 0.4201388888888889 0.5078125 0.4131944444444444 0.50390625 0.3993055555555556 0.5 0.3958333333333333 0.50390625 0.3715277777777778 0.5078125 0.3680555555555556 0.515625 0.3680555555555556 0.51953125 0.3715277777777778 0.525390625 0.3645833333333333 0.533203125 0.3680555555555556 0.537109375 0.3611111111111111 0.537109375 0.3541666666666667 0.541015625 0.3541666666666667
2 0.61328125 0.28125 0.6171875 0.2916666666666667 0.626953125 0.2916666666666667 0.6328125 0.3020833333333333 0.640625 0.3090277777777778 0.646484375 0.3194444444444444 0.646484375 0.3368055555555556 0.642578125 0.3368055555555556 0.623046875 0.3125 0.615234375 0.3125 0.61328125 0.3159722222222222 0.609375 0.3125 0.60546875 0.3055555555555556 0.60546875 0.2847222222222222 0.611328125 0.28125
2 0.861328125 0.3298611111111111 0.869140625 0.34375 0.876953125 0.3472222222222222 0.8828125 0.3576388888888889 0.89453125 0.3680555555555556 0.896484375 0.375 0.896484375 0.3888888888888889 0.888671875 0.3993055555555556 0.8828125 0.4270833333333333 0.884765625 0.4340277777777778 0.8828125 0.46875 0.869140625 0.46875 0.8671875 0.4652777777777778 0.869140625 0.4652777777777778 0.875 0.4548611111111111 0.87109375 0.4479166666666667 0.87109375 0.4444444444444444 0.875 0.4409722222222222 0.875 0.4270833333333333 0.873046875 0.4236111111111111 0.873046875 0.4027777777777778 0.875 0.3993055555555556 0.875 0.3888888888888889 0.869140625 0.3784722222222222 0.861328125 0.3715277777777778 0.857421875 0.3611111111111111 0.849609375 0.3506944444444444 0.849609375 0.3368055555555556 0.853515625 0.3298611111111111 0.859375 0.3298611111111111
2 0.185546875 0.7256944444444444 0.185546875 0.6979166666666666 0.189453125 0.6805555555555556 0.189453125 0.65625 0.1953125 0.6354166666666666 0.203125 0.6180555555555556 0.208984375 0.6180555555555556 0.212890625 0.625 0.212890625 0.6493055555555556 0.2109375 0.6527777777777778 0.2109375 0.6631944444444444 0.20703125 0.6770833333333334 0.20703125 0.6944444444444444 0.205078125 0.6979166666666666 0.20703125 0.7152777777777778 0.21484375 0.7361111111111112 0.212890625 0.7534722222222222 0.20703125 0.7638888888888888 0.20703125 0.7708333333333334 0.205078125 0.7743055555555556 0.2109375 0.7881944444444444 0.20703125 0.7916666666666666 0.203125 0.7881944444444444 0.1875 0.7881944444444444 0.1875 0.7743055555555556 0.189453125 0.7708333333333334 0.189453125 0.7430555555555556 0.19140625 0.7395833333333334 0.19140625 0.7326388888888888 0.1875 0.7256944444444444
2 0.2890625 0.12152777777777778 0.296875 0.12152777777777778 0.30078125 0.1284722222222222 0.30078125 0.14583333333333334 0.296875 0.14930555555555555 0.291015625 0.16319444444444445 0.29296875 0.2222222222222222 0.296875 0.2326388888888889 0.2890625 0.2326388888888889 0.2890625 0.21180555555555555 0.287109375 0.20833333333333334 0.287109375 0.2013888888888889 0.283203125 0.19791666666666666 0.279296875 0.2048611111111111 0.27734375 0.22569444444444445 0.275390625 0.22916666666666666 0.279296875 0.23958333333333334 0.279296875 0.2465277777777778 0.271484375 0.2465277777777778 0.26953125 0.24305555555555555 0.271484375 0.2152777777777778 0.2734375 0.21180555555555555 0.2734375 0.19791666666666666 0.26953125 0.1840277777777778 0.26953125 0.16319444444444445 0.2890625 0.125
2 0.529296875 0.4201388888888889 0.533203125 0.4236111111111111 0.533203125 0.4375 0.52734375 0.4479166666666667 0.51953125 0.4548611111111111 0.513671875 0.4548611111111111 0.50390625 0.46875 0.49609375 0.46875 0.482421875 0.4791666666666667 0.474609375 0.4791666666666667 0.47265625 0.4826388888888889 0.462890625 0.4861111111111111 0.4609375 0.4895833333333333 0.4609375 0.5 0.45703125 0.5034722222222222 0.44921875 0.4895833333333333 0.44921875 0.4861111111111111 0.453125 0.4791666666666667 0.45703125 0.4791666666666667 0.4609375 0.4722222222222222 0.4765625 0.4618055555555556 0.4765625 0.4513888888888889 0.478515625 0.4479166666666667 0.48046875 0.4270833333333333 0.486328125 0.4166666666666667 0.4921875 0.4166666666666667 0.494140625 0.4131944444444444 0.505859375 0.4166666666666667 0.513671875 0.4270833333333333 0.52734375 0.4236111111111111
2 0.552734375 0.21875 0.5546875 0.2326388888888889 0.54296875 0.2569444444444444 0.541015625 0.2673611111111111 0.537109375 0.2743055555555556 0.537109375 0.2951388888888889 0.53515625 0.2986111111111111 0.53125 0.2951388888888889 0.5234375 0.2951388888888889 0.51953125 0.3020833333333333 0.515625 0.3020833333333333 0.513671875 0.2986111111111111 0.513671875 0.2708333333333333 0.51171875 0.2673611111111111 0.51171875 0.2569444444444444 0.513671875 0.25 0.53125 0.22916666666666666 0.541015625 0.22569444444444445 0.544921875 0.21875 0.55078125 0.21875
2 0.365234375 0.4305555555555556 0.369140625 0.4409722222222222 0.361328125 0.4548611111111111 0.357421875 0.46875 0.34765625 0.4895833333333333 0.34765625 0.5069444444444444 0.349609375 0.5104166666666666 0.349609375 0.5416666666666666 0.353515625 0.5486111111111112 0.359375 0.5520833333333334 0.359375 0.5555555555555556 0.34765625 0.5555555555555556 0.341796875 0.5659722222222222 0.341796875 0.5729166666666666 0.34765625 0.5798611111111112 0.345703125 0.5833333333333334 0.333984375 0.5833333333333334 0.33203125 0.5798611111111112 0.33203125 0.5694444444444444 0.333984375 0.5659722222222222 0.333984375 0.5555555555555556 0.3359375 0.5520833333333334 0.3359375 0.5381944444444444 0.337890625 0.53125 0.328125 0.5 0.328125 0.4791666666666667 0.345703125 0.4409722222222222 0.353515625 0.4375 0.357421875 0.4305555555555556 0.36328125 0.4305555555555556
2 0.578125 0.3541666666666667 0.58984375 0.3715277777777778 0.60546875 0.3715277777777778 0.609375 0.375 0.615234375 0.3854166666666667 0.615234375 0.3993055555555556 0.599609375 0.3958333333333333 0.58984375 0.3854166666666667 0.583984375 0.3923611111111111 0.58203125 0.4166666666666667 0.564453125 0.4375 0.56640625 0.4166666666666667 0.57421875 0.3958333333333333 0.568359375 0.3784722222222222 0.568359375 0.3611111111111111 0.576171875 0.3541666666666667
2 0.3984375 0.20833333333333334 0.404296875 0.2152777777777778 0.40625 0.22916666666666666 0.404296875 0.2326388888888889 0.404296875 0.23958333333333334 0.3984375 0.24305555555555555 0.388671875 0.2604166666666667 0.388671875 0.2708333333333333 0.39453125 0.2777777777777778 0.39453125 0.2847222222222222 0.390625 0.2916666666666667 0.390625 0.3090277777777778 0.39453125 0.3263888888888889 0.400390625 0.3333333333333333 0.400390625 0.3368055555555556 0.392578125 0.3368055555555556 0.3828125 0.3159722222222222 0.376953125 0.3159722222222222 0.375 0.3125 0.375 0.3020833333333333 0.37109375 0.2916666666666667 0.37109375 0.2777777777777778 0.369140625 0.2743055555555556 0.369140625 0.2569444444444444 0.373046875 0.2465277777777778 0.3828125 0.22916666666666666 0.396484375 0.21180555555555555
2 0.3614583333333333 0.3800925925925926 0.040625 0.11944444444444444
2 0.630859375 0.4756944444444444 0.65234375 0.5034722222222222 0.662109375 0.5104166666666666 0.666015625 0.5208333333333334 0.666015625 0.53125 0.6640625 0.5381944444444444 0.65234375 0.5520833333333334 0.654296875 0.5625 0.658203125 0.5694444444444444 0.658203125 0.5763888888888888 0.65234375 0.5763888888888888 0.650390625 0.5798611111111112 0.650390625 0.5902777777777778 0.65234375 0.59375 0.650390625 0.6006944444444444 0.63671875 0.6006944444444444 0.642578125 0.5833333333333334 0.638671875 0.5763888888888888 0.63671875 0.5625 0.6328125 0.5555555555555556 0.626953125 0.5520833333333334 0.626953125 0.5381944444444444 0.630859375 0.5347222222222222 0.630859375 0.5243055555555556 0.625 0.5034722222222222 0.626953125 0.4965277777777778 0.625 0.4930555555555556 0.625 0.4791666666666667 0.62890625 0.4756944444444444
2 0.58984375 0.4236111111111111 0.595703125 0.4305555555555556 0.603515625 0.4305555555555556 0.61328125 0.4409722222222222 0.619140625 0.4409722222222222 0.626953125 0.4513888888888889 0.626953125 0.4722222222222222 0.623046875 0.4756944444444444 0.623046875 0.4826388888888889 0.62109375 0.4861111111111111 0.623046875 0.4895833333333333 0.62109375 0.5034722222222222 0.626953125 0.5173611111111112 0.623046875 0.5208333333333334 0.61328125 0.5069444444444444 0.609375 0.5069444444444444 0.603515625 0.5173611111111112 0.595703125 0.5173611111111112 0.591796875 0.5243055555555556 0.58984375 0.5243055555555556 0.58984375 0.5104166666666666 0.591796875 0.5069444444444444 0.591796875 0.4791666666666667 0.58984375 0.4756944444444444 0.58984375 0.46875 0.5859375 0.4618055555555556 0.5859375 0.4548611111111111 0.578125 0.4340277777777778 0.58203125 0.4236111111111111 0.587890625 0.4236111111111111
2 0.548828125 0.6909722222222222 0.552734375 0.6944444444444444 0.552734375 0.6979166666666666 0.568359375 0.7326388888888888 0.568359375 0.7395833333333334 0.572265625 0.7465277777777778 0.572265625 0.7708333333333334 0.576171875 0.7847222222222222 0.580078125 0.7881944444444444 0.595703125 0.8194444444444444 0.59375 0.8263888888888888 0.587890625 0.8333333333333334 0.58203125 0.8333333333333334 0.583984375 0.8263888888888888 0.583984375 0.8159722222222222 0.572265625 0.7951388888888888 0.5703125 0.7951388888888888 0.55859375 0.7708333333333334 0.5546875 0.7708333333333334 0.548828125 0.78125 0.548828125 0.8020833333333334 0.546875 0.8055555555555556 0.544921875 0.8229166666666666 0.54296875 0.8263888888888888 0.53125 0.8263888888888888 0.541015625 0.8090277777777778 0.541015625 0.7951388888888888 0.544921875 0.78125 0.54296875 0.7777777777777778 0.54296875 0.7708333333333334 0.5390625 0.7638888888888888 0.5390625 0.7534722222222222 0.544921875 0.7430555555555556 0.544921875 0.7326388888888888 0.529296875 0.6875 0.533203125 0.6736111111111112 0.5390625 0.6736111111111112 0.546875 0.6909722222222222
2 0.587890625 0.3923611111111111 0.591796875 0.3923611111111111 0.59765625 0.3993055555555556 0.60546875 0.3993055555555556 0.607421875 0.4027777777777778 0.61328125 0.4027777777777778 0.619140625 0.4097222222222222 0.623046875 0.4097222222222222 0.626953125 0.4131944444444444 0.630859375 0.4236111111111111 0.630859375 0.4409722222222222 0.626953125 0.4444444444444444 0.61328125 0.4409722222222222 0.6015625 0.4270833333333333 0.591796875 0.4270833333333333 0.591796875 0.4236111111111111 0.5859375 0.4166666666666667 0.5859375 0.4097222222222222 0.583984375 0.40625 0.587890625 0.3958333333333333
2 0.59375 0.3229166666666667 0.6015625 0.3229166666666667 0.609375 0.3298611111111111 0.619140625 0.3298611111111111 0.623046875 0.3368055555555556 0.62890625 0.3368055555555556 0.6328125 0.3506944444444444 0.630859375 0.3576388888888889 0.6328125 0.3645833333333333 0.630859375 0.3854166666666667 0.626953125 0.3958333333333333 0.62109375 0.3958333333333333 0.62109375 0.3888888888888889 0.615234375 0.3784722222222222 0.6015625 0.3680555555555556 0.6015625 0.3576388888888889 0.595703125 0.3472222222222222 0.59375 0.3472222222222222 0.591796875 0.3402777777777778 0.591796875 0.3298611111111111 0.59375 0.3263888888888889
2 0.634765625 0.19444444444444445 0.646484375 0.21875 0.646484375 0.22916666666666666 0.64453125 0.2326388888888889 0.64453125 0.24305555555555555 0.63671875 0.2465277777777778 0.625 0.2673611111111111 0.625 0.2847222222222222 0.623046875 0.2881944444444444 0.619140625 0.2847222222222222 0.619140625 0.25 0.62109375 0.2465277777777778 0.619140625 0.23958333333333334 0.623046875 0.2326388888888889 0.625 0.21875 0.615234375 0.2013888888888889 0.609375 0.19791666666666666 0.607421875 0.1909722222222222 0.607421875 0.18055555555555555 0.609375 0.17708333333333334 0.615234375 0.17708333333333334 0.6171875 0.18055555555555555 0.626953125 0.1840277777777778 0.6328125 0.19444444444444445
2 0.611328125 0.2847222222222222 0.6171875 0.2951388888888889 0.619140625 0.2916666666666667 0.626953125 0.2951388888888889 0.630859375 0.3020833333333333 0.640625 0.3090277777777778 0.646484375 0.3194444444444444 0.646484375 0.3402777777777778 0.654296875 0.3611111111111111 0.654296875 0.3819444444444444 0.646484375 0.40625 0.646484375 0.4618055555555556 0.6328125 0.4583333333333333 0.6328125 0.4444444444444444 0.63671875 0.4375 0.63671875 0.4027777777777778 0.6328125 0.3923611111111111 0.6328125 0.34375 0.626953125 0.3368055555555556 0.62109375 0.3368055555555556 0.61328125 0.3263888888888889 0.61328125 0.3159722222222222 0.60546875 0.3020833333333333 0.60546875 0.2881944444444444 0.609375 0.2847222222222222