0 0.861328125 0.2465277777777778 0.869140625 0.2604166666666667 0.869140625 0.2847222222222222 0.865234375 0.2951388888888889 0.853515625 0.2951388888888889 0.84765625 0.2847222222222222 0.84765625 0.2604166666666667 0.849609375 0.2534722222222222 0.853515625 0.2465277777777778 0.859375 0.2465277777777778
0 0.4359375 0.4361111111111111 0.022916666666666665 0.04259259259259259
0 0.482421875 0.5486111111111112 0.486328125 0.5555555555555556 0.486328125 0.5729166666666666 0.484375 0.5798611111111112 0.48046875 0.5833333333333334 0.48046875 0.5868055555555556 0.474609375 0.5868055555555556 0.470703125 0.5833333333333334 0.466796875 0.5729166666666666 0.466796875 0.5520833333333334 0.470703125 0.5486111111111112 0.48046875 0.5486111111111112
0 0.37109375 0.21875 0.375 0.2222222222222222 0.380859375 0.2361111111111111 0.380859375 0.25 0.376953125 0.2569444444444444 0.3671875 0.2569444444444444 0.365234375 0.2534722222222222 0.361328125 0.2534722222222222 0.357421875 0.2465277777777778 0.359375 0.23958333333333334 0.359375 0.22569444444444445 0.36328125 0.21875 0.369140625 0.21875
0 0.3020833333333333 0.3763888888888889 0.028125 0.04351851851851852
0 0.541015625 0.14930555555555555 0.544921875 0.1527777777777778 0.546875 0.1597222222222222 0.546875 0.18055555555555555 0.5390625 0.1909722222222222 0.52734375 0.1909722222222222 0.5234375 0.18055555555555555 0.5234375 0.16319444444444445 0.529296875 0.1527777777777778 0.533203125 0.14930555555555555 0.5390625 0.14930555555555555
0 0.5 0.052083333333333336 0.51171875 0.06944444444444445 0.51171875 0.08333333333333333 0.5078125 0.09027777777777778 0.50390625 0.08680555555555555 0.4921875 0.08680555555555555 0.490234375 0.09027777777777778 0.48828125 0.08680555555555555 0.490234375 0.06597222222222222 0.4921875 0.059027777777777776 0.498046875 0.052083333333333336
1 0.884765625 0.2638888888888889 0.892578125 0.28125 0.892578125 0.3020833333333333 0.890625 0.3055555555555556 0.890625 0.3159722222222222 0.896484375 0.3402777777777778 0.896484375 0.3472222222222222 0.89453125 0.3506944444444444 0.8828125 0.3506944444444444 0.880859375 0.3472222222222222 0.873046875 0.3472222222222222 0.869140625 0.34375 0.865234375 0.3333333333333333 0.865234375 0.3263888888888889 0.8515625 0.3055555555555556 0.8515625 0.2986111111111111 0.86328125 0.2986111111111111 0.869140625 0.2881944444444444 0.87109375 0.28125 0.87109375 0.2673611111111111 0.873046875 0.2638888888888889 0.8828125 0.2638888888888889
1 0.484375 0.4791666666666667 0.490234375 0.4895833333333333 0.490234375 0.5173611111111112 0.49609375 0.5416666666666666 0.49609375 0.5451388888888888 0.4921875 0.5486111111111112 0.484375 0.5486111111111112 0.482421875 0.5451388888888888 0.458984375 0.5486111111111112 0.458984375 0.5277777777777778 0.4609375 0.5243055555555556 0.4609375 0.4861111111111111 0.46484375 0.4791666666666667 0.46875 0.4791666666666667 0.470703125 0.4756944444444444 0.48046875 0.4756944444444444 0.482421875 0.4791666666666667
1 0.2890625 0.3923611111111111 0.29296875 0.3993055555555556 0.314453125 0.3993055555555556 0.318359375 0.40625 0.318359375 0.4201388888888889 0.314453125 0.4305555555555556 0.314453125 0.4409722222222222 0.31640625 0.4444444444444444 0.314453125 0.4513888888888889 0.314453125 0.4722222222222222 0.306640625 0.4722222222222222 0.3046875 0.4756944444444444 0.291015625 0.4756944444444444 0.287109375 0.46875 0.28515625 0.4444444444444444 0.28125 0.4305555555555556 0.28125 0.4131944444444444 0.279296875 0.4097222222222222 0.28125 0.3958333333333333 0.287109375 0.3923611111111111
1 0.38671875 0.25 0.388671875 0.2569444444444444 0.388671875 0.2777777777777778 0.38671875 0.28125 0.38671875 0.2881944444444444 0.380859375 0.2986111111111111 0.380859375 0.3263888888888889 0.37890625 0.3298611111111111 0.3515625 0.3298611111111111 0.3515625 0.3229166666666667 0.349609375 0.3194444444444444 0.3515625 0.2881944444444444 0.34375 0.2708333333333333 0.345703125 0.2673611111111111 0.345703125 0.2604166666666667 0.3515625 0.2534722222222222 0.361328125 0.2534722222222222 0.369140625 0.2604166666666667 0.376953125 0.2604166666666667 0.3828125 0.25 0.384765625 0.25
1 0.548828125 0.1875 0.552734375 0.2013888888888889 0.5546875 0.2222222222222222 0.556640625 0.22569444444444445 0.556640625 0.2569444444444444 0.55859375 0.2604166666666667 0.55859375 0.2708333333333333 0.5390625 0.2847222222222222 0.53125 0.2847222222222222 0.529296875 0.2048611111111111 0.533203125 0.19791666666666666 0.541015625 0.19444444444444445 0.546875 0.1875
1 0.455078125 0.4548611111111111 0.458984375 0.4652777777777778 0.458984375 0.5173611111111112 0.45703125 0.5208333333333334 0.45703125 0.53125 0.453125 0.5381944444444444 0.4453125 0.5381944444444444 0.443359375 0.5416666666666666 0.427734375 0.5416666666666666 0.42578125 0.5381944444444444 0.427734375 0.5243055555555556 0.419921875 0.5173611111111112 0.419921875 0.4756944444444444 0.427734375 0.4583333333333333 0.439453125 0.4583333333333333 0.4453125 0.4513888888888889 0.451171875 0.4513888888888889 0.453125 0.4548611111111111
1 0.5 0.09027777777777778 0.505859375 0.09027777777777778 0.509765625 0.09722222222222222 0.509765625 0.10416666666666667 0.51171875 0.1076388888888889 0.51171875 0.16319444444444445 0.509765625 0.1701388888888889 0.505859375 0.1736111111111111 0.4921875 0.17708333333333334 0.48828125 0.1701388888888889 0.48828125 0.1597222222222222 0.486328125 0.15625 0.486328125 0.1111111111111111 0.48828125 0.1076388888888889 0.48828125 0.10069444444444445 0.4921875 0.09375 0.49609375 0.09375 0.49609375 0.10069444444444445 0.498046875 0.10416666666666667 0.50390625 0.09722222222222222 0.501953125 0.09375
2 0.884765625 0.2638888888888889 0.888671875 0.2673611111111111 0.892578125 0.28125 0.892578125 0.3055555555555556 0.89453125 0.3090277777777778 0.89453125 0.3298611111111111 0.896484375 0.3333333333333333 0.896484375 0.3715277777777778 0.8984375 0.375 0.896484375 0.4097222222222222 0.900390625 0.4236111111111111 0.900390625 0.4756944444444444 0.90234375 0.4791666666666667 0.90234375 0.4930555555555556 0.896484375 0.4930555555555556 0.89453125 0.4895833333333333 0.89453125 0.4618055555555556 0.890625 0.4479166666666667 0.888671875 0.4166666666666667 0.8828125 0.3923611111111111 0.876953125 0.3993055555555556 0.876953125 0.4409722222222222 0.875 0.4444444444444444 0.875 0.4583333333333333 0.873046875 0.4618055555555556 0.875 0.46875 0.875 0.4861111111111111 0.873046875 0.4895833333333333 0.865234375 0.4895833333333333 0.86328125 0.4930555555555556 0.85546875 0.4930555555555556 0.853515625 0.4895833333333333 0.853515625 0.4861111111111111 0.8671875 0.4652777777777778 0.8671875 0.4513888888888889 0.865234375 0.4479166666666667 0.865234375 0.4027777777777778 0.85546875 0.3819444444444444 0.85546875 0.3159722222222222 0.8515625 0.3055555555555556 0.8515625 0.2951388888888889 0.84765625 0.2847222222222222 0.84765625 0.2604166666666667 0.8515625 0.25 0.85546875 0.2465277777777778 0.861328125 0.2465277777777778 0.87109375 0.2638888888888889 0.8828125 0.2638888888888889
2 0.349609375 0 0.365234375 0 0.361328125 0.010416666666666666 0.357421875 0.013888888888888888 0.357421875 0.041666666666666664 0.361328125 0.052083333333333336 0.361328125 0.0625 0.357421875 0.0625 0.3515625 0.05555555555555555 0.349609375 0.04861111111111111 0.349609375 0.03819444444444445 0.34375 0.027777777777777776 0.34375 0.020833333333333332 0.349609375 0.010416666666666666 0.349609375 0.003472222222222222
2 0.28125 0.3958333333333333 0.283203125 0.3958333333333333 0.2890625 0.3854166666666667 0.2890625 0.3715277777777778 0.294921875 0.3576388888888889 0.30859375 0.3576388888888889 0.314453125 0.3715277777777778 0.314453125 0.3819444444444444 0.318359375 0.3888888888888889 0.322265625 0.3888888888888889 0.32421875 0.4027777777777778 0.33203125 0.4270833333333333 0.33203125 0.4479166666666667 0.326171875 0.4479166666666667 0.32421875 0.4444444444444444 0.318359375 0.4444444444444444 0.31640625 0.4479166666666667 0.314453125 0.4756944444444444 0.31640625 0.4791666666666667 0.31640625 0.4895833333333333 0.322265625 0.5069444444444444 0.322265625 0.5208333333333334 0.32421875 0.5243055555555556 0.32421875 0.6006944444444444 0.330078125 0.6111111111111112 0.333984375 0.6111111111111112 0.333984375 0.6180555555555556 0.330078125 0.625 0.326171875 0.6284722222222222 0.318359375 0.6284722222222222 0.318359375 0.6076388888888888 0.31640625 0.6041666666666666 0.31640625 0.5833333333333334 0.3125 0.5659722222222222 0.3125 0.5451388888888888 0.306640625 0.5277777777777778 0.302734375 0.5243055555555556 0.30078125 0.5277777777777778 0.30078125 0.5486111111111112 0.298828125 0.5520833333333334 0.296875 0.5763888888888888 0.294921875 0.5798611111111112 0.294921875 0.6180555555555556 0.30078125 0.6284722222222222 0.30078125 0.6388888888888888 0.29296875 0.6458333333333334 0.2890625 0.6423611111111112 0.2890625 0.625 0.287109375 0.6215277777777778 0.287109375 0.5555555555555556 0.2890625 0.5520833333333334 0.2890625 0.5451388888888888 0.287109375 0.5416666666666666 0.287109375 0.5104166666666666 0.28515625 0.5069444444444444 0.28515625 0.4756944444444444 0.287109375 0.4722222222222222 0.287109375 0.4652777777777778 0.28515625 0.4618055555555556 0.28515625 0.4444444444444444 0.28125 0.4305555555555556 0.28125 0.4131944444444444 0.279296875 0.4097222222222222 0.279296875 0.4027777777777778 0.28125 0.3993055555555556
2 0.541015625 0.14930555555555555 0.546875 0.1597222222222222 0.546875 0.1840277777777778 0.55078125 0.1909722222222222 0.552734375 0.21180555555555555 0.556640625 0.22569444444444445 0.556640625 0.2534722222222222 0.560546875 0.2708333333333333 0.560546875 0.2847222222222222 0.556640625 0.2951388888888889 0.556640625 0.3020833333333333 0.552734375 0.3159722222222222 0.552734375 0.3472222222222222 0.5546875 0.3506944444444444 0.552734375 0.4097222222222222 0.548828125 0.4166666666666667 0.546875 0.4270833333333333 0.54296875 0.4340277777777778 0.5390625 0.4340277777777778 0.537109375 0.4375 0.53515625 0.4340277777777778 0.537109375 0.375 0.53515625 0.3715277777777778 0.53515625 0.3576388888888889 0.53125 0.3506944444444444 0.53125 0.3298611111111111 0.52734375 0.3159722222222222 0.52734375 0.2916666666666667 0.53125 0.2743055555555556 0.529296875 0.19791666666666666 0.5234375 0.1840277777777778 0.5234375 0.16319444444444445 0.52734375 0.1597222222222222 0.529296875 0.1527777777777778 0.533203125 0.14930555555555555 0.5390625 0.14930555555555555
2 0.484375 0.4791666666666667 0.490234375 0.4895833333333333 0.490234375 0.5138888888888888 0.4921875 0.5208333333333334 0.501953125 0.5277777777777778 0.5078125 0.5381944444444444 0.5078125 0.5416666666666666 0.501953125 0.5625 0.4921875 0.5694444444444444 0.486328125 0.5798611111111112 0.482421875 0.5798611111111112 0.478515625 0.5868055555555556 0.47265625 0.5868055555555556 0.466796875 0.5798611111111112 0.458984375 0.5798611111111112 0.45703125 0.5729166666666666 0.45703125 0.5451388888888888 0.458984375 0.5416666666666666 0.458984375 0.5277777777777778 0.4609375 0.5243055555555556 0.4609375 0.4861111111111111 0.46484375 0.4791666666666667 0.46875 0.4791666666666667 0.470703125 0.4756944444444444 0.48046875 0.4756944444444444 0.482421875 0.4791666666666667
2 0.4140625 0.5729166666666666 0.4140625 0.5520833333333334 0.41796875 0.5451388888888888 0.41796875 0.5277777777777778 0.419921875 0.5243055555555556 0.419921875 0.4756944444444444 0.42578125 0.4618055555555556 0.42578125 0.4305555555555556 0.431640625 0.4166666666666667 0.44140625 0.4166666666666667 0.4453125 0.4270833333333333 0.447265625 0.4479166666666667 0.44921875 0.4513888888888889 0.453125 0.4513888888888889 0.458984375 0.4652777777777778 0.458984375 0.5173611111111112 0.455078125 0.5347222222222222 0.455078125 0.5694444444444444 0.453125 0.5729166666666666 0.453125 0.5868055555555556 0.462890625 0.6215277777777778 0.45703125 0.6215277777777778 0.451171875 0.6006944444444444 0.447265625 0.6006944444444444 0.4453125 0.6076388888888888 0.455078125 0.6388888888888888 0.45703125 0.6597222222222222 0.462890625 0.6701388888888888 0.462890625 0.6770833333333334 0.455078125 0.6805555555555556 0.451171875 0.6736111111111112 0.44921875 0.65625 0.44140625 0.6388888888888888 0.439453125 0.6423611111111112 0.439453125 0.6979166666666666 0.44140625 0.7013888888888888 0.44140625 0.7083333333333334 0.439453125 0.7118055555555556 0.421875 0.7118055555555556 0.41796875 0.7083333333333334 0.41796875 0.7013888888888888 0.4296875 0.6909722222222222 0.4296875 0.6527777777777778 0.427734375 0.6493055555555556 0.427734375 0.625 0.42578125 0.6215277777777778 0.423828125 0.5868055555555556 0.416015625 0.5729166666666666
2 0.501953125 0.05555555555555555 0.51171875 0.06944444444444445 0.51171875 0.08333333333333333 0.509765625 0.08680555555555555 0.509765625 0.10416666666666667 0.51171875 0.1076388888888889 0.51171875 0.1597222222222222 0.51953125 0.16666666666666666 0.517578125 0.21180555555555555 0.521484375 0.22916666666666666 0.52734375 0.23958333333333334 0.52734375 0.25 0.529296875 0.2534722222222222 0.529296875 0.2708333333333333 0.515625 0.23958333333333334 0.51171875 0.2361111111111111 0.509765625 0.23958333333333334 0.509765625 0.2534722222222222 0.51171875 0.2569444444444444 0.51171875 0.2951388888888889 0.515625 0.3055555555555556 0.515625 0.3159722222222222 0.513671875 0.3194444444444444 0.5 0.3194444444444444 0.49609375 0.3159722222222222 0.49609375 0.3125 0.501953125 0.3090277777777778 0.505859375 0.3020833333333333 0.505859375 0.2916666666666667 0.50390625 0.2881944444444444 0.5 0.25 0.494140625 0.22916666666666666 0.4921875 0.1875 0.486328125 0.1597222222222222 0.486328125 0.1076388888888889 0.48828125 0.10069444444444445 0.486328125 0.09722222222222222 0.484375 0.0798611111111111 0.490234375 0.06944444444444445 0.4921875 0.059027777777777776 0.49609375 0.052083333333333336 0.5 0.05555555555555555
2 0.37109375 0.21875 0.37890625 0.22916666666666666 0.380859375 0.23958333333333334 0.388671875 0.2534722222222222 0.388671875 0.2986111111111111 0.392578125 0.3159722222222222 0.404296875 0.3298611111111111 0.404296875 0.3402777777777778 0.40234375 0.3402777777777778 0.3984375 0.3368055555555556 0.396484375 0.3263888888888889 0.390625 0.3159722222222222 0.38671875 0.3159722222222222 0.384765625 0.3194444444444444 0.384765625 0.3333333333333333 0.390625 0.3472222222222222 0.39453125 0.3645833333333333 0.39453125 0.4027777777777778 0.388671875 0.4236111111111111 0.38671875 0.4236111111111111 0.380859375 0.4375 0.380859375 0.4548611111111111 0.3828125 0.4583333333333333 0.3828125 0.4652777777777778 0.376953125 0.4652777777777778 0.373046875 0.4618055555555556 0.37109375 0.4548611111111111 0.37109375 0.4270833333333333 0.369140625 0.4236111111111111 0.369140625 0.3958333333333333 0.353515625 0.3645833333333333 0.353515625 0.3576388888888889 0.3515625 0.3541666666666667 0.3515625 0.3298611111111111 0.34765625 0.3229166666666667 0.34765625 0.3125 0.345703125 0.3090277777777778 0.341796875 0.3194444444444444 0.341796875 0.2951388888888889 0.34375 0.2916666666666667 0.34375 0.2708333333333333 0.345703125 0.2673611111111111 0.345703125 0.2604166666666667 0.357421875 0.2465277777777778 0.359375 0.22569444444444445 0.36328125 0.21875 0.369140625 0.21875