0 0.8552083333333333 0.24583333333333332 0.026041666666666668 0.04722222222222222
0 0.5234375 0.2361111111111111 0.533203125 0.25 0.533203125 0.2604166666666667 0.529296875 0.2673611111111111 0.515625 0.2673611111111111 0.51171875 0.2604166666666667 0.513671875 0.24305555555555555 0.521484375 0.2361111111111111
0 0.16015625 0.0625 0.1640625 0.06597222222222222 0.16796875 0.0763888888888889 0.16796875 0.08333333333333333 0.1640625 0.09027777777777778 0.146484375 0.09027777777777778 0.14453125 0.08333333333333333 0.14453125 0.0763888888888889 0.1484375 0.06597222222222222 0.15234375 0.0625 0.158203125 0.0625
0 0.271484375 0.3888888888888889 0.275390625 0.3923611111111111 0.279296875 0.4027777777777778 0.279296875 0.4201388888888889 0.271484375 0.4270833333333333 0.259765625 0.4270833333333333 0.255859375 0.4236111111111111 0.25390625 0.4166666666666667 0.25390625 0.4027777777777778 0.255859375 0.3958333333333333 0.259765625 0.3888888888888889 0.26953125 0.3888888888888889
0 0.5205729166666666 0.4425925925925926 0.022395833333333334 0.04074074074074074
0 0.48046875 0.5243055555555556 0.486328125 0.53125 0.486328125 0.5590277777777778 0.478515625 0.5590277777777778 0.4765625 0.5625 0.46875 0.5590277777777778 0.466796875 0.5520833333333334 0.466796875 0.5347222222222222 0.46875 0.5277777777777778 0.47265625 0.5243055555555556 0.478515625 0.5243055555555556
0 0.528125 0.10787037037037037 0.019791666666666666 0.041666666666666664
1 0.869140625 0.2604166666666667 0.87890625 0.2743055555555556 0.87890625 0.3020833333333333 0.873046875 0.3090277777777778 0.873046875 0.3194444444444444 0.87109375 0.3229166666666667 0.87109375 0.3368055555555556 0.873046875 0.3402777777777778 0.876953125 0.3333333333333333 0.876953125 0.3472222222222222 0.859375 0.34375 0.8515625 0.3368055555555556 0.849609375 0.3298611111111111 0.8515625 0.3229166666666667 0.849609375 0.2708333333333333 0.853515625 0.2708333333333333 0.859375 0.2638888888888889 0.8671875 0.2604166666666667
1 0.48046875 0.4583333333333333 0.482421875 0.4618055555555556 0.486328125 0.4618055555555556 0.494140625 0.4756944444444444 0.494140625 0.4895833333333333 0.49609375 0.4930555555555556 0.49609375 0.5208333333333334 0.48828125 0.5347222222222222 0.486328125 0.5416666666666666 0.486328125 0.5555555555555556 0.484375 0.5590277777777778 0.470703125 0.5590277777777778 0.462890625 0.5520833333333334 0.458984375 0.5451388888888888 0.458984375 0.5381944444444444 0.45703125 0.5347222222222222 0.458984375 0.5104166666666666 0.462890625 0.5034722222222222 0.462890625 0.4965277777777778 0.46484375 0.4930555555555556 0.46484375 0.4722222222222222 0.470703125 0.4618055555555556 0.478515625 0.4583333333333333
1 0.482421875 0.4583333333333333 0.494140625 0.4756944444444444 0.49609375 0.5173611111111112 0.490234375 0.5243055555555556 0.486328125 0.5208333333333334 0.4765625 0.5208333333333334 0.474609375 0.5173611111111112 0.47265625 0.5208333333333334 0.466796875 0.5208333333333334 0.4609375 0.5138888888888888 0.46484375 0.4965277777777778 0.46484375 0.4722222222222222 0.466796875 0.4652777777777778 0.474609375 0.4583333333333333 0.48046875 0.4583333333333333
1 0.51171875 0.2638888888888889 0.515625 0.2708333333333333 0.537109375 0.2708333333333333 0.5390625 0.2743055555555556 0.54296875 0.2743055555555556 0.5546875 0.2916666666666667 0.556640625 0.3055555555555556 0.546875 0.3402777777777778 0.5390625 0.3506944444444444 0.5234375 0.3506944444444444 0.51953125 0.34375 0.51953125 0.3368055555555556 0.515625 0.3263888888888889 0.515625 0.3159722222222222 0.509765625 0.2986111111111111 0.505859375 0.3020833333333333 0.505859375 0.3263888888888889 0.501953125 0.3298611111111111 0.498046875 0.3229166666666667 0.498046875 0.2777777777777778 0.509765625 0.2638888888888889
1 0.15755208333333334 0.12777777777777777 0.033854166666666664 0.07777777777777778
1 0.24609375 0.4375 0.25 0.4270833333333333 0.27734375 0.4305555555555556 0.28125 0.4375 0.28125 0.4513888888888889 0.2734375 0.4722222222222222 0.2734375 0.4791666666666667 0.271484375 0.4826388888888889 0.271484375 0.5 0.26953125 0.5034722222222222 0.259765625 0.5034722222222222 0.25390625 0.4965277777777778 0.251953125 0.4756944444444444 0.25 0.4722222222222222 0.248046875 0.4409722222222222
1 0.53515625 0.4583333333333333 0.541015625 0.4722222222222222 0.5390625 0.4791666666666667 0.5390625 0.4861111111111111 0.541015625 0.4895833333333333 0.541015625 0.5208333333333334 0.53515625 0.5416666666666666 0.53125 0.5416666666666666 0.529296875 0.5451388888888888 0.513671875 0.5451388888888888 0.509765625 0.5381944444444444 0.509765625 0.5243055555555556 0.50390625 0.5173611111111112 0.50390625 0.5069444444444444 0.505859375 0.5034722222222222 0.505859375 0.4791666666666667 0.5078125 0.4722222222222222 0.52734375 0.4583333333333333 0.533203125 0.4583333333333333
1 0.51953125 0.12152777777777778 0.525390625 0.1284722222222222 0.533203125 0.1284722222222222 0.537109375 0.12152777777777778 0.54296875 0.12152777777777778 0.548828125 0.1284722222222222 0.546875 0.1423611111111111 0.541015625 0.1423611111111111 0.5390625 0.14583333333333334 0.5390625 0.1527777777777778 0.541015625 0.15625 0.541015625 0.17708333333333334 0.5390625 0.18055555555555555 0.5390625 0.1909722222222222 0.537109375 0.19791666666666666 0.517578125 0.19791666666666666 0.513671875 0.1875 0.513671875 0.16666666666666666 0.51171875 0.1597222222222222 0.5078125 0.15625 0.5078125 0.1284722222222222 0.51171875 0.12152777777777778 0.517578125 0.12152777777777778
2 0.515625 0.24305555555555555 0.525390625 0.24305555555555555 0.529296875 0.2465277777777778 0.529296875 0.25 0.556640625 0.2951388888888889 0.5546875 0.3159722222222222 0.541015625 0.3541666666666667 0.541015625 0.3645833333333333 0.54296875 0.3680555555555556 0.541015625 0.4097222222222222 0.53515625 0.4166666666666667 0.53125 0.4166666666666667 0.525390625 0.4027777777777778 0.521484375 0.3993055555555556 0.51171875 0.3993055555555556 0.51171875 0.3958333333333333 0.51953125 0.3888888888888889 0.525390625 0.3784722222222222 0.525390625 0.3645833333333333 0.521484375 0.3576388888888889 0.517578125 0.3576388888888889 0.5078125 0.3645833333333333 0.50390625 0.3715277777777778 0.50390625 0.40625 0.501953125 0.4097222222222222 0.501953125 0.4166666666666667 0.49609375 0.4270833333333333 0.4921875 0.4270833333333333 0.490234375 0.4236111111111111 0.49609375 0.4097222222222222 0.494140625 0.3645833333333333 0.49609375 0.3611111111111111 0.49609375 0.3506944444444444 0.5 0.3402777777777778 0.5 0.3263888888888889 0.498046875 0.3229166666666667 0.498046875 0.2777777777777778 0.509765625 0.2569444444444444 0.51171875 0.2569444444444444 0.515625 0.2465277777777778
2 0.1484375 0.06597222222222222 0.15234375 0.0625 0.1640625 0.06597222222222222 0.173828125 0.10069444444444445 0.1796875 0.1111111111111111 0.177734375 0.11805555555555555 0.16796875 0.125 0.16796875 0.15625 0.173828125 0.16319444444444445 0.181640625 0.19444444444444445 0.1796875 0.19791666666666666 0.1796875 0.2048611111111111 0.181640625 0.20833333333333334 0.181640625 0.2465277777777778 0.1796875 0.2534722222222222 0.1875 0.2743055555555556 0.185546875 0.2777777777777778 0.181640625 0.2777777777777778 0.17578125 0.2673611111111111 0.171875 0.2534722222222222 0.171875 0.2465277777777778 0.162109375 0.2326388888888889 0.154296875 0.22569444444444445 0.150390625 0.22569444444444445 0.146484375 0.21875 0.140625 0.19791666666666666 0.140625 0.1909722222222222 0.142578125 0.1875 0.142578125 0.14583333333333334 0.140625 0.1423611111111111 0.140625 0.13541666666666666 0.134765625 0.12152777777777778 0.134765625 0.1111111111111111 0.1328125 0.1076388888888889 0.134765625 0.10416666666666667 0.134765625 0.09722222222222222 0.138671875 0.09722222222222222 0.14453125 0.09027777777777778 0.14453125 0.0763888888888889 0.1484375 0.06944444444444445
2 0.482421875 0.4583333333333333 0.494140625 0.4756944444444444 0.494140625 0.4895833333333333 0.49609375 0.4930555555555556 0.49609375 0.5208333333333334 0.48828125 0.53125 0.486328125 0.5381944444444444 0.486328125 0.5555555555555556 0.484375 0.5590277777777778 0.46875 0.5590277777777778 0.458984375 0.5451388888888888 0.458984375 0.5347222222222222 0.45703125 0.53125 0.458984375 0.5243055555555556 0.458984375 0.5104166666666666 0.462890625 0.5034722222222222 0.462890625 0.4930555555555556 0.46484375 0.4895833333333333 0.46484375 0.4722222222222222 0.470703125 0.4618055555555556 0.474609375 0.4583333333333333 0.48046875 0.4583333333333333
2 0.271484375 0.3888888888888889 0.275390625 0.3923611111111111 0.279296875 0.4027777777777778 0.279296875 0.4201388888888889 0.27734375 0.4236111111111111 0.28125 0.4375 0.279296875 0.4861111111111111 0.283203125 0.4930555555555556 0.287109375 0.4930555555555556 0.29296875 0.5 0.29296875 0.5034722222222222 0.287109375 0.5034722222222222 0.28515625 0.5069444444444444 0.287109375 0.5486111111111112 0.291015625 0.5659722222222222 0.291015625 0.5972222222222222 0.29296875 0.6006944444444444 0.29296875 0.6145833333333334 0.296875 0.6215277777777778 0.30078125 0.6215277777777778 0.302734375 0.625 0.302734375 0.6354166666666666 0.298828125 0.6423611111111112 0.294921875 0.6423611111111112 0.29296875 0.6458333333333334 0.2890625 0.6458333333333334 0.287109375 0.6423611111111112 0.287109375 0.6215277777777778 0.28515625 0.6180555555555556 0.28515625 0.6076388888888888 0.28125 0.5972222222222222 0.279296875 0.5659722222222222 0.27734375 0.5590277777777778 0.271484375 0.5486111111111112 0.26953125 0.5486111111111112 0.267578125 0.5520833333333334 0.265625 0.5729166666666666 0.2578125 0.5972222222222222 0.255859375 0.6180555555555556 0.25390625 0.6215277777777778 0.25390625 0.6423611111111112 0.259765625 0.6527777777777778 0.2578125 0.6597222222222222 0.24609375 0.6597222222222222 0.244140625 0.65625 0.244140625 0.6458333333333334 0.24609375 0.6423611111111112 0.24609375 0.6215277777777778 0.248046875 0.6180555555555556 0.248046875 0.5972222222222222 0.25390625 0.5763888888888888 0.25390625 0.5381944444444444 0.251953125 0.5347222222222222 0.25390625 0.53125 0.251953125 0.5243055555555556 0.251953125 0.5034722222222222 0.25390625 0.5 0.25390625 0.4895833333333333 0.25 0.4722222222222222 0.248046875 0.4409722222222222 0.24609375 0.4375 0.248046875 0.4305555555555556 0.25390625 0.4236111111111111 0.25390625 0.4027777777777778 0.255859375 0.3958333333333333 0.259765625 0.3888888888888889 0.26953125 0.3888888888888889
2 0.826171875 0.4652777777777778 0.837890625 0.4548611111111111 0.841796875 0.4479166666666667 0.841796875 0.4409722222222222 0.84375 0.4375 0.84375 0.3680555555555556 0.83984375 0.3611111111111111 0.83984375 0.3541666666666667 0.841796875 0.3506944444444444 0.841796875 0.34375 0.8515625 0.3194444444444444 0.849609375 0.2743055555555556 0.84375 0.2604166666666667 0.84375 0.23958333333333334 0.8515625 0.22569444444444445 0.861328125 0.22569444444444445 0.865234375 0.2326388888888889 0.8671875 0.2534722222222222 0.87890625 0.2743055555555556 0.87890625 0.3368055555555556 0.876953125 0.3402777777777778 0.876953125 0.3576388888888889 0.873046875 0.3715277777777778 0.873046875 0.4097222222222222 0.875 0.4131944444444444 0.873046875 0.4618055555555556 0.875 0.4652777777777778 0.87109375 0.4756944444444444 0.86328125 0.4791666666666667 0.86328125 0.4652777777777778 0.8671875 0.4548611111111111 0.8671875 0.4409722222222222 0.865234375 0.4375 0.865234375 0.4131944444444444 0.86328125 0.4097222222222222 0.86328125 0.4027777777777778 0.861328125 0.3958333333333333 0.857421875 0.3923611111111111 0.853515625 0.3993055555555556 0.853515625 0.4270833333333333 0.849609375 0.4409722222222222 0.849609375 0.46875 0.84765625 0.4722222222222222 0.83203125 0.4722222222222222 0.828125 0.46875
2 0.509765625 0.4479166666666667 0.51171875 0.4444444444444444 0.51171875 0.4340277777777778 0.515625 0.4270833333333333 0.51953125 0.4236111111111111 0.525390625 0.4236111111111111 0.529296875 0.4305555555555556 0.53125 0.4548611111111111 0.53515625 0.4583333333333333 0.541015625 0.4722222222222222 0.5390625 0.4861111111111111 0.54296875 0.5034722222222222 0.541015625 0.5069444444444444 0.541015625 0.5208333333333334 0.537109375 0.53125 0.537109375 0.59375 0.533203125 0.6076388888888888 0.533203125 0.6319444444444444 0.5390625 0.65625 0.5390625 0.6736111111111112 0.54296875 0.6840277777777778 0.544921875 0.7013888888888888 0.54296875 0.7048611111111112 0.521484375 0.7048611111111112 0.521484375 0.7013888888888888 0.53125 0.6875 0.53125 0.6701388888888888 0.525390625 0.6423611111111112 0.51953125 0.6319444444444444 0.51171875 0.6527777777777778 0.51171875 0.6770833333333334 0.509765625 0.6840277777777778 0.5078125 0.6875 0.5 0.6875 0.498046875 0.6840277777777778 0.498046875 0.6770833333333334 0.505859375 0.6458333333333334 0.505859375 0.6319444444444444 0.5078125 0.6284722222222222 0.5078125 0.5902777777777778 0.51171875 0.5798611111111112 0.51171875 0.5694444444444444 0.513671875 0.5659722222222222 0.501953125 0.5416666666666666 0.494140625 0.5451388888888888 0.490234375 0.5347222222222222 0.5 0.5173611111111112 0.505859375 0.4965277777777778 0.505859375 0.4791666666666667 0.5078125 0.4722222222222222 0.513671875 0.4652777777777778 0.51171875 0.4513888888888889
2 0.501953125 0.21875 0.501953125 0.1736111111111111 0.5078125 0.14930555555555555 0.5078125 0.1284722222222222 0.51171875 0.12152777777777778 0.517578125 0.12152777777777778 0.51953125 0.11805555555555555 0.51953125 0.09722222222222222 0.5234375 0.09027777777777778 0.533203125 0.09027777777777778 0.537109375 0.10416666666666667 0.537109375 0.11458333333333333 0.548828125 0.1284722222222222 0.55078125 0.16666666666666666 0.548828125 0.1701388888888889 0.54296875 0.16666666666666666 0.5390625 0.1840277777777778 0.5390625 0.19791666666666666 0.541015625 0.2013888888888889 0.541015625 0.2152777777777778 0.54296875 0.21875 0.541015625 0.2604166666666667 0.5390625 0.2638888888888889 0.529296875 0.24305555555555555 0.5234375 0.24305555555555555 0.521484375 0.23958333333333334 0.515625 0.24305555555555555 0.513671875 0.23958333333333334 0.513671875 0.1840277777777778 0.51171875 0.18055555555555555 0.5078125 0.19444444444444445 0.5078125 0.21180555555555555 0.505859375 0.21875 0.50390625 0.21875