0 0.9734375 0.5078703703703703 0.053125 0.07685185185185185
0 0.4296875 0.3090277777777778 0.431640625 0.3125 0.447265625 0.3090277777777778 0.451171875 0.3194444444444444 0.453125 0.34375 0.439453125 0.3541666666666667 0.435546875 0.3506944444444444 0.423828125 0.3506944444444444 0.41796875 0.3402777777777778 0.41796875 0.3333333333333333 0.4140625 0.3263888888888889 0.4140625 0.3194444444444444 0.41796875 0.3090277777777778 0.427734375 0.3090277777777778
0 0.37109375 0.3402777777777778 0.375 0.34375 0.376953125 0.3506944444444444 0.373046875 0.3576388888888889 0.369140625 0.3576388888888889 0.36328125 0.3680555555555556 0.36328125 0.375 0.361328125 0.3784722222222222 0.359375 0.3784722222222222 0.359375 0.3680555555555556 0.357421875 0.3645833333333333 0.359375 0.34375 0.365234375 0.3368055555555556 0.369140625 0.3402777777777778
0 0.560546875 0.4097222222222222 0.56640625 0.4236111111111111 0.568359375 0.4479166666666667 0.56640625 0.4513888888888889 0.564453125 0.4722222222222222 0.55859375 0.4791666666666667 0.552734375 0.4791666666666667 0.55078125 0.4826388888888889 0.544921875 0.4791666666666667 0.5390625 0.4652777777777778 0.53515625 0.4375 0.537109375 0.4340277777777778 0.537109375 0.4236111111111111 0.54296875 0.4097222222222222 0.546875 0.40625 0.556640625 0.40625 0.55859375 0.4097222222222222
1 0.2734375 0.2569444444444444 0.27734375 0.2534722222222222 0.29296875 0.25 0.298828125 0.2638888888888889 0.298828125 0.3055555555555556 0.294921875 0.3125 0.279296875 0.3125 0.275390625 0.3055555555555556 0.275390625 0.2951388888888889 0.271484375 0.28125 0.271484375 0.2638888888888889 0.2734375 0.2604166666666667
1 0.412109375 0.3333333333333333 0.4140625 0.3368055555555556 0.4140625 0.34375 0.41796875 0.3506944444444444 0.421875 0.3541666666666667 0.435546875 0.3541666666666667 0.4375 0.3576388888888889 0.447265625 0.3611111111111111 0.451171875 0.3680555555555556 0.451171875 0.3854166666666667 0.44140625 0.3888888888888889 0.435546875 0.3993055555555556 0.435546875 0.4201388888888889 0.42578125 0.4375 0.421875 0.4513888888888889 0.421875 0.4861111111111111 0.419921875 0.4895833333333333 0.4140625 0.4895833333333333 0.404296875 0.4826388888888889 0.380859375 0.4791666666666667 0.369140625 0.46875 0.369140625 0.4618055555555556 0.37890625 0.4340277777777778 0.37890625 0.4201388888888889 0.380859375 0.4166666666666667 0.3828125 0.3958333333333333 0.390625 0.3819444444444444 0.390625 0.3784722222222222 0.392578125 0.3784722222222222 0.400390625 0.3645833333333333 0.404296875 0.3541666666666667 0.404296875 0.3472222222222222 0.41015625 0.3368055555555556
1 0.974609375 0.5416666666666666 0.9765625 0.5451388888888888 0.990234375 0.5451388888888888 0.998046875 0.5520833333333334 0.998046875 0.7048611111111112 0.990234375 0.7048611111111112 0.98828125 0.7083333333333334 0.970703125 0.7118055555555556 0.96875 0.7152777777777778 0.95703125 0.7152777777777778 0.955078125 0.7118055555555556 0.95703125 0.6909722222222222 0.958984375 0.6875 0.958984375 0.6631944444444444 0.95703125 0.6597222222222222 0.95703125 0.6493055555555556 0.953125 0.6388888888888888 0.951171875 0.6215277777777778 0.95703125 0.6006944444444444 0.951171875 0.5902777777777778 0.935546875 0.5902777777777778 0.935546875 0.5729166666666666 0.939453125 0.5555555555555556 0.943359375 0.5520833333333334 0.947265625 0.5520833333333334 0.94921875 0.5486111111111112 0.962890625 0.5486111111111112 0.97265625 0.5416666666666666
1 0.24609375 0.24305555555555555 0.248046875 0.2465277777777778 0.25390625 0.2465277777777778 0.2578125 0.24305555555555555 0.263671875 0.25 0.265625 0.2569444444444444 0.265625 0.2638888888888889 0.263671875 0.2673611111111111 0.263671875 0.2951388888888889 0.259765625 0.3020833333333333 0.244140625 0.3020833333333333 0.2421875 0.2986111111111111 0.23828125 0.25 0.240234375 0.2465277777777778 0.244140625 0.2465277777777778
1 0.568359375 0.4513888888888889 0.583984375 0.4513888888888889 0.587890625 0.4548611111111111 0.591796875 0.4652777777777778 0.591796875 0.4756944444444444 0.59375 0.4791666666666667 0.587890625 0.5 0.591796875 0.5034722222222222 0.591796875 0.5138888888888888 0.59375 0.5173611111111112 0.58984375 0.5277777777777778 0.580078125 0.5277777777777778 0.578125 0.5243055555555556 0.57421875 0.53125 0.5703125 0.53125 0.5625 0.5208333333333334 0.55859375 0.5208333333333334 0.5546875 0.5277777777777778 0.5546875 0.5451388888888888 0.55859375 0.5555555555555556 0.57421875 0.5555555555555556 0.57421875 0.5694444444444444 0.572265625 0.5729166666666666 0.568359375 0.5763888888888888 0.55078125 0.5763888888888888 0.548828125 0.5729166666666666 0.537109375 0.5694444444444444 0.53125 0.5590277777777778 0.533203125 0.5520833333333334 0.533203125 0.5347222222222222 0.529296875 0.5277777777777778 0.521484375 0.5243055555555556 0.517578125 0.5104166666666666 0.51953125 0.5069444444444444 0.51953125 0.4826388888888889 0.5234375 0.4722222222222222 0.53125 0.4652777777777778 0.5390625 0.4652777777777778 0.548828125 0.4861111111111111 0.55859375 0.4965277777777778 0.564453125 0.4826388888888889 0.568359375 0.4548611111111111
1 0.3984375 0.3125 0.404296875 0.3194444444444444 0.40625 0.3333333333333333 0.40234375 0.34375 0.40234375 0.3506944444444444 0.3984375 0.3645833333333333 0.380859375 0.3993055555555556 0.376953125 0.4375 0.369140625 0.4548611111111111 0.3671875 0.46875 0.36328125 0.4722222222222222 0.357421875 0.4722222222222222 0.361328125 0.3715277777777778 0.3671875 0.3611111111111111 0.375 0.3541666666666667 0.37890625 0.3402777777777778 0.390625 0.3159722222222222 0.396484375 0.3125
2 0.283203125 0.22569444444444445 0.287109375 0.2326388888888889 0.287109375 0.23958333333333334 0.29296875 0.2465277777777778 0.298828125 0.2604166666666667 0.298828125 0.2743055555555556 0.30078125 0.2777777777777778 0.30078125 0.2986111111111111 0.296875 0.3125 0.296875 0.3298611111111111 0.298828125 0.3333333333333333 0.298828125 0.3680555555555556 0.30078125 0.3715277777777778 0.298828125 0.375 0.298828125 0.40625 0.28515625 0.40625 0.28515625 0.3819444444444444 0.27734375 0.3541666666666667 0.27734375 0.3472222222222222 0.2734375 0.3402777777777778 0.275390625 0.2986111111111111 0.2734375 0.2951388888888889 0.26953125 0.2673611111111111 0.27734375 0.25 0.27734375 0.2326388888888889 0.28125 0.22916666666666666
2 0.44140625 0.2673611111111111 0.439453125 0.2708333333333333 0.44140625 0.2743055555555556 0.4453125 0.2708333333333333 0.44921875 0.2743055555555556 0.453125 0.2847222222222222 0.447265625 0.2986111111111111 0.447265625 0.3125 0.453125 0.3333333333333333 0.453125 0.3402777777777778 0.458984375 0.3576388888888889 0.458984375 0.3645833333333333 0.462890625 0.375 0.46484375 0.40625 0.462890625 0.4097222222222222 0.462890625 0.4236111111111111 0.4609375 0.4270833333333333 0.451171875 0.4270833333333333 0.439453125 0.4166666666666667 0.42578125 0.4375 0.421875 0.4548611111111111 0.421875 0.5034722222222222 0.423828125 0.5069444444444444 0.42578125 0.5277777777777778 0.4296875 0.5416666666666666 0.4296875 0.5555555555555556 0.431640625 0.5590277777777778 0.431640625 0.59375 0.43359375 0.5972222222222222 0.43359375 0.6076388888888888 0.435546875 0.6111111111111112 0.435546875 0.6215277777777778 0.439453125 0.6388888888888888 0.439453125 0.6736111111111112 0.435546875 0.6875 0.4375 0.7222222222222222 0.44140625 0.7395833333333334 0.44140625 0.7534722222222222 0.439453125 0.7569444444444444 0.435546875 0.7569444444444444 0.43359375 0.7534722222222222 0.42578125 0.7256944444444444 0.42578125 0.7152777777777778 0.4296875 0.7013888888888888 0.42578125 0.6909722222222222 0.42578125 0.6701388888888888 0.421875 0.65625 0.421875 0.6354166666666666 0.419921875 0.6319444444444444 0.41796875 0.6041666666666666 0.4140625 0.5972222222222222 0.412109375 0.5833333333333334 0.40234375 0.5590277777777778 0.3984375 0.5416666666666666 0.388671875 0.5277777777777778 0.37109375 0.53125 0.36328125 0.5381944444444444 0.353515625 0.5381944444444444 0.34765625 0.5451388888888888 0.34375 0.5451388888888888 0.3359375 0.5520833333333334 0.32421875 0.5694444444444444 0.31640625 0.5763888888888888 0.314453125 0.5833333333333334 0.296875 0.6041666666666666 0.287109375 0.6215277777777778 0.287109375 0.6284722222222222 0.283203125 0.6354166666666666 0.27734375 0.6354166666666666 0.2734375 0.6284722222222222 0.2734375 0.6215277777777778 0.26171875 0.6006944444444444 0.263671875 0.59375 0.28515625 0.59375 0.2890625 0.5833333333333334 0.291015625 0.5833333333333334 0.3046875 0.5590277777777778 0.3046875 0.5555555555555556 0.306640625 0.5555555555555556 0.31640625 0.5381944444444444 0.322265625 0.5347222222222222 0.328125 0.5243055555555556 0.330078125 0.5243055555555556 0.35546875 0.4791666666666667 0.36328125 0.4756944444444444 0.3671875 0.46875 0.37890625 0.4305555555555556 0.37890625 0.4166666666666667 0.380859375 0.4131944444444444 0.3828125 0.3958333333333333 0.392578125 0.3784722222222222 0.392578125 0.375 0.39453125 0.375 0.400390625 0.3645833333333333 0.40234375 0.3506944444444444 0.40625 0.3402777777777778 0.40625 0.3333333333333333 0.408203125 0.3298611111111111 0.408203125 0.3229166666666667 0.40625 0.3194444444444444 0.408203125 0.3125 0.3984375 0.3055555555555556 0.400390625 0.3020833333333333 0.40625 0.3020833333333333 0.408203125 0.3055555555555556 0.408203125 0.3159722222222222 0.412109375 0.3194444444444444 0.41796875 0.3055555555555556 0.423828125 0.2777777777777778 0.43359375 0.2673611111111111 0.439453125 0.2673611111111111
2 0.873046875 0.71875 0.873046875 0.7118055555555556 0.884765625 0.6909722222222222 0.892578125 0.6840277777777778 0.93359375 0.6076388888888888 0.935546875 0.6006944444444444 0.935546875 0.5729166666666666 0.9375 0.5694444444444444 0.9375 0.5625 0.94921875 0.5451388888888888 0.94921875 0.5069444444444444 0.958984375 0.4826388888888889 0.966796875 0.4722222222222222 0.98828125 0.4722222222222222 0.99609375 0.4861111111111111 0.99609375 0.4930555555555556 0.998046875 0.4965277777777778 0.998046875 0.53125 0.99609375 0.5347222222222222 0.99609375 0.5486111111111112 0.998046875 0.5520833333333334 0.998046875 0.8263888888888888 0.99609375 0.8298611111111112 0.998046875 0.8333333333333334 0.998046875 0.8784722222222222 0.984375 0.8645833333333334 0.98046875 0.8541666666666666 0.96484375 0.8402777777777778 0.95703125 0.8402777777777778 0.94921875 0.8680555555555556 0.9453125 0.8680555555555556 0.94140625 0.8576388888888888 0.94140625 0.8472222222222222 0.943359375 0.84375 0.943359375 0.8159722222222222 0.9453125 0.8125 0.9453125 0.7986111111111112 0.943359375 0.7951388888888888 0.9453125 0.7881944444444444 0.955078125 0.7881944444444444 0.95703125 0.7951388888888888 0.966796875 0.8090277777777778 0.978515625 0.8090277777777778 0.98046875 0.8055555555555556 0.98046875 0.7986111111111112 0.974609375 0.7777777777777778 0.958984375 0.7534722222222222 0.958984375 0.7465277777777778 0.95703125 0.7430555555555556 0.95703125 0.7118055555555556 0.955078125 0.7083333333333334 0.955078125 0.7013888888888888 0.958984375 0.6875 0.958984375 0.6631944444444444 0.95703125 0.6597222222222222 0.95703125 0.6493055555555556 0.953125 0.6388888888888888 0.953125 0.6319444444444444 0.94921875 0.625 0.921875 0.6666666666666666 0.9140625 0.6736111111111112 0.896484375 0.7048611111111112 0.888671875 0.7083333333333334 0.876953125 0.7222222222222222 0.875 0.71875
2 0.390625 0.5347222222222222 0.39453125 0.5451388888888888 0.388671875 0.5555555555555556 0.388671875 0.5694444444444444 0.400390625 0.5902777777777778 0.40625 0.6111111111111112 0.408203125 0.6354166666666666 0.412109375 0.6493055555555556 0.412109375 0.6736111111111112 0.404296875 0.6944444444444444 0.40234375 0.7083333333333334 0.39453125 0.7326388888888888 0.39453125 0.7395833333333334 0.38671875 0.7638888888888888 0.38671875 0.7777777777777778 0.396484375 0.7986111111111112 0.404296875 0.8055555555555556 0.404296875 0.8159722222222222 0.388671875 0.8159722222222222 0.369140625 0.7986111111111112 0.365234375 0.7916666666666666 0.365234375 0.78125 0.375 0.7465277777777778 0.37890625 0.6979166666666666 0.3828125 0.6875 0.3828125 0.6805555555555556 0.38671875 0.6736111111111112 0.38671875 0.6666666666666666 0.3828125 0.6597222222222222 0.380859375 0.6493055555555556 0.373046875 0.6423611111111112 0.36328125 0.6145833333333334 0.359375 0.6145833333333334 0.353515625 0.625 0.353515625 0.6284722222222222 0.3359375 0.6493055555555556 0.32421875 0.6493055555555556 0.322265625 0.6458333333333334 0.314453125 0.6458333333333334 0.3125 0.6423611111111112 0.306640625 0.6423611111111112 0.298828125 0.6354166666666666 0.291015625 0.6354166666666666 0.287109375 0.6319444444444444 0.2890625 0.6215277777777778 0.296875 0.6076388888888888 0.3046875 0.6006944444444444 0.32421875 0.6111111111111112 0.330078125 0.6006944444444444 0.333984375 0.5868055555555556 0.3359375 0.5694444444444444 0.34375 0.5486111111111112 0.34765625 0.5486111111111112 0.35546875 0.5416666666666666 0.388671875 0.5347222222222222
2 0.251953125 0.22569444444444445 0.255859375 0.22916666666666666 0.2578125 0.23958333333333334 0.267578125 0.2604166666666667 0.263671875 0.2708333333333333 0.263671875 0.2777777777777778 0.265625 0.28125 0.265625 0.3020833333333333 0.263671875 0.3055555555555556 0.265625 0.3229166666666667 0.263671875 0.3263888888888889 0.267578125 0.3333333333333333 0.267578125 0.3576388888888889 0.265625 0.3611111111111111 0.267578125 0.3645833333333333 0.267578125 0.3784722222222222 0.265625 0.3819444444444444 0.267578125 0.40625 0.263671875 0.40625 0.26171875 0.4027777777777778 0.26171875 0.3923611111111111 0.25390625 0.3645833333333333 0.25 0.3645833333333333 0.24609375 0.3715277777777778 0.24609375 0.3819444444444444 0.244140625 0.3854166666666667 0.248046875 0.3958333333333333 0.24609375 0.3993055555555556 0.24609375 0.40625 0.2421875 0.4097222222222222 0.23828125 0.40625 0.244140625 0.3888888888888889 0.244140625 0.3541666666666667 0.2421875 0.3506944444444444 0.2421875 0.3194444444444444 0.240234375 0.3159722222222222 0.240234375 0.2708333333333333 0.23828125 0.2673611111111111 0.23828125 0.25 0.24609375 0.2361111111111111 0.24609375 0.2326388888888889 0.25 0.22916666666666666
2 0.560546875 0.4097222222222222 0.56640625 0.4236111111111111 0.568359375 0.4444444444444444 0.576171875 0.4513888888888889 0.583984375 0.4513888888888889 0.587890625 0.4548611111111111 0.591796875 0.4652777777777778 0.591796875 0.4756944444444444 0.59375 0.4791666666666667 0.591796875 0.4861111111111111 0.591796875 0.5 0.595703125 0.5138888888888888 0.595703125 0.5520833333333334 0.591796875 0.5555555555555556 0.578125 0.5555555555555556 0.57421875 0.5625 0.57421875 0.5694444444444444 0.576171875 0.5729166666666666 0.576171875 0.5902777777777778 0.580078125 0.6041666666666666 0.580078125 0.6631944444444444 0.578125 0.6666666666666666 0.578125 0.6770833333333334 0.576171875 0.6805555555555556 0.57421875 0.6979166666666666 0.556640625 0.7256944444444444 0.548828125 0.7326388888888888 0.544921875 0.7326388888888888 0.5390625 0.7465277777777778 0.5390625 0.7534722222222222 0.546875 0.7743055555555556 0.537109375 0.7743055555555556 0.537109375 0.7708333333333334 0.52734375 0.7534722222222222 0.52734375 0.7395833333333334 0.525390625 0.7361111111111112 0.51953125 0.7430555555555556 0.513671875 0.7361111111111112 0.513671875 0.7256944444444444 0.515625 0.7222222222222222 0.515625 0.7118055555555556 0.51953125 0.7013888888888888 0.51953125 0.6944444444444444 0.52734375 0.6736111111111112 0.53515625 0.6631944444444444 0.53515625 0.6493055555555556 0.529296875 0.625 0.529296875 0.5659722222222222 0.53125 0.5625 0.53125 0.5486111111111112 0.533203125 0.5451388888888888 0.529296875 0.5347222222222222 0.5234375 0.5347222222222222 0.51171875 0.5520833333333334 0.51171875 0.5694444444444444 0.509765625 0.5729166666666666 0.509765625 0.5902777777777778 0.5078125 0.59375 0.5078125 0.6041666666666666 0.509765625 0.6076388888888888 0.509765625 0.6215277777777778 0.51171875 0.6284722222222222 0.50390625 0.6284722222222222 0.5 0.6215277777777778 0.5 0.5451388888888888 0.505859375 0.53125 0.5078125 0.5208333333333334 0.51953125 0.5 0.51953125 0.4826388888888889 0.521484375 0.4756944444444444 0.533203125 0.4652777777777778 0.537109375 0.4583333333333333 0.53515625 0.4340277777777778 0.5390625 0.4166666666666667 0.546875 0.40625 0.556640625 0.40625 0.55859375 0.4097222222222222