0 0.9296875 0.5243055555555556 0.93359375 0.5277777777777778 0.94140625 0.5451388888888888 0.94140625 0.5729166666666666 0.9375 0.5833333333333334 0.900390625 0.5798611111111112 0.900390625 0.5694444444444444 0.8984375 0.5659722222222222 0.900390625 0.5625 0.900390625 0.5486111111111112 0.90234375 0.5416666666666666 0.9140625 0.5243055555555556 0.927734375 0.5243055555555556
0 0.990625 0.5333333333333333 0.01875 0.06851851851851852
0 0.38046875 0.39490740740740743 0.0203125 0.058333333333333334
0 0.5921875 0.46111111111111114 0.028125 0.06851851851851852
1 0.408203125 0.3194444444444444 0.408203125 0.3680555555555556 0.404296875 0.375 0.404296875 0.4479166666666667 0.40234375 0.4513888888888889 0.40234375 0.4756944444444444 0.390625 0.5034722222222222 0.38671875 0.53125 0.3828125 0.5416666666666666 0.376953125 0.5416666666666666 0.3671875 0.5347222222222222 0.3671875 0.53125 0.373046875 0.5208333333333334 0.373046875 0.5138888888888888 0.375 0.5104166666666666 0.375 0.4270833333333333 0.37890625 0.4166666666666667 0.37890625 0.4027777777777778 0.38671875 0.3888888888888889 0.390625 0.375 0.390625 0.3576388888888889 0.39453125 0.3472222222222222 0.396484375 0.3263888888888889 0.400390625 0.3194444444444444 0.40625 0.3194444444444444
1 0.919921875 0.5833333333333334 0.921875 0.5868055555555556 0.927734375 0.5868055555555556 0.9296875 0.5902777777777778 0.939453125 0.59375 0.955078125 0.6076388888888888 0.958984375 0.6145833333333334 0.958984375 0.6284722222222222 0.95703125 0.6319444444444444 0.95703125 0.6666666666666666 0.955078125 0.6701388888888888 0.9453125 0.6701388888888888 0.93359375 0.6875 0.931640625 0.6944444444444444 0.931640625 0.7152777777777778 0.92578125 0.7152777777777778 0.91796875 0.7083333333333334 0.9140625 0.7083333333333334 0.912109375 0.7118055555555556 0.90234375 0.7118055555555556 0.87890625 0.7326388888888888 0.875 0.7291666666666666 0.875 0.7118055555555556 0.884765625 0.6875 0.884765625 0.6527777777777778 0.8828125 0.6493055555555556 0.8828125 0.6354166666666666 0.875 0.6215277777777778 0.876953125 0.6006944444444444 0.8828125 0.5868055555555556 0.89453125 0.5868055555555556 0.896484375 0.5833333333333334 0.91796875 0.5833333333333334
1 0.998046875 0.5694444444444444 0.998046875 0.7013888888888888 0.986328125 0.7013888888888888 0.986328125 0.6875 0.98828125 0.6840277777777778 0.990234375 0.6597222222222222 0.984375 0.6527777777777778 0.982421875 0.6458333333333334 0.982421875 0.6319444444444444 0.978515625 0.625 0.970703125 0.6215277777777778 0.966796875 0.6111111111111112 0.96875 0.5868055555555556 0.974609375 0.5763888888888888 0.982421875 0.5694444444444444 0.99609375 0.5694444444444444
1 0.38671875 0.4409722222222222 0.39453125 0.4409722222222222 0.390625 0.4444444444444444 0.392578125 0.4513888888888889 0.40234375 0.4513888888888889 0.40234375 0.4583333333333333 0.404296875 0.4618055555555556 0.40234375 0.4791666666666667 0.390625 0.5034722222222222 0.38671875 0.5347222222222222 0.3828125 0.5416666666666666 0.376953125 0.5416666666666666 0.3671875 0.5347222222222222 0.3671875 0.53125 0.373046875 0.5208333333333334 0.373046875 0.5138888888888888 0.375 0.5104166666666666 0.375 0.46875 0.376953125 0.4652777777777778 0.376953125 0.4444444444444444 0.380859375 0.4513888888888889 0.38671875 0.4444444444444444
1 0.60546875 0.4583333333333333 0.619140625 0.4583333333333333 0.623046875 0.4652777777777778 0.626953125 0.4652777777777778 0.6328125 0.4722222222222222 0.6328125 0.4861111111111111 0.626953125 0.4895833333333333 0.62109375 0.5 0.619140625 0.5069444444444444 0.6171875 0.5347222222222222 0.611328125 0.5451388888888888 0.603515625 0.5520833333333334 0.578125 0.5520833333333334 0.57421875 0.5381944444444444 0.57421875 0.5034722222222222 0.5703125 0.4930555555555556 0.57421875 0.4826388888888889 0.578125 0.4791666666666667 0.583984375 0.4791666666666667 0.599609375 0.4965277777777778 0.603515625 0.4895833333333333 0.603515625 0.4722222222222222 0.60546875 0.46875 0.60546875 0.4618055555555556
1 0.412109375 0.3784722222222222 0.4140625 0.3819444444444444 0.42578125 0.3854166666666667 0.439453125 0.4027777777777778 0.453125 0.40625 0.451171875 0.4166666666666667 0.4453125 0.4305555555555556 0.4453125 0.4479166666666667 0.443359375 0.4513888888888889 0.4453125 0.4826388888888889 0.4140625 0.4791666666666667 0.40625 0.4722222222222222 0.40625 0.3993055555555556 0.41015625 0.3819444444444444
0 0.453125 0.3125 0.45703125 0.3263888888888889 0.45703125 0.3402777777777778 0.453125 0.3506944444444444 0.443359375 0.3506944444444444 0.44140625 0.3472222222222222 0.4375 0.3472222222222222 0.43359375 0.3402777777777778 0.43359375 0.3333333333333333 0.435546875 0.3298611111111111 0.439453125 0.3298611111111111 0.44140625 0.3333333333333333 0.447265625 0.3229166666666667 0.4453125 0.3159722222222222 0.447265625 0.3090277777777778 0.451171875 0.3125
2 0.400390625 0.3090277777777778 0.40234375 0.3159722222222222 0.408203125 0.3229166666666667 0.408203125 0.3645833333333333 0.404296875 0.3819444444444444 0.404296875 0.4444444444444444 0.40234375 0.4479166666666667 0.40234375 0.4756944444444444 0.388671875 0.5104166666666666 0.388671875 0.5208333333333334 0.384765625 0.5381944444444444 0.380859375 0.5451388888888888 0.380859375 0.5555555555555556 0.373046875 0.5694444444444444 0.365234375 0.6006944444444444 0.361328125 0.6076388888888888 0.35546875 0.6076388888888888 0.353515625 0.6006944444444444 0.361328125 0.5729166666666666 0.361328125 0.5520833333333334 0.36328125 0.5486111111111112 0.36328125 0.5416666666666666 0.373046875 0.5208333333333334 0.373046875 0.5138888888888888 0.375 0.5104166666666666 0.375 0.4583333333333333 0.376953125 0.4548611111111111 0.375 0.4513888888888889 0.373046875 0.3888888888888889 0.380859375 0.3715277777777778 0.390625 0.3645833333333333 0.392578125 0.3402777777777778 0.388671875 0.3368055555555556 0.388671875 0.3229166666666667 0.390625 0.3159722222222222 0.3984375 0.3090277777777778
2 0.9296875 0.5243055555555556 0.93359375 0.5277777777777778 0.94140625 0.5451388888888888 0.94140625 0.5729166666666666 0.9375 0.5902777777777778 0.94140625 0.5972222222222222 0.955078125 0.6076388888888888 0.958984375 0.6180555555555556 0.958984375 0.6284722222222222 0.95703125 0.6319444444444444 0.95703125 0.6701388888888888 0.958984375 0.6736111111111112 0.958984375 0.6875 0.9609375 0.6909722222222222 0.9609375 0.7118055555555556 0.955078125 0.71875 0.94140625 0.71875 0.939453125 0.7152777777777778 0.935546875 0.7152777777777778 0.93359375 0.71875 0.93359375 0.7291666666666666 0.94140625 0.7534722222222222 0.943359375 0.7847222222222222 0.9453125 0.7881944444444444 0.9453125 0.8020833333333334 0.947265625 0.8055555555555556 0.947265625 0.8298611111111112 0.9453125 0.8333333333333334 0.9453125 0.8854166666666666 0.943359375 0.8888888888888888 0.9453125 0.8819444444444444 0.93359375 0.8472222222222222 0.9296875 0.8402777777777778 0.91796875 0.8368055555555556 0.916015625 0.8333333333333334 0.90625 0.8333333333333334 0.900390625 0.8402777777777778 0.896484375 0.8402777777777778 0.892578125 0.8472222222222222 0.888671875 0.8472222222222222 0.884765625 0.8541666666666666 0.884765625 0.8645833333333334 0.880859375 0.875 0.873046875 0.8715277777777778 0.87109375 0.8645833333333334 0.87109375 0.8368055555555556 0.876953125 0.8159722222222222 0.876953125 0.8055555555555556 0.88671875 0.7881944444444444 0.884765625 0.78125 0.884765625 0.7708333333333334 0.8828125 0.7673611111111112 0.8828125 0.7569444444444444 0.880859375 0.7534722222222222 0.880859375 0.7430555555555556 0.875 0.7291666666666666 0.875 0.7083333333333334 0.884765625 0.6875 0.884765625 0.6597222222222222 0.880859375 0.6527777777777778 0.87890625 0.6527777777777778 0.869140625 0.6736111111111112 0.865234375 0.6979166666666666 0.859375 0.7152777777777778 0.859375 0.7291666666666666 0.857421875 0.7326388888888888 0.857421875 0.75 0.85546875 0.7534722222222222 0.85546875 0.7604166666666666 0.84375 0.7777777777777778 0.837890625 0.7708333333333334 0.837890625 0.7638888888888888 0.849609375 0.7291666666666666 0.849609375 0.71875 0.8515625 0.7152777777777778 0.8515625 0.6944444444444444 0.853515625 0.6909722222222222 0.85546875 0.6701388888888888 0.865234375 0.6423611111111112 0.87109375 0.6319444444444444 0.87890625 0.59375 0.8828125 0.5868055555555556 0.892578125 0.5868055555555556 0.900390625 0.5798611111111112 0.8984375 0.5763888888888888 0.900390625 0.5486111111111112 0.908203125 0.53125 0.9140625 0.5243055555555556 0.927734375 0.5243055555555556
2 0.998046875 0.5 0.998046875 0.8020833333333334 0.9921875 0.8194444444444444 0.98046875 0.8402777777777778 0.974609375 0.84375 0.955078125 0.8680555555555556 0.951171875 0.8680555555555556 0.94921875 0.8645833333333334 0.94921875 0.8368055555555556 0.9609375 0.8194444444444444 0.970703125 0.8159722222222222 0.974609375 0.8090277777777778 0.974609375 0.7881944444444444 0.9765625 0.7847222222222222 0.978515625 0.7465277777777778 0.98046875 0.7430555555555556 0.98046875 0.7326388888888888 0.982421875 0.7291666666666666 0.982421875 0.71875 0.986328125 0.7013888888888888 0.986328125 0.6875 0.98828125 0.6840277777777778 0.990234375 0.6597222222222222 0.984375 0.6458333333333334 0.98046875 0.6458333333333334 0.97265625 0.6631944444444444 0.97265625 0.6840277777777778 0.966796875 0.6979166666666666 0.966796875 0.7048611111111112 0.96484375 0.7048611111111112 0.96484375 0.6909722222222222 0.9609375 0.6770833333333334 0.9609375 0.6493055555555556 0.962890625 0.6458333333333334 0.96484375 0.6284722222222222 0.96875 0.6180555555555556 0.96875 0.5868055555555556 0.974609375 0.5763888888888888 0.986328125 0.5659722222222222 0.982421875 0.5520833333333334 0.982421875 0.5347222222222222 0.98828125 0.5138888888888888 0.994140625 0.5034722222222222 0.99609375 0.5034722222222222
2 0.619140625 0.4583333333333333 0.6328125 0.4722222222222222 0.64453125 0.4722222222222222 0.66015625 0.5 0.669921875 0.5 0.673828125 0.5104166666666666 0.673828125 0.5208333333333334 0.671875 0.5243055555555556 0.666015625 0.5208333333333334 0.658203125 0.5034722222222222 0.646484375 0.4930555555555556 0.642578125 0.4930555555555556 0.640625 0.4895833333333333 0.626953125 0.4895833333333333 0.619140625 0.5069444444444444 0.619140625 0.5347222222222222 0.623046875 0.5416666666666666 0.62109375 0.5625 0.62890625 0.59375 0.626953125 0.6215277777777778 0.62109375 0.6319444444444444 0.6171875 0.6458333333333334 0.619140625 0.6527777777777778 0.619140625 0.6597222222222222 0.6171875 0.6631944444444444 0.6171875 0.6875 0.62109375 0.7048611111111112 0.6171875 0.7083333333333334 0.611328125 0.6979166666666666 0.60546875 0.6805555555555556 0.609375 0.6631944444444444 0.609375 0.6493055555555556 0.611328125 0.6458333333333334 0.611328125 0.6319444444444444 0.61328125 0.6284722222222222 0.61328125 0.6111111111111112 0.60546875 0.6006944444444444 0.59765625 0.5972222222222222 0.587890625 0.6180555555555556 0.5859375 0.625 0.5859375 0.6354166666666666 0.578125 0.6493055555555556 0.576171875 0.6597222222222222 0.564453125 0.6770833333333334 0.5625 0.6840277777777778 0.5625 0.7048611111111112 0.55859375 0.7152777777777778 0.55078125 0.7152777777777778 0.55078125 0.7013888888888888 0.556640625 0.6840277777777778 0.5625 0.6493055555555556 0.564453125 0.6493055555555556 0.5703125 0.6354166666666666 0.5703125 0.625 0.57421875 0.6111111111111112 0.57421875 0.5902777777777778 0.578125 0.5729166666666666 0.578125 0.5555555555555556 0.57421875 0.5416666666666666 0.57421875 0.5104166666666666 0.5703125 0.4965277777777778 0.5703125 0.4895833333333333 0.580078125 0.4756944444444444 0.580078125 0.4583333333333333 0.578125 0.4513888888888889 0.58203125 0.4375 0.5859375 0.4305555555555556 0.591796875 0.4270833333333333 0.59375 0.4305555555555556 0.59765625 0.4305555555555556 0.603515625 0.4409722222222222 0.603515625 0.4479166666666667 0.609375 0.4583333333333333 0.6171875 0.4583333333333333
2 0.421875 0.2916666666666667 0.427734375 0.2881944444444444 0.4296875 0.2916666666666667 0.435546875 0.2916666666666667 0.439453125 0.2951388888888889 0.455078125 0.3194444444444444 0.455078125 0.3263888888888889 0.45703125 0.3298611111111111 0.45703125 0.34375 0.455078125 0.3472222222222222 0.455078125 0.3576388888888889 0.45703125 0.3611111111111111 0.45703125 0.3888888888888889 0.455078125 0.3923611111111111 0.455078125 0.4027777777777778 0.453125 0.40625 0.451171875 0.4236111111111111 0.447265625 0.4270833333333333 0.447265625 0.4479166666666667 0.443359375 0.4583333333333333 0.4453125 0.4618055555555556 0.4453125 0.4861111111111111 0.44921875 0.5 0.451171875 0.5729166666666666 0.45703125 0.5972222222222222 0.45703125 0.7013888888888888 0.455078125 0.7048611111111112 0.4453125 0.7048611111111112 0.4453125 0.6875 0.44921875 0.6770833333333334 0.44921875 0.6527777777777778 0.447265625 0.6493055555555556 0.447265625 0.6354166666666666 0.4453125 0.6319444444444444 0.4453125 0.6180555555555556 0.443359375 0.6145833333333334 0.443359375 0.5972222222222222 0.439453125 0.5868055555555556 0.4375 0.5694444444444444 0.42578125 0.5243055555555556 0.419921875 0.5243055555555556 0.408203125 0.5486111111111112 0.3984375 0.5590277777777778 0.390625 0.5729166666666666 0.38671875 0.5902777777777778 0.37109375 0.6180555555555556 0.3671875 0.6354166666666666 0.3671875 0.6458333333333334 0.361328125 0.6493055555555556 0.34765625 0.625 0.34765625 0.6180555555555556 0.349609375 0.6145833333333334 0.359375 0.6145833333333334 0.3671875 0.6041666666666666 0.375 0.5694444444444444 0.37890625 0.5659722222222222 0.3828125 0.5555555555555556 0.3828125 0.5486111111111112 0.38671875 0.5416666666666666 0.38671875 0.5347222222222222 0.390625 0.5208333333333334 0.390625 0.5104166666666666 0.404296875 0.4791666666666667 0.404296875 0.4513888888888889 0.40625 0.4479166666666667 0.40625 0.3923611111111111 0.41015625 0.3819444444444444 0.41015625 0.3576388888888889 0.412109375 0.3541666666666667 0.41015625 0.3506944444444444 0.412109375 0.34375 0.41015625 0.3368055555555556 0.41015625 0.3159722222222222 0.4140625 0.3090277777777778 0.419921875 0.3055555555555556 0.421875 0.3020833333333333 0.421875 0.2951388888888889