0 0.78515625 0.2013888888888889 0.78515625 0.1909722222222222 0.791015625 0.18055555555555555 0.79296875 0.18055555555555555 0.798828125 0.19444444444444445 0.791015625 0.2048611111111111 0.787109375 0.2013888888888889
0 0.5234375 0.3854166666666667 0.525390625 0.3923611111111111 0.517578125 0.4131944444444444 0.51171875 0.4131944444444444 0.5078125 0.4097222222222222 0.50390625 0.4027777777777778 0.50390625 0.3923611111111111 0.5078125 0.3854166666666667 0.521484375 0.3854166666666667
0 0.77734375 0.5555555555555556 0.78125 0.5520833333333334 0.787109375 0.5520833333333334 0.791015625 0.5555555555555556 0.794921875 0.5729166666666666 0.794921875 0.5798611111111112 0.791015625 0.5833333333333334 0.78125 0.5833333333333334 0.77734375 0.5763888888888888 0.77734375 0.5590277777777778
0 0.580078125 0.3854166666666667 0.583984375 0.3923611111111111 0.5859375 0.40625 0.578125 0.4131944444444444 0.57421875 0.4131944444444444 0.5703125 0.40625 0.5703125 0.3923611111111111 0.578125 0.3854166666666667
0 0.4453125 0.3020833333333333 0.4453125 0.2951388888888889 0.44921875 0.2847222222222222 0.455078125 0.2847222222222222 0.458984375 0.3020833333333333 0.45703125 0.3090277777777778 0.447265625 0.3020833333333333
0 0.83203125 0.6180555555555556 0.833984375 0.6215277777777778 0.833984375 0.6423611111111112 0.82421875 0.6423611111111112 0.822265625 0.6388888888888888 0.818359375 0.6388888888888888 0.818359375 0.625 0.82421875 0.6180555555555556 0.830078125 0.6180555555555556
0 0.462890625 0.4548611111111111 0.462890625 0.4444444444444444 0.46875 0.4340277777777778 0.474609375 0.4340277777777778 0.478515625 0.4375 0.478515625 0.4513888888888889 0.47265625 0.4618055555555556 0.46875 0.4618055555555556 0.46484375 0.4548611111111111
0 0.5197916666666667 0.35185185185185186 0.016666666666666666 0.027777777777777776
0 0.515625 0.2152777777777778 0.515625 0.2465277777777778 0.51171875 0.2465277777777778 0.50390625 0.23958333333333334 0.50390625 0.2152777777777778 0.505859375 0.21180555555555555 0.51171875 0.21180555555555555 0.513671875 0.2152777777777778
0 0.4296875 0.4270833333333333 0.431640625 0.4305555555555556 0.431640625 0.4513888888888889 0.427734375 0.4548611111111111 0.41796875 0.4444444444444444 0.41796875 0.4340277777777778 0.421875 0.4270833333333333 0.427734375 0.4270833333333333
0 0.69921875 0.4131944444444444 0.701171875 0.4166666666666667 0.701171875 0.4270833333333333 0.697265625 0.4340277777777778 0.689453125 0.4340277777777778 0.685546875 0.4270833333333333 0.685546875 0.4201388888888889 0.6875 0.4166666666666667 0.69140625 0.4131944444444444 0.697265625 0.4131944444444444
0 0.4921875 0.3194444444444444 0.494140625 0.3229166666666667 0.494140625 0.3472222222222222 0.490234375 0.3472222222222222 0.484375 0.3368055555555556 0.484375 0.3229166666666667 0.490234375 0.3194444444444444
0 0.27447916666666666 0.4282407407407407 0.017708333333333333 0.026851851851851852
0 0.80078125 0.6076388888888888 0.8046875 0.6041666666666666 0.810546875 0.6041666666666666 0.81640625 0.6111111111111112 0.81640625 0.625 0.810546875 0.6319444444444444 0.80078125 0.6319444444444444 0.798828125 0.6284722222222222 0.796875 0.6215277777777778 0.80078125 0.6111111111111112
0 0.744140625 0.3506944444444444 0.748046875 0.3576388888888889 0.748046875 0.3680555555555556 0.744140625 0.3715277777777778 0.73828125 0.3715277777777778 0.734375 0.3645833333333333 0.736328125 0.3576388888888889 0.7421875 0.3506944444444444
0 0.79296875 0.8125 0.794921875 0.8159722222222222 0.796875 0.8125 0.80078125 0.8125 0.806640625 0.8194444444444444 0.806640625 0.8333333333333334 0.80078125 0.84375 0.796875 0.84375 0.78125 0.8298611111111112 0.78125 0.8159722222222222 0.78515625 0.8125 0.791015625 0.8125
0 0.5234375 0.3645833333333333 0.52734375 0.3611111111111111 0.533203125 0.3611111111111111 0.53515625 0.3645833333333333 0.53515625 0.3715277777777778 0.53125 0.3784722222222222 0.525390625 0.3784722222222222 0.5234375 0.375 0.5234375 0.3680555555555556
1 0.78125 0.2013888888888889 0.79296875 0.2048611111111111 0.80078125 0.19791666666666666 0.8046875 0.2048611111111111 0.8046875 0.21180555555555555 0.80078125 0.2222222222222222 0.80078125 0.2361111111111111 0.798828125 0.23958333333333334 0.78515625 0.23958333333333334 0.783203125 0.2361111111111111 0.78125 0.2048611111111111
1 0.509765625 0.4131944444444444 0.51171875 0.4166666666666667 0.51171875 0.4236111111111111 0.509765625 0.4270833333333333 0.505859375 0.4270833333333333 0.49609375 0.4479166666666667 0.4921875 0.4479166666666667 0.48046875 0.4375 0.48046875 0.4270833333333333 0.484375 0.4201388888888889 0.48828125 0.4166666666666667 0.494140625 0.4166666666666667 0.5 0.4097222222222222 0.505859375 0.4097222222222222 0.5078125 0.4131944444444444
1 0.76953125 0.5833333333333334 0.779296875 0.5833333333333334 0.78125 0.5868055555555556 0.802734375 0.5833333333333334 0.8125 0.59375 0.81640625 0.59375 0.8203125 0.6006944444444444 0.8203125 0.6041666666666666 0.8125 0.6041666666666666 0.810546875 0.6006944444444444 0.802734375 0.6006944444444444 0.796875 0.59375 0.79296875 0.59375 0.783203125 0.6076388888888888 0.783203125 0.625 0.779296875 0.6319444444444444 0.7734375 0.6319444444444444 0.76953125 0.6284722222222222 0.76171875 0.6354166666666666 0.759765625 0.6319444444444444 0.7578125 0.6111111111111112 0.759765625 0.6076388888888888 0.759765625 0.6006944444444444 0.76953125 0.5868055555555556
1 0.4809895833333333 0.36666666666666664 0.028645833333333332 0.05925925925925926
1 0.443359375 0.3020833333333333 0.4453125 0.3055555555555556 0.451171875 0.3055555555555556 0.458984375 0.3159722222222222 0.45703125 0.3229166666666667 0.451171875 0.3298611111111111 0.44921875 0.3368055555555556 0.44921875 0.3472222222222222 0.447265625 0.3506944444444444 0.44140625 0.3506944444444444 0.431640625 0.34375 0.435546875 0.3159722222222222 0.4375 0.3090277777777778 0.44140625 0.3055555555555556
1 0.8125 0.6388888888888888 0.833984375 0.6458333333333334 0.837890625 0.6493055555555556 0.83984375 0.65625 0.828125 0.6944444444444444 0.826171875 0.7118055555555556 0.822265625 0.7152777777777778 0.818359375 0.7118055555555556 0.8125 0.7118055555555556 0.80859375 0.7083333333333334 0.8046875 0.6979166666666666 0.8046875 0.6909722222222222 0.810546875 0.6701388888888888 0.810546875 0.6458333333333334 0.8125 0.6423611111111112
1 0.505859375 0.25 0.509765625 0.2534722222222222 0.513671875 0.2638888888888889 0.513671875 0.2708333333333333 0.517578125 0.2777777777777778 0.517578125 0.2847222222222222 0.513671875 0.2881944444444444 0.50390625 0.2881944444444444 0.501953125 0.2916666666666667 0.498046875 0.2916666666666667 0.498046875 0.2569444444444444 0.50390625 0.25
1 0.41796875 0.4444444444444444 0.427734375 0.4583333333333333 0.427734375 0.46875 0.419921875 0.4756944444444444 0.419921875 0.4895833333333333 0.416015625 0.5069444444444444 0.404296875 0.5069444444444444 0.40234375 0.5034722222222222 0.40234375 0.4861111111111111 0.41015625 0.4652777777777778 0.41015625 0.4548611111111111 0.412109375 0.4479166666666667 0.416015625 0.4444444444444444
1 0.798828125 0.8368055555555556 0.802734375 0.8402777777777778 0.802734375 0.8472222222222222 0.798828125 0.8611111111111112 0.798828125 0.8888888888888888 0.791015625 0.8958333333333334 0.791015625 0.90625 0.787109375 0.90625 0.775390625 0.8923611111111112 0.771484375 0.8923611111111112 0.767578125 0.8854166666666666 0.779296875 0.8715277777777778 0.77734375 0.8472222222222222 0.78125 0.8402777777777778 0.79296875 0.8402777777777778 0.796875 0.8368055555555556
1 0.703125 0.4270833333333333 0.70703125 0.4340277777777778 0.70703125 0.4652777777777778 0.705078125 0.46875 0.693359375 0.46875 0.685546875 0.4618055555555556 0.685546875 0.4409722222222222 0.701171875 0.4305555555555556
1 0.28125 0.4444444444444444 0.28125 0.4513888888888889 0.283203125 0.4548611111111111 0.28125 0.4618055555555556 0.27734375 0.4652777777777778 0.27734375 0.4861111111111111 0.275390625 0.4895833333333333 0.2578125 0.4861111111111111 0.2578125 0.4791666666666667 0.259765625 0.4756944444444444 0.259765625 0.4409722222222222 0.26171875 0.4375 0.267578125 0.4375 0.26953125 0.4409722222222222 0.27734375 0.4409722222222222 0.279296875 0.4444444444444444
1 0.541015625 0.3923611111111111 0.5546875 0.4236111111111111 0.5546875 0.4340277777777778 0.546875 0.4513888888888889 0.5390625 0.4513888888888889 0.533203125 0.4340277777777778 0.529296875 0.4305555555555556 0.525390625 0.4305555555555556 0.5234375 0.4340277777777778 0.521484375 0.4305555555555556 0.521484375 0.4236111111111111 0.525390625 0.4097222222222222 0.5390625 0.3923611111111111
1 0.587890625 0.4097222222222222 0.58984375 0.4131944444444444 0.591796875 0.4305555555555556 0.595703125 0.4375 0.595703125 0.4479166666666667 0.59765625 0.4513888888888889 0.595703125 0.4583333333333333 0.587890625 0.4652777777777778 0.58203125 0.4652777777777778 0.572265625 0.4444444444444444 0.572265625 0.4375 0.5703125 0.4340277777777778 0.5703125 0.4201388888888889 0.572265625 0.4166666666666667 0.5859375 0.4097222222222222
1 0.458984375 0.4583333333333333 0.46484375 0.4583333333333333 0.470703125 0.4652777777777778 0.474609375 0.4583333333333333 0.48046875 0.4548611111111111 0.486328125 0.4652777777777778 0.486328125 0.4756944444444444 0.482421875 0.4826388888888889 0.48046875 0.5034722222222222 0.478515625 0.5069444444444444 0.462890625 0.5069444444444444 0.458984375 0.5 0.458984375 0.4618055555555556
1 0.732421875 0.3680555555555556 0.73828125 0.375 0.7421875 0.375 0.748046875 0.3680555555555556 0.75 0.3715277777777778 0.75 0.3819444444444444 0.744140625 0.4027777777777778 0.736328125 0.4097222222222222 0.728515625 0.4097222222222222 0.724609375 0.4027777777777778 0.724609375 0.3819444444444444 0.7265625 0.375 0.73046875 0.3715277777777778
2 0.775390625 0.2465277777777778 0.779296875 0.2465277777777778 0.78125 0.24305555555555555 0.78125 0.2013888888888889 0.791015625 0.18055555555555555 0.79296875 0.18055555555555555 0.8046875 0.2048611111111111 0.8046875 0.22916666666666666 0.806640625 0.2326388888888889 0.806640625 0.25 0.802734375 0.25 0.80078125 0.2534722222222222 0.798828125 0.2708333333333333 0.791015625 0.2916666666666667 0.791015625 0.3055555555555556 0.787109375 0.3055555555555556 0.787109375 0.2916666666666667 0.79296875 0.2708333333333333 0.79296875 0.2638888888888889 0.791015625 0.2604166666666667 0.7890625 0.2604166666666667 0.779296875 0.28125 0.779296875 0.2916666666666667 0.77734375 0.2986111111111111 0.7734375 0.2986111111111111 0.7734375 0.2881944444444444 0.77734375 0.28125 0.77734375 0.2673611111111111 0.779296875 0.2638888888888889 0.775390625 0.2569444444444444 0.775390625 0.25
2 0.521484375 0.3819444444444444 0.525390625 0.3854166666666667 0.525390625 0.4027777777777778 0.51953125 0.4236111111111111 0.51953125 0.4375 0.529296875 0.4618055555555556 0.529296875 0.4756944444444444 0.52734375 0.4791666666666667 0.52734375 0.4861111111111111 0.5234375 0.4930555555555556 0.5234375 0.5069444444444444 0.525390625 0.5104166666666666 0.5234375 0.5138888888888888 0.515625 0.5104166666666666 0.513671875 0.5034722222222222 0.513671875 0.4826388888888889 0.51171875 0.4791666666666667 0.513671875 0.4756944444444444 0.513671875 0.4652777777777778 0.51171875 0.4618055555555556 0.505859375 0.4652777777777778 0.501953125 0.4618055555555556 0.5 0.4548611111111111 0.50390625 0.4270833333333333 0.505859375 0.4236111111111111 0.5078125 0.4270833333333333 0.509765625 0.4236111111111111 0.509765625 0.4166666666666667 0.50390625 0.40625 0.50390625 0.3888888888888889 0.505859375 0.3854166666666667 0.51953125 0.3819444444444444
2 0.55859375 0.4375 0.5625 0.4375 0.568359375 0.4444444444444444 0.576171875 0.4583333333333333 0.576171875 0.4618055555555556 0.580078125 0.4652777777777778 0.580078125 0.4722222222222222 0.576171875 0.4861111111111111 0.572265625 0.4930555555555556 0.56640625 0.4965277777777778 0.556640625 0.4791666666666667 0.556640625 0.4722222222222222 0.55859375 0.46875 0.55859375 0.4513888888888889 0.556640625 0.4444444444444444 0.55859375 0.4409722222222222
2 0.50390625 0.40625 0.51171875 0.4166666666666667 0.51171875 0.4236111111111111 0.505859375 0.4305555555555556 0.498046875 0.4479166666666667 0.5 0.4618055555555556 0.50390625 0.4652777777777778 0.505859375 0.4722222222222222 0.505859375 0.4791666666666667 0.50390625 0.4861111111111111 0.494140625 0.5 0.49609375 0.5243055555555556 0.4921875 0.5277777777777778 0.48828125 0.5243055555555556 0.48828125 0.5138888888888888 0.4921875 0.5034722222222222 0.4921875 0.4895833333333333 0.494140625 0.4861111111111111 0.48828125 0.4652777777777778 0.48046875 0.4513888888888889 0.48046875 0.4375 0.478515625 0.4340277777777778 0.484375 0.4201388888888889 0.4921875 0.4131944444444444 0.49609375 0.4131944444444444 0.501953125 0.40625
2 0.791015625 0.5555555555555556 0.79296875 0.5694444444444444 0.798828125 0.5833333333333334 0.802734375 0.5833333333333334 0.80859375 0.5902777777777778 0.81640625 0.59375 0.8203125 0.6041666666666666 0.80078125 0.6006944444444444 0.796875 0.59375 0.79296875 0.59375 0.783203125 0.6076388888888888 0.783203125 0.6215277777777778 0.79296875 0.6388888888888888 0.79296875 0.6458333333333334 0.796875 0.65625 0.796875 0.6597222222222222 0.791015625 0.6701388888888888 0.791015625 0.6770833333333334 0.787109375 0.6875 0.78515625 0.7013888888888888 0.779296875 0.7013888888888888 0.77734375 0.6979166666666666 0.783203125 0.6805555555555556 0.783203125 0.6631944444444444 0.77734375 0.6493055555555556 0.775390625 0.6493055555555556 0.76953125 0.6597222222222222 0.765625 0.6736111111111112 0.75390625 0.6840277777777778 0.75 0.6840277777777778 0.73828125 0.6944444444444444 0.734375 0.6944444444444444 0.732421875 0.6840277777777778 0.736328125 0.6770833333333334 0.7421875 0.6770833333333334 0.75390625 0.6666666666666666 0.7578125 0.6597222222222222 0.7578125 0.6423611111111112 0.759765625 0.6388888888888888 0.759765625 0.6319444444444444 0.7578125 0.6284722222222222 0.7578125 0.6111111111111112 0.759765625 0.6076388888888888 0.759765625 0.6006944444444444 0.77734375 0.5729166666666666 0.77734375 0.5590277777777778 0.78125 0.5520833333333334 0.787109375 0.5520833333333334 0.7890625 0.5555555555555556
2 0.810546875 0.6041666666666666 0.814453125 0.6076388888888888 0.818359375 0.6180555555555556 0.814453125 0.6319444444444444 0.8125 0.6319444444444444 0.80859375 0.6423611111111112 0.80859375 0.6493055555555556 0.806640625 0.6527777777777778 0.806640625 0.6736111111111112 0.80078125 0.6805555555555556 0.798828125 0.6805555555555556 0.794921875 0.6701388888888888 0.80078125 0.6597222222222222 0.802734375 0.6597222222222222 0.8046875 0.6527777777777778 0.80078125 0.6423611111111112 0.80078125 0.6354166666666666 0.796875 0.6284722222222222 0.796875 0.6180555555555556 0.802734375 0.6041666666666666 0.80859375 0.6041666666666666
2 0.453125 0.2847222222222222 0.45703125 0.2881944444444444 0.45703125 0.3125 0.458984375 0.3159722222222222 0.44921875 0.3402777777777778 0.44921875 0.3541666666666667 0.45703125 0.375 0.45703125 0.3854166666666667 0.458984375 0.3888888888888889 0.453125 0.4166666666666667 0.453125 0.4270833333333333 0.455078125 0.4340277777777778 0.44921875 0.4340277777777778 0.4453125 0.4305555555555556 0.4453125 0.4166666666666667 0.44921875 0.4097222222222222 0.44921875 0.3958333333333333 0.443359375 0.3854166666666667 0.439453125 0.3923611111111111 0.4375 0.4166666666666667 0.431640625 0.4236111111111111 0.4296875 0.4201388888888889 0.4296875 0.4131944444444444 0.43359375 0.40625 0.43359375 0.3715277777777778 0.4296875 0.3645833333333333 0.4296875 0.3576388888888889 0.427734375 0.3541666666666667 0.4296875 0.3402777777777778 0.43359375 0.3333333333333333 0.4375 0.3055555555555556 0.443359375 0.3020833333333333 0.447265625 0.2881944444444444 0.451171875 0.2847222222222222
2 0.83203125 0.6180555555555556 0.833984375 0.6215277777777778 0.8359375 0.6458333333333334 0.83984375 0.6527777777777778 0.83984375 0.6701388888888888 0.849609375 0.6840277777777778 0.853515625 0.6979166666666666 0.84765625 0.6979166666666666 0.833984375 0.6840277777777778 0.830078125 0.6875 0.83203125 0.7534722222222222 0.826171875 0.7673611111111112 0.826171875 0.7847222222222222 0.818359375 0.7847222222222222 0.81640625 0.78125 0.81640625 0.7604166666666666 0.8125 0.7430555555555556 0.810546875 0.7395833333333334 0.802734375 0.7395833333333334 0.80078125 0.7361111111111112 0.8046875 0.7256944444444444 0.8046875 0.7118055555555556 0.80078125 0.7048611111111112 0.80078125 0.6944444444444444 0.798828125 0.6909722222222222 0.80859375 0.6770833333333334 0.80859375 0.6493055555555556 0.810546875 0.6458333333333334 0.810546875 0.6388888888888888 0.8203125 0.6215277777777778 0.82421875 0.6180555555555556 0.830078125 0.6180555555555556
2 0.478515625 0.4375 0.478515625 0.4479166666666667 0.48046875 0.4548611111111111 0.486328125 0.4618055555555556 0.486328125 0.46875 0.4921875 0.4861111111111111 0.4921875 0.5069444444444444 0.490234375 0.5069444444444444 0.490234375 0.4965277777777778 0.48828125 0.4930555555555556 0.484375 0.4930555555555556 0.48046875 0.5 0.48046875 0.5138888888888888 0.482421875 0.5173611111111112 0.48046875 0.5208333333333334 0.482421875 0.5277777777777778 0.482421875 0.5486111111111112 0.486328125 0.5625 0.486328125 0.5763888888888888 0.490234375 0.5833333333333334 0.490234375 0.59375 0.486328125 0.59375 0.484375 0.5902777777777778 0.482421875 0.5833333333333334 0.482421875 0.5729166666666666 0.4765625 0.5625 0.474609375 0.5486111111111112 0.46875 0.5347222222222222 0.462890625 0.5381944444444444 0.453125 0.5555555555555556 0.451171875 0.5555555555555556 0.447265625 0.5625 0.4453125 0.5729166666666666 0.439453125 0.5729166666666666 0.4375 0.5694444444444444 0.4375 0.5625 0.439453125 0.5625 0.443359375 0.5520833333333334 0.451171875 0.5416666666666666 0.453125 0.5347222222222222 0.453125 0.5243055555555556 0.458984375 0.5 0.455078125 0.4826388888888889 0.45703125 0.4791666666666667 0.45703125 0.4583333333333333 0.453125 0.4513888888888889 0.453125 0.4409722222222222 0.4609375 0.4479166666666667 0.46875 0.4340277777777778 0.474609375 0.4340277777777778 0.4765625 0.4375
2 0.814453125 0.6076388888888888 0.81640625 0.6111111111111112 0.81640625 0.625 0.814453125 0.6319444444444444 0.810546875 0.6354166666666666 0.806640625 0.6493055555555556 0.802734375 0.6458333333333334 0.802734375 0.6388888888888888 0.796875 0.625 0.796875 0.6180555555555556 0.798828125 0.6111111111111112 0.8046875 0.6041666666666666 0.810546875 0.6041666666666666 0.8125 0.6076388888888888
2 0.5158854166666667 0.3611111111111111 0.025520833333333333 0.0462962962962963
2 0.431640625 0.4305555555555556 0.4296875 0.4756944444444444 0.41796875 0.5069444444444444 0.419921875 0.5138888888888888 0.419921875 0.5381944444444444 0.4140625 0.5520833333333334 0.416015625 0.5659722222222222 0.404296875 0.5625 0.40625 0.5416666666666666 0.40234375 0.5347222222222222 0.392578125 0.5451388888888888 0.388671875 0.5416666666666666 0.388671875 0.53125 0.390625 0.5277777777777778 0.396484375 0.5277777777777778 0.400390625 0.5208333333333334 0.40234375 0.5138888888888888 0.40234375 0.4861111111111111 0.41015625 0.4618055555555556 0.412109375 0.4479166666666667 0.421875 0.4270833333333333 0.427734375 0.4270833333333333 0.4296875 0.4305555555555556
2 0.78515625 0.8159722222222222 0.79296875 0.8159722222222222 0.794921875 0.8125 0.802734375 0.8159722222222222 0.806640625 0.8298611111111112 0.798828125 0.8645833333333334 0.798828125 0.875 0.802734375 0.8819444444444444 0.802734375 0.8923611111111112 0.79296875 0.8993055555555556 0.79296875 0.90625 0.796875 0.9131944444444444 0.796875 0.9201388888888888 0.794921875 0.9236111111111112 0.794921875 0.9583333333333334 0.802734375 0.9791666666666666 0.7890625 0.9791666666666666 0.78515625 0.9722222222222222 0.78515625 0.9513888888888888 0.77734375 0.9375 0.765625 0.9375 0.75390625 0.9479166666666666 0.736328125 0.9479166666666666 0.73046875 0.9583333333333334 0.73046875 0.9618055555555556 0.7265625 0.9618055555555556 0.7265625 0.9409722222222222 0.73046875 0.9340277777777778 0.744140625 0.9305555555555556 0.751953125 0.9236111111111112 0.76171875 0.9027777777777778 0.765625 0.8854166666666666 0.767578125 0.8854166666666666 0.7734375 0.875 0.77734375 0.875 0.779296875 0.8715277777777778 0.77734375 0.8472222222222222 0.78515625 0.8194444444444444
2 0.69921875 0.4131944444444444 0.701171875 0.4166666666666667 0.701171875 0.4236111111111111 0.70703125 0.4340277777777778 0.70703125 0.4895833333333333 0.708984375 0.4930555555555556 0.70703125 0.4965277777777778 0.70703125 0.5034722222222222 0.701171875 0.5173611111111112 0.701171875 0.5243055555555556 0.697265625 0.5243055555555556 0.6953125 0.5173611111111112 0.6953125 0.5069444444444444 0.69921875 0.5 0.69921875 0.4861111111111111 0.6953125 0.4791666666666667 0.689453125 0.4861111111111111 0.689453125 0.4965277777777778 0.685546875 0.5 0.68359375 0.5104166666666666 0.6796875 0.5104166666666666 0.6796875 0.4930555555555556 0.685546875 0.4652777777777778 0.68359375 0.4201388888888889 0.69140625 0.4131944444444444 0.697265625 0.4131944444444444
2 0.27734375 0.4166666666666667 0.283203125 0.4270833333333333 0.283203125 0.4409722222222222 0.28125 0.4479166666666667 0.283203125 0.4513888888888889 0.283203125 0.4652777777777778 0.28515625 0.46875 0.283203125 0.4791666666666667 0.28125 0.4791666666666667 0.275390625 0.4930555555555556 0.279296875 0.5 0.28515625 0.5243055555555556 0.283203125 0.5486111111111112 0.279296875 0.5590277777777778 0.279296875 0.5729166666666666 0.283203125 0.5798611111111112 0.27734375 0.5798611111111112 0.26953125 0.5729166666666666 0.2734375 0.5590277777777778 0.2734375 0.53125 0.271484375 0.5277777777777778 0.267578125 0.5277777777777778 0.255859375 0.5520833333333334 0.255859375 0.5625 0.25390625 0.5659722222222222 0.25 0.5659722222222222 0.25 0.5555555555555556 0.25390625 0.5451388888888888 0.25390625 0.5347222222222222 0.2578125 0.5208333333333334 0.259765625 0.4409722222222222 0.265625 0.4340277777777778 0.265625 0.4270833333333333 0.26953125 0.4166666666666667 0.275390625 0.4166666666666667
2 0.52734375 0.3611111111111111 0.53125 0.3611111111111111 0.533203125 0.3645833333333333 0.533203125 0.375 0.53515625 0.3819444444444444 0.546875 0.4027777777777778 0.556640625 0.4305555555555556 0.556640625 0.4375 0.5546875 0.4409722222222222 0.5546875 0.4583333333333333 0.548828125 0.4722222222222222 0.548828125 0.4930555555555556 0.552734375 0.5 0.552734375 0.5104166666666666 0.544921875 0.5104166666666666 0.54296875 0.4965277777777778 0.537109375 0.4895833333333333 0.53125 0.4722222222222222 0.53125 0.4583333333333333 0.53515625 0.4444444444444444 0.52734375 0.4340277777777778 0.5234375 0.4375 0.521484375 0.4340277777777778 0.521484375 0.4166666666666667 0.52734375 0.3993055555555556 0.52734375 0.3888888888888889 0.5234375 0.3819444444444444 0.5234375 0.3715277777777778 0.52734375 0.3645833333333333
2 0.578125 0.3854166666666667 0.583984375 0.3923611111111111 0.58984375 0.4131944444444444 0.591796875 0.4305555555555556 0.595703125 0.4375 0.595703125 0.4479166666666667 0.6015625 0.4652777777777778 0.6015625 0.4722222222222222 0.595703125 0.4895833333333333 0.611328125 0.53125 0.609375 0.5347222222222222 0.603515625 0.53125 0.6015625 0.5208333333333334 0.58984375 0.5 0.5859375 0.5 0.58203125 0.5069444444444444 0.587890625 0.5173611111111112 0.587890625 0.53125 0.591796875 0.5381944444444444 0.591796875 0.5486111111111112 0.580078125 0.5520833333333334 0.583984375 0.5416666666666666 0.58203125 0.5277777777777778 0.572265625 0.5173611111111112 0.568359375 0.5173611111111112 0.560546875 0.5104166666666666 0.580078125 0.4791666666666667 0.580078125 0.4652777777777778 0.5703125 0.4409722222222222 0.5625 0.4305555555555556 0.5625 0.4201388888888889 0.568359375 0.40625 0.572265625 0.3888888888888889 0.576171875 0.3888888888888889
2 0.48828125 0.2777777777777778 0.490234375 0.2743055555555556 0.490234375 0.2604166666666667 0.4921875 0.2569444444444444 0.4921875 0.24305555555555555 0.494140625 0.2361111111111111 0.50390625 0.2222222222222222 0.50390625 0.2152777777777778 0.505859375 0.21180555555555555 0.51171875 0.21180555555555555 0.515625 0.21875 0.515625 0.2465277777777778 0.51171875 0.2604166666666667 0.517578125 0.28125 0.521484375 0.2881944444444444 0.521484375 0.2951388888888889 0.515625 0.3090277777777778 0.509765625 0.3125 0.505859375 0.3194444444444444 0.505859375 0.3611111111111111 0.5 0.375 0.49609375 0.375 0.494140625 0.3715277777777778 0.49609375 0.3680555555555556 0.49609375 0.3402777777777778 0.498046875 0.3368055555555556 0.498046875 0.3298611111111111 0.494140625 0.3125 0.486328125 0.3055555555555556 0.490234375 0.2951388888888889 0.490234375 0.28125
2 0.744140625 0.3506944444444444 0.748046875 0.3576388888888889 0.748046875 0.3680555555555556 0.75 0.3715277777777778 0.75 0.3819444444444444 0.744140625 0.3993055555555556 0.744140625 0.4131944444444444 0.748046875 0.4236111111111111 0.748046875 0.4513888888888889 0.75 0.4548611111111111 0.748046875 0.4583333333333333 0.744140625 0.4583333333333333 0.7265625 0.4236111111111111 0.716796875 0.4375 0.708984375 0.4409722222222222 0.716796875 0.4201388888888889 0.71875 0.4027777777777778 0.72265625 0.3923611111111111 0.72265625 0.3854166666666667 0.7265625 0.3784722222222222 0.7265625 0.3715277777777778 0.732421875 0.3680555555555556 0.734375 0.3611111111111111 0.740234375 0.3506944444444444 0.7421875 0.3506944444444444
2 0.484375 0.3229166666666667 0.48828125 0.3194444444444444 0.494140625 0.3229166666666667 0.494140625 0.3680555555555556 0.48828125 0.375 0.48828125 0.3854166666666667 0.484375 0.3993055555555556 0.48828125 0.4097222222222222 0.484375 0.4097222222222222 0.48046875 0.4236111111111111 0.474609375 0.4305555555555556 0.46875 0.4236111111111111 0.46875 0.4027777777777778 0.466796875 0.3993055555555556 0.466796875 0.3819444444444444 0.4765625 0.3472222222222222 0.482421875 0.3368055555555556 0.484375 0.3263888888888889