0 0.951171875 0.14930555555555555 0.953125 0.1527777777777778 0.953125 0.16666666666666666 0.951171875 0.1701388888888889 0.94140625 0.1701388888888889 0.94140625 0.1527777777777778 0.943359375 0.14930555555555555 0.94921875 0.14930555555555555
0 0.046875 0.2638888888888889 0.056640625 0.2638888888888889 0.060546875 0.2743055555555556 0.056640625 0.28125 0.048828125 0.28125 0.044921875 0.2777777777777778 0.044921875 0.2708333333333333 0.046875 0.2673611111111111
0 0.4356770833333333 0.26666666666666666 0.0140625 0.024074074074074074
0 0.6953125 0.6875 0.69921875 0.7013888888888888 0.69921875 0.7083333333333334 0.697265625 0.7118055555555556 0.685546875 0.7118055555555556 0.685546875 0.6909722222222222 0.6875 0.6875 0.693359375 0.6875
0 0.54296875 0.37824074074074077 0.0140625 0.025
0 0.0390625 0.8298611111111112 0.041015625 0.8333333333333334 0.044921875 0.8333333333333334 0.046875 0.8402777777777778 0.046875 0.8541666666666666 0.044921875 0.8576388888888888 0.03125 0.8576388888888888 0.029296875 0.8541666666666666 0.029296875 0.84375 0.03125 0.8368055555555556 0.033203125 0.8333333333333334 0.037109375 0.8333333333333334
0 0.33515625 0.2300925925925926 0.018229166666666668 0.019444444444444445
0 0.529296875 0.4027777777777778 0.529296875 0.3958333333333333 0.533203125 0.3854166666666667 0.5390625 0.3854166666666667 0.54296875 0.3993055555555556 0.541015625 0.4027777777777778 0.53125 0.4027777777777778
0 0.994140625 0.16666666666666666 0.998046875 0.1736111111111111 0.994140625 0.1875 0.98828125 0.1875 0.986328125 0.1840277777777778 0.986328125 0.1736111111111111 0.9921875 0.16666666666666666
0 0.673828125 0.7743055555555556 0.67578125 0.7777777777777778 0.67578125 0.7986111111111112 0.6640625 0.7986111111111112 0.6640625 0.78125 0.671875 0.7743055555555556
0 0.4125 0.763425925925926 0.017708333333333333 0.0287037037037037
0 0.25390625 0.24305555555555555 0.2578125 0.23958333333333334 0.263671875 0.23958333333333334 0.267578125 0.2465277777777778 0.267578125 0.2534722222222222 0.25390625 0.2534722222222222 0.25390625 0.2465277777777778
1 0.25390625 0.2604166666666667 0.255859375 0.2638888888888889 0.26953125 0.2604166666666667 0.2734375 0.2673611111111111 0.2734375 0.28125 0.271484375 0.2881944444444444 0.275390625 0.3020833333333333 0.26953125 0.3125 0.25 0.3125 0.248046875 0.3090277777777778 0.248046875 0.2638888888888889 0.251953125 0.2604166666666667
1 0.435546875 0.28125 0.443359375 0.2881944444444444 0.443359375 0.3125 0.439453125 0.3263888888888889 0.421875 0.3263888888888889 0.41796875 0.3194444444444444 0.41796875 0.3020833333333333 0.421875 0.2847222222222222 0.42578125 0.2777777777777778 0.431640625 0.2777777777777778 0.43359375 0.28125
1 0.666015625 0.8055555555555556 0.671875 0.8125 0.67578125 0.8090277777777778 0.681640625 0.8194444444444444 0.681640625 0.8368055555555556 0.67578125 0.8506944444444444 0.658203125 0.8506944444444444 0.654296875 0.8402777777777778 0.654296875 0.8333333333333334 0.65234375 0.8298611111111112 0.65234375 0.8090277777777778 0.65625 0.8020833333333334 0.662109375 0.8020833333333334 0.6640625 0.8055555555555556
1 0.998046875 0.19444444444444445 0.998046875 0.23958333333333334 0.99609375 0.24305555555555555 0.984375 0.24305555555555555 0.98046875 0.23958333333333334 0.98046875 0.2013888888888889 0.984375 0.19444444444444445 0.98828125 0.19791666666666666 0.99609375 0.19444444444444445
1 0.294921875 0.2152777777777778 0.296875 0.21875 0.302734375 0.21875 0.306640625 0.2152777777777778 0.30859375 0.2222222222222222 0.30859375 0.2326388888888889 0.306640625 0.2361111111111111 0.306640625 0.2569444444444444 0.3046875 0.2604166666666667 0.296875 0.2604166666666667 0.294921875 0.2638888888888889 0.291015625 0.2638888888888889 0.2890625 0.2604166666666667 0.2890625 0.24305555555555555 0.291015625 0.2361111111111111 0.287109375 0.22569444444444445 0.287109375 0.2222222222222222 0.29296875 0.2152777777777778
1 0.529296875 0.4097222222222222 0.53125 0.4131944444444444 0.544921875 0.4097222222222222 0.548828125 0.4166666666666667 0.548828125 0.4444444444444444 0.546875 0.4479166666666667 0.546875 0.4583333333333333 0.529296875 0.4583333333333333 0.52734375 0.4548611111111111 0.52734375 0.4444444444444444 0.5234375 0.4340277777777778 0.5234375 0.4166666666666667 0.52734375 0.4131944444444444
1 0.123046875 0.2847222222222222 0.134765625 0.2847222222222222 0.13671875 0.2881944444444444 0.14453125 0.28125 0.1484375 0.2847222222222222 0.1484375 0.2951388888888889 0.146484375 0.2986111111111111 0.146484375 0.3229166666666667 0.1484375 0.3298611111111111 0.138671875 0.3368055555555556 0.12890625 0.3368055555555556 0.126953125 0.3298611111111111 0.126953125 0.3194444444444444 0.125 0.3159722222222222 0.125 0.3055555555555556 0.123046875 0.3020833333333333 0.123046875 0.2881944444444444
1 0.337890625 0.25 0.33984375 0.2534722222222222 0.33984375 0.2673611111111111 0.337890625 0.2708333333333333 0.337890625 0.2986111111111111 0.322265625 0.2986111111111111 0.322265625 0.2743055555555556 0.318359375 0.2638888888888889 0.318359375 0.2534722222222222 0.3203125 0.25 0.330078125 0.25 0.33203125 0.2534722222222222 0.3359375 0.25
1 0.033203125 0.8576388888888888 0.03515625 0.8611111111111112 0.041015625 0.8611111111111112 0.046875 0.8715277777777778 0.046875 0.8854166666666666 0.05078125 0.8958333333333334 0.048828125 0.9097222222222222 0.046875 0.9131944444444444 0.041015625 0.9131944444444444 0.041015625 0.8993055555555556 0.037109375 0.8923611111111112 0.02734375 0.8993055555555556 0.025390625 0.8923611111111112 0.025390625 0.8680555555555556 0.02734375 0.8611111111111112 0.03125 0.8611111111111112
1 0.201171875 0.22916666666666666 0.212890625 0.22569444444444445 0.21484375 0.2222222222222222 0.220703125 0.2222222222222222 0.224609375 0.2326388888888889 0.22265625 0.24305555555555555 0.212890625 0.2604166666666667 0.20703125 0.2604166666666667 0.201171875 0.2534722222222222 0.201171875 0.2326388888888889
1 0.33984375 0.18055555555555555 0.34765625 0.1875 0.34765625 0.2048611111111111 0.349609375 0.20833333333333334 0.34765625 0.21180555555555555 0.345703125 0.22916666666666666 0.33984375 0.22916666666666666 0.333984375 0.2222222222222222 0.330078125 0.2222222222222222 0.328125 0.1909722222222222 0.326171875 0.1840277777777778 0.328125 0.18055555555555555 0.337890625 0.18055555555555555
1 0.55078125 0.3854166666666667 0.556640625 0.3854166666666667 0.560546875 0.3888888888888889 0.568359375 0.4097222222222222 0.568359375 0.4236111111111111 0.564453125 0.4305555555555556 0.552734375 0.4236111111111111 0.546875 0.4097222222222222 0.546875 0.3993055555555556 0.55078125 0.3888888888888889
1 0.046875 0.2881944444444444 0.048828125 0.2916666666666667 0.060546875 0.2881944444444444 0.064453125 0.3055555555555556 0.0625 0.3090277777777778 0.0625 0.3298611111111111 0.0546875 0.3298611111111111 0.046875 0.3368055555555556 0.04296875 0.3368055555555556 0.04296875 0.3125 0.037109375 0.3055555555555556 0.0390625 0.2916666666666667 0.044921875 0.2881944444444444
1 0.69921875 0.7152777777777778 0.70703125 0.7256944444444444 0.70703125 0.7361111111111112 0.703125 0.7395833333333334 0.69921875 0.75 0.69921875 0.7847222222222222 0.6796875 0.78125 0.6796875 0.7465277777777778 0.67578125 0.7361111111111112 0.67578125 0.71875 0.6796875 0.7152777777777778 0.697265625 0.7152777777777778
1 0.416015625 0.78125 0.423828125 0.7881944444444444 0.42578125 0.8020833333333334 0.416015625 0.8159722222222222 0.412109375 0.8402777777777778 0.408203125 0.8368055555555556 0.400390625 0.8368055555555556 0.392578125 0.8298611111111112 0.392578125 0.8055555555555556 0.39453125 0.8020833333333334 0.392578125 0.7951388888888888 0.392578125 0.78125 0.396484375 0.7743055555555556 0.40234375 0.7743055555555556 0.404296875 0.7777777777777778 0.4140625 0.78125
1 0.93359375 0.17708333333333334 0.95703125 0.17708333333333334 0.95703125 0.2013888888888889 0.955078125 0.2048611111111111 0.955078125 0.2222222222222222 0.953125 0.22569444444444445 0.93359375 0.22569444444444445 0.931640625 0.21875 0.931640625 0.1875 0.93359375 0.18055555555555555
2 0.435546875 0.2569444444444444 0.439453125 0.2604166666666667 0.44140625 0.2673611111111111 0.44140625 0.28125 0.443359375 0.2847222222222222 0.443359375 0.3125 0.44140625 0.3159722222222222 0.44140625 0.3402777777777778 0.443359375 0.34375 0.443359375 0.3715277777777778 0.44140625 0.375 0.443359375 0.3784722222222222 0.443359375 0.3958333333333333 0.44140625 0.3993055555555556 0.4375 0.3923611111111111 0.4375 0.3541666666666667 0.435546875 0.3506944444444444 0.4296875 0.3506944444444444 0.42578125 0.3576388888888889 0.42578125 0.3645833333333333 0.423828125 0.3680555555555556 0.423828125 0.3993055555555556 0.419921875 0.3993055555555556 0.419921875 0.3263888888888889 0.41796875 0.3229166666666667 0.41796875 0.2986111111111111 0.427734375 0.2673611111111111 0.43359375 0.2604166666666667
2 0.673828125 0.7743055555555556 0.67578125 0.7777777777777778 0.67578125 0.8020833333333334 0.681640625 0.8159722222222222 0.681640625 0.8402777777777778 0.67578125 0.8506944444444444 0.658203125 0.8506944444444444 0.65234375 0.8368055555555556 0.65234375 0.8090277777777778 0.65625 0.8020833333333334 0.66015625 0.8020833333333334 0.6640625 0.7951388888888888 0.6640625 0.7847222222222222 0.669921875 0.7743055555555556 0.671875 0.7743055555555556
2 0.994140625 0.16666666666666666 0.998046875 0.1736111111111111 0.99609375 0.18055555555555555 0.99609375 0.1909722222222222 0.998046875 0.19444444444444445 0.998046875 0.28125 0.99609375 0.2847222222222222 0.994140625 0.3368055555555556 0.98046875 0.3368055555555556 0.982421875 0.3194444444444444 0.98046875 0.3159722222222222 0.98046875 0.2222222222222222 0.978515625 0.21875 0.98046875 0.2152777777777778 0.98046875 0.2013888888888889 0.984375 0.19444444444444445 0.984375 0.1875 0.986328125 0.1840277777777778 0.986328125 0.1736111111111111 0.9921875 0.16666666666666666
2 0.140625 0.2569444444444444 0.14453125 0.2638888888888889 0.14453125 0.2743055555555556 0.1484375 0.28125 0.1484375 0.2986111111111111 0.146484375 0.3020833333333333 0.15234375 0.3159722222222222 0.15234375 0.3263888888888889 0.1484375 0.3333333333333333 0.1484375 0.3402777777777778 0.150390625 0.34375 0.15234375 0.3923611111111111 0.158203125 0.40625 0.15625 0.4131944444444444 0.150390625 0.4131944444444444 0.1484375 0.4097222222222222 0.146484375 0.3854166666666667 0.14453125 0.3819444444444444 0.14453125 0.375 0.140625 0.3680555555555556 0.13671875 0.3715277777777778 0.13671875 0.3958333333333333 0.138671875 0.3993055555555556 0.138671875 0.4097222222222222 0.13671875 0.4131944444444444 0.1328125 0.40625 0.1328125 0.3958333333333333 0.12890625 0.3784722222222222 0.12890625 0.3645833333333333 0.125 0.3576388888888889 0.125 0.3125 0.123046875 0.3090277777777778 0.123046875 0.2951388888888889 0.12109375 0.2881944444444444 0.126953125 0.2777777777777778 0.125 0.2604166666666667 0.12890625 0.2569444444444444 0.138671875 0.2569444444444444
2 0.296875 0.19791666666666666 0.30078125 0.19791666666666666 0.30859375 0.21875 0.30859375 0.2361111111111111 0.306640625 0.23958333333333334 0.306640625 0.2638888888888889 0.30859375 0.2673611111111111 0.30859375 0.3194444444444444 0.306640625 0.3229166666666667 0.306640625 0.3298611111111111 0.310546875 0.34375 0.310546875 0.3472222222222222 0.302734375 0.3472222222222222 0.30078125 0.34375 0.298828125 0.3506944444444444 0.294921875 0.3506944444444444 0.29296875 0.3472222222222222 0.29296875 0.3263888888888889 0.291015625 0.3229166666666667 0.291015625 0.3125 0.29296875 0.3055555555555556 0.2890625 0.2881944444444444 0.287109375 0.21875 0.291015625 0.2152777777777778 0.296875 0.2013888888888889
2 0.546875 0.3715277777777778 0.552734375 0.3819444444444444 0.560546875 0.3888888888888889 0.5703125 0.4131944444444444 0.578125 0.4166666666666667 0.58203125 0.4270833333333333 0.58203125 0.4340277777777778 0.587890625 0.4444444444444444 0.59765625 0.4444444444444444 0.603515625 0.4513888888888889 0.609375 0.4513888888888889 0.615234375 0.4583333333333333 0.615234375 0.46875 0.611328125 0.46875 0.60546875 0.4618055555555556 0.576171875 0.4583333333333333 0.57421875 0.4618055555555556 0.576171875 0.4791666666666667 0.56640625 0.4791666666666667 0.568359375 0.4756944444444444 0.568359375 0.4652777777777778 0.564453125 0.4513888888888889 0.564453125 0.4409722222222222 0.552734375 0.4270833333333333 0.55078125 0.4131944444444444 0.546875 0.40625 0.546875 0.3993055555555556 0.54296875 0.3958333333333333 0.54296875 0.3923611111111111 0.537109375 0.3819444444444444 0.537109375 0.375 0.5390625 0.3715277777777778 0.544921875 0.3715277777777778
2 0.271484375 0.2604166666666667 0.2734375 0.2708333333333333 0.27734375 0.2777777777777778 0.27734375 0.2986111111111111 0.26953125 0.3159722222222222 0.26953125 0.3263888888888889 0.271484375 0.3298611111111111 0.271484375 0.3576388888888889 0.275390625 0.3715277777777778 0.275390625 0.3923611111111111 0.27734375 0.3958333333333333 0.27734375 0.4027777777777778 0.2734375 0.4027777777777778 0.267578125 0.3923611111111111 0.267578125 0.3854166666666667 0.265625 0.3819444444444444 0.26171875 0.3854166666666667 0.26171875 0.3958333333333333 0.259765625 0.3993055555555556 0.255859375 0.3993055555555556 0.25390625 0.3958333333333333 0.25390625 0.3541666666666667 0.25 0.3368055555555556 0.25 0.3194444444444444 0.244140625 0.3055555555555556 0.248046875 0.2986111111111111 0.248046875 0.2708333333333333 0.24609375 0.2638888888888889 0.248046875 0.2638888888888889 0.25390625 0.2534722222222222 0.25390625 0.2465277777777778 0.2578125 0.23958333333333334 0.263671875 0.23958333333333334 0.267578125 0.2465277777777778 0.267578125 0.2569444444444444 0.26953125 0.2604166666666667
2 0.044921875 0.8333333333333334 0.044921875 0.8402777777777778 0.046875 0.84375 0.046875 0.8819444444444444 0.052734375 0.8958333333333334 0.056640625 0.8958333333333334 0.060546875 0.9027777777777778 0.056640625 0.9097222222222222 0.052734375 0.9097222222222222 0.05078125 0.9131944444444444 0.033203125 0.9131944444444444 0.03125 0.9166666666666666 0.02734375 0.9131944444444444 0.02734375 0.8993055555555556 0.025390625 0.8958333333333334 0.025390625 0.8645833333333334 0.029296875 0.8541666666666666 0.029296875 0.84375 0.03125 0.8368055555555556 0.033203125 0.8333333333333334 0.04296875 0.8333333333333334
2 0.53125 0.3888888888888889 0.537109375 0.3854166666666667 0.54296875 0.3958333333333333 0.544921875 0.40625 0.55078125 0.4201388888888889 0.55078125 0.4270833333333333 0.548828125 0.4305555555555556 0.548828125 0.46875 0.546875 0.4722222222222222 0.548828125 0.4791666666666667 0.548828125 0.4930555555555556 0.546875 0.4965277777777778 0.544921875 0.53125 0.5390625 0.5243055555555556 0.5390625 0.5069444444444444 0.537109375 0.5034722222222222 0.533203125 0.5173611111111112 0.533203125 0.5381944444444444 0.529296875 0.5381944444444444 0.529296875 0.5243055555555556 0.52734375 0.5208333333333334 0.52734375 0.4652777777777778 0.521484375 0.4513888888888889 0.521484375 0.4305555555555556 0.5234375 0.4270833333333333 0.5234375 0.4166666666666667 0.52734375 0.4097222222222222 0.52734375 0.4027777777777778 0.53125 0.3923611111111111
2 0.341796875 0.1701388888888889 0.3515625 0.2048611111111111 0.3515625 0.2222222222222222 0.345703125 0.22916666666666666 0.341796875 0.24305555555555555 0.333984375 0.22569444444444445 0.330078125 0.22569444444444445 0.328125 0.22916666666666666 0.330078125 0.2152777777777778 0.328125 0.21180555555555555 0.328125 0.19444444444444445 0.326171875 0.1909722222222222 0.326171875 0.1840277777777778 0.330078125 0.1736111111111111 0.333984375 0.1736111111111111 0.3359375 0.17708333333333334 0.33984375 0.1736111111111111
2 0.333984375 0.2222222222222222 0.33984375 0.2326388888888889 0.33984375 0.2534722222222222 0.341796875 0.2569444444444444 0.337890625 0.2743055555555556 0.33984375 0.2777777777777778 0.33984375 0.3333333333333333 0.333984375 0.3506944444444444 0.333984375 0.3611111111111111 0.337890625 0.3715277777777778 0.337890625 0.3819444444444444 0.33203125 0.3819444444444444 0.328125 0.375 0.328125 0.3333333333333333 0.326171875 0.3298611111111111 0.32421875 0.3125 0.3203125 0.3055555555555556 0.314453125 0.3125 0.314453125 0.2777777777777778 0.318359375 0.2673611111111111 0.318359375 0.2534722222222222 0.326171875 0.2465277777777778 0.328125 0.23958333333333334 0.326171875 0.2326388888888889 0.328125 0.22569444444444445 0.33203125 0.2222222222222222
2 0.046875 0.2638888888888889 0.056640625 0.2638888888888889 0.05859375 0.2673611111111111 0.0625 0.2847222222222222 0.0625 0.2951388888888889 0.06640625 0.3090277777777778 0.064453125 0.3576388888888889 0.0625 0.3611111111111111 0.064453125 0.4201388888888889 0.060546875 0.4201388888888889 0.060546875 0.40625 0.0546875 0.3784722222222222 0.05078125 0.3819444444444444 0.05078125 0.40625 0.052734375 0.4097222222222222 0.052734375 0.4166666666666667 0.05078125 0.4201388888888889 0.046875 0.4201388888888889 0.044921875 0.4166666666666667 0.046875 0.4131944444444444 0.046875 0.3923611111111111 0.044921875 0.3888888888888889 0.044921875 0.3680555555555556 0.041015625 0.3576388888888889 0.041015625 0.3472222222222222 0.0390625 0.34375 0.037109375 0.2951388888888889 0.044921875 0.28125 0.044921875 0.2708333333333333 0.046875 0.2673611111111111
2 0.6953125 0.6875 0.69921875 0.7013888888888888 0.69921875 0.7152777777777778 0.70703125 0.7256944444444444 0.70703125 0.7430555555555556 0.71484375 0.75 0.71484375 0.7569444444444444 0.703125 0.7569444444444444 0.701171875 0.7604166666666666 0.69921875 0.8194444444444444 0.697265625 0.8229166666666666 0.697265625 0.8506944444444444 0.68359375 0.8506944444444444 0.68359375 0.8194444444444444 0.6796875 0.8090277777777778 0.6796875 0.78125 0.669921875 0.7534722222222222 0.67578125 0.71875 0.685546875 0.7118055555555556 0.685546875 0.6909722222222222 0.6875 0.6875 0.693359375 0.6875
2 0.390625 0.8506944444444444 0.390625 0.8472222222222222 0.384765625 0.8368055555555556 0.384765625 0.8055555555555556 0.390625 0.7916666666666666 0.392578125 0.78125 0.396484375 0.7743055555555556 0.400390625 0.7743055555555556 0.41015625 0.75 0.416015625 0.75 0.419921875 0.7569444444444444 0.419921875 0.7708333333333334 0.41796875 0.7777777777777778 0.42578125 0.7951388888888888 0.42578125 0.8020833333333334 0.423828125 0.8055555555555556 0.423828125 0.8298611111111112 0.42578125 0.8333333333333334 0.427734375 0.8506944444444444 0.423828125 0.8506944444444444 0.419921875 0.8402777777777778 0.416015625 0.8402777777777778 0.412109375 0.8506944444444444 0.392578125 0.8506944444444444
2 0.951171875 0.3090277777777778 0.94921875 0.2673611111111111 0.9453125 0.2604166666666667 0.94140625 0.2604166666666667 0.935546875 0.2777777777777778 0.93359375 0.3125 0.9296875 0.3159722222222222 0.9296875 0.2777777777777778 0.931640625 0.2743055555555556 0.931640625 0.23958333333333334 0.93359375 0.2361111111111111 0.931640625 0.2152777777777778 0.9296875 0.21180555555555555 0.931640625 0.2048611111111111 0.931640625 0.1840277777777778 0.93359375 0.17708333333333334 0.939453125 0.1701388888888889 0.939453125 0.1597222222222222 0.943359375 0.14930555555555555 0.94921875 0.14930555555555555 0.953125 0.15625 0.953125 0.1701388888888889 0.95703125 0.17708333333333334 0.95703125 0.2013888888888889 0.955078125 0.2048611111111111 0.955078125 0.3090277777777778 0.953125 0.3090277777777778