0 0.18307291666666667 0.41759259259259257 0.009895833333333333 0.02962962962962963
0 0.296875 0.4 0.013541666666666667 0.016666666666666666
0 0.23307291666666666 0.5023148148148148 0.015104166666666667 0.03796296296296296
0 0.91015625 0.3090277777777778 0.912109375 0.3159722222222222 0.908203125 0.3229166666666667 0.90234375 0.3229166666666667 0.900390625 0.3194444444444444 0.900390625 0.3125 0.90234375 0.3090277777777778 0.908203125 0.3090277777777778
0 0.93359375 0.2673611111111111 0.939453125 0.2673611111111111 0.943359375 0.2743055555555556 0.943359375 0.28125 0.939453125 0.2881944444444444 0.935546875 0.2881944444444444 0.931640625 0.28125 0.931640625 0.2743055555555556 0.93359375 0.2708333333333333
0 0.826171875 0.53125 0.826171875 0.5208333333333334 0.828125 0.5173611111111112 0.837890625 0.5173611111111112 0.83984375 0.5208333333333334 0.83984375 0.5277777777777778 0.837890625 0.53125 0.833984375 0.5347222222222222 0.828125 0.53125
0 0.8526041666666666 0.7777777777777778 0.0125 0.016666666666666666
0 0.423828125 0.7465277777777778 0.42578125 0.7534722222222222 0.42578125 0.7638888888888888 0.423828125 0.7673611111111112 0.416015625 0.7673611111111112 0.4140625 0.7638888888888888 0.4140625 0.75 0.416015625 0.7465277777777778 0.421875 0.7465277777777778
0 0.197265625 0.7326388888888888 0.197265625 0.75 0.1953125 0.7534722222222222 0.1875 0.7534722222222222 0.185546875 0.75 0.1875 0.7361111111111112 0.189453125 0.7326388888888888 0.1953125 0.7326388888888888
0 0.30859375 0.4583333333333333 0.3125 0.46875 0.310546875 0.4756944444444444 0.3046875 0.4756944444444444 0.302734375 0.4722222222222222 0.302734375 0.4618055555555556 0.306640625 0.4583333333333333
0 0.267578125 0.46875 0.265625 0.4583333333333333 0.26953125 0.4513888888888889 0.279296875 0.4513888888888889 0.279296875 0.46875 0.275390625 0.4722222222222222 0.271484375 0.4722222222222222 0.26953125 0.46875
0 0.390625 0.40625 0.396484375 0.4166666666666667 0.396484375 0.4236111111111111 0.39453125 0.4270833333333333 0.390625 0.4270833333333333 0.384765625 0.4166666666666667 0.384765625 0.4097222222222222 0.388671875 0.40625
0 0.412109375 0.3993055555555556 0.416015625 0.4027777777777778 0.41796875 0.4097222222222222 0.41796875 0.4201388888888889 0.4140625 0.4236111111111111 0.408203125 0.4236111111111111 0.404296875 0.4201388888888889 0.40234375 0.4131944444444444 0.404296875 0.4027777777777778 0.41015625 0.3993055555555556
0 0.16015625 0.3854166666666667 0.162109375 0.3923611111111111 0.16015625 0.3993055555555556 0.15625 0.3993055555555556 0.154296875 0.3958333333333333 0.154296875 0.3888888888888889 0.158203125 0.3854166666666667
0 0.13671875 0.5 0.140625 0.5069444444444444 0.140625 0.5173611111111112 0.138671875 0.5208333333333334 0.134765625 0.5208333333333334 0.1328125 0.5173611111111112 0.1328125 0.5069444444444444 0.134765625 0.5034722222222222
1 0.80859375 0.020833333333333332 0.80859375 0.027777777777777776 0.810546875 0.03125 0.80859375 0.03819444444444445 0.80859375 0.04861111111111111 0.802734375 0.05555555555555555 0.798828125 0.052083333333333336 0.791015625 0.052083333333333336 0.7890625 0.04513888888888889 0.791015625 0.041666666666666664 0.791015625 0.027777777777777776 0.79296875 0.024305555555555556 0.796875 0.020833333333333332 0.806640625 0.020833333333333332
1 0.162109375 0.40625 0.166015625 0.4131944444444444 0.15625 0.4270833333333333 0.16015625 0.4340277777777778 0.16015625 0.4513888888888889 0.158203125 0.4548611111111111 0.142578125 0.4548611111111111 0.138671875 0.4513888888888889 0.138671875 0.4375 0.1484375 0.4097222222222222 0.15625 0.4027777777777778 0.16015625 0.40625
1 0.48046875 0.04861111111111111 0.48046875 0.06597222222222222 0.482421875 0.06944444444444445 0.478515625 0.08333333333333333 0.474609375 0.0798611111111111 0.46875 0.0798611111111111 0.466796875 0.07291666666666667 0.466796875 0.052083333333333336 0.46875 0.04861111111111111 0.478515625 0.04861111111111111
1 0.859375 0.7881944444444444 0.865234375 0.7951388888888888 0.865234375 0.8055555555555556 0.869140625 0.8194444444444444 0.869140625 0.8333333333333334 0.86328125 0.8402777777777778 0.857421875 0.8402777777777778 0.85546875 0.84375 0.8515625 0.84375 0.849609375 0.8368055555555556 0.84765625 0.7916666666666666 0.8515625 0.7881944444444444 0.857421875 0.7881944444444444
1 0.650390625 0.041666666666666664 0.654296875 0.034722222222222224 0.666015625 0.03819444444444445 0.66796875 0.04513888888888889 0.666015625 0.04861111111111111 0.6640625 0.06597222222222222 0.654296875 0.06597222222222222 0.65234375 0.0625 0.65234375 0.04513888888888889
1 0.841796875 0.53125 0.84765625 0.5381944444444444 0.8515625 0.5694444444444444 0.84375 0.5763888888888888 0.837890625 0.5763888888888888 0.837890625 0.5625 0.830078125 0.5486111111111112 0.830078125 0.5416666666666666 0.8359375 0.5347222222222222 0.83984375 0.5347222222222222
1 0.453125 0.03125 0.45703125 0.041666666666666664 0.453125 0.059027777777777776 0.44921875 0.05555555555555555 0.443359375 0.05555555555555555 0.439453125 0.041666666666666664 0.439453125 0.034722222222222224 0.44140625 0.03125 0.451171875 0.03125
1 0.13333333333333333 0.4986111111111111 0.029166666666666667 0.045370370370370366
1 0.36328125 0.05555555555555555 0.3671875 0.052083333333333336 0.373046875 0.052083333333333336 0.376953125 0.05555555555555555 0.376953125 0.08333333333333333 0.375 0.08680555555555555 0.365234375 0.08680555555555555 0.36328125 0.0798611111111111 0.36328125 0.059027777777777776
1 0.296875 0.5138888888888888 0.302734375 0.5208333333333334 0.302734375 0.5486111111111112 0.296875 0.5555555555555556 0.279296875 0.5520833333333334 0.279296875 0.5416666666666666 0.28125 0.5381944444444444 0.28125 0.5243055555555556 0.283203125 0.5173611111111112 0.28515625 0.5138888888888888 0.294921875 0.5138888888888888
1 0.4106770833333333 0.4439814814814815 0.018229166666666668 0.04351851851851852
1 0.916015625 0.3229166666666667 0.919921875 0.3298611111111111 0.919921875 0.3368055555555556 0.923828125 0.3506944444444444 0.921875 0.3541666666666667 0.91796875 0.3541666666666667 0.9140625 0.3611111111111111 0.904296875 0.3506944444444444 0.900390625 0.3368055555555556 0.90234375 0.3263888888888889 0.91015625 0.3263888888888889 0.9140625 0.3229166666666667
1 0.41015625 0.7921296296296296 0.0265625 0.06018518518518518
1 0.17578125 0.7986111111111112 0.17578125 0.7743055555555556 0.1796875 0.7638888888888888 0.1796875 0.7569444444444444 0.18359375 0.75 0.185546875 0.75 0.1875 0.7569444444444444 0.19140625 0.7569444444444444 0.1953125 0.7708333333333334 0.193359375 0.7743055555555556 0.193359375 0.7847222222222222 0.189453125 0.8020833333333334 0.181640625 0.8020833333333334 0.177734375 0.7986111111111112
1 0.498046875 0.041666666666666664 0.509765625 0.041666666666666664 0.51171875 0.04513888888888889 0.51171875 0.0763888888888889 0.5 0.0763888888888889 0.498046875 0.07291666666666667 0.498046875 0.06597222222222222 0.49609375 0.0625 0.49609375 0.04861111111111111 0.498046875 0.04513888888888889
1 0.314453125 0.4791666666666667 0.31640625 0.4826388888888889 0.314453125 0.5034722222222222 0.306640625 0.5138888888888888 0.302734375 0.5138888888888888 0.29296875 0.5034722222222222 0.29296875 0.4826388888888889 0.294921875 0.4791666666666667 0.3125 0.4791666666666667
1 0.216796875 0.5104166666666666 0.220703125 0.5069444444444444 0.2265625 0.5069444444444444 0.228515625 0.5104166666666666 0.240234375 0.5104166666666666 0.240234375 0.5208333333333334 0.23828125 0.5277777777777778 0.22265625 0.5520833333333334 0.216796875 0.5520833333333334 0.212890625 0.5451388888888888 0.212890625 0.53125 0.216796875 0.5138888888888888
1 0.583984375 0.03125 0.58203125 0.024305555555555556 0.58203125 0.013888888888888888 0.5859375 0.006944444444444444 0.58984375 0.010416666666666666 0.595703125 0.006944444444444444 0.59765625 0.013888888888888888 0.595703125 0.03125 0.591796875 0.034722222222222224 0.58984375 0.03125 0.5859375 0.03125
1 0.279296875 0.4722222222222222 0.283203125 0.4895833333333333 0.27734375 0.5 0.27734375 0.5104166666666666 0.275390625 0.5173611111111112 0.26953125 0.5173611111111112 0.259765625 0.5069444444444444 0.26171875 0.5034722222222222 0.265625 0.4756944444444444 0.267578125 0.4722222222222222 0.27734375 0.4722222222222222
1 0.189453125 0.4201388888888889 0.193359375 0.4236111111111111 0.19140625 0.4618055555555556 0.189453125 0.4652777777777778 0.1796875 0.4652777777777778 0.177734375 0.46875 0.171875 0.4652777777777778 0.171875 0.4375 0.169921875 0.4340277777777778 0.169921875 0.4270833333333333 0.171875 0.4236111111111111 0.18359375 0.4236111111111111 0.1875 0.4201388888888889
1 0.8359375 0.013888888888888888 0.84765625 0.010416666666666666 0.8515625 0.017361111111111112 0.8515625 0.024305555555555556 0.849609375 0.027777777777777776 0.849609375 0.04513888888888889 0.84765625 0.04861111111111111 0.83984375 0.04861111111111111 0.837890625 0.04513888888888889 0.8359375 0.017361111111111112
1 0.42604166666666665 0.06574074074074074 0.017708333333333333 0.03888888888888889
1 0.94921875 0.2847222222222222 0.955078125 0.3055555555555556 0.955078125 0.3263888888888889 0.951171875 0.3263888888888889 0.94921875 0.3298611111111111 0.94140625 0.3298611111111111 0.9375 0.3229166666666667 0.935546875 0.3159722222222222 0.935546875 0.3055555555555556 0.93359375 0.3020833333333333 0.93359375 0.2916666666666667 0.94140625 0.2847222222222222 0.947265625 0.2847222222222222
1 0.384765625 0.4201388888888889 0.390625 0.4305555555555556 0.390625 0.4375 0.38671875 0.4444444444444444 0.38671875 0.4513888888888889 0.384765625 0.4513888888888889 0.37890625 0.4618055555555556 0.37109375 0.4583333333333333 0.365234375 0.4513888888888889 0.365234375 0.4479166666666667 0.373046875 0.4340277777777778 0.373046875 0.4305555555555556 0.3828125 0.4201388888888889
1 0.6083333333333333 0.053703703703703705 0.019791666666666666 0.037037037037037035
1 0.703125 0.06944444444444445 0.703125 0.05555555555555555 0.701171875 0.052083333333333336 0.701171875 0.03819444444444445 0.703125 0.034722222222222224 0.716796875 0.034722222222222224 0.716796875 0.06597222222222222 0.71484375 0.06944444444444445 0.705078125 0.06944444444444445
1 0.302734375 0.4097222222222222 0.306640625 0.4131944444444444 0.306640625 0.4270833333333333 0.3046875 0.4305555555555556 0.302734375 0.4548611111111111 0.30078125 0.4583333333333333 0.2890625 0.4548611111111111 0.2890625 0.4131944444444444 0.296875 0.4131944444444444 0.30078125 0.4097222222222222
2 0.29296875 0.6076388888888888 0.29296875 0.5833333333333334 0.287109375 0.5763888888888888 0.283203125 0.5763888888888888 0.265625 0.5972222222222222 0.255859375 0.6145833333333334 0.251953125 0.6145833333333334 0.251953125 0.6076388888888888 0.271484375 0.5763888888888888 0.2734375 0.5590277777777778 0.279296875 0.5486111111111112 0.279296875 0.5416666666666666 0.28125 0.5381944444444444 0.28125 0.5208333333333334 0.2890625 0.5104166666666666 0.298828125 0.5104166666666666 0.3046875 0.5208333333333334 0.3046875 0.5451388888888888 0.306640625 0.5486111111111112 0.306640625 0.5590277777777778 0.3046875 0.5625 0.3046875 0.5729166666666666 0.30078125 0.5902777777777778 0.30078125 0.6041666666666666 0.302734375 0.6076388888888888 0.294921875 0.6076388888888888
2 0.14453125 0.4861111111111111 0.140625 0.4756944444444444 0.13671875 0.4756944444444444 0.134765625 0.4722222222222222 0.134765625 0.4583333333333333 0.142578125 0.4236111111111111 0.142578125 0.4097222222222222 0.150390625 0.4027777777777778 0.15625 0.3923611111111111 0.162109375 0.3923611111111111 0.16796875 0.4166666666666667 0.166015625 0.4236111111111111 0.166015625 0.4409722222222222 0.162109375 0.4479166666666667 0.162109375 0.46875 0.166015625 0.4756944444444444 0.1640625 0.5104166666666666 0.16796875 0.5173611111111112 0.16796875 0.5243055555555556 0.162109375 0.5243055555555556 0.16015625 0.5138888888888888 0.15625 0.5069444444444444 0.154296875 0.4826388888888889 0.15234375 0.4791666666666667 0.1484375 0.4791666666666667 0.146484375 0.4826388888888889
2 0.474609375 0.03125 0.478515625 0.03819444444444445 0.478515625 0.04513888888888889 0.482421875 0.05555555555555555 0.482421875 0.12152777777777778 0.484375 0.125 0.48046875 0.13541666666666666 0.48046875 0.1423611111111111 0.4765625 0.1388888888888889 0.4765625 0.125 0.474609375 0.12152777777777778 0.470703125 0.13194444444444445 0.470703125 0.1388888888888889 0.466796875 0.1388888888888889 0.46875 0.13194444444444445 0.46875 0.08680555555555555 0.46484375 0.06944444444444445 0.46484375 0.05555555555555555 0.46875 0.04513888888888889 0.46875 0.034722222222222224 0.47265625 0.03125
2 0.837890625 0.5173611111111112 0.84765625 0.5381944444444444 0.8515625 0.5555555555555556 0.8515625 0.5694444444444444 0.853515625 0.5729166666666666 0.8515625 0.6145833333333334 0.853515625 0.6180555555555556 0.853515625 0.625 0.859375 0.6354166666666666 0.859375 0.6423611111111112 0.853515625 0.6493055555555556 0.849609375 0.6458333333333334 0.849609375 0.6354166666666666 0.845703125 0.6319444444444444 0.830078125 0.6006944444444444 0.830078125 0.59375 0.833984375 0.5798611111111112 0.833984375 0.5625 0.83203125 0.5590277777777778 0.83203125 0.5520833333333334 0.8203125 0.5416666666666666 0.8203125 0.5381944444444444 0.826171875 0.5381944444444444 0.830078125 0.53125 0.830078125 0.5243055555555556 0.8359375 0.5173611111111112
2 0.845703125 0.8576388888888888 0.849609375 0.8506944444444444 0.849609375 0.8125 0.84765625 0.8090277777777778 0.84765625 0.7881944444444444 0.845703125 0.7847222222222222 0.845703125 0.7743055555555556 0.849609375 0.7673611111111112 0.85546875 0.7673611111111112 0.857421875 0.7708333333333334 0.857421875 0.78125 0.865234375 0.7951388888888888 0.8671875 0.8159722222222222 0.869140625 0.8194444444444444 0.869140625 0.8541666666666666 0.861328125 0.8715277777777778 0.869140625 0.8993055555555556 0.869140625 0.90625 0.873046875 0.9131944444444444 0.87109375 0.9166666666666666 0.8671875 0.9131944444444444 0.861328125 0.9131944444444444 0.859375 0.9166666666666666 0.857421875 0.9131944444444444 0.8515625 0.8923611111111112 0.8515625 0.8819444444444444 0.849609375 0.8784722222222222 0.849609375 0.8680555555555556 0.84765625 0.8611111111111112
2 0.80078125 0.003472222222222222 0.8046875 0.006944444444444444 0.8046875 0.013888888888888888 0.80859375 0.020833333333333332 0.810546875 0.03125 0.814453125 0.034722222222222224 0.814453125 0.04513888888888889 0.8125 0.04513888888888889 0.810546875 0.052083333333333336 0.806640625 0.05555555555555555 0.8046875 0.07291666666666667 0.802734375 0.0763888888888889 0.802734375 0.10069444444444445 0.80078125 0.10416666666666667 0.80078125 0.1111111111111111 0.798828125 0.11458333333333333 0.79296875 0.1076388888888889 0.791015625 0.1111111111111111 0.787109375 0.1111111111111111 0.787109375 0.10069444444444445 0.7890625 0.09722222222222222 0.7890625 0.0625 0.791015625 0.059027777777777776 0.7890625 0.05555555555555555 0.7890625 0.041666666666666664 0.796875 0.006944444444444444 0.798828125 0.006944444444444444
2 0.283203125 0.4722222222222222 0.291015625 0.4791666666666667 0.291015625 0.4965277777777778 0.279296875 0.5138888888888888 0.279296875 0.5347222222222222 0.275390625 0.5416666666666666 0.275390625 0.5486111111111112 0.267578125 0.5520833333333334 0.255859375 0.5659722222222222 0.251953125 0.5729166666666666 0.251953125 0.5868055555555556 0.24609375 0.5868055555555556 0.244140625 0.5833333333333334 0.244140625 0.5763888888888888 0.2578125 0.5486111111111112 0.255859375 0.5451388888888888 0.255859375 0.5243055555555556 0.2578125 0.5208333333333334 0.2578125 0.5104166666666666 0.263671875 0.4930555555555556 0.265625 0.4722222222222222 0.26953125 0.4652777777777778 0.26953125 0.4548611111111111 0.271484375 0.4513888888888889 0.27734375 0.4513888888888889 0.279296875 0.4548611111111111 0.279296875 0.46875 0.28125 0.4722222222222222
2 0.662109375 0.020833333333333332 0.666015625 0.024305555555555556 0.666015625 0.034722222222222224 0.66796875 0.03819444444444445 0.666015625 0.0798611111111111 0.662109375 0.09027777777777778 0.662109375 0.12152777777777778 0.650390625 0.12152777777777778 0.650390625 0.11458333333333333 0.65234375 0.1111111111111111 0.65234375 0.0763888888888889 0.650390625 0.07291666666666667 0.65234375 0.06944444444444445 0.65234375 0.05555555555555555 0.650390625 0.052083333333333336 0.650390625 0.03819444444444445 0.65625 0.03125 0.65625 0.024305555555555556 0.66015625 0.024305555555555556
2 0.13671875 0.4756944444444444 0.140625 0.4791666666666667 0.14453125 0.4895833333333333 0.14453125 0.5 0.1484375 0.5104166666666666 0.1484375 0.5208333333333334 0.14453125 0.53125 0.14453125 0.5451388888888888 0.1484375 0.5520833333333334 0.150390625 0.5625 0.14453125 0.5625 0.142578125 0.5590277777777778 0.14453125 0.5486111111111112 0.142578125 0.5451388888888888 0.142578125 0.53125 0.138671875 0.5243055555555556 0.12890625 0.5243055555555556 0.125 0.53125 0.123046875 0.5486111111111112 0.119140625 0.5555555555555556 0.1171875 0.5520833333333334 0.1171875 0.5 0.125 0.4791666666666667 0.12890625 0.4756944444444444 0.134765625 0.4756944444444444
2 0.375 0.03819444444444445 0.376953125 0.041666666666666664 0.376953125 0.10416666666666667 0.373046875 0.11458333333333333 0.373046875 0.13194444444444445 0.37109375 0.1388888888888889 0.369140625 0.1388888888888889 0.3671875 0.13194444444444445 0.359375 0.13541666666666666 0.359375 0.1284722222222222 0.36328125 0.12152777777777778 0.36328125 0.10069444444444445 0.365234375 0.09722222222222222 0.365234375 0.09027777777777778 0.36328125 0.08680555555555555 0.36328125 0.05555555555555555 0.369140625 0.04513888888888889 0.369140625 0.041666666666666664 0.373046875 0.03819444444444445
2 0.916015625 0.3194444444444444 0.919921875 0.3263888888888889 0.919921875 0.3368055555555556 0.92578125 0.3576388888888889 0.923828125 0.3854166666666667 0.92578125 0.3923611111111111 0.931640625 0.3993055555555556 0.931640625 0.40625 0.9296875 0.40625 0.92578125 0.3958333333333333 0.919921875 0.3958333333333333 0.91796875 0.3993055555555556 0.91796875 0.4097222222222222 0.919921875 0.4131944444444444 0.921875 0.4305555555555556 0.912109375 0.4305555555555556 0.9140625 0.4236111111111111 0.9140625 0.4131944444444444 0.912109375 0.4097222222222222 0.91015625 0.3854166666666667 0.908203125 0.3819444444444444 0.91015625 0.3611111111111111 0.90234375 0.3506944444444444 0.90234375 0.3402777777777778 0.900390625 0.3368055555555556 0.90234375 0.3298611111111111 0.90234375 0.3125 0.904296875 0.3090277777777778 0.91015625 0.3090277777777778 0.9140625 0.3194444444444444
2 0.412109375 0.7430555555555556 0.423828125 0.7465277777777778 0.421875 0.7881944444444444 0.419921875 0.7916666666666666 0.419921875 0.8020833333333334 0.4140625 0.8194444444444444 0.4140625 0.8472222222222222 0.41015625 0.8506944444444444 0.396484375 0.8506944444444444 0.39453125 0.8472222222222222 0.39453125 0.8194444444444444 0.392578125 0.8159722222222222 0.400390625 0.7986111111111112 0.404296875 0.7847222222222222 0.404296875 0.7777777777777778 0.412109375 0.7604166666666666 0.412109375 0.7465277777777778
2 0.505859375 0.03125 0.513671875 0.04861111111111111 0.513671875 0.07291666666666667 0.51171875 0.0763888888888889 0.513671875 0.0798611111111111 0.513671875 0.13194444444444445 0.509765625 0.1284722222222222 0.509765625 0.1111111111111111 0.505859375 0.10416666666666667 0.501953125 0.1111111111111111 0.501953125 0.1284722222222222 0.498046875 0.13194444444444445 0.498046875 0.0763888888888889 0.49609375 0.07291666666666667 0.494140625 0.05555555555555555 0.5 0.034722222222222224 0.50390625 0.03125
2 0.32421875 0.4548611111111111 0.326171875 0.4583333333333333 0.326171875 0.4791666666666667 0.32421875 0.4861111111111111 0.314453125 0.5 0.314453125 0.5069444444444444 0.3125 0.5069444444444444 0.306640625 0.5173611111111112 0.306640625 0.5451388888888888 0.306640625 0.5347222222222222 0.302734375 0.5173611111111112 0.298828125 0.5104166666666666 0.291015625 0.5069444444444444 0.291015625 0.4930555555555556 0.29296875 0.4895833333333333 0.29296875 0.4826388888888889 0.296875 0.4791666666666667 0.306640625 0.4583333333333333 0.310546875 0.4618055555555556 0.31640625 0.4791666666666667 0.322265625 0.4722222222222222 0.322265625 0.4583333333333333
2 0.236328125 0.6145833333333334 0.23828125 0.6180555555555556 0.236328125 0.6215277777777778 0.23046875 0.6215277777777778 0.2265625 0.6180555555555556 0.224609375 0.6111111111111112 0.224609375 0.5798611111111112 0.22265625 0.5763888888888888 0.21875 0.5763888888888888 0.2109375 0.5868055555555556 0.205078125 0.5868055555555556 0.1953125 0.59375 0.19140625 0.6076388888888888 0.1875 0.6041666666666666 0.1875 0.5902777777777778 0.189453125 0.5868055555555556 0.203125 0.5833333333333334 0.208984375 0.5763888888888888 0.208984375 0.5694444444444444 0.2109375 0.5659722222222222 0.2109375 0.5381944444444444 0.212890625 0.5347222222222222 0.21484375 0.5138888888888888 0.22265625 0.5069444444444444 0.224609375 0.5034722222222222 0.224609375 0.4965277777777778 0.228515625 0.4895833333333333 0.234375 0.4895833333333333 0.23828125 0.4965277777777778 0.23828125 0.5069444444444444 0.240234375 0.5104166666666666 0.23828125 0.53125 0.23046875 0.5381944444444444 0.2265625 0.5486111111111112 0.23046875 0.5625 0.23046875 0.6076388888888888 0.234375 0.6145833333333334
2 0.32421875 0.4548611111111111 0.326171875 0.4583333333333333 0.326171875 0.4791666666666667 0.32421875 0.4861111111111111 0.318359375 0.4930555555555556 0.306640625 0.5173611111111112 0.291015625 0.5034722222222222 0.29296875 0.4791666666666667 0.298828125 0.4756944444444444 0.3046875 0.4618055555555556 0.310546875 0.4618055555555556 0.314453125 0.4756944444444444 0.318359375 0.4791666666666667 0.322265625 0.46875 0.322265625 0.4583333333333333
2 0.298828125 0.3923611111111111 0.302734375 0.3993055555555556 0.302734375 0.4097222222222222 0.306640625 0.4131944444444444 0.306640625 0.4270833333333333 0.3046875 0.4305555555555556 0.302734375 0.4548611111111111 0.298828125 0.46875 0.29296875 0.4756944444444444 0.2890625 0.4722222222222222 0.287109375 0.4652777777777778 0.2890625 0.4618055555555556 0.2890625 0.4131944444444444 0.291015625 0.4097222222222222 0.291015625 0.3993055555555556 0.296875 0.3923611111111111
2 0.18359375 0.4027777777777778 0.1875 0.4166666666666667 0.193359375 0.4236111111111111 0.193359375 0.4375 0.19921875 0.4444444444444444 0.201171875 0.4583333333333333 0.20703125 0.46875 0.20703125 0.4756944444444444 0.203125 0.4756944444444444 0.201171875 0.4722222222222222 0.201171875 0.4652777777777778 0.197265625 0.4583333333333333 0.19140625 0.4652777777777778 0.19140625 0.5277777777777778 0.189453125 0.53125 0.185546875 0.53125 0.1875 0.5104166666666666 0.181640625 0.5034722222222222 0.177734375 0.5104166666666666 0.177734375 0.5173611111111112 0.17578125 0.5208333333333334 0.17578125 0.5381944444444444 0.171875 0.5451388888888888 0.169921875 0.5416666666666666 0.169921875 0.5277777777777778 0.171875 0.5243055555555556 0.171875 0.5138888888888888 0.17578125 0.5034722222222222 0.17578125 0.4965277777777778 0.171875 0.4791666666666667 0.171875 0.4444444444444444 0.169921875 0.4409722222222222 0.169921875 0.4270833333333333 0.17578125 0.4201388888888889 0.177734375 0.40625 0.181640625 0.4027777777777778
2 0.404296875 0.4027777777777778 0.4140625 0.4027777777777778 0.416015625 0.40625 0.416015625 0.4131944444444444 0.41796875 0.4166666666666667 0.41796875 0.4444444444444444 0.423828125 0.4652777777777778 0.423828125 0.4791666666666667 0.42578125 0.4861111111111111 0.4375 0.5069444444444444 0.439453125 0.5069444444444444 0.439453125 0.5138888888888888 0.431640625 0.5034722222222222 0.423828125 0.5 0.421875 0.5034722222222222 0.423828125 0.53125 0.421875 0.5347222222222222 0.416015625 0.5347222222222222 0.416015625 0.5277777777777778 0.41796875 0.5243055555555556 0.416015625 0.5208333333333334 0.412109375 0.4930555555555556 0.408203125 0.4826388888888889 0.408203125 0.46875 0.40234375 0.4513888888888889 0.40234375 0.4409722222222222 0.400390625 0.4375 0.40234375 0.4305555555555556 0.40234375 0.4201388888888889 0.404296875 0.4166666666666667 0.404296875 0.40625
2 0.4263020833333333 0.08611111111111111 0.019270833333333334 0.1111111111111111
2 0.93359375 0.2708333333333333 0.94140625 0.2708333333333333 0.943359375 0.2777777777777778 0.95703125 0.2986111111111111 0.958984375 0.3055555555555556 0.958984375 0.3159722222222222 0.962890625 0.3229166666666667 0.962890625 0.3263888888888889 0.95703125 0.3368055555555556 0.95703125 0.3576388888888889 0.958984375 0.3611111111111111 0.95703125 0.3854166666666667 0.958984375 0.3888888888888889 0.958984375 0.3958333333333333 0.953125 0.3958333333333333 0.953125 0.3854166666666667 0.94921875 0.3784722222222222 0.94921875 0.3715277777777778 0.943359375 0.3576388888888889 0.94140625 0.3333333333333333 0.931640625 0.3159722222222222 0.9296875 0.3159722222222222 0.93359375 0.3020833333333333 0.93359375 0.2847222222222222 0.931640625 0.28125 0.93359375 0.2743055555555556
2 0.392578125 0.4097222222222222 0.39453125 0.4131944444444444 0.39453125 0.4375 0.392578125 0.4409722222222222 0.39453125 0.4444444444444444 0.39453125 0.4513888888888889 0.390625 0.4548611111111111 0.3828125 0.4548611111111111 0.380859375 0.4583333333333333 0.380859375 0.4930555555555556 0.376953125 0.5034722222222222 0.376953125 0.5138888888888888 0.375 0.5173611111111112 0.376953125 0.5208333333333334 0.376953125 0.5347222222222222 0.37109375 0.5347222222222222 0.369140625 0.53125 0.369140625 0.5173611111111112 0.365234375 0.5104166666666666 0.369140625 0.4895833333333333 0.36328125 0.4652777777777778 0.36328125 0.4513888888888889 0.365234375 0.4444444444444444 0.3671875 0.4444444444444444 0.384765625 0.4097222222222222 0.390625 0.4097222222222222
2 0.16015625 0.3888888888888889 0.1640625 0.3958333333333333 0.166015625 0.4097222222222222 0.162109375 0.40625 0.154296875 0.40625 0.15234375 0.4131944444444444 0.14453125 0.4201388888888889 0.140625 0.4131944444444444 0.15625 0.3888888888888889 0.158203125 0.3888888888888889
2 0.6015625 0.09375 0.6015625 0.0625 0.599609375 0.059027777777777776 0.599609375 0.041666666666666664 0.60546875 0.024305555555555556 0.611328125 0.024305555555555556 0.61328125 0.034722222222222224 0.6171875 0.041666666666666664 0.6171875 0.06597222222222222 0.615234375 0.06944444444444445 0.615234375 0.10416666666666667 0.6171875 0.1076388888888889 0.6171875 0.125 0.60546875 0.125 0.60546875 0.09722222222222222 0.603515625 0.09375
2 0.8515625 0.006944444444444444 0.853515625 0.010416666666666666 0.853515625 0.024305555555555556 0.849609375 0.034722222222222224 0.849609375 0.09375 0.845703125 0.09375 0.84375 0.09722222222222222 0.837890625 0.09722222222222222 0.837890625 0.03819444444444445 0.833984375 0.020833333333333332 0.8359375 0.013888888888888888 0.84375 0.006944444444444444 0.849609375 0.006944444444444444
2 0.70703125 0.017361111111111112 0.7109375 0.017361111111111112 0.71875 0.03819444444444445 0.71875 0.05555555555555555 0.716796875 0.059027777777777776 0.716796875 0.1076388888888889 0.71875 0.1111111111111111 0.71875 0.11805555555555555 0.71484375 0.11805555555555555 0.712890625 0.11458333333333333 0.7109375 0.11805555555555555 0.70703125 0.11805555555555555 0.703125 0.10069444444444445 0.703125 0.06944444444444445 0.701171875 0.06597222222222222 0.701171875 0.034722222222222224 0.70703125 0.020833333333333332
2 0.44921875 0.09027777777777778 0.44921875 0.0763888888888889 0.453125 0.0625 0.443359375 0.05555555555555555 0.4375 0.041666666666666664 0.439453125 0.027777777777777776 0.447265625 0.013888888888888888 0.453125 0.020833333333333332 0.453125 0.027777777777777776 0.45703125 0.034722222222222224 0.45703125 0.052083333333333336 0.453125 0.0625 0.455078125 0.06597222222222222 0.455078125 0.0763888888888889 0.453125 0.0798611111111111 0.453125 0.09027777777777778 0.451171875 0.09027777777777778
2 0.1953125 0.7361111111111112 0.197265625 0.7395833333333334 0.197265625 0.7465277777777778 0.193359375 0.7569444444444444 0.193359375 0.7673611111111112 0.1953125 0.7708333333333334 0.1953125 0.7777777777777778 0.19921875 0.7847222222222222 0.19921875 0.7951388888888888 0.1953125 0.7951388888888888 0.19140625 0.8020833333333334 0.193359375 0.8090277777777778 0.193359375 0.8194444444444444 0.189453125 0.8263888888888888 0.185546875 0.8402777777777778 0.185546875 0.8472222222222222 0.181640625 0.8541666666666666 0.17578125 0.8576388888888888 0.169921875 0.8680555555555556 0.173828125 0.8819444444444444 0.1640625 0.8819444444444444 0.16015625 0.8784722222222222 0.16015625 0.875 0.154296875 0.8680555555555556 0.154296875 0.8541666666666666 0.16015625 0.84375 0.166015625 0.84375 0.16796875 0.8472222222222222 0.169921875 0.84375 0.171875 0.8020833333333334 0.17578125 0.7951388888888888 0.17578125 0.7743055555555556 0.185546875 0.7395833333333334 0.189453125 0.7326388888888888 0.193359375 0.7361111111111112