0 0.103515625 0.09375 0.107421875 0.10069444444444445 0.107421875 0.11458333333333333 0.10546875 0.11805555555555555 0.09765625 0.11805555555555555 0.09765625 0.09722222222222222 0.1015625 0.09375
0 0.40234375 0.06597222222222222 0.40625 0.0625 0.412109375 0.0625 0.412109375 0.08333333333333333 0.408203125 0.09027777777777778 0.40234375 0.08680555555555555 0.40234375 0.06944444444444445
0 0.1875 0.1597222222222222 0.19140625 0.16666666666666666 0.19140625 0.17708333333333334 0.1875 0.1875 0.18359375 0.1875 0.1796875 0.18055555555555555 0.1796875 0.16319444444444445 0.185546875 0.1597222222222222
0 0.16796875 0.2847222222222222 0.173828125 0.28125 0.177734375 0.2847222222222222 0.1796875 0.2916666666666667 0.1796875 0.2986111111111111 0.177734375 0.3020833333333333 0.177734375 0.3090277777777778 0.1796875 0.3125 0.177734375 0.3159722222222222 0.171875 0.3159722222222222 0.16796875 0.3055555555555556 0.16796875 0.2986111111111111 0.169921875 0.2951388888888889 0.16796875 0.2881944444444444
0 0.2890625 0.6319444444444444 0.291015625 0.6388888888888888 0.291015625 0.65625 0.287109375 0.6631944444444444 0.28125 0.6631944444444444 0.2734375 0.6527777777777778 0.2734375 0.6388888888888888 0.275390625 0.6354166666666666 0.287109375 0.6319444444444444
0 0.365234375 0.9861111111111112 0.37109375 0.9965277777777778 0.35546875 0.9965277777777778 0.35546875 0.9895833333333334 0.357421875 0.9861111111111112 0.36328125 0.9861111111111112
0 0.39453125 0.9965277777777778 0.396484375 0.9930555555555556 0.408203125 0.9965277777777778 0.396484375 0.9965277777777778
0 0.646484375 0.7326388888888888 0.65625 0.7326388888888888 0.66015625 0.7361111111111112 0.66015625 0.75 0.654296875 0.7638888888888888 0.650390625 0.7638888888888888 0.642578125 0.7534722222222222 0.642578125 0.7465277777777778 0.646484375 0.7361111111111112
0 0.640625 0.2604166666666667 0.6484375 0.2604166666666667 0.650390625 0.2638888888888889 0.650390625 0.2881944444444444 0.646484375 0.2951388888888889 0.642578125 0.2951388888888889 0.638671875 0.2881944444444444 0.63671875 0.2743055555555556 0.640625 0.2638888888888889
0 0.71484375 0.2916666666666667 0.71484375 0.3090277777777778 0.7109375 0.3159722222222222 0.70703125 0.3159722222222222 0.703125 0.3090277777777778 0.703125 0.2881944444444444 0.705078125 0.2847222222222222 0.7109375 0.2847222222222222 0.712890625 0.2916666666666667
0 0.763671875 0.1736111111111111 0.767578125 0.1701388888888889 0.7734375 0.1701388888888889 0.77734375 0.17708333333333334 0.77734375 0.19444444444444445 0.767578125 0.2048611111111111 0.763671875 0.2013888888888889 0.763671875 0.17708333333333334
0 0.814453125 0.2048611111111111 0.81640625 0.20833333333333334 0.81640625 0.2222222222222222 0.810546875 0.2326388888888889 0.806640625 0.2326388888888889 0.8046875 0.22916666666666666 0.8046875 0.21875 0.806640625 0.21180555555555555 0.8125 0.2048611111111111
0 0.8432291666666667 0.20092592592592592 0.01875 0.037037037037037035
0 0.962890625 0.28125 0.966796875 0.2881944444444444 0.962890625 0.2951388888888889 0.95703125 0.2951388888888889 0.953125 0.3020833333333333 0.94921875 0.3020833333333333 0.94921875 0.2847222222222222 0.95703125 0.2777777777777778 0.9609375 0.28125
0 0.94140625 0.3125 0.94140625 0.3229166666666667 0.935546875 0.3298611111111111 0.93359375 0.34375 0.927734375 0.34375 0.92578125 0.3402777777777778 0.92578125 0.3263888888888889 0.9296875 0.3159722222222222 0.93359375 0.3125 0.939453125 0.3125
0 0.982421875 0.3472222222222222 0.986328125 0.3576388888888889 0.98046875 0.375 0.97265625 0.375 0.970703125 0.3715277777777778 0.970703125 0.3541666666666667 0.974609375 0.3472222222222222 0.98046875 0.3472222222222222
1 0.8484375 0.22916666666666666 0.027083333333333334 0.04722222222222222
1 0.095703125 0.11458333333333333 0.1015625 0.125 0.103515625 0.125 0.109375 0.1111111111111111 0.11328125 0.11458333333333333 0.111328125 0.15625 0.107421875 0.1597222222222222 0.091796875 0.14930555555555555 0.091796875 0.11805555555555555 0.09375 0.11805555555555555
1 0.265625 0.6631944444444444 0.26953125 0.6597222222222222 0.275390625 0.6597222222222222 0.279296875 0.6666666666666666 0.283203125 0.6666666666666666 0.287109375 0.6597222222222222 0.291015625 0.6631944444444444 0.2890625 0.6736111111111112 0.283203125 0.6840277777777778 0.275390625 0.7083333333333334 0.26953125 0.7083333333333334 0.265625 0.7048611111111112 0.265625 0.6875 0.263671875 0.6840277777777778 0.263671875 0.6701388888888888 0.265625 0.6666666666666666
1 0.630859375 0.2777777777777778 0.63671875 0.2743055555555556 0.63671875 0.28125 0.642578125 0.2951388888888889 0.654296875 0.28125 0.66015625 0.2916666666666667 0.66015625 0.3020833333333333 0.662109375 0.3055555555555556 0.662109375 0.3263888888888889 0.658203125 0.3263888888888889 0.65625 0.3298611111111111 0.642578125 0.3298611111111111 0.638671875 0.3229166666666667 0.638671875 0.3159722222222222 0.6328125 0.3020833333333333 0.630859375 0.28125
1 0.171875 0.18055555555555555 0.1796875 0.18055555555555555 0.185546875 0.1875 0.19140625 0.17708333333333334 0.193359375 0.17708333333333334 0.19921875 0.1909722222222222 0.19921875 0.19791666666666666 0.1953125 0.2048611111111111 0.1953125 0.2222222222222222 0.19140625 0.22916666666666666 0.177734375 0.22916666666666666 0.17578125 0.22569444444444445 0.17578125 0.20833333333333334 0.171875 0.2013888888888889 0.171875 0.19444444444444445 0.169921875 0.1909722222222222 0.171875 0.1840277777777778
1 0.990234375 0.3611111111111111 0.99609375 0.3680555555555556 0.99609375 0.375 0.998046875 0.3784722222222222 0.998046875 0.4131944444444444 0.990234375 0.4131944444444444 0.984375 0.3993055555555556 0.9765625 0.3958333333333333 0.974609375 0.375 0.978515625 0.375 0.986328125 0.3611111111111111 0.98828125 0.3611111111111111
1 0.943359375 0.3298611111111111 0.951171875 0.3402777777777778 0.95703125 0.3611111111111111 0.95703125 0.375 0.953125 0.3819444444444444 0.94140625 0.3819444444444444 0.94140625 0.375 0.931640625 0.3541666666666667 0.93359375 0.3402777777777778 0.939453125 0.3298611111111111 0.94140625 0.3298611111111111
1 0.16015625 0.3055555555555556 0.166015625 0.3020833333333333 0.171875 0.3159722222222222 0.17578125 0.3159722222222222 0.181640625 0.3055555555555556 0.185546875 0.3055555555555556 0.185546875 0.3263888888888889 0.18359375 0.3298611111111111 0.18359375 0.3402777777777778 0.177734375 0.3472222222222222 0.169921875 0.3472222222222222 0.1640625 0.3402777777777778 0.1640625 0.3298611111111111 0.158203125 0.3194444444444444 0.158203125 0.3125 0.16015625 0.3090277777777778
1 0.400390625 0.0763888888888889 0.404296875 0.09375 0.408203125 0.09375 0.412109375 0.08333333333333333 0.41796875 0.08333333333333333 0.419921875 0.09027777777777778 0.41796875 0.09722222222222222 0.41796875 0.11805555555555555 0.412109375 0.125 0.400390625 0.125 0.396484375 0.11805555555555555 0.396484375 0.10069444444444445 0.392578125 0.09027777777777778 0.392578125 0.08333333333333333 0.3984375 0.0763888888888889
1 0.974609375 0.2951388888888889 0.978515625 0.3020833333333333 0.978515625 0.3090277777777778 0.982421875 0.3229166666666667 0.990234375 0.3402777777777778 0.982421875 0.3402777777777778 0.98046875 0.34375 0.97265625 0.34375 0.970703125 0.3472222222222222 0.962890625 0.3368055555555556 0.9609375 0.3229166666666667 0.95703125 0.3159722222222222 0.953125 0.3194444444444444 0.951171875 0.3055555555555556 0.9609375 0.2986111111111111 0.96484375 0.2916666666666667 0.970703125 0.2916666666666667 0.97265625 0.2951388888888889
1 0.6640625 0.7604166666666666 0.666015625 0.7673611111111112 0.666015625 0.7847222222222222 0.66796875 0.7881944444444444 0.66796875 0.7951388888888888 0.666015625 0.7986111111111112 0.666015625 0.8090277777777778 0.66015625 0.8159722222222222 0.6484375 0.8159722222222222 0.640625 0.7881944444444444 0.6328125 0.7777777777777778 0.6328125 0.7708333333333334 0.640625 0.7604166666666666 0.65625 0.7604166666666666 0.658203125 0.7569444444444444 0.662109375 0.7604166666666666
1 0.80078125 0.20833333333333334 0.8046875 0.22569444444444445 0.80859375 0.2326388888888889 0.810546875 0.2326388888888889 0.81640625 0.21875 0.818359375 0.21875 0.82421875 0.22916666666666666 0.82421875 0.24305555555555555 0.822265625 0.25 0.814453125 0.2569444444444444 0.810546875 0.2569444444444444 0.8046875 0.25 0.8046875 0.24305555555555555 0.80078125 0.22916666666666666 0.79296875 0.21180555555555555 0.798828125 0.20833333333333334
1 0.720703125 0.3055555555555556 0.72265625 0.3090277777777778 0.7265625 0.3368055555555556 0.72265625 0.3472222222222222 0.72265625 0.3541666666666667 0.712890625 0.3680555555555556 0.703125 0.3645833333333333 0.703125 0.3472222222222222 0.697265625 0.3333333333333333 0.6953125 0.3159722222222222 0.69921875 0.3090277777777778 0.705078125 0.3090277777777778 0.70703125 0.3125 0.712890625 0.3055555555555556 0.71875 0.3055555555555556
1 0.763671875 0.19444444444444445 0.767578125 0.19444444444444445 0.76953125 0.19791666666666666 0.771484375 0.19444444444444445 0.78125 0.19444444444444445 0.783203125 0.19791666666666666 0.783203125 0.21875 0.78125 0.2152777777777778 0.775390625 0.2152777777777778 0.7734375 0.21875 0.775390625 0.22569444444444445 0.775390625 0.2361111111111111 0.7734375 0.23958333333333334 0.767578125 0.23958333333333334 0.763671875 0.2326388888888889 0.763671875 0.19791666666666666
2 0.845703125 0.1840277777777778 0.849609375 0.1909722222222222 0.849609375 0.2048611111111111 0.853515625 0.20833333333333334 0.857421875 0.21875 0.857421875 0.22916666666666666 0.86328125 0.2534722222222222 0.86328125 0.2743055555555556 0.861328125 0.2777777777777778 0.861328125 0.2881944444444444 0.86328125 0.2916666666666667 0.869140625 0.2916666666666667 0.875 0.2847222222222222 0.87890625 0.2847222222222222 0.8828125 0.3020833333333333 0.87890625 0.3055555555555556 0.873046875 0.2986111111111111 0.86328125 0.3090277777777778 0.8515625 0.3125 0.845703125 0.2916666666666667 0.841796875 0.2986111111111111 0.841796875 0.3159722222222222 0.837890625 0.3333333333333333 0.83203125 0.3333333333333333 0.830078125 0.3298611111111111 0.833984375 0.3194444444444444 0.833984375 0.2847222222222222 0.8359375 0.28125 0.837890625 0.2638888888888889 0.841796875 0.2569444444444444 0.841796875 0.2465277777777778 0.83984375 0.23958333333333334 0.83203125 0.22916666666666666 0.8359375 0.21875 0.8359375 0.20833333333333334 0.833984375 0.2048611111111111 0.8359375 0.1909722222222222 0.84375 0.1840277777777778
2 0.103515625 0.09375 0.107421875 0.09722222222222222 0.111328125 0.1076388888888889 0.11328125 0.11458333333333333 0.11328125 0.1284722222222222 0.1171875 0.1388888888888889 0.1171875 0.14583333333333334 0.111328125 0.1597222222222222 0.111328125 0.2013888888888889 0.109375 0.2048611111111111 0.109375 0.22569444444444445 0.10546875 0.22569444444444445 0.10546875 0.2222222222222222 0.099609375 0.21180555555555555 0.099609375 0.2013888888888889 0.09375 0.17708333333333334 0.09375 0.1597222222222222 0.091796875 0.15625 0.091796875 0.11805555555555555 0.095703125 0.1111111111111111 0.09765625 0.09722222222222222 0.1015625 0.09375
2 0.982421875 0.3472222222222222 0.98828125 0.3541666666666667 0.990234375 0.3611111111111111 0.994140625 0.3611111111111111 0.998046875 0.375 0.998046875 0.4791666666666667 0.9921875 0.4791666666666667 0.99609375 0.4652777777777778 0.98828125 0.4513888888888889 0.982421875 0.4479166666666667 0.98046875 0.4409722222222222 0.982421875 0.4340277777777778 0.982421875 0.4236111111111111 0.986328125 0.4097222222222222 0.982421875 0.3993055555555556 0.9765625 0.3958333333333333 0.9765625 0.3888888888888889 0.97265625 0.3784722222222222 0.97265625 0.3680555555555556 0.970703125 0.3645833333333333 0.97265625 0.3506944444444444 0.974609375 0.3472222222222222 0.98046875 0.3472222222222222
2 0.958984375 0.28125 0.974609375 0.2951388888888889 0.984375 0.3125 0.990234375 0.3159722222222222 0.994140625 0.3229166666666667 0.99609375 0.3611111111111111 0.9921875 0.3611111111111111 0.98046875 0.34375 0.9765625 0.34375 0.970703125 0.3506944444444444 0.958984375 0.3333333333333333 0.955078125 0.3368055555555556 0.951171875 0.3368055555555556 0.94921875 0.3333333333333333 0.94921875 0.3229166666666667 0.951171875 0.3194444444444444 0.951171875 0.3020833333333333 0.94921875 0.2986111111111111 0.94921875 0.2916666666666667 0.951171875 0.2847222222222222 0.95703125 0.28125
2 0.28515625 0.6319444444444444 0.2890625 0.6423611111111112 0.291015625 0.6701388888888888 0.306640625 0.6840277777777778 0.310546875 0.6909722222222222 0.3046875 0.6909722222222222 0.2890625 0.6770833333333334 0.279296875 0.6944444444444444 0.2734375 0.7152777777777778 0.2734375 0.7222222222222222 0.275390625 0.7256944444444444 0.275390625 0.7430555555555556 0.271484375 0.7534722222222222 0.265625 0.7569444444444444 0.2578125 0.7708333333333334 0.2578125 0.7881944444444444 0.25390625 0.7881944444444444 0.25 0.78125 0.248046875 0.7708333333333334 0.26171875 0.75 0.263671875 0.7395833333333334 0.26171875 0.7361111111111112 0.255859375 0.7361111111111112 0.251953125 0.7430555555555556 0.248046875 0.7430555555555556 0.24609375 0.7291666666666666 0.248046875 0.7256944444444444 0.251953125 0.7256944444444444 0.25390625 0.7291666666666666 0.2578125 0.7256944444444444 0.2578125 0.6805555555555556 0.259765625 0.6805555555555556 0.263671875 0.6666666666666666 0.271484375 0.65625 0.271484375 0.6458333333333334 0.2734375 0.6388888888888888 0.27734375 0.6319444444444444 0.283203125 0.6319444444444444
2 0.646484375 0.2604166666666667 0.650390625 0.2673611111111111 0.650390625 0.2743055555555556 0.65625 0.2847222222222222 0.658203125 0.2847222222222222 0.662109375 0.3020833333333333 0.6640625 0.3263888888888889 0.66796875 0.3333333333333333 0.66796875 0.34375 0.666015625 0.3472222222222222 0.666015625 0.3576388888888889 0.6640625 0.3645833333333333 0.658203125 0.3645833333333333 0.658203125 0.3611111111111111 0.65234375 0.3506944444444444 0.6484375 0.3541666666666667 0.6484375 0.3680555555555556 0.66015625 0.3888888888888889 0.66015625 0.3993055555555556 0.65625 0.40625 0.650390625 0.40625 0.650390625 0.3888888888888889 0.638671875 0.3645833333333333 0.638671875 0.3541666666666667 0.63671875 0.3506944444444444 0.63671875 0.3298611111111111 0.638671875 0.3263888888888889 0.638671875 0.3194444444444444 0.63671875 0.3125 0.630859375 0.3020833333333333 0.626953125 0.3090277777777778 0.625 0.3333333333333333 0.623046875 0.3368055555555556 0.6171875 0.3368055555555556 0.6171875 0.3298611111111111 0.62109375 0.3229166666666667 0.62109375 0.3055555555555556 0.623046875 0.3020833333333333 0.623046875 0.2951388888888889 0.630859375 0.28125 0.630859375 0.2777777777777778 0.63671875 0.2743055555555556 0.638671875 0.2673611111111111 0.64453125 0.2604166666666667
2 0.1953125 0.17708333333333334 0.205078125 0.20833333333333334 0.205078125 0.2361111111111111 0.197265625 0.24305555555555555 0.197265625 0.2881944444444444 0.19921875 0.2916666666666667 0.19921875 0.3055555555555556 0.1953125 0.3055555555555556 0.193359375 0.3020833333333333 0.19140625 0.2708333333333333 0.189453125 0.2673611111111111 0.185546875 0.2673611111111111 0.18359375 0.2708333333333333 0.18359375 0.2951388888888889 0.185546875 0.2986111111111111 0.181640625 0.2986111111111111 0.177734375 0.2847222222222222 0.177734375 0.2638888888888889 0.173828125 0.2534722222222222 0.16796875 0.2569444444444444 0.16796875 0.23958333333333334 0.166015625 0.2361111111111111 0.169921875 0.21875 0.169921875 0.1909722222222222 0.171875 0.1875 0.171875 0.18055555555555555 0.177734375 0.1736111111111111 0.1796875 0.16319444444444445 0.181640625 0.1597222222222222 0.1875 0.1597222222222222 0.19140625 0.16666666666666666 0.19140625 0.1736111111111111 0.193359375 0.17708333333333334
2 0.935546875 0.3125 0.94921875 0.3333333333333333 0.953125 0.34375 0.955078125 0.3576388888888889 0.962890625 0.3715277777777778 0.96484375 0.3784722222222222 0.96484375 0.4131944444444444 0.97265625 0.4305555555555556 0.97265625 0.4409722222222222 0.96484375 0.4409722222222222 0.96484375 0.4305555555555556 0.958984375 0.4201388888888889 0.955078125 0.4236111111111111 0.958984375 0.4340277777777778 0.95703125 0.4375 0.953125 0.4375 0.94921875 0.4305555555555556 0.9375 0.4270833333333333 0.931640625 0.4166666666666667 0.931640625 0.40625 0.94140625 0.3888888888888889 0.94140625 0.3784722222222222 0.92578125 0.3402777777777778 0.92578125 0.3263888888888889 0.927734375 0.3194444444444444 0.93359375 0.3125
2 0.7109375 0.2847222222222222 0.71484375 0.2951388888888889 0.71484375 0.3020833333333333 0.72265625 0.3090277777777778 0.724609375 0.3263888888888889 0.73046875 0.3402777777777778 0.728515625 0.3645833333333333 0.72265625 0.3715277777777778 0.724609375 0.3888888888888889 0.728515625 0.3958333333333333 0.736328125 0.3958333333333333 0.740234375 0.3923611111111111 0.744140625 0.3993055555555556 0.74609375 0.4166666666666667 0.744140625 0.4201388888888889 0.736328125 0.40625 0.720703125 0.4097222222222222 0.716796875 0.3993055555555556 0.716796875 0.3888888888888889 0.712890625 0.3819444444444444 0.705078125 0.3993055555555556 0.705078125 0.4305555555555556 0.70703125 0.4340277777777778 0.70703125 0.4479166666666667 0.703125 0.4548611111111111 0.6953125 0.4548611111111111 0.701171875 0.4409722222222222 0.701171875 0.4305555555555556 0.697265625 0.4131944444444444 0.697265625 0.3888888888888889 0.701171875 0.3715277777777778 0.701171875 0.3576388888888889 0.69921875 0.3541666666666667 0.693359375 0.3645833333333333 0.693359375 0.3472222222222222 0.697265625 0.3402777777777778 0.6953125 0.3159722222222222 0.701171875 0.3055555555555556 0.703125 0.2881944444444444 0.708984375 0.2847222222222222
2 0.16796875 0.2881944444444444 0.173828125 0.2847222222222222 0.1796875 0.2951388888888889 0.1796875 0.2986111111111111 0.185546875 0.3055555555555556 0.185546875 0.3298611111111111 0.189453125 0.3472222222222222 0.1875 0.3541666666666667 0.181640625 0.3611111111111111 0.181640625 0.3715277777777778 0.189453125 0.3888888888888889 0.193359375 0.4027777777777778 0.193359375 0.4131944444444444 0.189453125 0.4166666666666667 0.185546875 0.4027777777777778 0.177734375 0.3888888888888889 0.17578125 0.3784722222222222 0.169921875 0.3680555555555556 0.16796875 0.3541666666666667 0.1640625 0.34375 0.1640625 0.3333333333333333 0.16015625 0.3263888888888889 0.1484375 0.3368055555555556 0.142578125 0.3472222222222222 0.142578125 0.3506944444444444 0.13671875 0.3576388888888889 0.13671875 0.3472222222222222 0.142578125 0.3402777777777778 0.14453125 0.3333333333333333 0.146484375 0.3333333333333333 0.16015625 0.3090277777777778 0.16015625 0.3055555555555556 0.166015625 0.2986111111111111 0.16796875 0.2916666666666667
2 0.390625 0.1284722222222222 0.388671875 0.125 0.388671875 0.1111111111111111 0.38671875 0.1076388888888889 0.38671875 0.09375 0.388671875 0.08680555555555555 0.3984375 0.0763888888888889 0.40625 0.059027777777777776 0.412109375 0.06597222222222222 0.412109375 0.07291666666666667 0.419921875 0.09027777777777778 0.41796875 0.09722222222222222 0.41796875 0.12152777777777778 0.416015625 0.125 0.416015625 0.18055555555555555 0.412109375 0.1840277777777778 0.40625 0.19791666666666666 0.404296875 0.19791666666666666 0.404296875 0.1736111111111111 0.3984375 0.14930555555555555 0.3984375 0.13541666666666666 0.396484375 0.1284722222222222 0.392578125 0.125
2 0.65234375 0.7326388888888888 0.658203125 0.7430555555555556 0.66015625 0.7569444444444444 0.6640625 0.7604166666666666 0.666015625 0.7673611111111112 0.666015625 0.7847222222222222 0.66796875 0.7881944444444444 0.66796875 0.7951388888888888 0.666015625 0.7986111111111112 0.666015625 0.8333333333333334 0.66015625 0.84375 0.66015625 0.8645833333333334 0.662109375 0.8680555555555556 0.662109375 0.875 0.654296875 0.875 0.646484375 0.8680555555555556 0.646484375 0.84375 0.64453125 0.8402777777777778 0.64453125 0.8333333333333334 0.6484375 0.8229166666666666 0.6484375 0.8159722222222222 0.64453125 0.8055555555555556 0.64453125 0.7986111111111112 0.640625 0.7916666666666666 0.634765625 0.7986111111111112 0.630859375 0.7986111111111112 0.630859375 0.7743055555555556 0.6328125 0.7673611111111112 0.638671875 0.7638888888888888 0.642578125 0.7569444444444444 0.642578125 0.7430555555555556 0.64453125 0.7361111111111112 0.650390625 0.7326388888888888
2 0.787109375 0.2222222222222222 0.79296875 0.20833333333333334 0.806640625 0.20833333333333334 0.80859375 0.2048611111111111 0.814453125 0.2048611111111111 0.830078125 0.2465277777777778 0.830078125 0.2534722222222222 0.826171875 0.2604166666666667 0.828125 0.2673611111111111 0.828125 0.2847222222222222 0.830078125 0.2881944444444444 0.830078125 0.3263888888888889 0.826171875 0.3263888888888889 0.826171875 0.3020833333333333 0.82421875 0.2951388888888889 0.818359375 0.2881944444444444 0.81640625 0.2916666666666667 0.81640625 0.3090277777777778 0.814453125 0.3125 0.814453125 0.3194444444444444 0.810546875 0.3263888888888889 0.806640625 0.3229166666666667 0.8046875 0.3090277777777778 0.796875 0.2951388888888889 0.796875 0.2708333333333333 0.802734375 0.2534722222222222 0.802734375 0.2361111111111111 0.796875 0.2222222222222222 0.7890625 0.22569444444444445
2 0.7734375 0.1701388888888889 0.77734375 0.18055555555555555 0.77734375 0.1875 0.783203125 0.2013888888888889 0.783203125 0.21875 0.7890625 0.2326388888888889 0.791015625 0.2534722222222222 0.79296875 0.2569444444444444 0.79296875 0.2916666666666667 0.7890625 0.2916666666666667 0.78515625 0.2743055555555556 0.779296875 0.2673611111111111 0.7734375 0.2673611111111111 0.76953125 0.2743055555555556 0.76953125 0.28125 0.77734375 0.3090277777777778 0.77734375 0.3194444444444444 0.7734375 0.3229166666666667 0.771484375 0.3229166666666667 0.76953125 0.3159722222222222 0.76953125 0.3055555555555556 0.763671875 0.2916666666666667 0.763671875 0.2847222222222222 0.76171875 0.28125 0.763671875 0.18055555555555555 0.765625 0.1736111111111111 0.771484375 0.1701388888888889
2 0.35546875 0.9826388888888888 0.359375 0.9861111111111112 0.373046875 0.9861111111111112 0.373046875 0.9965277777777778 0.35546875 0.9965277777777778 0.35546875 0.9861111111111112
2 0.392578125 0.9965277777777778 0.39453125 0.9930555555555556 0.408203125 0.9930555555555556 0.408203125 0.9965277777777778 0.39453125 0.9965277777777778