0 0.568359375 0.2777777777777778 0.5703125 0.28125 0.57421875 0.28125 0.58203125 0.2951388888888889 0.58203125 0.3020833333333333 0.583984375 0.3055555555555556 0.58203125 0.3125 0.58203125 0.3368055555555556 0.5703125 0.3368055555555556 0.560546875 0.3506944444444444 0.548828125 0.34375 0.546875 0.3368055555555556 0.546875 0.3055555555555556 0.548828125 0.3020833333333333 0.548828125 0.2951388888888889 0.552734375 0.2881944444444444 0.56640625 0.2777777777777778
0 0.365234375 0.20833333333333334 0.369140625 0.21875 0.369140625 0.2465277777777778 0.35546875 0.24305555555555555 0.353515625 0.2465277777777778 0.349609375 0.2465277777777778 0.341796875 0.2569444444444444 0.3359375 0.2534722222222222 0.330078125 0.23958333333333334 0.330078125 0.22916666666666666 0.333984375 0.21180555555555555 0.34375 0.19791666666666666 0.353515625 0.19791666666666666 0.35546875 0.2013888888888889 0.359375 0.2013888888888889 0.36328125 0.20833333333333334
0 0.5078125 0.3055555555555556 0.51171875 0.3020833333333333 0.517578125 0.3020833333333333 0.52734375 0.3090277777777778 0.533203125 0.3194444444444444 0.533203125 0.3541666666666667 0.53515625 0.3576388888888889 0.533203125 0.3784722222222222 0.529296875 0.3819444444444444 0.505859375 0.3819444444444444 0.501953125 0.3784722222222222 0.5 0.375 0.501953125 0.3715277777777778 0.5 0.3680555555555556 0.5 0.3402777777777778 0.498046875 0.3368055555555556 0.498046875 0.3263888888888889 0.5078125 0.3090277777777778
0 0.36328125 0.2465277777777778 0.365234375 0.25 0.369140625 0.25 0.376953125 0.2638888888888889 0.376953125 0.2708333333333333 0.37890625 0.2743055555555556 0.37890625 0.2986111111111111 0.376953125 0.3020833333333333 0.376953125 0.3090277777777778 0.37109375 0.3194444444444444 0.37109375 0.3229166666666667 0.365234375 0.3298611111111111 0.357421875 0.3229166666666667 0.357421875 0.3090277777777778 0.349609375 0.2951388888888889 0.349609375 0.2916666666666667 0.33984375 0.2777777777777778 0.34375 0.2569444444444444 0.349609375 0.25 0.361328125 0.2465277777777778
0 0.642578125 0.5069444444444444 0.646484375 0.5069444444444444 0.6484375 0.5034722222222222 0.654296875 0.5034722222222222 0.65625 0.5069444444444444 0.65625 0.5208333333333334 0.65234375 0.5381944444444444 0.64453125 0.5347222222222222 0.638671875 0.5277777777777778 0.638671875 0.5208333333333334 0.642578125 0.5104166666666666
0 0.826171875 0.2048611111111111 0.833984375 0.2152777777777778 0.833984375 0.22569444444444445 0.8359375 0.22916666666666666 0.8359375 0.2534722222222222 0.83203125 0.2638888888888889 0.8125 0.2638888888888889 0.810546875 0.2604166666666667 0.8046875 0.2604166666666667 0.80078125 0.25 0.80078125 0.2326388888888889 0.810546875 0.20833333333333334 0.814453125 0.2048611111111111 0.82421875 0.2048611111111111
0 0.5625 0 0.58984375 0 0.58984375 0.003472222222222222 0.578125 0.024305555555555556 0.57421875 0.027777777777777776 0.5703125 0.027777777777777776 0.5625 0.013888888888888888 0.5625 0.003472222222222222
0 0.611328125 0.13541666666666666 0.6171875 0.14583333333333334 0.6171875 0.1701388888888889 0.615234375 0.17708333333333334 0.619140625 0.19444444444444445 0.61328125 0.20833333333333334 0.609375 0.20833333333333334 0.607421875 0.21180555555555555 0.603515625 0.21180555555555555 0.591796875 0.2013888888888889 0.5859375 0.17708333333333334 0.5859375 0.16319444444444445 0.58984375 0.14930555555555555 0.595703125 0.1388888888888889 0.599609375 0.13541666666666666 0.609375 0.13541666666666666
0 0.4921875 0.14930555555555555 0.49609375 0.16319444444444445 0.49609375 0.1875 0.494140625 0.1909722222222222 0.494140625 0.19791666666666666 0.490234375 0.2013888888888889 0.490234375 0.20833333333333334 0.484375 0.21875 0.46875 0.21875 0.458984375 0.21180555555555555 0.455078125 0.19444444444444445 0.45703125 0.1875 0.45703125 0.1597222222222222 0.4609375 0.1423611111111111 0.46875 0.13194444444444445 0.482421875 0.13194444444444445 0.490234375 0.14930555555555555
0 0.861328125 0.1423611111111111 0.8671875 0.16319444444444445 0.8671875 0.18055555555555555 0.86328125 0.1875 0.84765625 0.1909722222222222 0.83984375 0.20833333333333334 0.833984375 0.2048611111111111 0.83203125 0.1875 0.828125 0.17708333333333334 0.828125 0.16666666666666666 0.83203125 0.14930555555555555 0.841796875 0.13541666666666666 0.85546875 0.13541666666666666 0.859375 0.1423611111111111
0 0.58203125 0.3402777777777778 0.587890625 0.3472222222222222 0.591796875 0.3611111111111111 0.591796875 0.3854166666666667 0.58203125 0.3854166666666667 0.580078125 0.3784722222222222 0.57421875 0.3784722222222222 0.5703125 0.3715277777777778 0.560546875 0.3715277777777778 0.55859375 0.3680555555555556 0.560546875 0.3576388888888889 0.5703125 0.3402777777777778 0.580078125 0.3402777777777778
0 0.599609375 0.4861111111111111 0.599609375 0.4791666666666667 0.611328125 0.4652777777777778 0.62890625 0.4652777777777778 0.634765625 0.4791666666666667 0.634765625 0.5034722222222222 0.630859375 0.5034722222222222 0.623046875 0.4930555555555556 0.6171875 0.4930555555555556 0.615234375 0.4895833333333333 0.603515625 0.4895833333333333 0.6015625 0.4861111111111111
0 0.54296875 0.18055555555555555 0.548828125 0.1875 0.556640625 0.2048611111111111 0.556640625 0.22916666666666666 0.55859375 0.2326388888888889 0.556640625 0.23958333333333334 0.541015625 0.2638888888888889 0.529296875 0.2638888888888889 0.525390625 0.2604166666666667 0.5234375 0.2534722222222222 0.5234375 0.2048611111111111 0.525390625 0.2013888888888889 0.525390625 0.19444444444444445 0.53125 0.1840277777777778 0.53515625 0.18055555555555555 0.541015625 0.18055555555555555
1 0.619140625 0.1423611111111111 0.625 0.1423611111111111 0.626953125 0.14583333333333334 0.63671875 0.14930555555555555 0.65625 0.18055555555555555 0.658203125 0.18055555555555555 0.666015625 0.2013888888888889 0.66796875 0.22569444444444445 0.669921875 0.22916666666666666 0.66796875 0.22916666666666666 0.6640625 0.2152777777777778 0.6640625 0.20833333333333334 0.646484375 0.1701388888888889 0.638671875 0.16666666666666666 0.634765625 0.1597222222222222 0.625 0.15625 0.619140625 0.14583333333333334
1 0.3216145833333333 0.2865740740740741 0.03802083333333333 0.06574074074074074
1 0.791015625 0.2777777777777778 0.79296875 0.28125 0.796875 0.28125 0.798828125 0.2777777777777778 0.83984375 0.28125 0.841796875 0.2847222222222222 0.853515625 0.2847222222222222 0.857421875 0.2881944444444444 0.857421875 0.3125 0.85546875 0.3194444444444444 0.84765625 0.3298611111111111 0.84765625 0.34375 0.845703125 0.3472222222222222 0.845703125 0.3680555555555556 0.84765625 0.3715277777777778 0.84765625 0.3819444444444444 0.84375 0.3888888888888889 0.845703125 0.3923611111111111 0.845703125 0.4270833333333333 0.830078125 0.4270833333333333 0.828125 0.4305555555555556 0.794921875 0.4270833333333333 0.79296875 0.4305555555555556 0.791015625 0.4236111111111111 0.791015625 0.3819444444444444 0.79296875 0.3784722222222222 0.791015625 0.3715277777777778 0.791015625 0.3402777777777778 0.7890625 0.3368055555555556 0.7890625 0.3263888888888889 0.783203125 0.3159722222222222 0.779296875 0.3159722222222222 0.77734375 0.3090277777777778 0.779296875 0.2847222222222222 0.783203125 0.28125 0.7890625 0.28125
1 0.5111979166666667 0.027314814814814813 0.05572916666666666 0.054629629629629625
1 0.58203125 0.4444444444444444 0.5859375 0.4513888888888889 0.591796875 0.4548611111111111 0.59765625 0.4652777777777778 0.599609375 0.4722222222222222 0.59765625 0.4826388888888889 0.5859375 0.4930555555555556 0.572265625 0.4965277777777778 0.556640625 0.5138888888888888 0.552734375 0.5138888888888888 0.55859375 0.5069444444444444 0.552734375 0.4965277777777778 0.5546875 0.4895833333333333 0.5546875 0.4826388888888889 0.552734375 0.4791666666666667 0.5625 0.4583333333333333 0.568359375 0.4548611111111111 0.57421875 0.4444444444444444 0.580078125 0.4444444444444444
1 0.33984375 0.2847222222222222 0.341796875 0.2881944444444444 0.33984375 0.2916666666666667 0.341796875 0.3020833333333333 0.345703125 0.3055555555555556 0.345703125 0.3090277777777778 0.359375 0.3333333333333333 0.359375 0.3576388888888889 0.34765625 0.3576388888888889 0.337890625 0.3645833333333333 0.333984375 0.3715277777777778 0.337890625 0.4409722222222222 0.326171875 0.4409722222222222 0.32421875 0.4375 0.3203125 0.4375 0.3125 0.4166666666666667 0.3125 0.4027777777777778 0.310546875 0.3993055555555556 0.310546875 0.3819444444444444 0.3125 0.375 0.310546875 0.3715277777777778 0.310546875 0.3611111111111111 0.306640625 0.34375 0.306640625 0.3159722222222222 0.318359375 0.2986111111111111 0.330078125 0.2951388888888889 0.33203125 0.2881944444444444 0.337890625 0.2847222222222222
1 0.556640625 0.2361111111111111 0.560546875 0.2361111111111111 0.564453125 0.24305555555555555 0.564453125 0.2743055555555556 0.55078125 0.2847222222222222 0.54296875 0.28125 0.5390625 0.2881944444444444 0.515625 0.2847222222222222 0.513671875 0.28125 0.513671875 0.2743055555555556 0.515625 0.2708333333333333 0.51171875 0.2569444444444444 0.501953125 0.2465277777777778 0.498046875 0.2465277777777778 0.498046875 0.23958333333333334 0.49609375 0.2361111111111111 0.498046875 0.2152777777777778 0.501953125 0.20833333333333334 0.505859375 0.20833333333333334 0.5078125 0.2048611111111111 0.521484375 0.2048611111111111 0.521484375 0.23958333333333334 0.5234375 0.24305555555555555 0.5234375 0.2534722222222222 0.52734375 0.2638888888888889 0.53125 0.2638888888888889 0.533203125 0.2604166666666667 0.537109375 0.2638888888888889 0.5390625 0.2604166666666667 0.54296875 0.2604166666666667 0.556640625 0.23958333333333334
1 0.453125 0.16666666666666666 0.455078125 0.1701388888888889 0.455078125 0.1840277777777778 0.453125 0.1875 0.455078125 0.19444444444444445 0.455078125 0.2048611111111111 0.462890625 0.21875 0.466796875 0.21875 0.46875 0.2222222222222222 0.482421875 0.2222222222222222 0.490234375 0.20833333333333334 0.490234375 0.2048611111111111 0.494140625 0.2013888888888889 0.494140625 0.2222222222222222 0.48828125 0.22916666666666666 0.482421875 0.22916666666666666 0.474609375 0.24305555555555555 0.474609375 0.2465277777777778 0.46484375 0.2638888888888889 0.46484375 0.28125 0.453125 0.2986111111111111 0.443359375 0.2986111111111111 0.443359375 0.2916666666666667 0.439453125 0.28125 0.44140625 0.2361111111111111 0.42578125 0.2152777777777778 0.42578125 0.19444444444444445 0.427734375 0.1909722222222222 0.427734375 0.1840277777777778 0.435546875 0.1736111111111111 0.451171875 0.16666666666666666
1 0.640625 0.16666666666666666 0.642578125 0.1701388888888889 0.646484375 0.1701388888888889 0.65625 0.1875 0.658203125 0.2048611111111111 0.6640625 0.2152777777777778 0.6640625 0.22569444444444445 0.6640625 0.2222222222222222 0.658203125 0.21180555555555555 0.654296875 0.20833333333333334 0.6484375 0.20833333333333334 0.640625 0.2222222222222222 0.642578125 0.2326388888888889 0.6484375 0.23958333333333334 0.650390625 0.25 0.658203125 0.2638888888888889 0.658203125 0.2743055555555556 0.646484375 0.2847222222222222 0.623046875 0.2847222222222222 0.619140625 0.2777777777777778 0.619140625 0.2708333333333333 0.615234375 0.2604166666666667 0.61328125 0.2361111111111111 0.603515625 0.2152777777777778 0.609375 0.2152777777777778 0.61328125 0.21180555555555555 0.62109375 0.19444444444444445 0.6171875 0.1840277777777778 0.6171875 0.1597222222222222 0.619140625 0.15625 0.634765625 0.1597222222222222 0.638671875 0.16666666666666666
1 0.8828125 0.2013888888888889 0.88671875 0.2048611111111111 0.890625 0.2152777777777778 0.888671875 0.2465277777777778 0.884765625 0.2638888888888889 0.8828125 0.2916666666666667 0.880859375 0.2951388888888889 0.880859375 0.3333333333333333 0.884765625 0.3402777777777778 0.884765625 0.3576388888888889 0.88671875 0.3611111111111111 0.884765625 0.3715277777777778 0.876953125 0.3784722222222222 0.8671875 0.3784722222222222 0.865234375 0.3715277777777778 0.86328125 0.3402777777777778 0.859375 0.3263888888888889 0.859375 0.3125 0.861328125 0.3090277777777778 0.859375 0.2881944444444444 0.84375 0.2743055555555556 0.84375 0.2604166666666667 0.837890625 0.25 0.837890625 0.2222222222222222 0.8359375 0.21875 0.845703125 0.20833333333333334 0.849609375 0.20833333333333334 0.85546875 0.2152777777777778 0.861328125 0.2152777777777778 0.865234375 0.21180555555555555 0.8671875 0.2048611111111111 0.880859375 0.2048611111111111
1 0.638671875 0.5347222222222222 0.6484375 0.5381944444444444 0.654296875 0.5451388888888888 0.654296875 0.5798611111111112 0.65234375 0.5833333333333334 0.65234375 0.59375 0.6484375 0.6041666666666666 0.64453125 0.6076388888888888 0.63671875 0.5798611111111112 0.63671875 0.5451388888888888 0.638671875 0.5381944444444444
1 0.564453125 0.3715277777777778 0.56640625 0.375 0.572265625 0.375 0.57421875 0.3784722222222222 0.57421875 0.3854166666666667 0.578125 0.3923611111111111 0.572265625 0.3923611111111111 0.5625 0.4097222222222222 0.560546875 0.4097222222222222 0.556640625 0.4201388888888889 0.552734375 0.4201388888888889 0.55078125 0.4166666666666667 0.53515625 0.4166666666666667 0.533203125 0.4131944444444444 0.51953125 0.4201388888888889 0.515625 0.4131944444444444 0.49609375 0.3993055555555556 0.5078125 0.3888888888888889 0.533203125 0.3854166666666667 0.548828125 0.375 0.5625 0.3715277777777778
1 0.49609375 0.3993055555555556 0.5078125 0.3888888888888889 0.533203125 0.3854166666666667 0.53515625 0.3819444444444444 0.541015625 0.3819444444444444 0.556640625 0.3715277777777778 0.572265625 0.375 0.578125 0.3923611111111111 0.5703125 0.3958333333333333 0.556640625 0.4201388888888889 0.548828125 0.4201388888888889 0.546875 0.4236111111111111 0.54296875 0.4201388888888889 0.51953125 0.4201388888888889 0.5078125 0.40625 0.498046875 0.4027777777777778
1 0.6171875 0.4930555555555556 0.626953125 0.5 0.6328125 0.5104166666666666 0.634765625 0.5104166666666666 0.634765625 0.5173611111111112 0.63671875 0.5208333333333334 0.634765625 0.5277777777777778 0.63671875 0.5347222222222222 0.6328125 0.5347222222222222 0.630859375 0.5277777777777778 0.626953125 0.5277777777777778 0.623046875 0.5347222222222222 0.6171875 0.5590277777777778 0.61328125 0.5625 0.6015625 0.5625 0.6015625 0.5590277777777778 0.580078125 0.5243055555555556 0.5703125 0.5173611111111112 0.56640625 0.5173611111111112 0.564453125 0.5208333333333334 0.5625 0.5173611111111112 0.5625 0.5104166666666666 0.5703125 0.5 0.583984375 0.4965277777777778 0.591796875 0.4895833333333333 0.615234375 0.4930555555555556
1 0.560546875 0 0.5625 0.013888888888888888 0.5703125 0.027777777777777776 0.57421875 0.027777777777777776 0.58203125 0.020833333333333332 0.591796875 0.003472222222222222 0.60546875 0.006944444444444444 0.61328125 0.013888888888888888 0.615234375 0.020833333333333332 0.615234375 0.03819444444444445 0.609375 0.04513888888888889 0.6015625 0.04513888888888889 0.595703125 0.059027777777777776 0.595703125 0.06944444444444445 0.599609375 0.08333333333333333 0.599609375 0.09722222222222222 0.58984375 0.10069444444444445 0.583984375 0.1111111111111111 0.583984375 0.13541666666666666 0.587890625 0.1423611111111111 0.587890625 0.14930555555555555 0.578125 0.1701388888888889 0.568359375 0.16319444444444445 0.5625 0.16319444444444445 0.5546875 0.15625 0.55078125 0.14930555555555555 0.55078125 0.1423611111111111 0.548828125 0.1388888888888889 0.548828125 0.11805555555555555 0.552734375 0.10069444444444445 0.552734375 0.0625 0.546875 0.04513888888888889 0.546875 0.03819444444444445 0.54296875 0.03125 0.54296875 0.013888888888888888 0.548828125 0 0.55859375 0
1 0.5859375 0.3020833333333333 0.59765625 0.3055555555555556 0.6015625 0.3125 0.607421875 0.3159722222222222 0.615234375 0.3298611111111111 0.625 0.3368055555555556 0.634765625 0.3541666666666667 0.63671875 0.3541666666666667 0.634765625 0.375 0.626953125 0.3923611111111111 0.615234375 0.3923611111111111 0.61328125 0.3958333333333333 0.609375 0.3958333333333333 0.603515625 0.40625 0.599609375 0.40625 0.595703125 0.3888888888888889 0.595703125 0.3715277777777778 0.591796875 0.3611111111111111 0.591796875 0.3541666666666667 0.587890625 0.34375 0.587890625 0.3368055555555556 0.583984375 0.3229166666666667 0.583984375 0.3090277777777778 0.5859375 0.3055555555555556
2 0.57421875 0.4375 0.5703125 0.4513888888888889 0.564453125 0.4548611111111111 0.54296875 0.4895833333333333 0.544921875 0.4965277777777778 0.541015625 0.5034722222222222 0.54296875 0.5069444444444444 0.546875 0.5069444444444444 0.548828125 0.5 0.55078125 0.5 0.55078125 0.5069444444444444 0.548828125 0.5104166666666666 0.55078125 0.5138888888888888 0.5546875 0.5138888888888888 0.548828125 0.5138888888888888 0.544921875 0.5104166666666666 0.541015625 0.5208333333333334 0.53125 0.5243055555555556 0.52734375 0.53125 0.529296875 0.5729166666666666 0.52734375 0.5798611111111112 0.521484375 0.5868055555555556 0.517578125 0.5833333333333334 0.515625 0.5868055555555556 0.513671875 0.5833333333333334 0.513671875 0.5763888888888888 0.505859375 0.5486111111111112 0.505859375 0.5416666666666666 0.5 0.53125 0.5 0.5208333333333334 0.505859375 0.5 0.505859375 0.4722222222222222 0.5078125 0.4652777777777778 0.51171875 0.4618055555555556 0.537109375 0.4618055555555556 0.5390625 0.4583333333333333 0.55078125 0.4548611111111111 0.5625 0.4444444444444444 0.56640625 0.4375 0.572265625 0.4375
2 0.5234375 0.3298611111111111 0.52734375 0.3368055555555556 0.52734375 0.34375 0.5234375 0.34375 0.521484375 0.3472222222222222 0.525390625 0.3541666666666667 0.533203125 0.3541666666666667 0.533203125 0.3611111111111111 0.529296875 0.3715277777777778 0.529296875 0.3784722222222222 0.533203125 0.3854166666666667 0.548828125 0.375 0.5546875 0.375 0.5625 0.3576388888888889 0.56640625 0.3576388888888889 0.57421875 0.3506944444444444 0.576171875 0.34375 0.583984375 0.34375 0.5859375 0.3472222222222222 0.591796875 0.3819444444444444 0.583984375 0.3923611111111111 0.56640625 0.3993055555555556 0.5546875 0.4166666666666667 0.55078125 0.4131944444444444 0.546875 0.4166666666666667 0.533203125 0.4166666666666667 0.53125 0.4131944444444444 0.517578125 0.4166666666666667 0.5078125 0.40625 0.498046875 0.4027777777777778 0.498046875 0.3958333333333333 0.5078125 0.3715277777777778 0.50390625 0.3645833333333333 0.5078125 0.3576388888888889 0.505859375 0.3541666666666667 0.501953125 0.3541666666666667 0.505859375 0.3541666666666667 0.5078125 0.3506944444444444 0.505859375 0.34375 0.5078125 0.3368055555555556 0.515625 0.3298611111111111 0.521484375 0.3298611111111111
2 0.60546875 0.10416666666666667 0.61328125 0.1111111111111111 0.61328125 0.11458333333333333 0.619140625 0.125 0.625 0.1284722222222222 0.634765625 0.14930555555555555 0.63671875 0.14930555555555555 0.662109375 0.1909722222222222 0.666015625 0.2048611111111111 0.669921875 0.2326388888888889 0.66796875 0.22916666666666666 0.66796875 0.2152777777777778 0.6640625 0.21180555555555555 0.6640625 0.2048611111111111 0.6484375 0.1701388888888889 0.640625 0.16666666666666666 0.63671875 0.1597222222222222 0.625 0.1527777777777778 0.611328125 0.13194444444444445 0.6015625 0.13194444444444445 0.599609375 0.13541666666666666 0.595703125 0.13541666666666666 0.591796875 0.1423611111111111 0.587890625 0.1388888888888889 0.5859375 0.13194444444444445 0.5859375 0.11458333333333333 0.587890625 0.1076388888888889 0.595703125 0.10069444444444445 0.6015625 0.10069444444444445 0.603515625 0.10416666666666667
2 0.453125 0 0.466796875 0 0.46484375 0.017361111111111112 0.4609375 0.027777777777777776 0.4609375 0.034722222222222224 0.45703125 0.04861111111111111 0.45703125 0.06597222222222222 0.462890625 0.0798611111111111 0.462890625 0.08680555555555555 0.458984375 0.10416666666666667 0.453125 0.1111111111111111 0.443359375 0.1076388888888889 0.4375 0.10069444444444445 0.4375 0.09375 0.443359375 0.08680555555555555 0.451171875 0.059027777777777776 0.451171875 0.024305555555555556 0.453125 0.020833333333333332 0.453125 0.003472222222222222
2 0.51953125 0.3020833333333333 0.529296875 0.3125 0.53515625 0.3263888888888889 0.53515625 0.3402777777777778 0.533203125 0.34375 0.53515625 0.3680555555555556 0.533203125 0.3715277777777778 0.533203125 0.3784722222222222 0.53125 0.3819444444444444 0.521484375 0.3819444444444444 0.51953125 0.3854166666666667 0.5078125 0.3854166666666667 0.50390625 0.3923611111111111 0.5 0.3923611111111111 0.498046875 0.3958333333333333 0.5 0.3888888888888889 0.5 0.3472222222222222 0.498046875 0.34375 0.498046875 0.3229166666666667 0.501953125 0.3194444444444444 0.5078125 0.3090277777777778 0.5078125 0.3055555555555556 0.51171875 0.3020833333333333 0.517578125 0.3020833333333333
2 0.82421875 0.2048611111111111 0.83203125 0.21180555555555555 0.837890625 0.23958333333333334 0.83203125 0.2743055555555556 0.8359375 0.28125 0.845703125 0.28125 0.84765625 0.2847222222222222 0.85546875 0.2847222222222222 0.857421875 0.2881944444444444 0.857421875 0.2986111111111111 0.859375 0.3020833333333333 0.859375 0.3090277777777778 0.857421875 0.3125 0.857421875 0.3333333333333333 0.86328125 0.3576388888888889 0.86328125 0.4131944444444444 0.859375 0.4305555555555556 0.859375 0.4444444444444444 0.853515625 0.4444444444444444 0.849609375 0.4375 0.845703125 0.4444444444444444 0.845703125 0.4513888888888889 0.84375 0.4548611111111111 0.84375 0.4826388888888889 0.841796875 0.4861111111111111 0.841796875 0.5 0.83984375 0.5034722222222222 0.83984375 0.5173611111111112 0.837890625 0.5208333333333334 0.837890625 0.5347222222222222 0.8359375 0.5381944444444444 0.833984375 0.6180555555555556 0.83203125 0.6215277777777778 0.83203125 0.6319444444444444 0.830078125 0.6354166666666666 0.830078125 0.6423611111111112 0.826171875 0.65625 0.826171875 0.6701388888888888 0.82421875 0.6736111111111112 0.82421875 0.6840277777777778 0.83203125 0.7013888888888888 0.8203125 0.7152777777777778 0.8125 0.7152777777777778 0.810546875 0.7083333333333334 0.8125 0.7013888888888888 0.8125 0.6805555555555556 0.806640625 0.6631944444444444 0.806640625 0.6354166666666666 0.8046875 0.6319444444444444 0.802734375 0.6076388888888888 0.798828125 0.59375 0.798828125 0.5416666666666666 0.796875 0.5381944444444444 0.796875 0.5277777777777778 0.79296875 0.5173611111111112 0.79296875 0.5034722222222222 0.791015625 0.5 0.791015625 0.4861111111111111 0.7890625 0.4826388888888889 0.7890625 0.4340277777777778 0.791015625 0.4305555555555556 0.791015625 0.3923611111111111 0.79296875 0.3888888888888889 0.79296875 0.3680555555555556 0.7890625 0.3576388888888889 0.783203125 0.3680555555555556 0.77734375 0.4027777777777778 0.767578125 0.4340277777777778 0.763671875 0.4409722222222222 0.76171875 0.4618055555555556 0.759765625 0.4652777777777778 0.755859375 0.4652777777777778 0.75390625 0.4618055555555556 0.75390625 0.4548611111111111 0.7578125 0.4479166666666667 0.759765625 0.4201388888888889 0.76171875 0.4166666666666667 0.76171875 0.4027777777777778 0.765625 0.3923611111111111 0.765625 0.3854166666666667 0.76953125 0.3784722222222222 0.76953125 0.3715277777777778 0.7734375 0.3576388888888889 0.7734375 0.3472222222222222 0.77734375 0.3368055555555556 0.77734375 0.2986111111111111 0.779296875 0.2951388888888889 0.779296875 0.2881944444444444 0.783203125 0.28125 0.787109375 0.28125 0.7890625 0.2777777777777778 0.802734375 0.2777777777777778 0.806640625 0.2708333333333333 0.802734375 0.2569444444444444 0.80078125 0.2361111111111111 0.810546875 0.20833333333333334 0.822265625 0.2048611111111111
2 0.46875 0 0.537109375 0 0.53515625 0.09375 0.529296875 0.11458333333333333 0.529296875 0.1284722222222222 0.52734375 0.13194444444444445 0.525390625 0.1527777777777778 0.5234375 0.1597222222222222 0.51953125 0.1597222222222222 0.517578125 0.15625 0.509765625 0.12152777777777778 0.505859375 0.1284722222222222 0.501953125 0.15625 0.498046875 0.16666666666666666 0.49609375 0.1527777777777778 0.48046875 0.125 0.48046875 0.06944444444444445 0.482421875 0.06597222222222222 0.482421875 0.052083333333333336 0.48046875 0.04861111111111111 0.482421875 0.04513888888888889 0.482421875 0.03125 0.484375 0.027777777777777776 0.48046875 0.020833333333333332 0.4765625 0.020833333333333332 0.47265625 0.027777777777777776 0.474609375 0.03125 0.474609375 0.05555555555555555 0.46875 0.0798611111111111 0.470703125 0.08333333333333333 0.458984375 0.07291666666666667 0.458984375 0.041666666666666664 0.4609375 0.03819444444444445 0.4609375 0.027777777777777776 0.466796875 0.017361111111111112 0.46875 0.003472222222222222
2 0.681640625 0 0.693359375 0 0.693359375 0.017361111111111112 0.6953125 0.020833333333333332 0.6953125 0.03819444444444445 0.69140625 0.04861111111111111 0.685546875 0.04861111111111111 0.68359375 0.052083333333333336 0.669921875 0.052083333333333336 0.669921875 0.041666666666666664 0.6796875 0.020833333333333332 0.681640625 0.003472222222222222
2 0.34375 0.2569444444444444 0.349609375 0.25 0.36328125 0.2465277777777778 0.365234375 0.25 0.369140625 0.25 0.373046875 0.2569444444444444 0.37890625 0.2777777777777778 0.37890625 0.2847222222222222 0.376953125 0.2881944444444444 0.376953125 0.3055555555555556 0.369140625 0.3263888888888889 0.361328125 0.3333333333333333 0.361328125 0.3402777777777778 0.359375 0.34375 0.361328125 0.3506944444444444 0.359375 0.3541666666666667 0.361328125 0.3923611111111111 0.357421875 0.3993055555555556 0.357421875 0.4097222222222222 0.35546875 0.4131944444444444 0.35546875 0.4340277777777778 0.36328125 0.4583333333333333 0.365234375 0.4791666666666667 0.369140625 0.4861111111111111 0.375 0.5069444444444444 0.37109375 0.5069444444444444 0.365234375 0.5173611111111112 0.365234375 0.5763888888888888 0.36328125 0.5798611111111112 0.36328125 0.6284722222222222 0.361328125 0.6319444444444444 0.36328125 0.6354166666666666 0.36328125 0.6597222222222222 0.373046875 0.6770833333333334 0.3828125 0.6805555555555556 0.3828125 0.6875 0.37109375 0.6979166666666666 0.357421875 0.6979166666666666 0.3515625 0.7048611111111112 0.3515625 0.7118055555555556 0.349609375 0.7152777777777778 0.34375 0.7152777777777778 0.341796875 0.71875 0.333984375 0.71875 0.33203125 0.7152777777777778 0.314453125 0.7152777777777778 0.310546875 0.7083333333333334 0.3125 0.7013888888888888 0.3125 0.6875 0.31640625 0.6736111111111112 0.31640625 0.6597222222222222 0.314453125 0.65625 0.314453125 0.6458333333333334 0.31640625 0.6423611111111112 0.31640625 0.6354166666666666 0.314453125 0.6319444444444444 0.314453125 0.6006944444444444 0.3203125 0.5729166666666666 0.3203125 0.5347222222222222 0.318359375 0.53125 0.318359375 0.5034722222222222 0.310546875 0.4861111111111111 0.310546875 0.4791666666666667 0.30859375 0.4756944444444444 0.30859375 0.4270833333333333 0.310546875 0.4236111111111111 0.310546875 0.4131944444444444 0.3046875 0.4027777777777778 0.3046875 0.3888888888888889 0.30078125 0.3715277777777778 0.30078125 0.34375 0.3046875 0.3368055555555556 0.3046875 0.3194444444444444 0.30859375 0.3125 0.30859375 0.3055555555555556 0.322265625 0.2986111111111111 0.3359375 0.2847222222222222 0.33984375 0.2777777777777778 0.33984375 0.2708333333333333 0.34375 0.2604166666666667
2 0.54296875 0.18055555555555555 0.548828125 0.1875 0.556640625 0.2048611111111111 0.556640625 0.22569444444444445 0.55859375 0.2326388888888889 0.564453125 0.23958333333333334 0.56640625 0.2534722222222222 0.564453125 0.2569444444444444 0.564453125 0.2743055555555556 0.5625 0.2777777777777778 0.546875 0.2881944444444444 0.544921875 0.2847222222222222 0.541015625 0.2847222222222222 0.537109375 0.2916666666666667 0.537109375 0.3090277777777778 0.5390625 0.3125 0.5390625 0.3263888888888889 0.537109375 0.3298611111111111 0.529296875 0.3090277777777778 0.513671875 0.2951388888888889 0.513671875 0.2847222222222222 0.515625 0.28125 0.513671875 0.2743055555555556 0.513671875 0.2604166666666667 0.509765625 0.2534722222222222 0.501953125 0.2465277777777778 0.498046875 0.2465277777777778 0.49609375 0.24305555555555555 0.49609375 0.22916666666666666 0.498046875 0.22569444444444445 0.498046875 0.2152777777777778 0.501953125 0.20833333333333334 0.505859375 0.20833333333333334 0.5078125 0.2048611111111111 0.521484375 0.2048611111111111 0.53125 0.1840277777777778 0.53515625 0.18055555555555555 0.541015625 0.18055555555555555
2 0.48046875 0.13194444444444445 0.48828125 0.1423611111111111 0.49609375 0.16319444444444445 0.49609375 0.1909722222222222 0.494140625 0.19444444444444445 0.49609375 0.2013888888888889 0.49609375 0.21180555555555555 0.494140625 0.2152777777777778 0.494140625 0.2222222222222222 0.48828125 0.22916666666666666 0.482421875 0.22916666666666666 0.474609375 0.24305555555555555 0.474609375 0.2465277777777778 0.46484375 0.2638888888888889 0.46484375 0.2847222222222222 0.44921875 0.3090277777777778 0.447265625 0.3194444444444444 0.439453125 0.3333333333333333 0.439453125 0.3368055555555556 0.4375 0.3368055555555556 0.427734375 0.3576388888888889 0.41796875 0.3680555555555556 0.416015625 0.3680555555555556 0.416015625 0.3541666666666667 0.4140625 0.3506944444444444 0.416015625 0.34375 0.41796875 0.2638888888888889 0.421875 0.25 0.421875 0.22916666666666666 0.42578125 0.2152777777777778 0.42578125 0.19444444444444445 0.427734375 0.1909722222222222 0.427734375 0.1840277777777778 0.435546875 0.1736111111111111 0.447265625 0.1701388888888889 0.44921875 0.16666666666666666 0.455078125 0.16666666666666666 0.458984375 0.15625 0.4609375 0.1423611111111111 0.46484375 0.13541666666666666 0.46875 0.13194444444444445 0.478515625 0.13194444444444445
2 0.43359375 0.5868055555555556 0.435546875 0.5902777777777778 0.435546875 0.6111111111111112 0.43359375 0.6180555555555556 0.4296875 0.6215277777777778 0.421875 0.6215277777777778 0.416015625 0.6319444444444444 0.4140625 0.6319444444444444 0.41015625 0.6388888888888888 0.408203125 0.6597222222222222 0.404296875 0.6666666666666666 0.400390625 0.6666666666666666 0.396484375 0.6597222222222222 0.3984375 0.625 0.392578125 0.6180555555555556 0.388671875 0.6354166666666666 0.384765625 0.6423611111111112 0.380859375 0.6388888888888888 0.380859375 0.6319444444444444 0.37890625 0.6284722222222222 0.380859375 0.6111111111111112 0.3828125 0.6111111111111112 0.384765625 0.6041666666666666 0.38671875 0.6076388888888888 0.388671875 0.6041666666666666 0.396484375 0.6041666666666666 0.400390625 0.59375 0.416015625 0.59375 0.419921875 0.5972222222222222 0.431640625 0.5868055555555556
2 0.3359375 0.2048611111111111 0.34375 0.19791666666666666 0.353515625 0.19791666666666666 0.36328125 0.2048611111111111 0.369140625 0.21875 0.369140625 0.2465277777777778 0.35546875 0.24305555555555555 0.34375 0.2534722222222222 0.33984375 0.2638888888888889 0.337890625 0.2777777777777778 0.330078125 0.2916666666666667 0.32421875 0.2916666666666667 0.31640625 0.2986111111111111 0.306640625 0.3159722222222222 0.3046875 0.3229166666666667 0.3046875 0.3333333333333333 0.30078125 0.3368055555555556 0.30078125 0.3298611111111111 0.302734375 0.3263888888888889 0.302734375 0.2708333333333333 0.30859375 0.2569444444444444 0.328125 0.2569444444444444 0.33203125 0.25 0.330078125 0.24305555555555555 0.330078125 0.22916666666666666 0.3359375 0.20833333333333334
2 0.818359375 0.11805555555555555 0.822265625 0.125 0.822265625 0.13541666666666666 0.82421875 0.1423611111111111 0.828125 0.14583333333333334 0.828125 0.16666666666666666 0.826171875 0.1701388888888889 0.826171875 0.17708333333333334 0.830078125 0.1875 0.830078125 0.19791666666666666 0.83203125 0.2048611111111111 0.828125 0.2048611111111111 0.826171875 0.2013888888888889 0.814453125 0.2013888888888889 0.806640625 0.21180555555555555 0.798828125 0.2326388888888889 0.80078125 0.2638888888888889 0.796875 0.25 0.787109375 0.25 0.78515625 0.2465277777777778 0.76953125 0.25 0.76953125 0.24305555555555555 0.775390625 0.2361111111111111 0.78125 0.2361111111111111 0.7890625 0.22569444444444445 0.79296875 0.22569444444444445 0.796875 0.21875 0.796875 0.2013888888888889 0.80078125 0.1875 0.80078125 0.17708333333333334 0.798828125 0.1736111111111111 0.798828125 0.16319444444444445 0.79296875 0.14583333333333334 0.798828125 0.13541666666666666 0.802734375 0.12152777777777778 0.806640625 0.11805555555555555 0.81640625 0.11805555555555555
2 0.609375 0.13541666666666666 0.6171875 0.1423611111111111 0.623046875 0.1527777777777778 0.63671875 0.1597222222222222 0.658203125 0.1875 0.658203125 0.19791666666666666 0.6640625 0.20833333333333334 0.66796875 0.2222222222222222 0.66796875 0.2361111111111111 0.671875 0.25 0.671875 0.2708333333333333 0.669921875 0.2743055555555556 0.669921875 0.2847222222222222 0.66015625 0.3159722222222222 0.65625 0.3159722222222222 0.64453125 0.2916666666666667 0.6328125 0.2916666666666667 0.623046875 0.3020833333333333 0.623046875 0.3229166666666667 0.62109375 0.3263888888888889 0.61328125 0.3229166666666667 0.611328125 0.3159722222222222 0.619140625 0.2881944444444444 0.619140625 0.2743055555555556 0.61328125 0.2534722222222222 0.609375 0.2534722222222222 0.603515625 0.2638888888888889 0.595703125 0.2916666666666667 0.591796875 0.2986111111111111 0.587890625 0.2951388888888889 0.58984375 0.28125 0.59375 0.2708333333333333 0.59375 0.2638888888888889 0.59765625 0.2534722222222222 0.59765625 0.24305555555555555 0.6015625 0.2326388888888889 0.6015625 0.2152777777777778 0.59375 0.2013888888888889 0.591796875 0.2013888888888889 0.5859375 0.16666666666666666 0.58984375 0.14930555555555555 0.595703125 0.1388888888888889 0.607421875 0.13541666666666666
2 0.85546875 0.13541666666666666 0.86328125 0.14583333333333334 0.869140625 0.1736111111111111 0.86328125 0.19444444444444445 0.87109375 0.2048611111111111 0.884765625 0.2013888888888889 0.888671875 0.2048611111111111 0.890625 0.21180555555555555 0.890625 0.25 0.89453125 0.2638888888888889 0.89453125 0.2743055555555556 0.90234375 0.3020833333333333 0.91015625 0.3506944444444444 0.9140625 0.3611111111111111 0.91015625 0.3784722222222222 0.904296875 0.3784722222222222 0.90234375 0.3715277777777778 0.90234375 0.3506944444444444 0.89453125 0.3194444444444444 0.890625 0.3125 0.884765625 0.3125 0.880859375 0.3194444444444444 0.880859375 0.3298611111111111 0.884765625 0.3368055555555556 0.88671875 0.3680555555555556 0.876953125 0.3854166666666667 0.876953125 0.40625 0.875 0.4097222222222222 0.876953125 0.4826388888888889 0.873046875 0.4965277777777778 0.873046875 0.5069444444444444 0.869140625 0.5243055555555556 0.869140625 0.5381944444444444 0.861328125 0.5486111111111112 0.86328125 0.5555555555555556 0.86328125 0.5798611111111112 0.853515625 0.5798611111111112 0.8515625 0.5763888888888888 0.84375 0.5763888888888888 0.841796875 0.5729166666666666 0.841796875 0.5694444444444444 0.849609375 0.5590277777777778 0.849609375 0.5381944444444444 0.84375 0.5173611111111112 0.84375 0.4965277777777778 0.84765625 0.4791666666666667 0.84765625 0.4548611111111111 0.849609375 0.4479166666666667 0.85546875 0.4548611111111111 0.859375 0.4548611111111111 0.86328125 0.4479166666666667 0.86328125 0.4270833333333333 0.865234375 0.4236111111111111 0.865234375 0.40625 0.8671875 0.4027777777777778 0.8671875 0.3923611111111111 0.865234375 0.3888888888888889 0.865234375 0.3576388888888889 0.86328125 0.3541666666666667 0.86328125 0.34375 0.859375 0.3263888888888889 0.861328125 0.3020833333333333 0.859375 0.2986111111111111 0.859375 0.2881944444444444 0.85546875 0.28125 0.837890625 0.2777777777777778 0.833984375 0.2743055555555556 0.83984375 0.25 0.83984375 0.23958333333333334 0.837890625 0.2361111111111111 0.837890625 0.2222222222222222 0.8359375 0.21875 0.833984375 0.19444444444444445 0.830078125 0.1840277777777778 0.830078125 0.1597222222222222 0.83203125 0.15625 0.83203125 0.14930555555555555 0.837890625 0.1388888888888889 0.841796875 0.1388888888888889 0.84375 0.13541666666666666 0.853515625 0.13541666666666666
2 0.630859375 0.65625 0.6328125 0.65625 0.634765625 0.6493055555555556 0.6328125 0.6458333333333334 0.62890625 0.6076388888888888 0.626953125 0.6041666666666666 0.623046875 0.5763888888888888 0.6171875 0.5625 0.609375 0.5625 0.6015625 0.5729166666666666 0.6015625 0.5833333333333334 0.59765625 0.5972222222222222 0.59765625 0.6076388888888888 0.595703125 0.6111111111111112 0.595703125 0.6180555555555556 0.591796875 0.625 0.591796875 0.6388888888888888 0.587890625 0.6493055555555556 0.587890625 0.6979166666666666 0.58984375 0.7013888888888888 0.58984375 0.7152777777777778 0.5859375 0.7291666666666666 0.578125 0.7256944444444444 0.578125 0.7013888888888888 0.57421875 0.6909722222222222 0.57421875 0.6805555555555556 0.5703125 0.6736111111111112 0.560546875 0.6736111111111112 0.556640625 0.6666666666666666 0.560546875 0.6597222222222222 0.560546875 0.6527777777777778 0.5625 0.6493055555555556 0.5625 0.6284722222222222 0.564453125 0.625 0.564453125 0.6111111111111112 0.560546875 0.6041666666666666 0.548828125 0.6215277777777778 0.54296875 0.625 0.533203125 0.6423611111111112 0.533203125 0.6458333333333334 0.5234375 0.6527777777777778 0.513671875 0.6527777777777778 0.51171875 0.6493055555555556 0.51171875 0.6388888888888888 0.51953125 0.6180555555555556 0.51953125 0.6111111111111112 0.5234375 0.5972222222222222 0.529296875 0.5868055555555556 0.53125 0.5763888888888888 0.54296875 0.5555555555555556 0.544921875 0.5451388888888888 0.552734375 0.53125 0.552734375 0.5277777777777778 0.556640625 0.5243055555555556 0.564453125 0.5069444444444444 0.5703125 0.5 0.576171875 0.5 0.5859375 0.4930555555555556 0.59375 0.4930555555555556 0.59765625 0.4895833333333333 0.6015625 0.4756944444444444 0.607421875 0.46875 0.611328125 0.46875 0.61328125 0.4652777777777778 0.626953125 0.4652777777777778 0.634765625 0.4826388888888889 0.634765625 0.5 0.6328125 0.5034722222222222 0.63671875 0.5173611111111112 0.634765625 0.5798611111111112 0.63671875 0.5833333333333334 0.63671875 0.5902777777777778 0.640625 0.5972222222222222 0.640625 0.6041666666666666 0.64453125 0.6180555555555556 0.64453125 0.65625 0.63671875 0.6770833333333334 0.634765625 0.6701388888888888 0.626953125 0.6701388888888888 0.626953125 0.6666666666666666 0.630859375 0.6666666666666666 0.6328125 0.6631944444444444 0.630859375 0.6597222222222222
2 0.546875 0 0.58984375 0 0.591796875 0.003472222222222222 0.60546875 0.006944444444444444 0.61328125 0.013888888888888888 0.615234375 0.020833333333333332 0.615234375 0.052083333333333336 0.619140625 0.06944444444444445 0.619140625 0.10069444444444445 0.6171875 0.1076388888888889 0.61328125 0.1076388888888889 0.603515625 0.09722222222222222 0.59375 0.09722222222222222 0.583984375 0.1111111111111111 0.583984375 0.13541666666666666 0.587890625 0.1423611111111111 0.587890625 0.14930555555555555 0.583984375 0.16319444444444445 0.578125 0.1736111111111111 0.572265625 0.22916666666666666 0.580078125 0.2465277777777778 0.591796875 0.25 0.59375 0.2569444444444444 0.587890625 0.2777777777777778 0.578125 0.2777777777777778 0.57421875 0.2638888888888889 0.57421875 0.2465277777777778 0.572265625 0.24305555555555555 0.568359375 0.2465277777777778 0.564453125 0.23958333333333334 0.560546875 0.22916666666666666 0.556640625 0.19791666666666666 0.544921875 0.17708333333333334 0.544921875 0.16666666666666666 0.548828125 0.15625 0.548828125 0.13194444444444445 0.546875 0.1284722222222222 0.541015625 0.13541666666666666 0.537109375 0.1527777777777778 0.529296875 0.16666666666666666 0.53125 0.1701388888888889 0.529296875 0.1840277777777778 0.521484375 0.1840277777777778 0.521484375 0.1701388888888889 0.5234375 0.16319444444444445 0.52734375 0.1597222222222222 0.53125 0.12152777777777778 0.5390625 0.08680555555555555 0.5390625 0.059027777777777776 0.541015625 0.05555555555555555 0.541015625 0.041666666666666664 0.54296875 0.03819444444444445 0.54296875 0.017361111111111112 0.546875 0.003472222222222222
2 0.572265625 0.28125 0.583984375 0.2986111111111111 0.595703125 0.3020833333333333 0.60546875 0.3159722222222222 0.611328125 0.3194444444444444 0.63671875 0.3541666666666667 0.634765625 0.375 0.626953125 0.3923611111111111 0.615234375 0.3923611111111111 0.60546875 0.3993055555555556 0.6015625 0.40625 0.599609375 0.40625 0.59765625 0.3993055555555556 0.595703125 0.3715277777777778 0.591796875 0.3611111111111111 0.591796875 0.3541666666666667 0.5859375 0.3402777777777778 0.58203125 0.3368055555555556 0.568359375 0.3368055555555556 0.564453125 0.34375 0.556640625 0.3472222222222222 0.5546875 0.34375 0.55078125 0.34375 0.548828125 0.3368055555555556 0.546875 0.3055555555555556 0.55078125 0.2986111111111111 0.55078125 0.2916666666666667 0.564453125 0.28125 0.5703125 0.28125