0 0.748046875 0.2847222222222222 0.755859375 0.2951388888888889 0.755859375 0.3159722222222222 0.74609375 0.3263888888888889 0.73828125 0.3263888888888889 0.728515625 0.3125 0.734375 0.2916666666666667 0.740234375 0.2847222222222222 0.74609375 0.2847222222222222
0 0.708984375 0.4826388888888889 0.7109375 0.4861111111111111 0.71484375 0.4861111111111111 0.720703125 0.4965277777777778 0.724609375 0.5104166666666666 0.724609375 0.5173611111111112 0.708984375 0.5243055555555556 0.703125 0.53125 0.69921875 0.53125 0.6953125 0.5243055555555556 0.693359375 0.5173611111111112 0.693359375 0.4965277777777778 0.697265625 0.4861111111111111 0.703125 0.4861111111111111 0.70703125 0.4826388888888889
0 0.60546875 0.4444444444444444 0.607421875 0.4513888888888889 0.607421875 0.4618055555555556 0.609375 0.4652777777777778 0.603515625 0.4791666666666667 0.599609375 0.4791666666666667 0.59765625 0.4756944444444444 0.587890625 0.4756944444444444 0.5859375 0.4722222222222222 0.5859375 0.4513888888888889 0.591796875 0.4409722222222222 0.6015625 0.4409722222222222 0.603515625 0.4444444444444444
0 0.658203125 0.4201388888888889 0.662109375 0.4270833333333333 0.662109375 0.4340277777777778 0.6640625 0.4375 0.662109375 0.4444444444444444 0.662109375 0.4583333333333333 0.658203125 0.4652777777777778 0.646484375 0.4618055555555556 0.640625 0.4513888888888889 0.640625 0.4409722222222222 0.64453125 0.4236111111111111 0.65625 0.4201388888888889
0 0.55859375 0.4861111111111111 0.560546875 0.4895833333333333 0.560546875 0.5104166666666666 0.5546875 0.5243055555555556 0.548828125 0.5243055555555556 0.544921875 0.5208333333333334 0.54296875 0.5138888888888888 0.54296875 0.5034722222222222 0.546875 0.4895833333333333 0.55078125 0.4861111111111111 0.556640625 0.4861111111111111
0 0.529296875 0.28125 0.53515625 0.2916666666666667 0.53515625 0.3055555555555556 0.533203125 0.3090277777777778 0.533203125 0.3263888888888889 0.52734375 0.3333333333333333 0.521484375 0.3333333333333333 0.515625 0.3229166666666667 0.515625 0.2881944444444444 0.5234375 0.2777777777777778 0.52734375 0.28125
0 0.708984375 0.4826388888888889 0.7109375 0.4861111111111111 0.71484375 0.4861111111111111 0.734375 0.5243055555555556 0.736328125 0.53125 0.736328125 0.5416666666666666 0.732421875 0.5486111111111112 0.7265625 0.5486111111111112 0.71484375 0.5347222222222222 0.701171875 0.5347222222222222 0.6953125 0.5243055555555556 0.6953125 0.5173611111111112 0.693359375 0.5138888888888888 0.6953125 0.5104166666666666 0.693359375 0.4965277777777778 0.6953125 0.4895833333333333 0.70703125 0.4826388888888889
0 0.5739583333333333 0.5078703703703703 0.02395833333333333 0.04722222222222222
0 0.693359375 0.0625 0.69921875 0.06944444444444445 0.701171875 0.0798611111111111 0.69921875 0.08333333333333333 0.697265625 0.1076388888888889 0.69140625 0.11805555555555555 0.685546875 0.11805555555555555 0.681640625 0.10416666666666667 0.681640625 0.08333333333333333 0.68359375 0.0798611111111111 0.68359375 0.06944444444444445 0.69140625 0.0625
0 0.529296875 0.28125 0.53515625 0.2916666666666667 0.53515625 0.3055555555555556 0.529296875 0.3125 0.52734375 0.3090277777777778 0.515625 0.3090277777777778 0.515625 0.3020833333333333 0.513671875 0.2986111111111111 0.515625 0.2951388888888889 0.515625 0.2881944444444444 0.51953125 0.28125 0.5234375 0.2777777777777778 0.52734375 0.28125
1 0.619140625 0.46875 0.62109375 0.4722222222222222 0.62109375 0.5034722222222222 0.619140625 0.5069444444444444 0.61328125 0.5034722222222222 0.61328125 0.5 0.599609375 0.4791666666666667 0.603515625 0.4791666666666667 0.61328125 0.4652777777777778 0.6171875 0.46875
1 0.755859375 0.3229166666666667 0.759765625 0.3263888888888889 0.763671875 0.34375 0.763671875 0.3819444444444444 0.765625 0.3854166666666667 0.765625 0.3993055555555556 0.767578125 0.4027777777777778 0.767578125 0.4201388888888889 0.765625 0.4236111111111111 0.76171875 0.4236111111111111 0.759765625 0.4201388888888889 0.73828125 0.4201388888888889 0.734375 0.4131944444444444 0.734375 0.4027777777777778 0.736328125 0.3993055555555556 0.734375 0.3298611111111111 0.74609375 0.3298611111111111 0.75390625 0.3229166666666667
1 0.7109375 0.5347222222222222 0.716796875 0.5416666666666666 0.720703125 0.5416666666666666 0.732421875 0.5555555555555556 0.736328125 0.5694444444444444 0.736328125 0.5798611111111112 0.740234375 0.5972222222222222 0.740234375 0.6111111111111112 0.73828125 0.6180555555555556 0.71484375 0.6180555555555556 0.7109375 0.6145833333333334 0.712890625 0.5763888888888888 0.708984375 0.5659722222222222 0.69921875 0.5590277777777778 0.69921875 0.5381944444444444 0.703125 0.5347222222222222 0.708984375 0.5347222222222222
1 0.548828125 0.5243055555555556 0.5546875 0.53125 0.55859375 0.5451388888888888 0.55859375 0.5590277777777778 0.5546875 0.5659722222222222 0.544921875 0.5659722222222222 0.541015625 0.5590277777777778 0.5390625 0.5486111111111112 0.53125 0.5347222222222222 0.53125 0.5173611111111112 0.537109375 0.5069444444444444 0.54296875 0.5069444444444444 0.54296875 0.5173611111111112 0.546875 0.5243055555555556
1 0.703125 0.1076388888888889 0.712890625 0.125 0.70703125 0.13541666666666666 0.70703125 0.14930555555555555 0.7109375 0.1527777777777778 0.7109375 0.16319444444444445 0.71484375 0.18055555555555555 0.712890625 0.1840277777777778 0.712890625 0.19444444444444445 0.70703125 0.2048611111111111 0.689453125 0.2048611111111111 0.6875 0.2013888888888889 0.693359375 0.2013888888888889 0.69921875 0.1909722222222222 0.69921875 0.1875 0.693359375 0.17708333333333334 0.685546875 0.18055555555555555 0.6796875 0.16319444444444445 0.6796875 0.1527777777777778 0.681640625 0.14583333333333334 0.6796875 0.1423611111111111 0.6796875 0.11805555555555555 0.677734375 0.11458333333333333 0.677734375 0.1076388888888889 0.681640625 0.10416666666666667 0.68359375 0.11458333333333333 0.6875 0.12152777777777778 0.693359375 0.11805555555555555 0.69921875 0.1076388888888889 0.701171875 0.1076388888888889
1 0.513671875 0.3159722222222222 0.513671875 0.3194444444444444 0.5234375 0.3368055555555556 0.52734375 0.3368055555555556 0.533203125 0.3298611111111111 0.5390625 0.3298611111111111 0.544921875 0.34375 0.544921875 0.3541666666666667 0.53515625 0.3680555555555556 0.53515625 0.3784722222222222 0.533203125 0.3819444444444444 0.533203125 0.4131944444444444 0.53125 0.4201388888888889 0.525390625 0.4270833333333333 0.513671875 0.4270833333333333 0.51171875 0.4236111111111111 0.505859375 0.4236111111111111 0.501953125 0.4201388888888889 0.501953125 0.40625 0.50390625 0.4027777777777778 0.50390625 0.3611111111111111 0.5 0.3472222222222222 0.501953125 0.34375 0.501953125 0.3194444444444444 0.5078125 0.3125 0.51171875 0.3159722222222222
1 0.603515625 0.4861111111111111 0.611328125 0.5034722222222222 0.611328125 0.5104166666666666 0.607421875 0.5138888888888888 0.603515625 0.5243055555555556 0.603515625 0.53125 0.599609375 0.5381944444444444 0.583984375 0.5381944444444444 0.57421875 0.5520833333333334 0.56640625 0.5520833333333334 0.55859375 0.5416666666666666 0.556640625 0.5347222222222222 0.556640625 0.5243055555555556 0.560546875 0.5138888888888888 0.560546875 0.5173611111111112 0.568359375 0.53125 0.572265625 0.5347222222222222 0.580078125 0.53125 0.583984375 0.5243055555555556 0.5859375 0.5104166666666666 0.578125 0.4861111111111111 0.583984375 0.4791666666666667 0.59375 0.4791666666666667 0.6015625 0.4861111111111111
1 0.640625 0.4548611111111111 0.6484375 0.4652777777777778 0.65234375 0.4652777777777778 0.654296875 0.46875 0.662109375 0.46875 0.6640625 0.4652777777777778 0.671875 0.46875 0.673828125 0.4652777777777778 0.677734375 0.4652777777777778 0.681640625 0.4548611111111111 0.689453125 0.4583333333333333 0.69140625 0.4618055555555556 0.689453125 0.4756944444444444 0.681640625 0.4895833333333333 0.677734375 0.4930555555555556 0.671875 0.4930555555555556 0.669921875 0.4965277777777778 0.658203125 0.4965277777777778 0.646484375 0.4861111111111111 0.638671875 0.4861111111111111 0.634765625 0.4826388888888889 0.630859375 0.46875 0.6328125 0.4652777777777778 0.6328125 0.4583333333333333 0.638671875 0.4548611111111111
2 0.603515625 0.4409722222222222 0.609375 0.4548611111111111 0.609375 0.4618055555555556 0.62109375 0.4722222222222222 0.62109375 0.4930555555555556 0.623046875 0.4965277777777778 0.623046875 0.5034722222222222 0.62109375 0.5069444444444444 0.6171875 0.5069444444444444 0.603515625 0.4826388888888889 0.595703125 0.4756944444444444 0.583984375 0.4756944444444444 0.578125 0.4826388888888889 0.572265625 0.4826388888888889 0.572265625 0.4722222222222222 0.57421875 0.4652777777777778 0.58203125 0.4618055555555556 0.5859375 0.4548611111111111 0.587890625 0.4444444444444444 0.59765625 0.4375 0.6015625 0.4409722222222222
2 0.751953125 0.2881944444444444 0.755859375 0.2951388888888889 0.755859375 0.3194444444444444 0.759765625 0.3263888888888889 0.763671875 0.34375 0.763671875 0.3819444444444444 0.767578125 0.3993055555555556 0.767578125 0.4340277777777778 0.751953125 0.46875 0.751953125 0.4756944444444444 0.76171875 0.4861111111111111 0.76171875 0.5 0.755859375 0.5104166666666666 0.755859375 0.5138888888888888 0.75390625 0.5069444444444444 0.748046875 0.5069444444444444 0.74609375 0.5104166666666666 0.759765625 0.5416666666666666 0.759765625 0.5486111111111112 0.755859375 0.5555555555555556 0.73828125 0.5555555555555556 0.7421875 0.5451388888888888 0.7421875 0.5347222222222222 0.7265625 0.5034722222222222 0.72265625 0.4826388888888889 0.71484375 0.4722222222222222 0.71484375 0.4513888888888889 0.716796875 0.4444444444444444 0.732421875 0.4201388888888889 0.732421875 0.4131944444444444 0.736328125 0.3993055555555556 0.736328125 0.3611111111111111 0.734375 0.3576388888888889 0.734375 0.3472222222222222 0.732421875 0.34375 0.732421875 0.3229166666666667 0.73046875 0.3194444444444444 0.732421875 0.2986111111111111 0.7421875 0.2847222222222222 0.748046875 0.2847222222222222 0.75 0.2881944444444444
2 0.712890625 0.4861111111111111 0.720703125 0.5 0.72265625 0.5104166666666666 0.734375 0.5277777777777778 0.732421875 0.5590277777777778 0.736328125 0.5659722222222222 0.736328125 0.5798611111111112 0.7421875 0.6076388888888888 0.744140625 0.6354166666666666 0.74609375 0.6388888888888888 0.755859375 0.6388888888888888 0.7578125 0.6354166666666666 0.76171875 0.6388888888888888 0.767578125 0.6527777777777778 0.767578125 0.6597222222222222 0.765625 0.6631944444444444 0.744140625 0.6597222222222222 0.732421875 0.6701388888888888 0.70703125 0.6666666666666666 0.705078125 0.6701388888888888 0.705078125 0.6909722222222222 0.71484375 0.7256944444444444 0.71484375 0.7326388888888888 0.70703125 0.7395833333333334 0.69140625 0.7395833333333334 0.6875 0.7326388888888888 0.689453125 0.7291666666666666 0.693359375 0.7291666666666666 0.69921875 0.71875 0.693359375 0.6979166666666666 0.693359375 0.6909722222222222 0.6875 0.6736111111111112 0.6875 0.6493055555555556 0.708984375 0.6145833333333334 0.708984375 0.5902777777777778 0.70703125 0.5868055555555556 0.70703125 0.5763888888888888 0.69921875 0.5590277777777778 0.69921875 0.5347222222222222 0.6953125 0.5243055555555556 0.6953125 0.4930555555555556 0.69921875 0.4861111111111111 0.705078125 0.4861111111111111 0.70703125 0.4826388888888889 0.7109375 0.4861111111111111
2 0.56640625 0.5555555555555556 0.5703125 0.5659722222222222 0.5703125 0.5763888888888888 0.572265625 0.5833333333333334 0.5703125 0.5868055555555556 0.5703125 0.6111111111111112 0.56640625 0.6284722222222222 0.5625 0.6354166666666666 0.55078125 0.6354166666666666 0.548828125 0.6319444444444444 0.548828125 0.6076388888888888 0.55078125 0.6041666666666666 0.546875 0.5972222222222222 0.541015625 0.5972222222222222 0.5390625 0.6006944444444444 0.53515625 0.6006944444444444 0.533203125 0.5972222222222222 0.53125 0.6006944444444444 0.525390625 0.6006944444444444 0.5234375 0.5972222222222222 0.517578125 0.5972222222222222 0.513671875 0.59375 0.51171875 0.5868055555555556 0.513671875 0.5833333333333334 0.513671875 0.5763888888888888 0.517578125 0.5694444444444444 0.533203125 0.5555555555555556 0.537109375 0.5486111111111112 0.53125 0.5347222222222222 0.53125 0.5173611111111112 0.537109375 0.5069444444444444 0.541015625 0.5069444444444444 0.55078125 0.4861111111111111 0.560546875 0.4861111111111111 0.5625 0.4895833333333333 0.560546875 0.4930555555555556 0.560546875 0.5104166666666666 0.5546875 0.5243055555555556 0.5546875 0.5381944444444444 0.564453125 0.5555555555555556
2 0.66015625 0.4236111111111111 0.666015625 0.4375 0.6796875 0.4375 0.6875 0.4583333333333333 0.693359375 0.4583333333333333 0.705078125 0.4756944444444444 0.705078125 0.4791666666666667 0.701171875 0.4791666666666667 0.69921875 0.4826388888888889 0.6953125 0.4826388888888889 0.693359375 0.4791666666666667 0.689453125 0.4861111111111111 0.689453125 0.5138888888888888 0.6875 0.5173611111111112 0.6875 0.53125 0.685546875 0.5347222222222222 0.6875 0.5763888888888888 0.685546875 0.5798611111111112 0.685546875 0.5972222222222222 0.68359375 0.6006944444444444 0.68359375 0.6388888888888888 0.681640625 0.6423611111111112 0.673828125 0.6423611111111112 0.671875 0.6458333333333334 0.66796875 0.6319444444444444 0.6640625 0.6354166666666666 0.66015625 0.6458333333333334 0.654296875 0.6458333333333334 0.654296875 0.6388888888888888 0.65234375 0.6354166666666666 0.65234375 0.6041666666666666 0.6484375 0.5902777777777778 0.6484375 0.5208333333333334 0.650390625 0.5173611111111112 0.65234375 0.4965277777777778 0.64453125 0.4861111111111111 0.634765625 0.4861111111111111 0.630859375 0.4756944444444444 0.630859375 0.4652777777777778 0.6328125 0.4583333333333333 0.640625 0.4513888888888889 0.642578125 0.4305555555555556 0.650390625 0.4201388888888889 0.65625 0.4201388888888889 0.658203125 0.4236111111111111
2 0.697265625 0.06597222222222222 0.701171875 0.0763888888888889 0.69921875 0.10069444444444445 0.708984375 0.11805555555555555 0.7109375 0.11805555555555555 0.712890625 0.125 0.712890625 0.13541666666666666 0.720703125 0.1597222222222222 0.720703125 0.1736111111111111 0.712890625 0.1909722222222222 0.71484375 0.2361111111111111 0.716796875 0.23958333333333334 0.716796875 0.2534722222222222 0.7265625 0.2743055555555556 0.728515625 0.28125 0.728515625 0.2916666666666667 0.73046875 0.2951388888888889 0.728515625 0.3020833333333333 0.7265625 0.3020833333333333 0.71875 0.2881944444444444 0.71875 0.2847222222222222 0.70703125 0.2673611111111111 0.70703125 0.2638888888888889 0.701171875 0.2534722222222222 0.69921875 0.24305555555555555 0.693359375 0.2361111111111111 0.685546875 0.25 0.685546875 0.2604166666666667 0.689453125 0.2673611111111111 0.697265625 0.2986111111111111 0.703125 0.3055555555555556 0.703125 0.3125 0.69921875 0.3194444444444444 0.6953125 0.3194444444444444 0.69140625 0.3125 0.69140625 0.3020833333333333 0.6796875 0.28125 0.673828125 0.2638888888888889 0.673828125 0.22569444444444445 0.6796875 0.19791666666666666 0.67578125 0.17708333333333334 0.6796875 0.16666666666666666 0.6796875 0.14930555555555555 0.681640625 0.14583333333333334 0.6796875 0.1423611111111111 0.6796875 0.09722222222222222 0.681640625 0.09375 0.68359375 0.07291666666666667 0.69140625 0.0625 0.6953125 0.06597222222222222
2 0.595703125 0.4791666666666667 0.603515625 0.4861111111111111 0.611328125 0.5 0.611328125 0.5034722222222222 0.62109375 0.5173611111111112 0.623046875 0.5243055555555556 0.62109375 0.5486111111111112 0.623046875 0.5520833333333334 0.623046875 0.5659722222222222 0.625 0.5694444444444444 0.625 0.5868055555555556 0.6328125 0.6180555555555556 0.640625 0.6354166666666666 0.640625 0.6458333333333334 0.63671875 0.6493055555555556 0.62890625 0.6423611111111112 0.611328125 0.6041666666666666 0.607421875 0.5798611111111112 0.60546875 0.5763888888888888 0.6015625 0.5763888888888888 0.59765625 0.5833333333333334 0.59765625 0.5902777777777778 0.595703125 0.59375 0.595703125 0.6458333333333334 0.58984375 0.65625 0.5859375 0.65625 0.583984375 0.6527777777777778 0.583984375 0.6319444444444444 0.578125 0.6215277777777778 0.578125 0.6145833333333334 0.576171875 0.6111111111111112 0.576171875 0.5694444444444444 0.572265625 0.5590277777777778 0.564453125 0.5520833333333334 0.55859375 0.5416666666666666 0.556640625 0.5277777777777778 0.5625 0.5138888888888888 0.5625 0.4965277777777778 0.568359375 0.4861111111111111 0.578125 0.4861111111111111 0.583984375 0.4791666666666667 0.59375 0.4791666666666667
2 0.529296875 0.28125 0.53515625 0.2916666666666667 0.53515625 0.3229166666666667 0.541015625 0.3298611111111111 0.544921875 0.3402777777777778 0.544921875 0.3576388888888889 0.54296875 0.3611111111111111 0.544921875 0.3645833333333333 0.546875 0.3819444444444444 0.55078125 0.3923611111111111 0.55078125 0.4270833333333333 0.546875 0.4375 0.548828125 0.4444444444444444 0.548828125 0.4618055555555556 0.544921875 0.4722222222222222 0.5390625 0.4722222222222222 0.537109375 0.4652777777777778 0.537109375 0.4513888888888889 0.54296875 0.4375 0.54296875 0.4236111111111111 0.541015625 0.4201388888888889 0.54296875 0.4131944444444444 0.5390625 0.3958333333333333 0.537109375 0.3923611111111111 0.533203125 0.3958333333333333 0.533203125 0.4131944444444444 0.529296875 0.4270833333333333 0.529296875 0.4479166666666667 0.525390625 0.4652777777777778 0.525390625 0.4895833333333333 0.533203125 0.5069444444444444 0.52734375 0.5138888888888888 0.515625 0.5 0.513671875 0.4861111111111111 0.509765625 0.4791666666666667 0.50390625 0.4861111111111111 0.505859375 0.5104166666666666 0.509765625 0.5173611111111112 0.51171875 0.53125 0.517578125 0.5451388888888888 0.517578125 0.5520833333333334 0.509765625 0.5729166666666666 0.501953125 0.5729166666666666 0.505859375 0.5590277777777778 0.505859375 0.5451388888888888 0.4921875 0.5 0.4921875 0.4583333333333333 0.494140625 0.4548611111111111 0.494140625 0.4444444444444444 0.49609375 0.4409722222222222 0.498046875 0.4236111111111111 0.501953125 0.4131944444444444 0.50390625 0.3923611111111111 0.501953125 0.3888888888888889 0.498046875 0.3923611111111111 0.49609375 0.3993055555555556 0.490234375 0.4097222222222222 0.48828125 0.4097222222222222 0.4765625 0.4340277777777778 0.474609375 0.4340277777777778 0.474609375 0.4201388888888889 0.48828125 0.3923611111111111 0.5 0.3506944444444444 0.5 0.34375 0.501953125 0.3402777777777778 0.5 0.3333333333333333 0.501953125 0.3194444444444444 0.5078125 0.3125 0.51171875 0.3125 0.515625 0.3055555555555556 0.513671875 0.2986111111111111 0.515625 0.2951388888888889 0.515625 0.2881944444444444 0.51953125 0.28125 0.5234375 0.2777777777777778 0.52734375 0.28125