0 0.8044270833333333 0.4981481481481482 0.009895833333333333 0.014814814814814815
0 0.8247395833333333 0.4 0.009895833333333333 0.014814814814814815
0 0.3046875 0.3078703703703704 0.008333333333333333 0.012037037037037037
0 0.810546875 0.4930555555555556 0.814453125 0.4930555555555556 0.818359375 0.5 0.818359375 0.5034722222222222 0.814453125 0.5069444444444444 0.810546875 0.5034722222222222 0.810546875 0.4965277777777778
0 0.740234375 0.5520833333333334 0.740234375 0.5451388888888888 0.7421875 0.5416666666666666 0.748046875 0.5416666666666666 0.748046875 0.5555555555555556 0.744140625 0.5555555555555556 0.7421875 0.5520833333333334
0 0.833984375 0.7881944444444444 0.83984375 0.7881944444444444 0.84375 0.7986111111111112 0.841796875 0.8055555555555556 0.8359375 0.8055555555555556 0.83203125 0.7986111111111112 0.833984375 0.7916666666666666
0 0.8872395833333333 0.3703703703703704 0.0109375 0.018518518518518517
0 0.7317708333333334 0.6824074074074074 0.011458333333333333 0.018518518518518517
0 0.44140625 0.5763888888888888 0.4453125 0.5833333333333334 0.443359375 0.5902777777777778 0.4375 0.5902777777777778 0.435546875 0.5868055555555556 0.435546875 0.5798611111111112 0.439453125 0.5763888888888888
0 0.845703125 0.3888888888888889 0.84765625 0.3923611111111111 0.84765625 0.3993055555555556 0.845703125 0.4027777777777778 0.83984375 0.4027777777777778 0.83984375 0.3958333333333333 0.84375 0.3923611111111111
0 0.765625 0.5486111111111112 0.76953125 0.5520833333333334 0.771484375 0.5590277777777778 0.76953125 0.5625 0.76171875 0.5625 0.76171875 0.5520833333333334 0.763671875 0.5520833333333334
0 0.86328125 0.3611111111111111 0.865234375 0.3645833333333333 0.865234375 0.3715277777777778 0.859375 0.3715277777777778 0.857421875 0.3680555555555556 0.857421875 0.3645833333333333 0.861328125 0.3611111111111111
0 0.91796875 0.3680555555555556 0.91796875 0.3611111111111111 0.919921875 0.3576388888888889 0.92578125 0.3576388888888889 0.92578125 0.3680555555555556 0.923828125 0.3715277777777778 0.919921875 0.3680555555555556
0 0.751953125 0.6736111111111112 0.755859375 0.6805555555555556 0.755859375 0.6875 0.751953125 0.6909722222222222 0.74609375 0.6909722222222222 0.7421875 0.6840277777777778 0.744140625 0.6770833333333334 0.75 0.6736111111111112
0 0.70703125 0.7847222222222222 0.708984375 0.7881944444444444 0.708984375 0.7951388888888888 0.703125 0.8020833333333334 0.701171875 0.7986111111111112 0.701171875 0.7881944444444444 0.705078125 0.7847222222222222
0 0.7265625 0.5833333333333334 0.732421875 0.5798611111111112 0.736328125 0.5902777777777778 0.728515625 0.59375 0.7265625 0.5868055555555556
0 0.828125 0.4513888888888889 0.833984375 0.4513888888888889 0.8359375 0.4548611111111111 0.833984375 0.4618055555555556 0.830078125 0.4618055555555556 0.828125 0.4548611111111111
1 0.80078125 0.5034722222222222 0.806640625 0.5104166666666666 0.806640625 0.5173611111111112 0.802734375 0.5243055555555556 0.80078125 0.5381944444444444 0.79296875 0.5381944444444444 0.7890625 0.5347222222222222 0.7890625 0.5277777777777778 0.79296875 0.5208333333333334 0.79296875 0.5104166666666666 0.798828125 0.5034722222222222
1 0.82421875 0.40625 0.83203125 0.4166666666666667 0.826171875 0.4270833333333333 0.826171875 0.4409722222222222 0.82421875 0.4444444444444444 0.814453125 0.4375 0.814453125 0.4097222222222222 0.81640625 0.40625 0.822265625 0.40625
1 0.7421875 0.5555555555555556 0.748046875 0.5625 0.748046875 0.5798611111111112 0.740234375 0.5902777777777778 0.73828125 0.5902777777777778 0.732421875 0.5798611111111112 0.734375 0.5625 0.740234375 0.5555555555555556
1 0.828125 0.8090277777777778 0.83203125 0.8055555555555556 0.845703125 0.8055555555555556 0.84765625 0.8125 0.84765625 0.8229166666666666 0.849609375 0.8263888888888888 0.849609375 0.8333333333333334 0.84765625 0.8368055555555556 0.833984375 0.8402777777777778 0.828125 0.8263888888888888 0.828125 0.8125
1 0.744140625 0.6909722222222222 0.751953125 0.6909722222222222 0.75390625 0.6875 0.7578125 0.6909722222222222 0.7578125 0.6979166666666666 0.751953125 0.7118055555555556 0.748046875 0.7118055555555556 0.74609375 0.7083333333333334 0.744140625 0.6944444444444444
1 0.7104166666666667 0.8157407407407408 0.022916666666666665 0.0462962962962963
1 0.818359375 0.5104166666666666 0.826171875 0.5277777777777778 0.822265625 0.5381944444444444 0.818359375 0.5381944444444444 0.810546875 0.5173611111111112 0.81640625 0.5104166666666666
1 0.837890625 0.4652777777777778 0.841796875 0.46875 0.845703125 0.4791666666666667 0.845703125 0.4930555555555556 0.841796875 0.4930555555555556 0.837890625 0.4861111111111111 0.837890625 0.46875
1 0.7265625 0.7222222222222222 0.724609375 0.6979166666666666 0.728515625 0.6909722222222222 0.73828125 0.6909722222222222 0.7421875 0.7048611111111112 0.7421875 0.71875 0.740234375 0.7222222222222222 0.736328125 0.7222222222222222 0.734375 0.71875 0.732421875 0.7222222222222222 0.728515625 0.7222222222222222
1 0.443359375 0.59375 0.443359375 0.6180555555555556 0.439453125 0.6284722222222222 0.435546875 0.6284722222222222 0.431640625 0.6215277777777778 0.431640625 0.6006944444444444 0.435546875 0.59375 0.44140625 0.59375
1 0.85546875 0.3715277777777778 0.869140625 0.375 0.869140625 0.3854166666666667 0.87109375 0.3888888888888889 0.87109375 0.3958333333333333 0.869140625 0.3993055555555556 0.865234375 0.4027777777777778 0.85546875 0.4027777777777778 0.85546875 0.375
1 0.849609375 0.4027777777777778 0.8515625 0.4097222222222222 0.8515625 0.4201388888888889 0.853515625 0.4236111111111111 0.849609375 0.4305555555555556 0.845703125 0.4305555555555556 0.83984375 0.4166666666666667 0.83984375 0.40625 0.84375 0.3993055555555556 0.84765625 0.4027777777777778
1 0.705078125 0.6215277777777778 0.705078125 0.6145833333333334 0.708984375 0.6111111111111112 0.71484375 0.5972222222222222 0.716796875 0.5972222222222222 0.72265625 0.6076388888888888 0.72265625 0.6215277777777778 0.716796875 0.6284722222222222 0.70703125 0.6215277777777778
1 0.30078125 0.3125 0.302734375 0.3159722222222222 0.306640625 0.3159722222222222 0.310546875 0.3263888888888889 0.30078125 0.3368055555555556 0.294921875 0.3368055555555556 0.29296875 0.3298611111111111 0.296875 0.3159722222222222 0.298828125 0.3159722222222222
1 0.767578125 0.5625 0.771484375 0.5659722222222222 0.771484375 0.5729166666666666 0.77734375 0.5902777777777778 0.771484375 0.5972222222222222 0.765625 0.59375 0.759765625 0.5729166666666666 0.76171875 0.5659722222222222 0.765625 0.5659722222222222
1 0.736328125 0.59375 0.7421875 0.6215277777777778 0.7421875 0.6284722222222222 0.73828125 0.6319444444444444 0.73046875 0.6319444444444444 0.73046875 0.625 0.7265625 0.6180555555555556 0.7265625 0.5972222222222222 0.728515625 0.59375 0.734375 0.59375
1 0.83203125 0.4618055555555556 0.833984375 0.4652777777777778 0.837890625 0.4652777777777778 0.837890625 0.4895833333333333 0.830078125 0.4895833333333333 0.828125 0.4930555555555556 0.82421875 0.4895833333333333 0.822265625 0.46875 0.82421875 0.4652777777777778 0.830078125 0.4652777777777778
2 0.80859375 0.4861111111111111 0.80859375 0.4791666666666667 0.8125 0.46875 0.8125 0.4479166666666667 0.814453125 0.4444444444444444 0.814453125 0.4097222222222222 0.822265625 0.3958333333333333 0.828125 0.3958333333333333 0.830078125 0.4027777777777778 0.828125 0.40625 0.83203125 0.4131944444444444 0.83203125 0.4166666666666667 0.826171875 0.4270833333333333 0.826171875 0.4409722222222222 0.828125 0.4479166666666667 0.82421875 0.4583333333333333 0.814453125 0.4722222222222222 0.810546875 0.4861111111111111
2 0.7434895833333334 0.5740740740740741 0.0234375 0.06851851851851852
2 0.83984375 0.7881944444444444 0.84765625 0.8125 0.84765625 0.8194444444444444 0.853515625 0.8402777777777778 0.8515625 0.84375 0.8515625 0.8576388888888888 0.849609375 0.8611111111111112 0.849609375 0.875 0.8515625 0.8784722222222222 0.853515625 0.90625 0.849609375 0.9027777777777778 0.84765625 0.8888888888888888 0.845703125 0.8854166666666666 0.841796875 0.8854166666666666 0.837890625 0.8784722222222222 0.8359375 0.8715277777777778 0.8359375 0.8541666666666666 0.83203125 0.84375 0.828125 0.8541666666666666 0.828125 0.8611111111111112 0.826171875 0.8611111111111112 0.828125 0.8090277777777778 0.83203125 0.8055555555555556 0.833984375 0.7916666666666666 0.837890625 0.7881944444444444
2 0.712890625 0.78125 0.720703125 0.8020833333333334 0.720703125 0.8298611111111112 0.724609375 0.8402777777777778 0.724609375 0.8541666666666666 0.73046875 0.8645833333333334 0.73046875 0.8680555555555556 0.728515625 0.8645833333333334 0.724609375 0.8645833333333334 0.72265625 0.8680555555555556 0.7265625 0.8819444444444444 0.724609375 0.8888888888888888 0.71875 0.8819444444444444 0.712890625 0.8819444444444444 0.7109375 0.8854166666666666 0.7109375 0.8993055555555556 0.703125 0.8993055555555556 0.70703125 0.8923611111111112 0.70703125 0.8715277777777778 0.705078125 0.8680555555555556 0.70703125 0.84375 0.703125 0.8402777777777778 0.697265625 0.8229166666666666 0.697265625 0.8159722222222222 0.701171875 0.8020833333333334 0.701171875 0.7916666666666666 0.705078125 0.7847222222222222 0.7109375 0.78125
2 0.4375 0.5763888888888888 0.44140625 0.5763888888888888 0.443359375 0.5798611111111112 0.443359375 0.5868055555555556 0.4453125 0.5902777777777778 0.4453125 0.6076388888888888 0.447265625 0.6111111111111112 0.453125 0.6111111111111112 0.453125 0.6145833333333334 0.4453125 0.6111111111111112 0.44140625 0.625 0.44921875 0.6458333333333334 0.44921875 0.6631944444444444 0.453125 0.6770833333333334 0.4453125 0.6736111111111112 0.4453125 0.6597222222222222 0.439453125 0.6458333333333334 0.431640625 0.6527777777777778 0.4140625 0.6527777777777778 0.412109375 0.65625 0.412109375 0.6493055555555556 0.41796875 0.6493055555555556 0.427734375 0.6423611111111112 0.4296875 0.6354166666666666 0.4296875 0.625 0.431640625 0.6215277777777778 0.431640625 0.6006944444444444 0.4375 0.5798611111111112
2 0.720703125 0.5868055555555556 0.724609375 0.5902777777777778 0.72265625 0.625 0.720703125 0.625 0.71484375 0.6354166666666666 0.712890625 0.6458333333333334 0.703125 0.6701388888888888 0.703125 0.6805555555555556 0.69921875 0.6805555555555556 0.701171875 0.6527777777777778 0.697265625 0.6458333333333334 0.697265625 0.6354166666666666 0.701171875 0.6284722222222222 0.703125 0.6180555555555556 0.708984375 0.6111111111111112 0.71875 0.5902777777777778
2 0.814453125 0.4930555555555556 0.818359375 0.5 0.822265625 0.5173611111111112 0.828125 0.5277777777777778 0.83203125 0.5451388888888888 0.837890625 0.5555555555555556 0.84765625 0.5659722222222222 0.841796875 0.5659722222222222 0.83203125 0.5590277777777778 0.830078125 0.5590277777777778 0.828125 0.5659722222222222 0.82421875 0.5659722222222222 0.814453125 0.5520833333333334 0.81640625 0.5451388888888888 0.81640625 0.5347222222222222 0.810546875 0.5208333333333334 0.810546875 0.4965277777777778 0.8125 0.4965277777777778
2 0.837890625 0.4722222222222222 0.841796875 0.46875 0.84765625 0.4826388888888889 0.849609375 0.5034722222222222 0.85546875 0.5208333333333334 0.85546875 0.5277777777777778 0.84765625 0.5243055555555556 0.845703125 0.53125 0.841796875 0.5208333333333334 0.83984375 0.4756944444444444
2 0.90625 0.4097222222222222 0.9140625 0.3958333333333333 0.912109375 0.3888888888888889 0.912109375 0.3784722222222222 0.91796875 0.3715277777777778 0.91796875 0.3611111111111111 0.919921875 0.3576388888888889 0.92578125 0.3576388888888889 0.92578125 0.3680555555555556 0.931640625 0.3888888888888889 0.931640625 0.3993055555555556 0.9296875 0.40625 0.923828125 0.4131944444444444 0.923828125 0.4236111111111111 0.919921875 0.4270833333333333 0.9140625 0.4409722222222222 0.908203125 0.4409722222222222 0.9140625 0.4270833333333333 0.9140625 0.4201388888888889 0.908203125 0.4131944444444444
2 0.732421875 0.78125 0.732421875 0.7743055555555556 0.73046875 0.7708333333333334 0.73046875 0.7534722222222222 0.7265625 0.7430555555555556 0.7265625 0.7152777777777778 0.724609375 0.7118055555555556 0.724609375 0.6979166666666666 0.7265625 0.6944444444444444 0.7265625 0.6805555555555556 0.728515625 0.6770833333333334 0.734375 0.6770833333333334 0.740234375 0.6875 0.740234375 0.6979166666666666 0.744140625 0.7152777777777778 0.740234375 0.7256944444444444 0.740234375 0.7430555555555556 0.73828125 0.7465277777777778 0.73828125 0.7777777777777778 0.7421875 0.7916666666666666 0.740234375 0.7951388888888888 0.734375 0.78125
2 0.857421875 0.4270833333333333 0.861328125 0.4340277777777778 0.861328125 0.4409722222222222 0.859375 0.4444444444444444 0.859375 0.4583333333333333 0.86328125 0.4618055555555556 0.86328125 0.4791666666666667 0.861328125 0.4826388888888889 0.857421875 0.4791666666666667 0.857421875 0.4722222222222222 0.853515625 0.4652777777777778 0.84375 0.4618055555555556 0.84375 0.4513888888888889 0.845703125 0.4479166666666667 0.845703125 0.4270833333333333 0.83984375 0.4131944444444444 0.83984375 0.3958333333333333 0.841796875 0.3923611111111111 0.84765625 0.3923611111111111 0.849609375 0.3958333333333333 0.8515625 0.4201388888888889 0.85546875 0.4270833333333333
2 0.779296875 0.5694444444444444 0.787109375 0.5451388888888888 0.7890625 0.5277777777777778 0.79296875 0.5208333333333334 0.79296875 0.5104166666666666 0.802734375 0.4930555555555556 0.80859375 0.4930555555555556 0.80859375 0.5173611111111112 0.80078125 0.5416666666666666 0.80078125 0.5555555555555556 0.802734375 0.5590277777777778 0.80078125 0.5833333333333334 0.802734375 0.5902777777777778 0.798828125 0.5902777777777778 0.796875 0.5833333333333334 0.798828125 0.5798611111111112 0.798828125 0.5694444444444444 0.79296875 0.5555555555555556 0.7890625 0.5555555555555556 0.779296875 0.5729166666666666 0.779296875 0.5763888888888888 0.775390625 0.5763888888888888 0.77734375 0.5729166666666666
2 0.3046875 0.3020833333333333 0.30859375 0.3055555555555556 0.30859375 0.3194444444444444 0.310546875 0.3229166666666667 0.306640625 0.3333333333333333 0.306640625 0.3472222222222222 0.30859375 0.3506944444444444 0.306640625 0.3576388888888889 0.30078125 0.3576388888888889 0.296875 0.3680555555555556 0.294921875 0.3680555555555556 0.296875 0.34375 0.291015625 0.3333333333333333 0.296875 0.3159722222222222 0.30078125 0.3125 0.30078125 0.3055555555555556 0.302734375 0.3055555555555556
2 0.86328125 0.3611111111111111 0.869140625 0.375 0.8671875 0.4166666666666667 0.86328125 0.4340277777777778 0.853515625 0.4201388888888889 0.853515625 0.4027777777777778 0.85546875 0.3993055555555556 0.85546875 0.3680555555555556 0.861328125 0.3611111111111111
2 0.75390625 0.6770833333333334 0.7578125 0.6840277777777778 0.7578125 0.6979166666666666 0.76171875 0.7083333333333334 0.76171875 0.71875 0.763671875 0.7222222222222222 0.765625 0.7430555555555556 0.779296875 0.7638888888888888 0.78125 0.7743055555555556 0.779296875 0.7743055555555556 0.76171875 0.7465277777777778 0.7578125 0.7465277777777778 0.755859375 0.7534722222222222 0.751953125 0.7534722222222222 0.751953125 0.7465277777777778 0.748046875 0.7395833333333334 0.744140625 0.7395833333333334 0.7421875 0.7361111111111112 0.7421875 0.7256944444444444 0.74609375 0.71875 0.7421875 0.6875 0.74609375 0.6770833333333334 0.751953125 0.6770833333333334
2 0.751953125 0.6631944444444444 0.75390625 0.6666666666666666 0.75390625 0.6736111111111112 0.7421875 0.6631944444444444 0.740234375 0.6666666666666666 0.7421875 0.6736111111111112 0.740234375 0.6770833333333334 0.732421875 0.6597222222222222 0.73046875 0.6388888888888888 0.728515625 0.6354166666666666 0.728515625 0.625 0.7265625 0.6215277777777778 0.7265625 0.5868055555555556 0.73046875 0.5798611111111112 0.732421875 0.5798611111111112 0.73828125 0.59375 0.740234375 0.6145833333333334 0.744140625 0.625 0.744140625 0.6493055555555556 0.75 0.6631944444444444
2 0.783203125 0.5972222222222222 0.783203125 0.6041666666666666 0.779296875 0.6111111111111112 0.779296875 0.6180555555555556 0.783203125 0.625 0.787109375 0.625 0.7890625 0.6284722222222222 0.7890625 0.6388888888888888 0.787109375 0.6423611111111112 0.78515625 0.6354166666666666 0.779296875 0.6284722222222222 0.775390625 0.6354166666666666 0.77734375 0.6458333333333334 0.78125 0.6527777777777778 0.779296875 0.6597222222222222 0.7734375 0.6597222222222222 0.775390625 0.6527777777777778 0.767578125 0.6319444444444444 0.767578125 0.6076388888888888 0.76953125 0.6006944444444444 0.765625 0.5902777777777778 0.755859375 0.5763888888888888 0.755859375 0.5729166666666666 0.76171875 0.5625 0.76171875 0.5555555555555556 0.763671875 0.5520833333333334 0.76953125 0.5520833333333334 0.771484375 0.5659722222222222 0.775390625 0.5763888888888888 0.775390625 0.5833333333333334 0.78125 0.5972222222222222
2 0.890625 0.3645833333333333 0.890625 0.375 0.888671875 0.3819444444444444 0.884765625 0.3854166666666667 0.8828125 0.3923611111111111 0.8828125 0.40625 0.87890625 0.4131944444444444 0.87890625 0.4201388888888889 0.888671875 0.4305555555555556 0.88671875 0.4375 0.87890625 0.4270833333333333 0.869140625 0.4236111111111111 0.869140625 0.40625 0.87109375 0.4027777777777778 0.87109375 0.3784722222222222 0.87890625 0.375 0.8828125 0.3680555555555556 0.888671875 0.3645833333333333
2 0.828125 0.4513888888888889 0.8359375 0.4548611111111111 0.8359375 0.4618055555555556 0.83984375 0.46875 0.83984375 0.5034722222222222 0.841796875 0.5069444444444444 0.841796875 0.5173611111111112 0.849609375 0.5277777777777778 0.84765625 0.5347222222222222 0.841796875 0.5243055555555556 0.841796875 0.5208333333333334 0.8359375 0.5138888888888888 0.83203125 0.5173611111111112 0.826171875 0.5173611111111112 0.826171875 0.5 0.822265625 0.4965277777777778 0.822265625 0.46875 0.828125 0.4583333333333333 0.828125 0.4548611111111111
1 0.9140625 0.375 0.923828125 0.375 0.927734375 0.3784722222222222 0.931640625 0.3888888888888889 0.931640625 0.3958333333333333 0.92578125 0.40625 0.9140625 0.40625 0.9140625 0.3958333333333333 0.916015625 0.3923611111111111 0.912109375 0.3819444444444444 0.9140625 0.3784722222222222
1 0.88671875 0.375 0.888671875 0.3819444444444444 0.884765625 0.3888888888888889 0.8828125 0.3854166666666667 0.87890625 0.3888888888888889 0.875 0.3888888888888889 0.873046875 0.3854166666666667 0.873046875 0.3784722222222222 0.875 0.375 0.884765625 0.375