0 0.17578125 0.16319444444444445 0.177734375 0.16666666666666666 0.177734375 0.17708333333333334 0.171875 0.1875 0.166015625 0.1875 0.162109375 0.1840277777777778 0.158203125 0.1736111111111111 0.16015625 0.16666666666666666 0.166015625 0.1597222222222222 0.171875 0.1597222222222222 0.173828125 0.16319444444444445
0 0.2109375 0.1527777777777778 0.21484375 0.16319444444444445 0.20703125 0.1701388888888889 0.19921875 0.1701388888888889 0.197265625 0.16666666666666666 0.197265625 0.1597222222222222 0.19921875 0.15625 0.205078125 0.15625 0.208984375 0.1527777777777778
0 0.2911458333333333 0.12685185185185185 0.019791666666666666 0.037037037037037035
0 0.40625 0.08680555555555555 0.41015625 0.09027777777777778 0.41015625 0.10416666666666667 0.4140625 0.1111111111111111 0.4140625 0.11805555555555555 0.412109375 0.12152777777777778 0.408203125 0.12152777777777778 0.396484375 0.10416666666666667 0.396484375 0.09375 0.404296875 0.08680555555555555
0 0.5143229166666666 0.40046296296296297 0.019270833333333334 0.03425925925925926
0 0.529296875 0.4444444444444444 0.53515625 0.4409722222222222 0.54296875 0.4479166666666667 0.54296875 0.4548611111111111 0.537109375 0.4652777777777778 0.533203125 0.4652777777777778 0.53125 0.4618055555555556 0.529296875 0.4479166666666667
0 0.599609375 0.7048611111111112 0.60546875 0.7118055555555556 0.60546875 0.7256944444444444 0.607421875 0.7291666666666666 0.607421875 0.7361111111111112 0.60546875 0.7395833333333334 0.591796875 0.7395833333333334 0.5859375 0.7326388888888888 0.5859375 0.7083333333333334 0.59375 0.7013888888888888 0.59765625 0.7048611111111112
1 0.16015625 0.18055555555555555 0.171875 0.19444444444444445 0.162109375 0.22916666666666666 0.150390625 0.22916666666666666 0.1484375 0.22569444444444445 0.1484375 0.2048611111111111 0.15234375 0.19444444444444445 0.15234375 0.1875 0.158203125 0.18055555555555555
1 0.203125 0.1701388888888889 0.212890625 0.17708333333333334 0.216796875 0.1840277777777778 0.216796875 0.21180555555555555 0.212890625 0.22916666666666666 0.208984375 0.22569444444444445 0.201171875 0.22569444444444445 0.19921875 0.21875 0.1953125 0.21875 0.193359375 0.2152777777777778 0.1953125 0.21180555555555555 0.193359375 0.17708333333333334 0.201171875 0.1701388888888889
1 0.5546875 0.4409722222222222 0.56640625 0.4513888888888889 0.568359375 0.4548611111111111 0.568359375 0.4618055555555556 0.572265625 0.46875 0.572265625 0.4756944444444444 0.560546875 0.4756944444444444 0.556640625 0.4826388888888889 0.54296875 0.4826388888888889 0.5390625 0.4791666666666667 0.53515625 0.46875 0.537109375 0.4583333333333333 0.544921875 0.4444444444444444 0.552734375 0.4409722222222222
1 0.298828125 0.13194444444444445 0.302734375 0.1388888888888889 0.30078125 0.1875 0.294921875 0.1875 0.29296875 0.1909722222222222 0.2890625 0.1909722222222222 0.28125 0.1840277777777778 0.28125 0.1701388888888889 0.27734375 0.1597222222222222 0.27734375 0.1388888888888889 0.279296875 0.13541666666666666 0.29296875 0.13541666666666666 0.296875 0.13194444444444445
1 0.17578125 0.1909722222222222 0.18359375 0.18055555555555555 0.189453125 0.18055555555555555 0.1953125 0.1701388888888889 0.205078125 0.1701388888888889 0.20703125 0.1736111111111111 0.2109375 0.1736111111111111 0.216796875 0.1840277777777778 0.216796875 0.2152777777777778 0.212890625 0.22916666666666666 0.193359375 0.2222222222222222 0.193359375 0.20833333333333334 0.1953125 0.2013888888888889 0.19140625 0.19444444444444445 0.1796875 0.19444444444444445 0.177734375 0.1909722222222222
1 0.505859375 0.40625 0.513671875 0.4131944444444444 0.517578125 0.4097222222222222 0.521484375 0.4097222222222222 0.5234375 0.4131944444444444 0.5234375 0.4201388888888889 0.51953125 0.4305555555555556 0.51953125 0.4409722222222222 0.517578125 0.4444444444444444 0.517578125 0.4548611111111111 0.513671875 0.4618055555555556 0.50390625 0.4618055555555556 0.494140625 0.4548611111111111 0.498046875 0.4131944444444444 0.5 0.4097222222222222 0.50390625 0.4097222222222222
1 0.607421875 0.7361111111111112 0.61328125 0.7430555555555556 0.615234375 0.75 0.615234375 0.7986111111111112 0.609375 0.8125 0.607421875 0.8090277777777778 0.591796875 0.8090277777777778 0.587890625 0.8020833333333334 0.587890625 0.7708333333333334 0.583984375 0.7569444444444444 0.583984375 0.7465277777777778 0.591796875 0.7361111111111112 0.60546875 0.7361111111111112
1 0.400390625 0.11458333333333333 0.40234375 0.11805555555555555 0.419921875 0.11458333333333333 0.419921875 0.1423611111111111 0.41796875 0.14583333333333334 0.41796875 0.1597222222222222 0.4140625 0.17708333333333334 0.396484375 0.17708333333333334 0.396484375 0.1597222222222222 0.39453125 0.15625 0.39453125 0.13541666666666666 0.392578125 0.13194444444444445 0.392578125 0.12152777777777778 0.3984375 0.11458333333333333
1 0.55078125 0.40625 0.552734375 0.4097222222222222 0.5546875 0.4340277777777778 0.546875 0.4409722222222222 0.521484375 0.4409722222222222 0.521484375 0.4305555555555556 0.525390625 0.4236111111111111 0.525390625 0.40625 0.52734375 0.4027777777777778 0.53125 0.3993055555555556 0.541015625 0.3993055555555556 0.548828125 0.40625
2 0.5377604166666666 0.42083333333333334 0.034895833333333334 0.04722222222222222
2 0.5625 0.4479166666666667 0.568359375 0.4548611111111111 0.57421875 0.4756944444444444 0.578125 0.4826388888888889 0.578125 0.5069444444444444 0.572265625 0.53125 0.5703125 0.5555555555555556 0.56640625 0.5659722222222222 0.56640625 0.5729166666666666 0.568359375 0.5763888888888888 0.56640625 0.5868055555555556 0.5546875 0.5868055555555556 0.552734375 0.5902777777777778 0.544921875 0.5902777777777778 0.54296875 0.59375 0.541015625 0.5902777777777778 0.548828125 0.5694444444444444 0.546875 0.5659722222222222 0.546875 0.5243055555555556 0.552734375 0.5 0.548828125 0.4930555555555556 0.541015625 0.4930555555555556 0.5390625 0.4791666666666667 0.52734375 0.4618055555555556 0.52734375 0.4479166666666667 0.529296875 0.4444444444444444 0.537109375 0.4444444444444444 0.5390625 0.4409722222222222 0.556640625 0.4409722222222222 0.560546875 0.4479166666666667
2 0.2890625 0.1076388888888889 0.294921875 0.11458333333333333 0.298828125 0.13194444444444445 0.314453125 0.16666666666666666 0.314453125 0.17708333333333334 0.310546875 0.17708333333333334 0.306640625 0.16666666666666666 0.302734375 0.16666666666666666 0.30078125 0.1701388888888889 0.30078125 0.18055555555555555 0.3046875 0.19791666666666666 0.3046875 0.25 0.30078125 0.2534722222222222 0.296875 0.2361111111111111 0.29296875 0.22916666666666666 0.291015625 0.2326388888888889 0.291015625 0.2673611111111111 0.2890625 0.2708333333333333 0.28515625 0.2604166666666667 0.28515625 0.20833333333333334 0.283203125 0.2048611111111111 0.28125 0.17708333333333334 0.279296875 0.1736111111111111 0.27734375 0.17708333333333334 0.27734375 0.20833333333333334 0.2734375 0.21180555555555555 0.271484375 0.2048611111111111 0.2734375 0.19791666666666666 0.2734375 0.16319444444444445 0.27734375 0.14930555555555555 0.27734375 0.1388888888888889 0.283203125 0.13194444444444445 0.283203125 0.11805555555555555 0.28515625 0.1111111111111111 0.287109375 0.1111111111111111
2 0.208984375 0.15625 0.216796875 0.1840277777777778 0.216796875 0.2152777777777778 0.21484375 0.21875 0.21484375 0.2743055555555556 0.216796875 0.2777777777777778 0.216796875 0.3125 0.2109375 0.2951388888888889 0.2109375 0.2881944444444444 0.20703125 0.2743055555555556 0.20703125 0.2638888888888889 0.19921875 0.24305555555555555 0.19140625 0.2534722222222222 0.19140625 0.28125 0.185546875 0.2881944444444444 0.185546875 0.2743055555555556 0.1875 0.2708333333333333 0.185546875 0.2673611111111111 0.185546875 0.24305555555555555 0.19140625 0.22916666666666666 0.1953125 0.2013888888888889 0.19140625 0.19444444444444445 0.1796875 0.19444444444444445 0.17578125 0.1909722222222222 0.18359375 0.18055555555555555 0.189453125 0.18055555555555555 0.201171875 0.15625 0.20703125 0.15625
2 0.162109375 0.16319444444444445 0.173828125 0.16319444444444445 0.17578125 0.1840277777777778 0.171875 0.19444444444444445 0.171875 0.2013888888888889 0.1796875 0.2152777777777778 0.1875 0.21875 0.16796875 0.2152777777777778 0.1640625 0.2222222222222222 0.1640625 0.2326388888888889 0.166015625 0.23958333333333334 0.171875 0.25 0.173828125 0.25 0.17578125 0.2569444444444444 0.17578125 0.2708333333333333 0.158203125 0.3055555555555556 0.16015625 0.3229166666666667 0.154296875 0.3159722222222222 0.15234375 0.3090277777777778 0.15234375 0.2951388888888889 0.150390625 0.2916666666666667 0.150390625 0.2777777777777778 0.15234375 0.2743055555555556 0.146484375 0.2569444444444444 0.14453125 0.2326388888888889 0.1484375 0.22569444444444445 0.1484375 0.2048611111111111 0.15234375 0.19444444444444445 0.15234375 0.1875 0.162109375 0.16666666666666666
2 0.517578125 0.3854166666666667 0.5234375 0.40625 0.5234375 0.4236111111111111 0.51953125 0.4305555555555556 0.521484375 0.5277777777777778 0.51953125 0.5347222222222222 0.515625 0.53125 0.515625 0.5173611111111112 0.513671875 0.5138888888888888 0.513671875 0.5034722222222222 0.51171875 0.4965277777777778 0.5078125 0.4895833333333333 0.50390625 0.4930555555555556 0.501953125 0.4965277777777778 0.50390625 0.5347222222222222 0.505859375 0.5381944444444444 0.505859375 0.5555555555555556 0.50390625 0.5590277777777778 0.5 0.5451388888888888 0.5 0.5347222222222222 0.49609375 0.5243055555555556 0.4921875 0.4618055555555556 0.494140625 0.4583333333333333 0.494140625 0.4444444444444444 0.49609375 0.4409722222222222 0.49609375 0.4236111111111111 0.498046875 0.4201388888888889 0.498046875 0.4131944444444444 0.505859375 0.4027777777777778 0.505859375 0.3958333333333333 0.509765625 0.3854166666666667 0.515625 0.3854166666666667
2 0.6015625 0.7083333333333334 0.60546875 0.71875 0.60546875 0.7326388888888888 0.61328125 0.7430555555555556 0.615234375 0.75 0.615234375 0.7604166666666666 0.619140625 0.7743055555555556 0.619140625 0.7847222222222222 0.615234375 0.7916666666666666 0.615234375 0.7986111111111112 0.61328125 0.8020833333333334 0.61328125 0.8229166666666666 0.615234375 0.8263888888888888 0.615234375 0.8472222222222222 0.623046875 0.8784722222222222 0.623046875 0.8854166666666666 0.62109375 0.8888888888888888 0.615234375 0.8854166666666666 0.61328125 0.875 0.609375 0.8680555555555556 0.609375 0.8611111111111112 0.599609375 0.8402777777777778 0.5859375 0.84375 0.580078125 0.8541666666666666 0.580078125 0.8680555555555556 0.57421875 0.8888888888888888 0.5703125 0.8819444444444444 0.572265625 0.875 0.572265625 0.8576388888888888 0.57421875 0.8541666666666666 0.580078125 0.8194444444444444 0.587890625 0.8055555555555556 0.587890625 0.7847222222222222 0.583984375 0.7777777777777778 0.5625 0.7951388888888888 0.552734375 0.7951388888888888 0.55078125 0.7916666666666666 0.5546875 0.7847222222222222 0.564453125 0.7847222222222222 0.580078125 0.7743055555555556 0.583984375 0.7673611111111112 0.583984375 0.7430555555555556 0.587890625 0.7430555555555556 0.591796875 0.7326388888888888 0.58984375 0.7256944444444444 0.591796875 0.7118055555555556 0.59375 0.7083333333333334 0.599609375 0.7083333333333334
2 0.412109375 0.09375 0.4140625 0.10416666666666667 0.419921875 0.11458333333333333 0.419921875 0.1388888888888889 0.41796875 0.1423611111111111 0.41796875 0.16666666666666666 0.416015625 0.1701388888888889 0.41796875 0.17708333333333334 0.416015625 0.18055555555555555 0.416015625 0.2013888888888889 0.412109375 0.21875 0.412109375 0.24305555555555555 0.41015625 0.2465277777777778 0.41015625 0.2638888888888889 0.408203125 0.2673611111111111 0.404296875 0.2673611111111111 0.396484375 0.2465277777777778 0.396484375 0.1840277777777778 0.39453125 0.18055555555555555 0.39453125 0.1701388888888889 0.396484375 0.16319444444444445 0.39453125 0.1597222222222222 0.39453125 0.13541666666666666 0.392578125 0.13194444444444445 0.392578125 0.12152777777777778 0.400390625 0.1111111111111111 0.400390625 0.10069444444444445 0.404296875 0.09375 0.41015625 0.09375
2 0.54296875 0.3993055555555556 0.544921875 0.4027777777777778 0.548828125 0.4027777777777778 0.552734375 0.4097222222222222 0.5546875 0.4340277777777778 0.548828125 0.4409722222222222 0.529296875 0.4409722222222222 0.525390625 0.4479166666666667 0.5234375 0.4479166666666667 0.521484375 0.4409722222222222 0.521484375 0.4305555555555556 0.525390625 0.4236111111111111 0.525390625 0.40625 0.53125 0.3993055555555556 0.541015625 0.3993055555555556