0 0.6328125 0.3888888888888889 0.63671875 0.3993055555555556 0.640625 0.3993055555555556 0.642578125 0.4027777777777778 0.642578125 0.4236111111111111 0.638671875 0.4270833333333333 0.634765625 0.4409722222222222 0.623046875 0.4409722222222222 0.619140625 0.4340277777777778 0.619140625 0.4270833333333333 0.6171875 0.4236111111111111 0.6171875 0.3993055555555556 0.619140625 0.3993055555555556 0.625 0.3888888888888889 0.630859375 0.3888888888888889
0 0.5703125 0.006944444444444444 0.580078125 0 0.5859375 0 0.587890625 0.003472222222222222 0.587890625 0.010416666666666666 0.580078125 0.020833333333333332 0.572265625 0.020833333333333332 0.5703125 0.017361111111111112 0.5703125 0.010416666666666666
0 0.94921875 0.1736111111111111 0.953125 0.18055555555555555 0.953125 0.19791666666666666 0.94921875 0.2048611111111111 0.94921875 0.21180555555555555 0.943359375 0.21875 0.935546875 0.21875 0.9296875 0.21180555555555555 0.923828125 0.2013888888888889 0.923828125 0.1909722222222222 0.927734375 0.17708333333333334 0.935546875 0.1701388888888889 0.943359375 0.16666666666666666 0.947265625 0.1736111111111111
0 0.71484375 0.2881944444444444 0.71875 0.2916666666666667 0.720703125 0.3055555555555556 0.724609375 0.3159722222222222 0.724609375 0.3263888888888889 0.716796875 0.34375 0.708984375 0.34375 0.703125 0.3333333333333333 0.703125 0.3263888888888889 0.701171875 0.3229166666666667 0.701171875 0.3159722222222222 0.705078125 0.3055555555555556 0.70703125 0.2916666666666667 0.712890625 0.2881944444444444
0 0.80078125 0.375 0.818359375 0.375 0.826171875 0.3854166666666667 0.826171875 0.3993055555555556 0.818359375 0.4236111111111111 0.814453125 0.4270833333333333 0.8046875 0.4270833333333333 0.798828125 0.4097222222222222 0.798828125 0.3993055555555556 0.80078125 0.3958333333333333 0.798828125 0.3819444444444444 0.80078125 0.3784722222222222
0 0.6505208333333333 0.3990740740740741 0.01875 0.037037037037037035
0 0.6729166666666666 0.4185185185185185 0.026041666666666668 0.05185185185185185
1 0.921875 0.20833333333333334 0.92578125 0.20833333333333334 0.935546875 0.21875 0.943359375 0.21875 0.94921875 0.21180555555555555 0.951171875 0.2152777777777778 0.9609375 0.2152777777777778 0.96484375 0.22916666666666666 0.96484375 0.23958333333333334 0.97265625 0.2604166666666667 0.97265625 0.2708333333333333 0.96875 0.2777777777777778 0.962890625 0.2777777777777778 0.958984375 0.2708333333333333 0.947265625 0.2708333333333333 0.943359375 0.2777777777777778 0.9453125 0.2847222222222222 0.953125 0.2881944444444444 0.953125 0.3090277777777778 0.94140625 0.3090277777777778 0.939453125 0.3055555555555556 0.927734375 0.3020833333333333 0.923828125 0.2916666666666667 0.92578125 0.2847222222222222 0.92578125 0.2743055555555556 0.921875 0.2673611111111111 0.9140625 0.2673611111111111 0.9140625 0.2604166666666667 0.919921875 0.23958333333333334 0.919921875 0.2152777777777778 0.921875 0.21180555555555555
1 0.61328125 0.4201388888888889 0.625 0.4375 0.638671875 0.4340277777777778 0.640625 0.4409722222222222 0.638671875 0.4618055555555556 0.642578125 0.46875 0.642578125 0.4756944444444444 0.638671875 0.4895833333333333 0.6328125 0.4965277777777778 0.623046875 0.4965277777777778 0.619140625 0.4895833333333333 0.609375 0.4895833333333333 0.609375 0.4548611111111111 0.603515625 0.4444444444444444 0.6015625 0.4444444444444444 0.599609375 0.4375 0.60546875 0.4236111111111111 0.611328125 0.4201388888888889
1 0.8046875 0.4270833333333333 0.806640625 0.4305555555555556 0.810546875 0.4305555555555556 0.822265625 0.4201388888888889 0.830078125 0.4270833333333333 0.833984375 0.4375 0.833984375 0.4479166666666667 0.828125 0.4479166666666667 0.826171875 0.4513888888888889 0.833984375 0.4652777777777778 0.833984375 0.4756944444444444 0.8359375 0.4791666666666667 0.833984375 0.4895833333333333 0.830078125 0.4965277777777778 0.814453125 0.5104166666666666 0.810546875 0.5104166666666666 0.80859375 0.5069444444444444 0.80859375 0.4861111111111111 0.806640625 0.4826388888888889 0.806640625 0.4652777777777778 0.8046875 0.4618055555555556 0.8046875 0.4340277777777778 0.802734375 0.4305555555555556
1 0.69921875 0.3229166666666667 0.708984375 0.34375 0.71484375 0.3402777777777778 0.724609375 0.3263888888888889 0.734375 0.3402777777777778 0.734375 0.3541666666666667 0.728515625 0.3645833333333333 0.728515625 0.3784722222222222 0.732421875 0.3888888888888889 0.732421875 0.4131944444444444 0.728515625 0.4201388888888889 0.708984375 0.4201388888888889 0.705078125 0.4131944444444444 0.705078125 0.3923611111111111 0.693359375 0.3368055555555556 0.6953125 0.3333333333333333 0.6953125 0.3263888888888889 0.697265625 0.3263888888888889
1 0.685546875 0.4097222222222222 0.693359375 0.4166666666666667 0.697265625 0.4166666666666667 0.724609375 0.4618055555555556 0.724609375 0.4826388888888889 0.720703125 0.4895833333333333 0.69921875 0.4895833333333333 0.69140625 0.4826388888888889 0.689453125 0.4756944444444444 0.681640625 0.4756944444444444 0.671875 0.46875 0.671875 0.4618055555555556 0.66796875 0.4513888888888889 0.677734375 0.4375 0.677734375 0.4305555555555556 0.685546875 0.4131944444444444
1 0.564453125 0.010416666666666666 0.5703125 0.006944444444444444 0.572265625 0.020833333333333332 0.576171875 0.027777777777777776 0.580078125 0.027777777777777776 0.5859375 0.017361111111111112 0.59375 0.013888888888888888 0.599609375 0.020833333333333332 0.599609375 0.03819444444444445 0.603515625 0.04861111111111111 0.603515625 0.059027777777777776 0.59765625 0.06597222222222222 0.59765625 0.07291666666666667 0.599609375 0.0763888888888889 0.595703125 0.09027777777777778 0.59375 0.09375 0.58984375 0.09027777777777778 0.583984375 0.09027777777777778 0.57421875 0.10069444444444445 0.568359375 0.09375 0.568359375 0.052083333333333336 0.564453125 0.04513888888888889 0.564453125 0.024305555555555556 0.5625 0.020833333333333332 0.564453125 0.013888888888888888
2 0.9453125 0.1701388888888889 0.94921875 0.1736111111111111 0.951171875 0.18055555555555555 0.94921875 0.20833333333333334 0.953125 0.2152777777777778 0.9609375 0.2152777777777778 0.962890625 0.21875 0.96484375 0.23958333333333334 0.97265625 0.2604166666666667 0.97265625 0.2743055555555556 0.966796875 0.28125 0.958984375 0.28125 0.953125 0.2881944444444444 0.953125 0.3090277777777778 0.94921875 0.3159722222222222 0.94921875 0.3229166666666667 0.943359375 0.3402777777777778 0.943359375 0.3506944444444444 0.939453125 0.3611111111111111 0.939453125 0.3680555555555556 0.943359375 0.3784722222222222 0.953125 0.3923611111111111 0.953125 0.3993055555555556 0.9375 0.4305555555555556 0.9375 0.4375 0.931640625 0.4479166666666667 0.921875 0.4479166666666667 0.921875 0.4409722222222222 0.9296875 0.4236111111111111 0.9296875 0.3854166666666667 0.92578125 0.3680555555555556 0.921875 0.3611111111111111 0.921875 0.3194444444444444 0.919921875 0.3159722222222222 0.919921875 0.2986111111111111 0.921875 0.2951388888888889 0.921875 0.2881944444444444 0.9140625 0.2777777777777778 0.9140625 0.2604166666666667 0.919921875 0.23958333333333334 0.919921875 0.2152777777777778 0.921875 0.20833333333333334 0.92578125 0.20833333333333334 0.927734375 0.2048611111111111 0.9296875 0.1840277777777778 0.9375 0.1701388888888889 0.943359375 0.1701388888888889
2 0.814453125 0.3784722222222222 0.822265625 0.3854166666666667 0.82421875 0.3923611111111111 0.82421875 0.4201388888888889 0.83203125 0.4305555555555556 0.833984375 0.4444444444444444 0.841796875 0.4722222222222222 0.841796875 0.4861111111111111 0.833984375 0.5034722222222222 0.833984375 0.5347222222222222 0.822265625 0.5555555555555556 0.822265625 0.5590277777777778 0.8203125 0.5590277777777778 0.814453125 0.5694444444444444 0.814453125 0.5729166666666666 0.80859375 0.5798611111111112 0.810546875 0.5833333333333334 0.810546875 0.5902777777777778 0.814453125 0.5972222222222222 0.81640625 0.6215277777777778 0.82421875 0.6458333333333334 0.82421875 0.6527777777777778 0.818359375 0.6597222222222222 0.802734375 0.6597222222222222 0.80078125 0.65625 0.80078125 0.6527777777777778 0.810546875 0.6388888888888888 0.810546875 0.6319444444444444 0.802734375 0.6111111111111112 0.80078125 0.5972222222222222 0.796875 0.5902777777777778 0.796875 0.5833333333333334 0.79296875 0.5694444444444444 0.791015625 0.5729166666666666 0.791015625 0.5798611111111112 0.787109375 0.59375 0.787109375 0.6041666666666666 0.78515625 0.6076388888888888 0.787109375 0.6111111111111112 0.787109375 0.6284722222222222 0.783203125 0.6319444444444444 0.765625 0.6319444444444444 0.763671875 0.6284722222222222 0.765625 0.6215277777777778 0.771484375 0.6215277777777778 0.77734375 0.6111111111111112 0.77734375 0.6041666666666666 0.779296875 0.6006944444444444 0.779296875 0.5555555555555556 0.783203125 0.5381944444444444 0.794921875 0.5173611111111112 0.791015625 0.5069444444444444 0.791015625 0.4965277777777778 0.806640625 0.4826388888888889 0.8046875 0.4375 0.80078125 0.4270833333333333 0.798828125 0.3958333333333333 0.802734375 0.3854166666666667 0.8125 0.3784722222222222
2 0.650390625 0.5104166666666666 0.658203125 0.5138888888888888 0.66796875 0.5347222222222222 0.66796875 0.5451388888888888 0.673828125 0.5555555555555556 0.677734375 0.5694444444444444 0.6796875 0.5868055555555556 0.685546875 0.5972222222222222 0.701171875 0.6145833333333334 0.701171875 0.6180555555555556 0.697265625 0.6215277777777778 0.69140625 0.6215277777777778 0.68359375 0.6145833333333334 0.677734375 0.5972222222222222 0.671875 0.5902777777777778 0.666015625 0.5555555555555556 0.66015625 0.5451388888888888 0.658203125 0.5451388888888888 0.654296875 0.5347222222222222 0.654296875 0.5277777777777778 0.650390625 0.5138888888888888
2 0.716796875 0.2916666666666667 0.720703125 0.2986111111111111 0.7265625 0.3263888888888889 0.734375 0.3402777777777778 0.736328125 0.3472222222222222 0.734375 0.3541666666666667 0.744140625 0.3888888888888889 0.744140625 0.4375 0.748046875 0.4479166666666667 0.748046875 0.4548611111111111 0.744140625 0.4618055555555556 0.73828125 0.4548611111111111 0.73828125 0.4375 0.740234375 0.4305555555555556 0.73828125 0.4270833333333333 0.73828125 0.4201388888888889 0.734375 0.4131944444444444 0.73046875 0.4236111111111111 0.73046875 0.4340277777777778 0.724609375 0.4513888888888889 0.71875 0.4513888888888889 0.703125 0.4201388888888889 0.705078125 0.4166666666666667 0.705078125 0.3923611111111111 0.701171875 0.3784722222222222 0.697265625 0.3784722222222222 0.69140625 0.3888888888888889 0.68359375 0.3958333333333333 0.6796875 0.3958333333333333 0.677734375 0.3923611111111111 0.6875 0.3784722222222222 0.6953125 0.3576388888888889 0.6953125 0.3402777777777778 0.693359375 0.3368055555555556 0.701171875 0.3194444444444444 0.703125 0.2986111111111111 0.708984375 0.2916666666666667 0.71484375 0.2916666666666667
2 0.6796875 0.3993055555555556 0.68359375 0.4027777777777778 0.685546875 0.4097222222222222 0.693359375 0.4166666666666667 0.697265625 0.4166666666666667 0.7109375 0.4409722222222222 0.712890625 0.4409722222222222 0.712890625 0.4444444444444444 0.71875 0.4548611111111111 0.724609375 0.4583333333333333 0.734375 0.4722222222222222 0.736328125 0.4930555555555556 0.73046875 0.5138888888888888 0.728515625 0.5451388888888888 0.7265625 0.5486111111111112 0.7265625 0.5590277777777778 0.73046875 0.5694444444444444 0.73046875 0.5833333333333334 0.732421875 0.5868055555555556 0.732421875 0.59375 0.73046875 0.5972222222222222 0.73046875 0.6354166666666666 0.728515625 0.6423611111111112 0.724609375 0.6423611111111112 0.72265625 0.6458333333333334 0.7109375 0.6458333333333334 0.708984375 0.6423611111111112 0.71875 0.6215277777777778 0.71875 0.5868055555555556 0.716796875 0.5833333333333334 0.71484375 0.5902777777777778 0.712890625 0.5902777777777778 0.7109375 0.5833333333333334 0.6875 0.5451388888888888 0.685546875 0.5381944444444444 0.69140625 0.5138888888888888 0.69140625 0.4965277777777778 0.66796875 0.4722222222222222 0.669921875 0.46875 0.669921875 0.4618055555555556 0.666015625 0.4583333333333333 0.666015625 0.4513888888888889 0.66015625 0.4340277777777778 0.66015625 0.40625 0.666015625 0.3993055555555556 0.671875 0.3993055555555556 0.673828125 0.3958333333333333 0.677734375 0.3993055555555556
2 0.6328125 0.3923611111111111 0.642578125 0.4097222222222222 0.642578125 0.4201388888888889 0.640625 0.4236111111111111 0.640625 0.4513888888888889 0.638671875 0.4583333333333333 0.642578125 0.46875 0.64453125 0.5069444444444444 0.65234375 0.5243055555555556 0.654296875 0.5381944444444444 0.6640625 0.5555555555555556 0.666015625 0.5694444444444444 0.669921875 0.5798611111111112 0.669921875 0.5868055555555556 0.68359375 0.6180555555555556 0.681640625 0.6215277777777778 0.67578125 0.6215277777777778 0.669921875 0.6111111111111112 0.6640625 0.5902777777777778 0.654296875 0.5729166666666666 0.6484375 0.5555555555555556 0.634765625 0.5347222222222222 0.62890625 0.5347222222222222 0.611328125 0.5729166666666666 0.60546875 0.59375 0.60546875 0.6006944444444444 0.599609375 0.6145833333333334 0.599609375 0.6284722222222222 0.595703125 0.6458333333333334 0.591796875 0.6493055555555556 0.583984375 0.6493055555555556 0.58203125 0.6527777777777778 0.57421875 0.6527777777777778 0.57421875 0.6493055555555556 0.587890625 0.6180555555555556 0.58984375 0.5868055555555556 0.59375 0.5763888888888888 0.59375 0.5694444444444444 0.59765625 0.5625 0.599609375 0.5416666666666666 0.6015625 0.5381944444444444 0.6015625 0.5277777777777778 0.607421875 0.5069444444444444 0.607421875 0.5 0.603515625 0.4930555555555556 0.59765625 0.4895833333333333 0.591796875 0.4791666666666667 0.591796875 0.46875 0.59375 0.4652777777777778 0.59375 0.4583333333333333 0.599609375 0.4444444444444444 0.6015625 0.4305555555555556 0.60546875 0.4236111111111111 0.615234375 0.4166666666666667 0.6171875 0.3993055555555556 0.623046875 0.3888888888888889 0.62890625 0.3888888888888889 0.630859375 0.3923611111111111
2 0.5703125 0 0.5859375 0 0.591796875 0.013888888888888888 0.599609375 0.020833333333333332 0.599609375 0.034722222222222224 0.603515625 0.041666666666666664 0.603515625 0.04861111111111111 0.60546875 0.052083333333333336 0.60546875 0.07291666666666667 0.59765625 0.09027777777777778 0.599609375 0.1388888888888889 0.6015625 0.14583333333333334 0.611328125 0.1597222222222222 0.615234375 0.1736111111111111 0.615234375 0.19791666666666666 0.611328125 0.19791666666666666 0.60546875 0.16666666666666666 0.599609375 0.1597222222222222 0.595703125 0.1597222222222222 0.58203125 0.13194444444444445 0.580078125 0.13541666666666666 0.580078125 0.1423611111111111 0.576171875 0.14930555555555555 0.576171875 0.16319444444444445 0.57421875 0.16666666666666666 0.57421875 0.2326388888888889 0.5625 0.2326388888888889 0.568359375 0.2152777777777778 0.568359375 0.19444444444444445 0.56640625 0.1909722222222222 0.56640625 0.13194444444444445 0.564453125 0.1284722222222222 0.564453125 0.1111111111111111 0.55859375 0.10416666666666667 0.55859375 0.08680555555555555 0.560546875 0.08333333333333333 0.560546875 0.0625 0.564453125 0.04513888888888889 0.564453125 0.024305555555555556 0.5625 0.017361111111111112 0.564453125 0.010416666666666666 0.5703125 0.003472222222222222