0 0.033203125 0.4930555555555556 0.037109375 0.5 0.033203125 0.5104166666666666 0.0234375 0.5104166666666666 0.01953125 0.5069444444444444 0.017578125 0.5 0.021484375 0.4930555555555556 0.03125 0.4930555555555556
0 0.056640625 0.21180555555555555 0.0625 0.21875 0.0625 0.2326388888888889 0.060546875 0.2361111111111111 0.046875 0.22569444444444445 0.046875 0.21875 0.0546875 0.21180555555555555
0 0.396484375 0.052083333333333336 0.404296875 0.052083333333333336 0.40625 0.05555555555555555 0.40625 0.06944444444444445 0.3984375 0.06944444444444445 0.396484375 0.06597222222222222 0.396484375 0.05555555555555555
0 0.4614583333333333 0.056018518518518516 0.013541666666666667 0.02314814814814815
0 0.46484375 0.16666666666666666 0.470703125 0.16666666666666666 0.474609375 0.18055555555555555 0.47265625 0.1875 0.46875 0.1875 0.46484375 0.17708333333333334 0.46484375 0.1701388888888889
0 0.521484375 0.16319444444444445 0.521484375 0.1736111111111111 0.515625 0.18055555555555555 0.51171875 0.17708333333333334 0.51171875 0.16666666666666666 0.513671875 0.16319444444444445 0.51953125 0.16319444444444445
0 0.32421875 0.3333333333333333 0.330078125 0.3472222222222222 0.330078125 0.3541666666666667 0.328125 0.3576388888888889 0.322265625 0.3576388888888889 0.318359375 0.3541666666666667 0.318359375 0.3368055555555556 0.322265625 0.3333333333333333
0 0.54296875 0.28125 0.544921875 0.2847222222222222 0.544921875 0.2986111111111111 0.541015625 0.3020833333333333 0.537109375 0.3020833333333333 0.533203125 0.2951388888888889 0.533203125 0.2847222222222222 0.53515625 0.28125 0.541015625 0.28125
0 0.55859375 0.22569444444444445 0.5625 0.22916666666666666 0.564453125 0.2361111111111111 0.560546875 0.25 0.5546875 0.2465277777777778 0.552734375 0.23958333333333334 0.552734375 0.22916666666666666 0.556640625 0.22569444444444445
0 0.60546875 0.2604166666666667 0.615234375 0.2604166666666667 0.615234375 0.2743055555555556 0.61328125 0.28125 0.60546875 0.28125 0.60546875 0.2638888888888889
0 0.556640625 0.3194444444444444 0.560546875 0.3125 0.56640625 0.3125 0.5703125 0.3194444444444444 0.5703125 0.3263888888888889 0.568359375 0.3298611111111111 0.560546875 0.3298611111111111 0.55859375 0.3229166666666667
0 0.435546875 0.4444444444444444 0.439453125 0.4513888888888889 0.439453125 0.4618055555555556 0.4375 0.4652777777777778 0.427734375 0.4652777777777778 0.42578125 0.4583333333333333 0.42578125 0.4479166666666667 0.427734375 0.4444444444444444 0.43359375 0.4444444444444444
0 0.6075520833333333 0.6731481481481482 0.0171875 0.024074074074074074
0 0.666015625 0.6493055555555556 0.666015625 0.6631944444444444 0.662109375 0.6701388888888888 0.654296875 0.6701388888888888 0.65234375 0.6666666666666666 0.65234375 0.6527777777777778 0.654296875 0.6493055555555556 0.6640625 0.6493055555555556
0 0.619140625 0.5173611111111112 0.619140625 0.5 0.62109375 0.4965277777777778 0.630859375 0.4965277777777778 0.6328125 0.5 0.6328125 0.5104166666666666 0.626953125 0.5173611111111112 0.62109375 0.5173611111111112
0 0.6096354166666667 0.43657407407407406 0.018229166666666668 0.02314814814814815
0 0.65625 0.375 0.66015625 0.3819444444444444 0.66015625 0.3958333333333333 0.658203125 0.3993055555555556 0.65234375 0.3993055555555556 0.6484375 0.3923611111111111 0.6484375 0.3819444444444444 0.654296875 0.375
0 0.740234375 0.3263888888888889 0.740234375 0.3125 0.744140625 0.3055555555555556 0.75 0.3055555555555556 0.751953125 0.3090277777777778 0.751953125 0.3194444444444444 0.748046875 0.3263888888888889 0.7421875 0.3263888888888889
0 0.755859375 0.3576388888888889 0.7578125 0.3611111111111111 0.7578125 0.3680555555555556 0.75390625 0.375 0.75 0.375 0.74609375 0.3680555555555556 0.74609375 0.3611111111111111 0.748046875 0.3576388888888889 0.75390625 0.3576388888888889
0 0.607421875 0.2951388888888889 0.609375 0.2986111111111111 0.609375 0.3055555555555556 0.607421875 0.3090277777777778 0.6015625 0.3090277777777778 0.599609375 0.3020833333333333 0.6015625 0.2986111111111111 0.60546875 0.2986111111111111
0 0.599609375 0.3125 0.6015625 0.3159722222222222 0.59765625 0.3159722222222222 0.591796875 0.3229166666666667 0.58984375 0.3159722222222222 0.591796875 0.3125 0.59765625 0.3125
1 0.734375 0.3541666666666667 0.734375 0.3506944444444444 0.740234375 0.3402777777777778 0.740234375 0.3333333333333333 0.744140625 0.3263888888888889 0.748046875 0.3263888888888889 0.75 0.3229166666666667 0.751953125 0.3229166666666667 0.75390625 0.3298611111111111 0.755859375 0.3541666666666667 0.75 0.3645833333333333 0.74609375 0.3645833333333333 0.7421875 0.3576388888888889 0.73828125 0.3576388888888889 0.736328125 0.3541666666666667
1 0.6221354166666666 0.29027777777777775 0.027604166666666666 0.045370370370370366
1 0.05078125 0.22916666666666666 0.056640625 0.2361111111111111 0.056640625 0.25 0.052734375 0.2604166666666667 0.052734375 0.2673611111111111 0.044921875 0.2743055555555556 0.0390625 0.2743055555555556 0.037109375 0.2708333333333333 0.0390625 0.2673611111111111 0.0390625 0.2534722222222222 0.041015625 0.2465277777777778 0.044921875 0.2361111111111111 0.048828125 0.2326388888888889
1 0.63671875 0.5104166666666666 0.650390625 0.53125 0.654296875 0.5451388888888888 0.654296875 0.5520833333333334 0.65234375 0.5555555555555556 0.64453125 0.5520833333333334 0.63671875 0.5381944444444444 0.6328125 0.5381944444444444 0.62890625 0.53125 0.62890625 0.5138888888888888 0.634765625 0.5104166666666666
1 0.7578125 0.3715277777777778 0.76171875 0.375 0.76171875 0.3784722222222222 0.767578125 0.3888888888888889 0.76953125 0.3888888888888889 0.76953125 0.3923611111111111 0.775390625 0.4027777777777778 0.775390625 0.4097222222222222 0.763671875 0.4097222222222222 0.751953125 0.3888888888888889 0.755859375 0.375
1 0.390625 0.06597222222222222 0.39453125 0.0625 0.3984375 0.06597222222222222 0.408203125 0.06597222222222222 0.408203125 0.0798611111111111 0.41015625 0.08333333333333333 0.41015625 0.09027777777777778 0.408203125 0.09375 0.3984375 0.09722222222222222 0.39453125 0.09375 0.390625 0.06944444444444445
1 0.3203125 0.3541666666666667 0.32421875 0.3611111111111111 0.32421875 0.3715277777777778 0.318359375 0.3888888888888889 0.318359375 0.3958333333333333 0.310546875 0.3958333333333333 0.302734375 0.3888888888888889 0.310546875 0.3576388888888889 0.3125 0.3541666666666667 0.318359375 0.3541666666666667
1 0.5390625 0.3645833333333333 0.546875 0.3402777777777778 0.552734375 0.3298611111111111 0.560546875 0.3333333333333333 0.5625 0.3472222222222222 0.552734375 0.3715277777777778 0.546875 0.3715277777777778 0.541015625 0.3645833333333333
1 0.4708333333333333 0.07453703703703703 0.022916666666666665 0.03981481481481482
1 0.578125 0.7256944444444444 0.578125 0.7152777777777778 0.58203125 0.7048611111111112 0.59765625 0.6805555555555556 0.603515625 0.6805555555555556 0.609375 0.6909722222222222 0.609375 0.6979166666666666 0.607421875 0.7013888888888888 0.603515625 0.7013888888888888 0.6015625 0.6979166666666666 0.59765625 0.7013888888888888 0.59765625 0.7083333333333334 0.595703125 0.7118055555555556 0.595703125 0.7326388888888888 0.58203125 0.7291666666666666 0.580078125 0.7256944444444444
1 0.025390625 0.5069444444444444 0.029296875 0.5138888888888888 0.025390625 0.53125 0.025390625 0.5486111111111112 0.0234375 0.5486111111111112 0.01953125 0.5590277777777778 0.015625 0.5625 0.01171875 0.5625 0.01171875 0.5347222222222222 0.013671875 0.53125 0.015625 0.5104166666666666 0.017578125 0.5069444444444444 0.0234375 0.5069444444444444
1 0.4205729166666667 0.4782407407407407 0.024479166666666666 0.041666666666666664
1 0.515625 0.18055555555555555 0.51953125 0.17708333333333334 0.525390625 0.17708333333333334 0.529296875 0.18055555555555555 0.53125 0.1875 0.53125 0.2013888888888889 0.533203125 0.2048611111111111 0.533203125 0.21875 0.51953125 0.2222222222222222 0.51953125 0.2048611111111111 0.515625 0.19791666666666666 0.515625 0.1840277777777778
1 0.619140625 0.3645833333333333 0.623046875 0.3680555555555556 0.625 0.375 0.626953125 0.375 0.62890625 0.3888888888888889 0.6171875 0.3923611111111111 0.615234375 0.3958333333333333 0.609375 0.3958333333333333 0.607421875 0.3888888888888889 0.609375 0.3854166666666667 0.609375 0.3680555555555556 0.6171875 0.3645833333333333
1 0.46484375 0.17708333333333334 0.46875 0.18055555555555555 0.46875 0.1909722222222222 0.466796875 0.19791666666666666 0.453125 0.21875 0.447265625 0.2152777777777778 0.44921875 0.2013888888888889 0.451171875 0.19444444444444445 0.4609375 0.17708333333333334 0.462890625 0.17708333333333334
1 0.671875 0.6666666666666666 0.685546875 0.6944444444444444 0.685546875 0.6979166666666666 0.669921875 0.7118055555555556 0.666015625 0.7083333333333334 0.666015625 0.6944444444444444 0.658203125 0.6736111111111112 0.658203125 0.6701388888888888 0.666015625 0.6631944444444444 0.669921875 0.6666666666666666
1 0.611328125 0.4444444444444444 0.611328125 0.4618055555555556 0.607421875 0.4652777777777778 0.607421875 0.4722222222222222 0.603515625 0.4826388888888889 0.599609375 0.4826388888888889 0.595703125 0.4756944444444444 0.58984375 0.4756944444444444 0.5859375 0.4722222222222222 0.5859375 0.4652777777777778 0.595703125 0.4444444444444444 0.599609375 0.4444444444444444 0.6015625 0.4409722222222222 0.609375 0.4444444444444444
1 0.529296875 0.2916666666666667 0.537109375 0.2986111111111111 0.541015625 0.3090277777777778 0.537109375 0.3159722222222222 0.533203125 0.3159722222222222 0.52734375 0.3263888888888889 0.51171875 0.3263888888888889 0.509765625 0.3194444444444444 0.525390625 0.2951388888888889 0.52734375 0.2951388888888889
1 0.533203125 0.2777777777777778 0.533203125 0.2604166666666667 0.5390625 0.2465277777777778 0.544921875 0.24305555555555555 0.548828125 0.2361111111111111 0.55078125 0.2361111111111111 0.556640625 0.2465277777777778 0.556640625 0.2534722222222222 0.55078125 0.2638888888888889 0.548828125 0.2638888888888889 0.54296875 0.2777777777777778 0.53515625 0.2777777777777778
1 0.666015625 0.3888888888888889 0.681640625 0.4166666666666667 0.681640625 0.4270833333333333 0.6796875 0.4305555555555556 0.658203125 0.4305555555555556 0.66015625 0.4270833333333333 0.66015625 0.4201388888888889 0.654296875 0.4097222222222222 0.654296875 0.3958333333333333 0.658203125 0.3888888888888889 0.6640625 0.3888888888888889
1 0.62109375 0.3125 0.625 0.3159722222222222 0.630859375 0.3298611111111111 0.630859375 0.3472222222222222 0.62890625 0.3506944444444444 0.619140625 0.3506944444444444 0.61328125 0.34375 0.60546875 0.3263888888888889 0.60546875 0.3125 0.607421875 0.3090277777777778 0.619140625 0.3125
1 0.603515625 0.3229166666666667 0.603515625 0.3298611111111111 0.62109375 0.3576388888888889 0.6171875 0.3576388888888889 0.609375 0.34375 0.59765625 0.3333333333333333 0.59765625 0.3298611111111111 0.6015625 0.3263888888888889
2 0.740234375 0.3090277777777778 0.74609375 0.3055555555555556 0.751953125 0.3159722222222222 0.751953125 0.3263888888888889 0.755859375 0.34375 0.755859375 0.3576388888888889 0.759765625 0.3680555555555556 0.7578125 0.3680555555555556 0.75 0.3819444444444444 0.75 0.3923611111111111 0.755859375 0.4027777777777778 0.755859375 0.4131944444444444 0.751953125 0.4166666666666667 0.751953125 0.40625 0.744140625 0.3923611111111111 0.7421875 0.3923611111111111 0.73828125 0.3993055555555556 0.736328125 0.4270833333333333 0.7265625 0.4270833333333333 0.7265625 0.4236111111111111 0.728515625 0.4236111111111111 0.734375 0.4131944444444444 0.734375 0.3854166666666667 0.744140625 0.3645833333333333 0.740234375 0.3576388888888889 0.736328125 0.3576388888888889 0.728515625 0.3506944444444444 0.73046875 0.34375 0.736328125 0.34375 0.740234375 0.3368055555555556 0.740234375 0.3125
2 0.611328125 0.2604166666666667 0.619140625 0.2673611111111111 0.634765625 0.2986111111111111 0.634765625 0.3055555555555556 0.63671875 0.3090277777777778 0.6328125 0.3194444444444444 0.6328125 0.3368055555555556 0.63671875 0.34375 0.63671875 0.3506944444444444 0.640625 0.3576388888888889 0.640625 0.3645833333333333 0.638671875 0.3645833333333333 0.630859375 0.3472222222222222 0.62890625 0.3402777777777778 0.630859375 0.3333333333333333 0.625 0.3263888888888889 0.619140625 0.3055555555555556 0.609375 0.2916666666666667 0.609375 0.2847222222222222 0.60546875 0.2743055555555556 0.60546875 0.2638888888888889 0.609375 0.2604166666666667
2 0.046875 0.3368055555555556 0.046875 0.2951388888888889 0.04296875 0.2881944444444444 0.037109375 0.2673611111111111 0.04296875 0.23958333333333334 0.048828125 0.22916666666666666 0.048828125 0.2222222222222222 0.052734375 0.2152777777777778 0.05859375 0.2152777777777778 0.0625 0.22916666666666666 0.056640625 0.24305555555555555 0.056640625 0.25 0.052734375 0.2604166666666667 0.05859375 0.2743055555555556 0.05859375 0.2916666666666667 0.0546875 0.3020833333333333 0.052734375 0.3368055555555556 0.048828125 0.3368055555555556
2 0.603515625 0.3194444444444444 0.607421875 0.3298611111111111 0.607421875 0.34375 0.60546875 0.3472222222222222 0.60546875 0.3576388888888889 0.6015625 0.3680555555555556 0.591796875 0.3645833333333333 0.5859375 0.3541666666666667 0.5859375 0.3472222222222222 0.580078125 0.3368055555555556 0.580078125 0.3333333333333333 0.583984375 0.3333333333333333 0.5859375 0.3368055555555556 0.58984375 0.3333333333333333 0.591796875 0.3263888888888889 0.58984375 0.3229166666666667 0.58984375 0.3159722222222222 0.591796875 0.3125 0.59765625 0.3125 0.6015625 0.3194444444444444
2 0.646484375 0.5243055555555556 0.65625 0.5451388888888888 0.66015625 0.5486111111111112 0.666015625 0.5486111111111112 0.66015625 0.5486111111111112 0.658203125 0.5520833333333334 0.658203125 0.5763888888888888 0.66796875 0.5972222222222222 0.66796875 0.6041666666666666 0.666015625 0.6076388888888888 0.66015625 0.6076388888888888 0.66015625 0.5972222222222222 0.658203125 0.59375 0.654296875 0.59375 0.65234375 0.5902777777777778 0.638671875 0.5902777777777778 0.63671875 0.5833333333333334 0.63671875 0.5625 0.638671875 0.5590277777777778 0.638671875 0.5486111111111112 0.630859375 0.5381944444444444 0.62890625 0.5243055555555556 0.62109375 0.5138888888888888 0.62109375 0.5 0.623046875 0.4965277777777778 0.62890625 0.4965277777777778 0.64453125 0.5243055555555556
2 0.384765625 0.0798611111111111 0.3984375 0.052083333333333336 0.404296875 0.052083333333333336 0.408203125 0.06597222222222222 0.41015625 0.09375 0.416015625 0.1076388888888889 0.416015625 0.11458333333333333 0.42578125 0.13541666666666666 0.42578125 0.1423611111111111 0.423828125 0.1423611111111111 0.41796875 0.125 0.404296875 0.10416666666666667 0.396484375 0.11458333333333333 0.39453125 0.13194444444444445 0.390625 0.11805555555555555 0.390625 0.10416666666666667 0.39453125 0.09722222222222222 0.39453125 0.08680555555555555 0.390625 0.0763888888888889 0.376953125 0.09722222222222222 0.376953125 0.09375 0.3828125 0.08333333333333333
2 0.564453125 0.3125 0.568359375 0.3194444444444444 0.568359375 0.3263888888888889 0.564453125 0.3333333333333333 0.564453125 0.3402777777777778 0.5625 0.34375 0.56640625 0.3506944444444444 0.57421875 0.3506944444444444 0.5703125 0.3576388888888889 0.560546875 0.3576388888888889 0.5546875 0.3680555555555556 0.556640625 0.375 0.556640625 0.3923611111111111 0.55859375 0.3958333333333333 0.55859375 0.4027777777777778 0.556640625 0.40625 0.552734375 0.4097222222222222 0.5390625 0.4097222222222222 0.537109375 0.4131944444444444 0.533203125 0.4097222222222222 0.533203125 0.40625 0.53515625 0.4027777777777778 0.541015625 0.4027777777777778 0.544921875 0.3958333333333333 0.54296875 0.3854166666666667 0.5390625 0.3784722222222222 0.5390625 0.3611111111111111 0.546875 0.3402777777777778 0.5546875 0.3263888888888889 0.5546875 0.3194444444444444 0.5625 0.3125
2 0.470703125 0.059027777777777776 0.48046875 0.08333333333333333 0.48046875 0.10069444444444445 0.478515625 0.10416666666666667 0.478515625 0.1111111111111111 0.48046875 0.11458333333333333 0.490234375 0.11458333333333333 0.48828125 0.12152777777777778 0.486328125 0.11805555555555555 0.482421875 0.12152777777777778 0.486328125 0.13194444444444445 0.486328125 0.1388888888888889 0.484375 0.1423611111111111 0.48046875 0.1423611111111111 0.48046875 0.13194444444444445 0.46875 0.11805555555555555 0.46875 0.10416666666666667 0.46484375 0.09027777777777778 0.45703125 0.09027777777777778 0.44921875 0.08333333333333333 0.44921875 0.0798611111111111 0.451171875 0.08333333333333333 0.4609375 0.08333333333333333 0.462890625 0.0798611111111111 0.45703125 0.059027777777777776 0.45703125 0.04861111111111111 0.458984375 0.04513888888888889 0.46484375 0.04513888888888889 0.46875 0.059027777777777776
2 0.76953125 0.3888888888888889 0.76953125 0.3923611111111111 0.775390625 0.3993055555555556 0.775390625 0.4201388888888889 0.76953125 0.4340277777777778 0.76953125 0.4618055555555556 0.771484375 0.4652777777777778 0.771484375 0.4756944444444444 0.76953125 0.4791666666666667 0.76171875 0.4791666666666667 0.765625 0.46875 0.765625 0.4618055555555556 0.763671875 0.4583333333333333 0.751953125 0.4548611111111111 0.7578125 0.4479166666666667 0.7578125 0.4236111111111111 0.755859375 0.4201388888888889 0.7578125 0.4131944444444444 0.7578125 0.4027777777777778 0.751953125 0.3888888888888889 0.751953125 0.3819444444444444 0.7578125 0.3715277777777778 0.759765625 0.3715277777777778 0.767578125 0.3888888888888889
2 0.6015625 0.6666666666666666 0.60546875 0.6631944444444444 0.611328125 0.6666666666666666 0.61328125 0.6701388888888888 0.61328125 0.6840277777777778 0.609375 0.6944444444444444 0.609375 0.7013888888888888 0.59765625 0.71875 0.59765625 0.7430555555555556 0.599609375 0.7465277777777778 0.599609375 0.7534722222222222 0.59765625 0.7569444444444444 0.59765625 0.7673611111111112 0.591796875 0.78125 0.591796875 0.7881944444444444 0.58984375 0.7916666666666666 0.58984375 0.7986111111111112 0.59375 0.8090277777777778 0.5859375 0.8090277777777778 0.58203125 0.8055555555555556 0.583984375 0.7986111111111112 0.583984375 0.7881944444444444 0.58203125 0.7847222222222222 0.578125 0.7881944444444444 0.57421875 0.7847222222222222 0.57421875 0.7743055555555556 0.580078125 0.7534722222222222 0.580078125 0.7465277777777778 0.57421875 0.7326388888888888 0.57421875 0.7222222222222222 0.58203125 0.7083333333333334 0.58203125 0.7048611111111112 0.599609375 0.6770833333333334 0.6015625 0.6701388888888888
2 0.033203125 0.4930555555555556 0.033203125 0.5034722222222222 0.02734375 0.5208333333333334 0.02734375 0.5520833333333334 0.041015625 0.5763888888888888 0.0390625 0.5798611111111112 0.0390625 0.5868055555555556 0.044921875 0.5972222222222222 0.044921875 0.6006944444444444 0.037109375 0.6006944444444444 0.03515625 0.6041666666666666 0.037109375 0.6180555555555556 0.029296875 0.6180555555555556 0.02734375 0.6145833333333334 0.029296875 0.6076388888888888 0.029296875 0.5972222222222222 0.03125 0.59375 0.03125 0.5833333333333334 0.02734375 0.5763888888888888 0.0234375 0.5763888888888888 0.01171875 0.5659722222222222 0.01171875 0.5381944444444444 0.013671875 0.5347222222222222 0.015625 0.5104166666666666 0.01953125 0.5034722222222222 0.01953125 0.4965277777777778 0.021484375 0.4930555555555556 0.03125 0.4930555555555556
2 0.435546875 0.4479166666666667 0.439453125 0.4513888888888889 0.439453125 0.4583333333333333 0.431640625 0.4722222222222222 0.42578125 0.4930555555555556 0.42578125 0.4965277777777778 0.431640625 0.5069444444444444 0.431640625 0.5277777777777778 0.4296875 0.53125 0.4296875 0.5416666666666666 0.43359375 0.5520833333333334 0.423828125 0.5520833333333334 0.421875 0.5555555555555556 0.421875 0.5729166666666666 0.41796875 0.5729166666666666 0.4140625 0.5659722222222222 0.421875 0.53125 0.4140625 0.5173611111111112 0.412109375 0.5173611111111112 0.41015625 0.5104166666666666 0.408203125 0.5104166666666666 0.408203125 0.4930555555555556 0.412109375 0.4791666666666667 0.421875 0.4618055555555556 0.421875 0.4583333333333333 0.423828125 0.4583333333333333 0.4296875 0.4444444444444444 0.43359375 0.4479166666666667
2 0.51953125 0.16319444444444445 0.53125 0.1840277777777778 0.533203125 0.2048611111111111 0.537109375 0.21180555555555555 0.52734375 0.23958333333333334 0.52734375 0.24305555555555555 0.533203125 0.2534722222222222 0.533203125 0.2604166666666667 0.52734375 0.2534722222222222 0.5234375 0.2534722222222222 0.515625 0.2326388888888889 0.515625 0.22569444444444445 0.51953125 0.2152777777777778 0.517578125 0.21180555555555555 0.517578125 0.2013888888888889 0.515625 0.19791666666666666 0.515625 0.1875 0.51171875 0.17708333333333334 0.51171875 0.1701388888888889 0.517578125 0.16319444444444445
2 0.59765625 0.4375 0.603515625 0.3993055555555556 0.607421875 0.3888888888888889 0.60546875 0.3645833333333333 0.609375 0.3541666666666667 0.6171875 0.3576388888888889 0.623046875 0.3680555555555556 0.62890625 0.3854166666666667 0.62890625 0.3993055555555556 0.62109375 0.4166666666666667 0.623046875 0.4340277777777778 0.626953125 0.4409722222222222 0.626953125 0.4548611111111111 0.623046875 0.4583333333333333 0.619140625 0.4409722222222222 0.61328125 0.4270833333333333 0.60546875 0.4270833333333333 0.603515625 0.4340277777777778 0.599609375 0.4375
2 0.31614583333333335 0.4009259259259259 0.029166666666666667 0.13703703703703704
2 0.662109375 0.6458333333333334 0.666015625 0.6493055555555556 0.66796875 0.6597222222222222 0.67578125 0.6736111111111112 0.67578125 0.6770833333333334 0.693359375 0.7048611111111112 0.689453125 0.7048611111111112 0.685546875 0.7118055555555556 0.685546875 0.7361111111111112 0.689453125 0.7430555555555556 0.693359375 0.7430555555555556 0.6953125 0.7465277777777778 0.70703125 0.7465277777777778 0.70703125 0.7604166666666666 0.705078125 0.7673611111111112 0.701171875 0.7673611111111112 0.701171875 0.7604166666666666 0.697265625 0.7534722222222222 0.685546875 0.7534722222222222 0.68359375 0.7604166666666666 0.67578125 0.7708333333333334 0.671875 0.7673611111111112 0.67578125 0.7569444444444444 0.666015625 0.7395833333333334 0.6640625 0.7395833333333334 0.658203125 0.7256944444444444 0.658203125 0.71875 0.666015625 0.7083333333333334 0.666015625 0.6944444444444444 0.66015625 0.6770833333333334 0.654296875 0.6701388888888888 0.65234375 0.65625 0.654296875 0.6493055555555556 0.66015625 0.6458333333333334
2 0.611328125 0.4305555555555556 0.61328125 0.4340277777777778 0.61328125 0.4618055555555556 0.611328125 0.4652777777777778 0.611328125 0.4791666666666667 0.609375 0.4826388888888889 0.60546875 0.4826388888888889 0.599609375 0.4930555555555556 0.6015625 0.5138888888888888 0.59375 0.5451388888888888 0.595703125 0.5590277777777778 0.591796875 0.5590277777777778 0.587890625 0.5520833333333334 0.587890625 0.5416666666666666 0.5859375 0.5381944444444444 0.576171875 0.5486111111111112 0.5703125 0.5486111111111112 0.5703125 0.5381944444444444 0.57421875 0.5347222222222222 0.580078125 0.5347222222222222 0.587890625 0.5208333333333334 0.5859375 0.5138888888888888 0.5859375 0.5 0.58203125 0.4895833333333333 0.5859375 0.4791666666666667 0.5859375 0.4618055555555556 0.59765625 0.4409722222222222 0.6015625 0.4409722222222222 0.607421875 0.4305555555555556 0.609375 0.4305555555555556
2 0.541015625 0.2847222222222222 0.54296875 0.2881944444444444 0.541015625 0.3125 0.533203125 0.3159722222222222 0.525390625 0.3298611111111111 0.53125 0.34375 0.529296875 0.3576388888888889 0.51953125 0.3645833333333333 0.51171875 0.375 0.5078125 0.3715277777777778 0.5078125 0.3645833333333333 0.50390625 0.3611111111111111 0.49609375 0.3680555555555556 0.4921875 0.375 0.4921875 0.3819444444444444 0.486328125 0.3819444444444444 0.484375 0.3784722222222222 0.484375 0.3715277777777778 0.501953125 0.3506944444444444 0.505859375 0.3333333333333333 0.505859375 0.3229166666666667 0.513671875 0.3159722222222222 0.525390625 0.2916666666666667 0.529296875 0.2916666666666667 0.533203125 0.2847222222222222 0.5390625 0.2847222222222222
2 0.556640625 0.22569444444444445 0.560546875 0.2326388888888889 0.560546875 0.24305555555555555 0.5546875 0.2604166666666667 0.55078125 0.2638888888888889 0.54296875 0.2777777777777778 0.54296875 0.28125 0.533203125 0.28125 0.53125 0.2743055555555556 0.53125 0.2638888888888889 0.5390625 0.2465277777777778 0.541015625 0.2465277777777778 0.546875 0.2361111111111111 0.548828125 0.2361111111111111 0.552734375 0.22569444444444445 0.5546875 0.22569444444444445
2 0.615234375 0.3020833333333333 0.619140625 0.3055555555555556 0.62109375 0.3159722222222222 0.62890625 0.3298611111111111 0.630859375 0.3298611111111111 0.63671875 0.3506944444444444 0.634765625 0.3472222222222222 0.6328125 0.3506944444444444 0.62890625 0.3506944444444444 0.623046875 0.3611111111111111 0.623046875 0.3645833333333333 0.615234375 0.3506944444444444 0.615234375 0.34375 0.61328125 0.3402777777777778 0.609375 0.3402777777777778 0.609375 0.3298611111111111 0.60546875 0.3194444444444444 0.599609375 0.3125 0.599609375 0.3020833333333333 0.6015625 0.2986111111111111 0.611328125 0.2986111111111111 0.61328125 0.3020833333333333
2 0.46484375 0.16666666666666666 0.470703125 0.16666666666666666 0.474609375 0.1736111111111111 0.474609375 0.18055555555555555 0.46484375 0.2013888888888889 0.46484375 0.21180555555555555 0.46875 0.22569444444444445 0.466796875 0.24305555555555555 0.462890625 0.25 0.46484375 0.2673611111111111 0.45703125 0.2638888888888889 0.45703125 0.2534722222222222 0.453125 0.25 0.455078125 0.22916666666666666 0.453125 0.22569444444444445 0.451171875 0.22916666666666666 0.447265625 0.22569444444444445 0.447265625 0.21180555555555555 0.451171875 0.19444444444444445 0.455078125 0.1909722222222222 0.46484375 0.1701388888888889
2 0.666015625 0.3888888888888889 0.681640625 0.4166666666666667 0.681640625 0.4305555555555556 0.6796875 0.4340277777777778 0.6796875 0.4618055555555556 0.689453125 0.4861111111111111 0.689453125 0.4930555555555556 0.69140625 0.4965277777777778 0.689453125 0.5034722222222222 0.685546875 0.5034722222222222 0.68359375 0.5 0.68359375 0.4895833333333333 0.681640625 0.4826388888888889 0.671875 0.4618055555555556 0.671875 0.4548611111111111 0.66796875 0.4479166666666667 0.662109375 0.4479166666666667 0.658203125 0.4548611111111111 0.65234375 0.4722222222222222 0.650390625 0.4895833333333333 0.646484375 0.4930555555555556 0.640625 0.4930555555555556 0.640625 0.4861111111111111 0.6484375 0.46875 0.6484375 0.4618055555555556 0.65234375 0.4479166666666667 0.65234375 0.4375 0.654296875 0.4340277777777778 0.65234375 0.4270833333333333 0.64453125 0.4236111111111111 0.64453125 0.4201388888888889 0.650390625 0.4201388888888889 0.654296875 0.4131944444444444 0.654296875 0.4027777777777778 0.6484375 0.3923611111111111 0.6484375 0.3819444444444444 0.65234375 0.375 0.658203125 0.375 0.658203125 0.3784722222222222 0.6640625 0.3888888888888889