0 0.375 0.5833333333333334 0.3828125 0.5833333333333334 0.384765625 0.5868055555555556 0.384765625 0.6006944444444444 0.376953125 0.6006944444444444 0.375 0.5972222222222222 0.375 0.5868055555555556
0 0.865234375 0.5208333333333334 0.87109375 0.5277777777777778 0.87109375 0.5347222222222222 0.86328125 0.5347222222222222 0.861328125 0.5381944444444444 0.857421875 0.5381944444444444 0.85546875 0.5347222222222222 0.85546875 0.5243055555555556 0.857421875 0.5208333333333334 0.86328125 0.5208333333333334
0 0.8356770833333333 0.03518518518518518 0.0140625 0.016666666666666666
0 0.9627604166666667 0.5018518518518519 0.0203125 0.022222222222222223
0 0.349609375 0.4756944444444444 0.349609375 0.4652777777777778 0.353515625 0.4583333333333333 0.35546875 0.4583333333333333 0.361328125 0.46875 0.361328125 0.4756944444444444 0.359375 0.4791666666666667 0.353515625 0.4791666666666667 0.3515625 0.4756944444444444
0 0.171875 0.40625 0.177734375 0.4027777777777778 0.18359375 0.4097222222222222 0.18359375 0.4201388888888889 0.181640625 0.4236111111111111 0.177734375 0.4166666666666667 0.171875 0.4131944444444444 0.171875 0.4097222222222222
0 0.38671875 0.4895833333333333 0.388671875 0.4930555555555556 0.388671875 0.5034722222222222 0.380859375 0.5034722222222222 0.380859375 0.4930555555555556 0.384765625 0.4895833333333333
0 0.314453125 0.3125 0.318359375 0.3194444444444444 0.3125 0.3263888888888889 0.30859375 0.3229166666666667 0.30859375 0.3159722222222222 0.3125 0.3125
0 0.21875 0.2986111111111111 0.224609375 0.2986111111111111 0.23046875 0.3055555555555556 0.228515625 0.3090277777777778 0.220703125 0.3090277777777778 0.21875 0.3020833333333333
0 0.978515625 0.4618055555555556 0.982421875 0.46875 0.978515625 0.4756944444444444 0.974609375 0.4756944444444444 0.97265625 0.4791666666666667 0.966796875 0.4791666666666667 0.96484375 0.4756944444444444 0.96484375 0.4652777777777778 0.966796875 0.4618055555555556 0.9765625 0.4618055555555556
0 0.685546875 0.5902777777777778 0.69921875 0.5902777777777778 0.701171875 0.5972222222222222 0.701171875 0.6006944444444444 0.6953125 0.6076388888888888 0.693359375 0.6041666666666666 0.685546875 0.6041666666666666 0.685546875 0.59375
0 0.478515625 0.3819444444444444 0.482421875 0.3888888888888889 0.48046875 0.3958333333333333 0.470703125 0.3958333333333333 0.46875 0.3923611111111111 0.46875 0.3854166666666667 0.470703125 0.3819444444444444 0.4765625 0.3819444444444444
0 0.365234375 0.5833333333333334 0.373046875 0.5833333333333334 0.373046875 0.5972222222222222 0.36328125 0.5972222222222222 0.36328125 0.5902777777777778 0.365234375 0.5868055555555556
0 0.791015625 0.5104166666666666 0.79296875 0.5138888888888888 0.798828125 0.5138888888888888 0.80078125 0.5243055555555556 0.7890625 0.53125 0.787109375 0.5277777777777778 0.787109375 0.5138888888888888 0.7890625 0.5138888888888888
0 0.990234375 0.4756944444444444 0.998046875 0.4756944444444444 0.998046875 0.4895833333333333 0.9921875 0.4895833333333333 0.990234375 0.4861111111111111 0.990234375 0.4791666666666667
1 0.828125 0.041666666666666664 0.83984375 0.041666666666666664 0.845703125 0.04861111111111111 0.845703125 0.0763888888888889 0.841796875 0.08333333333333333 0.83203125 0.08333333333333333 0.828125 0.08680555555555555 0.828125 0.0763888888888889 0.826171875 0.07291666666666667 0.826171875 0.04861111111111111 0.828125 0.04513888888888889
1 0.388671875 0.6076388888888888 0.392578125 0.6111111111111112 0.392578125 0.6215277777777778 0.388671875 0.6319444444444444 0.388671875 0.6458333333333334 0.37890625 0.6527777777777778 0.375 0.6527777777777778 0.369140625 0.6423611111111112 0.3671875 0.6180555555555556 0.369140625 0.6111111111111112 0.375 0.6041666666666666 0.384765625 0.6041666666666666 0.38671875 0.6076388888888888
1 0.609375 0.07291666666666667 0.61328125 0.0798611111111111 0.61328125 0.09027777777777778 0.611328125 0.09375 0.611328125 0.11805555555555555 0.609375 0.12152777777777778 0.60546875 0.12152777777777778 0.59765625 0.11458333333333333 0.59765625 0.09722222222222222 0.595703125 0.09375 0.59765625 0.08333333333333333 0.6015625 0.0763888888888889 0.607421875 0.07291666666666667
1 0.98828125 0.6631944444444444 0.98828125 0.6458333333333334 0.99609375 0.6319444444444444 0.998046875 0.6319444444444444 0.998046875 0.6666666666666666 0.990234375 0.6631944444444444
1 0.958984375 0.5104166666666666 0.9609375 0.5138888888888888 0.96484375 0.5138888888888888 0.966796875 0.5208333333333334 0.966796875 0.5381944444444444 0.96484375 0.5451388888888888 0.955078125 0.5590277777777778 0.951171875 0.5555555555555556 0.943359375 0.5555555555555556 0.939453125 0.5520833333333334 0.9375 0.5451388888888888 0.9453125 0.5138888888888888 0.94921875 0.5069444444444444 0.955078125 0.5069444444444444 0.95703125 0.5104166666666666
1 0.73828125 0.06597222222222222 0.748046875 0.06597222222222222 0.751953125 0.06944444444444445 0.75390625 0.0763888888888889 0.75390625 0.08333333333333333 0.75 0.09375 0.748046875 0.1076388888888889 0.736328125 0.1076388888888889 0.734375 0.10416666666666667 0.734375 0.0763888888888889 0.73828125 0.06944444444444445
1 0.859375 0.5381944444444444 0.865234375 0.5381944444444444 0.869140625 0.5347222222222222 0.875 0.5416666666666666 0.87890625 0.5625 0.88671875 0.5798611111111112 0.888671875 0.6076388888888888 0.890625 0.6111111111111112 0.890625 0.6180555555555556 0.861328125 0.6180555555555556 0.859375 0.6145833333333334 0.859375 0.5833333333333334 0.85546875 0.5729166666666666 0.85546875 0.5520833333333334 0.859375 0.5416666666666666
1 0.998046875 0.4895833333333333 0.998046875 0.5416666666666666 0.98828125 0.5555555555555556 0.986328125 0.5520833333333334 0.986328125 0.5381944444444444 0.982421875 0.5243055555555556 0.98046875 0.5 0.984375 0.4930555555555556 0.99609375 0.4895833333333333
1 0.357421875 0.4791666666666667 0.365234375 0.4895833333333333 0.36328125 0.5104166666666666 0.357421875 0.5381944444444444 0.353515625 0.5381944444444444 0.3515625 0.5347222222222222 0.341796875 0.5347222222222222 0.34375 0.53125 0.34375 0.5034722222222222 0.345703125 0.5 0.345703125 0.4895833333333333 0.349609375 0.4791666666666667 0.35546875 0.4791666666666667
1 0.173828125 0.4097222222222222 0.17578125 0.4131944444444444 0.1796875 0.4131944444444444 0.18359375 0.4201388888888889 0.18359375 0.4270833333333333 0.181640625 0.4340277777777778 0.177734375 0.4340277777777778 0.17578125 0.4375 0.17578125 0.4479166666666667 0.16796875 0.4618055555555556 0.15625 0.4513888888888889 0.154296875 0.4444444444444444 0.16015625 0.4166666666666667 0.166015625 0.4097222222222222 0.171875 0.4097222222222222
1 0.4765625 0.06944444444444445 0.48046875 0.07291666666666667 0.486328125 0.08680555555555555 0.486328125 0.11458333333333333 0.478515625 0.12152777777777778 0.46875 0.12152777777777778 0.466796875 0.1284722222222222 0.466796875 0.11805555555555555 0.46484375 0.11458333333333333 0.466796875 0.08333333333333333 0.47265625 0.07291666666666667 0.474609375 0.07291666666666667
1 0.4921875 0.11458333333333333 0.4921875 0.09375 0.490234375 0.09027777777777778 0.490234375 0.08333333333333333 0.49609375 0.06597222222222222 0.501953125 0.06597222222222222 0.501953125 0.0763888888888889 0.505859375 0.08333333333333333 0.505859375 0.11458333333333333 0.50390625 0.11805555555555555 0.49609375 0.11805555555555555 0.494140625 0.11458333333333333
1 0.380859375 0.5034722222222222 0.3828125 0.5069444444444444 0.390625 0.5069444444444444 0.39453125 0.5173611111111112 0.392578125 0.5243055555555556 0.392578125 0.5416666666666666 0.390625 0.5451388888888888 0.390625 0.5520833333333334 0.375 0.5520833333333334 0.37109375 0.5381944444444444 0.373046875 0.5138888888888888 0.37890625 0.5069444444444444
1 0.755859375 0.08333333333333333 0.767578125 0.08333333333333333 0.771484375 0.09375 0.771484375 0.11458333333333333 0.76953125 0.11805555555555555 0.765625 0.12152777777777778 0.76171875 0.11805555555555555 0.75390625 0.11805555555555555 0.75 0.1076388888888889 0.751953125 0.10416666666666667 0.751953125 0.09375 0.755859375 0.08680555555555555
1 0.2265625 0.3055555555555556 0.232421875 0.3125 0.232421875 0.3298611111111111 0.234375 0.3333333333333333 0.234375 0.3402777777777778 0.23046875 0.34375 0.22265625 0.34375 0.220703125 0.3472222222222222 0.216796875 0.3472222222222222 0.212890625 0.3402777777777778 0.212890625 0.3194444444444444 0.21875 0.3055555555555556 0.224609375 0.3055555555555556
1 0.421875 0.041666666666666664 0.42578125 0.03819444444444445 0.435546875 0.03819444444444445 0.44140625 0.059027777777777776 0.44140625 0.07291666666666667 0.439453125 0.0798611111111111 0.4375 0.0798611111111111 0.435546875 0.08680555555555555 0.42578125 0.08680555555555555 0.421875 0.07291666666666667 0.421875 0.04513888888888889
1 0.98828125 0.4756944444444444 0.9921875 0.4861111111111111 0.98046875 0.5 0.974609375 0.5 0.970703125 0.4930555555555556 0.970703125 0.4791666666666667 0.974609375 0.4722222222222222 0.984375 0.4722222222222222 0.986328125 0.4756944444444444
1 0.8708333333333333 0.5611111111111111 0.030208333333333334 0.05
1 0.69140625 0.6041666666666666 0.697265625 0.6111111111111112 0.69921875 0.6284722222222222 0.69140625 0.6388888888888888 0.69140625 0.6493055555555556 0.6875 0.6597222222222222 0.673828125 0.6597222222222222 0.669921875 0.65625 0.669921875 0.6458333333333334 0.671875 0.6423611111111112 0.67578125 0.6145833333333334 0.68359375 0.6041666666666666 0.689453125 0.6041666666666666
1 0.486328125 0.3958333333333333 0.490234375 0.4097222222222222 0.4921875 0.4340277777777778 0.486328125 0.4340277777777778 0.484375 0.4375 0.4765625 0.4375 0.474609375 0.4236111111111111 0.46875 0.4131944444444444 0.46875 0.4027777777777778 0.470703125 0.3993055555555556 0.474609375 0.3958333333333333 0.484375 0.3958333333333333
1 0.3880208333333333 0.08518518518518518 0.025 0.044444444444444446
1 0.8046875 0.53125 0.80859375 0.5381944444444444 0.80859375 0.5694444444444444 0.810546875 0.5763888888888888 0.796875 0.5763888888888888 0.794921875 0.5798611111111112 0.791015625 0.5798611111111112 0.78515625 0.5729166666666666 0.78125 0.5555555555555556 0.783203125 0.5486111111111112 0.783203125 0.5381944444444444 0.79296875 0.53125 0.802734375 0.53125
1 0.646484375 0.0763888888888889 0.650390625 0.0798611111111111 0.65234375 0.08680555555555555 0.650390625 0.09027777777777778 0.650390625 0.10069444444444445 0.64453125 0.11805555555555555 0.638671875 0.11805555555555555 0.634765625 0.11458333333333333 0.634765625 0.10416666666666667 0.6328125 0.10069444444444445 0.6328125 0.08333333333333333 0.634765625 0.0763888888888889 0.63671875 0.07291666666666667 0.64453125 0.0763888888888889
1 0.37109375 0.5972222222222222 0.37109375 0.6076388888888888 0.3671875 0.6180555555555556 0.3671875 0.6354166666666666 0.369140625 0.6388888888888888 0.3671875 0.6423611111111112 0.357421875 0.6423611111111112 0.357421875 0.6041666666666666 0.36328125 0.5972222222222222 0.369140625 0.5972222222222222
1 0.796875 0.04861111111111111 0.802734375 0.05555555555555555 0.802734375 0.0763888888888889 0.80078125 0.0798611111111111 0.80078125 0.09722222222222222 0.798828125 0.10069444444444445 0.798828125 0.1076388888888889 0.794921875 0.11458333333333333 0.787109375 0.11458333333333333 0.783203125 0.10069444444444445 0.783203125 0.07291666666666667 0.78515625 0.06944444444444445 0.78515625 0.0625 0.7890625 0.052083333333333336 0.794921875 0.04861111111111111
1 0.3203125 0.3263888888888889 0.32421875 0.3298611111111111 0.328125 0.34375 0.322265625 0.3576388888888889 0.322265625 0.375 0.318359375 0.3784722222222222 0.306640625 0.3784722222222222 0.3046875 0.3715277777777778 0.306640625 0.3576388888888889 0.3046875 0.3541666666666667 0.3046875 0.3402777777777778 0.302734375 0.3368055555555556 0.3046875 0.3298611111111111 0.30859375 0.3263888888888889 0.318359375 0.3263888888888889
2 0.380859375 0.5833333333333334 0.384765625 0.5902777777777778 0.38671875 0.6041666666666666 0.390625 0.6076388888888888 0.39453125 0.6180555555555556 0.392578125 0.6215277777777778 0.39453125 0.6354166666666666 0.3984375 0.6423611111111112 0.408203125 0.6493055555555556 0.40625 0.65625 0.40234375 0.65625 0.396484375 0.6458333333333334 0.392578125 0.6458333333333334 0.388671875 0.6527777777777778 0.390625 0.6597222222222222 0.390625 0.6701388888888888 0.392578125 0.6736111111111112 0.392578125 0.6840277777777778 0.39453125 0.6875 0.39453125 0.7013888888888888 0.396484375 0.7048611111111112 0.396484375 0.7118055555555556 0.400390625 0.71875 0.400390625 0.7256944444444444 0.392578125 0.7256944444444444 0.390625 0.7222222222222222 0.38671875 0.7083333333333334 0.3828125 0.7048611111111112 0.37890625 0.6875 0.373046875 0.6736111111111112 0.373046875 0.6493055555555556 0.369140625 0.6388888888888888 0.3671875 0.6145833333333334 0.375 0.5972222222222222 0.375 0.5868055555555556 0.37890625 0.5833333333333334
2 0.91015625 0.09722222222222222 0.9140625 0.1111111111111111 0.9140625 0.12152777777777778 0.912109375 0.125 0.912109375 0.13541666666666666 0.908203125 0.1423611111111111 0.89453125 0.1423611111111111 0.8984375 0.1284722222222222 0.8984375 0.1076388888888889 0.896484375 0.10069444444444445 0.8984375 0.09722222222222222 0.908203125 0.09722222222222222
2 0.9544270833333334 0.5560185185185185 0.03697916666666667 0.13055555555555556
2 0.40234375 0.9513888888888888 0.404296875 0.9548611111111112 0.404296875 0.9756944444444444 0.400390625 0.9791666666666666 0.3984375 0.9756944444444444 0.390625 0.9756944444444444 0.38671875 0.96875 0.390625 0.9583333333333334 0.400390625 0.9513888888888888
2 0.744140625 0.052083333333333336 0.751953125 0.06944444444444445 0.75390625 0.08333333333333333 0.75 0.09027777777777778 0.75 0.10069444444444445 0.748046875 0.10416666666666667 0.748046875 0.14583333333333334 0.73828125 0.16319444444444445 0.73046875 0.16319444444444445 0.73046875 0.14583333333333334 0.734375 0.13541666666666666 0.734375 0.09027777777777778 0.732421875 0.08680555555555555 0.734375 0.08333333333333333 0.736328125 0.059027777777777776 0.7421875 0.052083333333333336
2 0.380859375 0.4930555555555556 0.388671875 0.4930555555555556 0.390625 0.5069444444444444 0.39453125 0.5138888888888888 0.392578125 0.5625 0.3984375 0.5729166666666666 0.3984375 0.5833333333333334 0.392578125 0.5902777777777778 0.380859375 0.5798611111111112 0.373046875 0.5625 0.37109375 0.5208333333333334 0.373046875 0.5173611111111112 0.373046875 0.5104166666666666 0.376953125 0.5069444444444444 0.380859375 0.4965277777777778
2 0.87109375 0.6493055555555556 0.87109375 0.6458333333333334 0.859375 0.625 0.859375 0.6041666666666666 0.857421875 0.6006944444444444 0.857421875 0.5798611111111112 0.85546875 0.5763888888888888 0.85546875 0.5243055555555556 0.857421875 0.5208333333333334 0.86328125 0.5208333333333334 0.87109375 0.5277777777777778 0.87890625 0.5625 0.88671875 0.5798611111111112 0.88671875 0.5868055555555556 0.888671875 0.5902777777777778 0.888671875 0.6076388888888888 0.8984375 0.6284722222222222 0.90234375 0.6458333333333334 0.8984375 0.65625 0.89453125 0.65625 0.89453125 0.6493055555555556 0.890625 0.6388888888888888 0.880859375 0.6215277777777778 0.876953125 0.6215277777777778 0.875 0.6284722222222222 0.87890625 0.6388888888888888 0.87890625 0.6493055555555556 0.873046875 0.6493055555555556
2 0.841796875 0.03125 0.841796875 0.03819444444444445 0.84765625 0.052083333333333336 0.845703125 0.059027777777777776 0.845703125 0.08333333333333333 0.83984375 0.09375 0.83984375 0.10069444444444445 0.8359375 0.1076388888888889 0.8359375 0.13541666666666666 0.833984375 0.1388888888888889 0.828125 0.1388888888888889 0.826171875 0.13541666666666666 0.826171875 0.10416666666666667 0.828125 0.10069444444444445 0.828125 0.09375 0.826171875 0.09027777777777778 0.826171875 0.06597222222222222 0.82421875 0.059027777777777776 0.826171875 0.05555555555555555 0.828125 0.03819444444444445 0.83203125 0.027777777777777776 0.837890625 0.027777777777777776 0.83984375 0.03125
2 0.373046875 0.5833333333333334 0.373046875 0.6006944444444444 0.3671875 0.6145833333333334 0.3671875 0.6354166666666666 0.37109375 0.6458333333333334 0.37109375 0.6736111111111112 0.3671875 0.6805555555555556 0.3671875 0.6875 0.36328125 0.7013888888888888 0.36328125 0.7152777777777778 0.359375 0.7152777777777778 0.357421875 0.7083333333333334 0.35546875 0.6805555555555556 0.353515625 0.6770833333333334 0.353515625 0.6493055555555556 0.357421875 0.6354166666666666 0.357421875 0.6041666666666666 0.365234375 0.5868055555555556 0.37109375 0.5833333333333334
2 0.986328125 0.4791666666666667 0.998046875 0.4791666666666667 0.998046875 0.5451388888888888 0.990234375 0.5590277777777778 0.990234375 0.5868055555555556 0.984375 0.6006944444444444 0.982421875 0.6006944444444444 0.982421875 0.59375 0.98046875 0.5902777777777778 0.98046875 0.5694444444444444 0.982421875 0.5659722222222222 0.982421875 0.5486111111111112 0.984375 0.5416666666666666 0.98046875 0.5347222222222222 0.98046875 0.5069444444444444 0.978515625 0.5 0.986328125 0.4826388888888889
2 0.35182291666666665 0.5273148148148148 0.027604166666666666 0.13796296296296295
2 0.177734375 0.40625 0.181640625 0.4097222222222222 0.18359375 0.4166666666666667 0.18359375 0.4270833333333333 0.181640625 0.4340277777777778 0.177734375 0.4375 0.1796875 0.4444444444444444 0.173828125 0.4548611111111111 0.173828125 0.4652777777777778 0.17578125 0.46875 0.173828125 0.4722222222222222 0.173828125 0.4791666666666667 0.16015625 0.5 0.158203125 0.5104166666666666 0.15234375 0.5104166666666666 0.150390625 0.5069444444444444 0.150390625 0.5 0.15234375 0.4965277777777778 0.15234375 0.4513888888888889 0.16015625 0.4166666666666667 0.1640625 0.4097222222222222 0.17578125 0.40625
2 0.98046875 0.4652777777777778 0.986328125 0.4756944444444444 0.98828125 0.4756944444444444 0.990234375 0.4826388888888889 0.978515625 0.5 0.974609375 0.5 0.96875 0.4895833333333333 0.96484375 0.4756944444444444 0.96484375 0.4652777777777778 0.966796875 0.4618055555555556 0.9765625 0.4618055555555556 0.978515625 0.4652777777777778
2 0.998046875 0.5486111111111112 0.998046875 0.625 0.986328125 0.65625 0.984375 0.6597222222222222 0.978515625 0.6597222222222222 0.97265625 0.6527777777777778 0.982421875 0.6319444444444444 0.982421875 0.6076388888888888 0.986328125 0.59375 0.990234375 0.5902777777777778 0.990234375 0.5763888888888888 0.98828125 0.5694444444444444 0.9921875 0.5555555555555556 0.99609375 0.5520833333333334
2 0.30859375 0.3159722222222222 0.314453125 0.3125 0.330078125 0.34375 0.32421875 0.3506944444444444 0.32421875 0.3576388888888889 0.322265625 0.3611111111111111 0.32421875 0.3680555555555556 0.32421875 0.3854166666666667 0.322265625 0.3888888888888889 0.322265625 0.3993055555555556 0.32421875 0.4027777777777778 0.32421875 0.4236111111111111 0.3203125 0.4375 0.3125 0.4375 0.3125 0.4166666666666667 0.310546875 0.4131944444444444 0.310546875 0.4027777777777778 0.306640625 0.3854166666666667 0.306640625 0.3541666666666667 0.302734375 0.3402777777777778 0.302734375 0.3333333333333333 0.30859375 0.3194444444444444
2 0.224609375 0.2986111111111111 0.23046875 0.3055555555555556 0.234375 0.3194444444444444 0.234375 0.3368055555555556 0.236328125 0.3402777777777778 0.236328125 0.34375 0.23046875 0.3541666666666667 0.23046875 0.3611111111111111 0.228515625 0.3645833333333333 0.228515625 0.375 0.23046875 0.3784722222222222 0.228515625 0.3854166666666667 0.220703125 0.3784722222222222 0.21484375 0.3680555555555556 0.21484375 0.34375 0.212890625 0.3402777777777778 0.212890625 0.3194444444444444 0.216796875 0.3055555555555556 0.22265625 0.2986111111111111
2 0.998046875 0.6354166666666666 0.998046875 0.7708333333333334 0.99609375 0.7708333333333334 0.990234375 0.7569444444444444 0.98828125 0.7604166666666666 0.98046875 0.7534722222222222 0.98046875 0.7395833333333334 0.982421875 0.7361111111111112 0.982421875 0.7222222222222222 0.984375 0.71875 0.984375 0.7048611111111112 0.98046875 0.6944444444444444 0.98046875 0.6770833333333334 0.982421875 0.6736111111111112 0.982421875 0.6666666666666666 0.98828125 0.65625 0.990234375 0.6423611111111112 0.99609375 0.6354166666666666
2 0.7578125 0.06944444444444445 0.763671875 0.06944444444444445 0.771484375 0.09027777777777778 0.771484375 0.11458333333333333 0.765625 0.1284722222222222 0.765625 0.1597222222222222 0.763671875 0.16319444444444445 0.763671875 0.17708333333333334 0.755859375 0.17708333333333334 0.751953125 0.1701388888888889 0.748046875 0.17708333333333334 0.73828125 0.17708333333333334 0.75 0.1423611111111111 0.75 0.10416666666666667 0.751953125 0.10069444444444445 0.751953125 0.09027777777777778 0.7578125 0.07291666666666667
2 0.98046875 0.4652777777777778 0.986328125 0.4756944444444444 0.994140625 0.4791666666666667 0.9921875 0.4826388888888889 0.994140625 0.4895833333333333 0.990234375 0.4895833333333333 0.982421875 0.5 0.982421875 0.5069444444444444 0.986328125 0.5138888888888888 0.98828125 0.5381944444444444 0.9921875 0.5451388888888888 0.994140625 0.5416666666666666 0.98828125 0.5590277777777778 0.98828125 0.5659722222222222 0.984375 0.5729166666666666 0.986328125 0.5763888888888888 0.984375 0.5798611111111112 0.98828125 0.5833333333333334 0.98828125 0.5868055555555556 0.982421875 0.5868055555555556 0.982421875 0.5520833333333334 0.984375 0.5486111111111112 0.984375 0.5381944444444444 0.98046875 0.53125 0.98046875 0.5104166666666666 0.97265625 0.5 0.96484375 0.4756944444444444 0.96484375 0.4652777777777778 0.966796875 0.4618055555555556 0.9765625 0.4618055555555556 0.978515625 0.4652777777777778
2 0.65625 0.6979166666666666 0.65625 0.6909722222222222 0.669921875 0.65625 0.669921875 0.6458333333333334 0.673828125 0.6354166666666666 0.673828125 0.6215277777777778 0.67578125 0.6145833333333334 0.6875 0.5902777777777778 0.697265625 0.5902777777777778 0.701171875 0.5972222222222222 0.697265625 0.6111111111111112 0.69921875 0.6180555555555556 0.697265625 0.65625 0.703125 0.6666666666666666 0.69921875 0.6770833333333334 0.69921875 0.6875 0.69140625 0.6979166666666666 0.68359375 0.7013888888888888 0.6796875 0.7083333333333334 0.6796875 0.7152777777777778 0.677734375 0.71875 0.671875 0.7013888888888888 0.671875 0.6979166666666666 0.6796875 0.6875 0.6796875 0.6805555555555556 0.677734375 0.6770833333333334 0.673828125 0.6770833333333334 0.6640625 0.6979166666666666 0.658203125 0.6979166666666666
2 0.470703125 0.3819444444444444 0.478515625 0.3819444444444444 0.490234375 0.3993055555555556 0.501953125 0.3958333333333333 0.505859375 0.3854166666666667 0.51171875 0.3854166666666667 0.51171875 0.3888888888888889 0.50390625 0.4027777777777778 0.49609375 0.40625 0.4921875 0.4131944444444444 0.4921875 0.4270833333333333 0.49609375 0.4375 0.49609375 0.4479166666666667 0.494140625 0.4513888888888889 0.494140625 0.4756944444444444 0.4921875 0.4826388888888889 0.494140625 0.4861111111111111 0.494140625 0.4930555555555556 0.498046875 0.4965277777777778 0.498046875 0.5138888888888888 0.49609375 0.5104166666666666 0.490234375 0.5104166666666666 0.48828125 0.5173611111111112 0.482421875 0.5173611111111112 0.48046875 0.5138888888888888 0.48046875 0.4861111111111111 0.4765625 0.4722222222222222 0.4765625 0.4340277777777778 0.474609375 0.4305555555555556 0.474609375 0.4236111111111111 0.46875 0.4131944444444444 0.46875 0.3888888888888889 0.470703125 0.3854166666666667
2 0.796875 0.5138888888888888 0.80078125 0.5243055555555556 0.806640625 0.5347222222222222 0.80859375 0.5347222222222222 0.80859375 0.5486111111111112 0.810546875 0.5520833333333334 0.810546875 0.5798611111111112 0.814453125 0.5868055555555556 0.818359375 0.6180555555555556 0.826171875 0.6388888888888888 0.82421875 0.6423611111111112 0.8203125 0.6423611111111112 0.81640625 0.6354166666666666 0.814453125 0.625 0.80859375 0.6145833333333334 0.8046875 0.6215277777777778 0.810546875 0.6388888888888888 0.810546875 0.6493055555555556 0.8046875 0.6493055555555556 0.802734375 0.6388888888888888 0.796875 0.6284722222222222 0.796875 0.6215277777777778 0.791015625 0.6041666666666666 0.7890625 0.5798611111111112 0.78125 0.5729166666666666 0.779296875 0.5659722222222222 0.78125 0.5451388888888888 0.787109375 0.53125 0.787109375 0.5173611111111112 0.7890625 0.5138888888888888 0.794921875 0.5138888888888888
2 0.80078125 0.052083333333333336 0.802734375 0.0763888888888889 0.80078125 0.0798611111111111 0.80078125 0.09375 0.798828125 0.09722222222222222 0.798828125 0.11458333333333333 0.796875 0.11805555555555555 0.796875 0.14930555555555555 0.794921875 0.1527777777777778 0.794921875 0.1701388888888889 0.79296875 0.1736111111111111 0.787109375 0.1736111111111111 0.783203125 0.16666666666666666 0.779296875 0.1701388888888889 0.775390625 0.1701388888888889 0.7734375 0.16666666666666666 0.775390625 0.16319444444444445 0.775390625 0.14583333333333334 0.77734375 0.1423611111111111 0.77734375 0.09722222222222222 0.779296875 0.09375 0.78125 0.0625 0.787109375 0.04861111111111111 0.796875 0.04861111111111111 0.798828125 0.052083333333333336
2 0.501953125 0.9375 0.521484375 0.9375 0.521484375 0.9548611111111112 0.533203125 0.9756944444444444 0.533203125 0.9965277777777778 0.52734375 0.9965277777777778 0.52734375 0.9826388888888888 0.525390625 0.9756944444444444 0.517578125 0.9618055555555556 0.515625 0.9618055555555556 0.51171875 0.9513888888888888 0.5078125 0.9618055555555556 0.5078125 0.9791666666666666 0.505859375 0.9861111111111112 0.49609375 0.9861111111111112 0.50390625 0.9652777777777778 0.501953125 0.9583333333333334 0.501953125 0.9409722222222222