0 0.7059895833333333 0.36296296296296293 0.019270833333333334 0.03518518518518518
0 0.501953125 0.5277777777777778 0.5078125 0.5347222222222222 0.505859375 0.5416666666666666 0.505859375 0.5520833333333334 0.501953125 0.5590277777777778 0.49609375 0.5590277777777778 0.4921875 0.5520833333333334 0.4921875 0.5416666666666666 0.49609375 0.53125 0.5 0.5277777777777778
0 0.44140625 0.4131944444444444 0.44921875 0.4131944444444444 0.451171875 0.4201388888888889 0.451171875 0.4340277777777778 0.44921875 0.4375 0.439453125 0.4375 0.439453125 0.4201388888888889 0.44140625 0.4166666666666667
0 0.65625 0.8055555555555556 0.66015625 0.7916666666666666 0.669921875 0.7916666666666666 0.673828125 0.8020833333333334 0.671875 0.8159722222222222 0.6640625 0.8159722222222222 0.662109375 0.8125 0.658203125 0.8125 0.658203125 0.8090277777777778
0 0.35546875 0.7361111111111112 0.36328125 0.7361111111111112 0.3671875 0.7465277777777778 0.3671875 0.7604166666666666 0.361328125 0.7673611111111112 0.353515625 0.7569444444444444 0.353515625 0.7430555555555556 0.35546875 0.7395833333333334
0 0.40963541666666664 0.3833333333333333 0.015104166666666667 0.025925925925925925
0 0.134765625 0.5798611111111112 0.138671875 0.5868055555555556 0.138671875 0.5972222222222222 0.13671875 0.6041666666666666 0.123046875 0.6041666666666666 0.12109375 0.6006944444444444 0.123046875 0.5833333333333334 0.126953125 0.5798611111111112 0.1328125 0.5798611111111112
0 0.642578125 0.3541666666666667 0.646484375 0.3680555555555556 0.638671875 0.375 0.6328125 0.375 0.630859375 0.3680555555555556 0.634765625 0.3541666666666667 0.640625 0.3541666666666667
0 0.5078125 0.4340277777777778 0.509765625 0.4305555555555556 0.509765625 0.4236111111111111 0.513671875 0.4166666666666667 0.51953125 0.4166666666666667 0.5234375 0.4270833333333333 0.521484375 0.4409722222222222 0.513671875 0.4409722222222222 0.509765625 0.4375
0 0.546875 0.3680555555555556 0.55078125 0.3715277777777778 0.5546875 0.3819444444444444 0.552734375 0.3854166666666667 0.552734375 0.3958333333333333 0.544921875 0.3923611111111111 0.5390625 0.3854166666666667 0.5390625 0.3784722222222222 0.544921875 0.3715277777777778
0 0.591796875 0.4444444444444444 0.599609375 0.4513888888888889 0.599609375 0.46875 0.595703125 0.4756944444444444 0.591796875 0.4756944444444444 0.5859375 0.4652777777777778 0.5859375 0.4513888888888889 0.58984375 0.4479166666666667
1 0.701171875 0.3784722222222222 0.703125 0.3854166666666667 0.697265625 0.40625 0.6953125 0.40625 0.69140625 0.4201388888888889 0.685546875 0.4270833333333333 0.67578125 0.4270833333333333 0.673828125 0.4236111111111111 0.673828125 0.4097222222222222 0.685546875 0.3854166666666667 0.685546875 0.3819444444444444 0.69140625 0.375 0.697265625 0.375 0.69921875 0.3784722222222222
1 0.484375 0.6145833333333334 0.484375 0.5763888888888888 0.48046875 0.5659722222222222 0.48046875 0.5590277777777778 0.484375 0.5486111111111112 0.490234375 0.5486111111111112 0.49609375 0.5625 0.5 0.5625 0.50390625 0.5555555555555556 0.513671875 0.5555555555555556 0.515625 0.5590277777777778 0.515625 0.5694444444444444 0.5078125 0.5902777777777778 0.5078125 0.6076388888888888 0.505859375 0.6111111111111112 0.505859375 0.6180555555555556 0.48828125 0.6180555555555556 0.486328125 0.6145833333333334
1 0.12109375 0.6041666666666666 0.123046875 0.6076388888888888 0.13671875 0.6076388888888888 0.142578125 0.6215277777777778 0.140625 0.6284722222222222 0.134765625 0.6354166666666666 0.134765625 0.6493055555555556 0.130859375 0.6597222222222222 0.130859375 0.6736111111111112 0.12890625 0.6770833333333334 0.123046875 0.6770833333333334 0.12109375 0.6736111111111112 0.115234375 0.6736111111111112 0.10546875 0.6666666666666666 0.109375 0.6493055555555556 0.111328125 0.6076388888888888 0.11328125 0.6041666666666666 0.119140625 0.6041666666666666
1 0.345703125 0.7604166666666666 0.34765625 0.7638888888888888 0.357421875 0.7638888888888888 0.359375 0.7673611111111112 0.37109375 0.7673611111111112 0.376953125 0.7743055555555556 0.376953125 0.7847222222222222 0.3671875 0.8090277777777778 0.365234375 0.8125 0.349609375 0.8125 0.34765625 0.8090277777777778 0.345703125 0.7916666666666666 0.341796875 0.7847222222222222 0.341796875 0.7638888888888888 0.34375 0.7638888888888888
1 0.439453125 0.4409722222222222 0.44140625 0.4444444444444444 0.453125 0.4444444444444444 0.45703125 0.4513888888888889 0.45703125 0.4652777777777778 0.451171875 0.4791666666666667 0.451171875 0.4930555555555556 0.453125 0.4965277777777778 0.453125 0.5104166666666666 0.451171875 0.5138888888888888 0.44140625 0.5138888888888888 0.431640625 0.5069444444444444 0.431640625 0.4930555555555556 0.43359375 0.4895833333333333 0.427734375 0.4652777777777778 0.427734375 0.4513888888888889 0.4296875 0.4444444444444444 0.4375 0.4409722222222222
1 0.412109375 0.3958333333333333 0.41796875 0.4027777777777778 0.41796875 0.4131944444444444 0.4140625 0.4131944444444444 0.41015625 0.4201388888888889 0.412109375 0.4409722222222222 0.4140625 0.4444444444444444 0.412109375 0.4513888888888889 0.404296875 0.4618055555555556 0.392578125 0.4583333333333333 0.392578125 0.4513888888888889 0.39453125 0.4479166666666667 0.39453125 0.4236111111111111 0.396484375 0.4201388888888889 0.396484375 0.3993055555555556 0.41015625 0.3958333333333333
1 0.646484375 0.375 0.6484375 0.3784722222222222 0.654296875 0.3784722222222222 0.654296875 0.3993055555555556 0.65234375 0.4027777777777778 0.65234375 0.4131944444444444 0.646484375 0.4270833333333333 0.646484375 0.4409722222222222 0.642578125 0.4479166666666667 0.630859375 0.4479166666666667 0.626953125 0.4409722222222222 0.630859375 0.4270833333333333 0.630859375 0.3958333333333333 0.62890625 0.3923611111111111 0.62890625 0.3819444444444444 0.630859375 0.3784722222222222 0.640625 0.3784722222222222 0.64453125 0.375
1 0.525390625 0.4444444444444444 0.52734375 0.4479166666666667 0.52734375 0.4548611111111111 0.5234375 0.4652777777777778 0.5234375 0.4791666666666667 0.51953125 0.4895833333333333 0.51953125 0.5 0.501953125 0.5 0.5 0.4965277777777778 0.501953125 0.4791666666666667 0.5 0.4756944444444444 0.5 0.4583333333333333 0.498046875 0.4548611111111111 0.498046875 0.4479166666666667 0.5078125 0.4409722222222222 0.51171875 0.4444444444444444 0.5234375 0.4444444444444444
1 0.583984375 0.4513888888888889 0.58203125 0.4583333333333333 0.583984375 0.4618055555555556 0.583984375 0.4756944444444444 0.587890625 0.4791666666666667 0.587890625 0.4826388888888889 0.568359375 0.4826388888888889 0.56640625 0.4861111111111111 0.55859375 0.4826388888888889 0.560546875 0.4791666666666667 0.55859375 0.4756944444444444 0.560546875 0.4583333333333333 0.568359375 0.4513888888888889 0.58203125 0.4513888888888889
1 0.552734375 0.3993055555555556 0.552734375 0.4097222222222222 0.544921875 0.4166666666666667 0.544921875 0.4583333333333333 0.54296875 0.4618055555555556 0.541015625 0.4618055555555556 0.53515625 0.4513888888888889 0.529296875 0.4513888888888889 0.52734375 0.4444444444444444 0.52734375 0.4305555555555556 0.525390625 0.4270833333333333 0.525390625 0.4131944444444444 0.52734375 0.4097222222222222 0.52734375 0.3993055555555556 0.53515625 0.3888888888888889 0.541015625 0.3888888888888889 0.544921875 0.3958333333333333 0.548828125 0.3958333333333333 0.55078125 0.3993055555555556
2 0.70703125 0.3472222222222222 0.71484375 0.3576388888888889 0.71484375 0.375 0.705078125 0.3819444444444444 0.697265625 0.40625 0.6953125 0.40625 0.69140625 0.4166666666666667 0.693359375 0.4548611111111111 0.689453125 0.4652777777777778 0.689453125 0.4722222222222222 0.68359375 0.4861111111111111 0.68359375 0.5 0.681640625 0.5034722222222222 0.671875 0.4965277777777778 0.6796875 0.4756944444444444 0.67578125 0.46875 0.666015625 0.46875 0.65625 0.4618055555555556 0.66015625 0.4583333333333333 0.673828125 0.4583333333333333 0.677734375 0.4513888888888889 0.67578125 0.4444444444444444 0.671875 0.4409722222222222 0.671875 0.4131944444444444 0.685546875 0.3854166666666667 0.685546875 0.3819444444444444 0.6875 0.3819444444444444 0.697265625 0.3645833333333333 0.69921875 0.3541666666666667 0.705078125 0.3472222222222222
2 0.66015625 0.7916666666666666 0.669921875 0.7916666666666666 0.673828125 0.8055555555555556 0.671875 0.8090277777777778 0.671875 0.8229166666666666 0.6796875 0.8333333333333334 0.677734375 0.8611111111111112 0.67578125 0.8645833333333334 0.67578125 0.8541666666666666 0.677734375 0.8472222222222222 0.673828125 0.8402777777777778 0.666015625 0.8368055555555556 0.666015625 0.8194444444444444 0.662109375 0.8125 0.658203125 0.8125 0.658203125 0.7986111111111112 0.66015625 0.7951388888888888
2 0.35546875 0.7361111111111112 0.36328125 0.7361111111111112 0.3671875 0.7465277777777778 0.3671875 0.7604166666666666 0.376953125 0.7743055555555556 0.376953125 0.7847222222222222 0.375 0.7881944444444444 0.376953125 0.8090277777777778 0.373046875 0.8125 0.33984375 0.8125 0.337890625 0.8090277777777778 0.337890625 0.7986111111111112 0.341796875 0.7847222222222222 0.341796875 0.7638888888888888 0.34375 0.7604166666666666 0.3515625 0.7604166666666666 0.353515625 0.7569444444444444 0.353515625 0.7430555555555556 0.35546875 0.7395833333333334
2 0.501953125 0.5277777777777778 0.505859375 0.5347222222222222 0.505859375 0.5486111111111112 0.515625 0.5625 0.515625 0.5729166666666666 0.513671875 0.5763888888888888 0.513671875 0.59375 0.5078125 0.6006944444444444 0.5078125 0.6076388888888888 0.505859375 0.6111111111111112 0.505859375 0.6423611111111112 0.501953125 0.6597222222222222 0.501953125 0.6736111111111112 0.5 0.6770833333333334 0.498046875 0.6979166666666666 0.490234375 0.7222222222222222 0.490234375 0.7326388888888888 0.484375 0.7326388888888888 0.484375 0.7222222222222222 0.48828125 0.7118055555555556 0.48828125 0.6875 0.486328125 0.6840277777777778 0.486328125 0.6631944444444444 0.484375 0.6597222222222222 0.484375 0.6319444444444444 0.482421875 0.6284722222222222 0.482421875 0.6145833333333334 0.48046875 0.6111111111111112 0.474609375 0.6145833333333334 0.47265625 0.6111111111111112 0.47265625 0.6041666666666666 0.474609375 0.6006944444444444 0.474609375 0.5868055555555556 0.48046875 0.5659722222222222 0.48046875 0.5555555555555556 0.484375 0.5486111111111112 0.490234375 0.5486111111111112 0.494140625 0.5416666666666666 0.49609375 0.53125 0.5 0.5277777777777778
2 0.134765625 0.5798611111111112 0.138671875 0.5868055555555556 0.13671875 0.6076388888888888 0.142578125 0.6215277777777778 0.142578125 0.6319444444444444 0.146484375 0.6388888888888888 0.154296875 0.6319444444444444 0.154296875 0.6458333333333334 0.1484375 0.65625 0.142578125 0.65625 0.13671875 0.6493055555555556 0.130859375 0.6631944444444444 0.130859375 0.6840277777777778 0.134765625 0.6944444444444444 0.134765625 0.7083333333333334 0.1328125 0.7118055555555556 0.130859375 0.7291666666666666 0.126953125 0.7395833333333334 0.12890625 0.7465277777777778 0.123046875 0.7534722222222222 0.12109375 0.75 0.123046875 0.7222222222222222 0.12890625 0.7048611111111112 0.12109375 0.6944444444444444 0.11328125 0.6944444444444444 0.099609375 0.71875 0.09765625 0.71875 0.087890625 0.7395833333333334 0.08203125 0.7465277777777778 0.078125 0.7638888888888888 0.076171875 0.7638888888888888 0.076171875 0.75 0.080078125 0.7361111111111112 0.09375 0.7083333333333334 0.09765625 0.6979166666666666 0.09765625 0.6875 0.099609375 0.6805555555555556 0.10546875 0.6701388888888888 0.103515625 0.6388888888888888 0.109375 0.6284722222222222 0.111328125 0.6076388888888888 0.11328125 0.6041666666666666 0.1171875 0.6041666666666666 0.12109375 0.5972222222222222 0.123046875 0.5833333333333334 0.126953125 0.5798611111111112 0.1328125 0.5798611111111112
2 0.44140625 0.4131944444444444 0.447265625 0.4131944444444444 0.44921875 0.4166666666666667 0.451171875 0.4236111111111111 0.451171875 0.4409722222222222 0.45703125 0.4513888888888889 0.45703125 0.4965277777777778 0.455078125 0.5034722222222222 0.458984375 0.5104166666666666 0.458984375 0.5173611111111112 0.45703125 0.5138888888888888 0.453125 0.5138888888888888 0.44921875 0.5243055555555556 0.44921875 0.5381944444444444 0.447265625 0.5416666666666666 0.447265625 0.5729166666666666 0.443359375 0.5833333333333334 0.443359375 0.6006944444444444 0.4375 0.6006944444444444 0.4375 0.59375 0.439453125 0.5902777777777778 0.439453125 0.5659722222222222 0.44140625 0.5625 0.44140625 0.5381944444444444 0.439453125 0.5347222222222222 0.435546875 0.5347222222222222 0.431640625 0.5416666666666666 0.431640625 0.5590277777777778 0.427734375 0.5729166666666666 0.427734375 0.5902777777777778 0.42578125 0.59375 0.41796875 0.59375 0.423828125 0.5729166666666666 0.423828125 0.5555555555555556 0.42578125 0.5520833333333334 0.427734375 0.5208333333333334 0.431640625 0.5104166666666666 0.431640625 0.4861111111111111 0.427734375 0.4791666666666667 0.427734375 0.4479166666666667 0.4375 0.4375 0.439453125 0.4305555555555556 0.439453125 0.4201388888888889 0.44140625 0.4166666666666667
2 0.642578125 0.3541666666666667 0.6484375 0.375 0.662109375 0.375 0.6796875 0.3506944444444444 0.681640625 0.3506944444444444 0.681640625 0.3576388888888889 0.654296875 0.3958333333333333 0.654296875 0.40625 0.6484375 0.4201388888888889 0.6484375 0.4270833333333333 0.646484375 0.4305555555555556 0.646484375 0.4409722222222222 0.65234375 0.4583333333333333 0.646484375 0.4583333333333333 0.640625 0.46875 0.638671875 0.4756944444444444 0.638671875 0.5104166666666666 0.62890625 0.5208333333333334 0.62890625 0.5381944444444444 0.623046875 0.5381944444444444 0.619140625 0.5347222222222222 0.619140625 0.53125 0.623046875 0.5243055555555556 0.623046875 0.4513888888888889 0.630859375 0.4270833333333333 0.630859375 0.4027777777777778 0.61328125 0.3854166666666667 0.609375 0.3854166666666667 0.59765625 0.375 0.59375 0.3611111111111111 0.607421875 0.375 0.611328125 0.375 0.6171875 0.3819444444444444 0.625 0.3854166666666667 0.630859375 0.375 0.6328125 0.3680555555555556 0.6328125 0.3576388888888889 0.634765625 0.3541666666666667 0.640625 0.3541666666666667
2 0.591796875 0.4444444444444444 0.599609375 0.4548611111111111 0.599609375 0.46875 0.59765625 0.4722222222222222 0.59765625 0.4861111111111111 0.595703125 0.4895833333333333 0.56640625 0.4895833333333333 0.560546875 0.5 0.552734375 0.5 0.5546875 0.4930555555555556 0.5546875 0.4722222222222222 0.55078125 0.4618055555555556 0.56640625 0.4513888888888889 0.583984375 0.4513888888888889 0.5859375 0.4479166666666667 0.58984375 0.4479166666666667
2 0.533203125 0.4618055555555556 0.53515625 0.4652777777777778 0.55078125 0.4722222222222222 0.55078125 0.4791666666666667 0.546875 0.4826388888888889 0.52734375 0.4722222222222222 0.525390625 0.4756944444444444 0.525390625 0.4826388888888889 0.521484375 0.4861111111111111 0.521484375 0.5069444444444444 0.52734375 0.5277777777777778 0.52734375 0.5451388888888888 0.529296875 0.5486111111111112 0.53125 0.5798611111111112 0.537109375 0.59375 0.53515625 0.5972222222222222 0.529296875 0.5972222222222222 0.52734375 0.59375 0.529296875 0.5868055555555556 0.52734375 0.5833333333333334 0.52734375 0.5729166666666666 0.525390625 0.5694444444444444 0.5234375 0.5486111111111112 0.513671875 0.53125 0.498046875 0.53125 0.49609375 0.5243055555555556 0.498046875 0.5208333333333334 0.498046875 0.5069444444444444 0.5 0.5034722222222222 0.5 0.4895833333333333 0.501953125 0.4861111111111111 0.501953125 0.4756944444444444 0.498046875 0.46875 0.49609375 0.46875 0.490234375 0.4791666666666667 0.482421875 0.4826388888888889 0.48046875 0.4895833333333333 0.474609375 0.4965277777777778 0.466796875 0.4965277777777778 0.46484375 0.4930555555555556 0.46875 0.4930555555555556 0.47265625 0.4861111111111111 0.48046875 0.4826388888888889 0.490234375 0.4652777777777778 0.4921875 0.4652777777777778 0.49609375 0.4513888888888889 0.5078125 0.4375 0.5078125 0.4305555555555556 0.513671875 0.4166666666666667 0.51953125 0.4166666666666667 0.5234375 0.4236111111111111 0.5234375 0.4409722222222222 0.53125 0.4618055555555556
2 0.546875 0.3680555555555556 0.552734375 0.375 0.552734375 0.4131944444444444 0.548828125 0.4305555555555556 0.548828125 0.4618055555555556 0.55078125 0.4652777777777778 0.533203125 0.4618055555555556 0.529296875 0.4548611111111111 0.52734375 0.4305555555555556 0.525390625 0.4270833333333333 0.525390625 0.4097222222222222 0.52734375 0.40625 0.52734375 0.3993055555555556 0.533203125 0.3888888888888889 0.53515625 0.3888888888888889 0.54296875 0.3715277777777778 0.544921875 0.3715277777777778
2 0.396484375 0.3993055555555556 0.400390625 0.3993055555555556 0.40234375 0.3958333333333333 0.40234375 0.3819444444444444 0.40625 0.3715277777777778 0.412109375 0.3715277777777778 0.416015625 0.3784722222222222 0.41796875 0.4375 0.412109375 0.4548611111111111 0.412109375 0.4618055555555556 0.41796875 0.4756944444444444 0.41796875 0.4826388888888889 0.416015625 0.4861111111111111 0.41796875 0.4895833333333333 0.41796875 0.5173611111111112 0.423828125 0.5277777777777778 0.419921875 0.53125 0.4140625 0.53125 0.412109375 0.4895833333333333 0.408203125 0.4826388888888889 0.404296875 0.4826388888888889 0.396484375 0.5034722222222222 0.3828125 0.5173611111111112 0.373046875 0.5347222222222222 0.373046875 0.5486111111111112 0.369140625 0.5451388888888888 0.37109375 0.5243055555555556 0.388671875 0.4965277777777778 0.388671875 0.4826388888888889 0.390625 0.4791666666666667 0.388671875 0.4722222222222222 0.384765625 0.46875 0.390625 0.4583333333333333 0.39453125 0.4444444444444444 0.39453125 0.4201388888888889 0.396484375 0.4166666666666667 0.39453125 0.4131944444444444 0.39453125 0.40625 0.396484375 0.4027777777777778
2 0.35546875 0.7361111111111112 0.36328125 0.7361111111111112 0.3671875 0.7465277777777778 0.3671875 0.7604166666666666 0.376953125 0.7743055555555556 0.376953125 0.7847222222222222 0.375 0.7881944444444444 0.376953125 0.8090277777777778 0.373046875 0.8125 0.33984375 0.8125 0.337890625 0.8090277777777778 0.337890625 0.7951388888888888 0.341796875 0.7847222222222222 0.341796875 0.7638888888888888 0.34375 0.7604166666666666 0.3515625 0.7604166666666666 0.353515625 0.7569444444444444 0.353515625 0.7430555555555556 0.35546875 0.7395833333333334