0 0.84765625 0.04861111111111111 0.849609375 0.052083333333333336 0.853515625 0.052083333333333336 0.857421875 0.0625 0.857421875 0.09027777777777778 0.853515625 0.10416666666666667 0.83203125 0.10416666666666667 0.826171875 0.08333333333333333 0.826171875 0.0763888888888889 0.828125 0.07291666666666667 0.828125 0.05555555555555555 0.833984375 0.05555555555555555 0.83984375 0.04861111111111111 0.845703125 0.04861111111111111
0 0.056640625 0.2777777777777778 0.0625 0.2881944444444444 0.064453125 0.2881944444444444 0.06640625 0.2951388888888889 0.06640625 0.3194444444444444 0.068359375 0.3229166666666667 0.068359375 0.3298611111111111 0.064453125 0.3402777777777778 0.0390625 0.3368055555555556 0.02734375 0.3229166666666667 0.02734375 0.2986111111111111 0.037109375 0.2777777777777778 0.0546875 0.2777777777777778
0 0.44921875 0.28125 0.458984375 0.2916666666666667 0.4609375 0.2986111111111111 0.4609375 0.3090277777777778 0.462890625 0.3125 0.4609375 0.3298611111111111 0.45703125 0.3402777777777778 0.44921875 0.3402777777777778 0.443359375 0.3298611111111111 0.4296875 0.3263888888888889 0.427734375 0.3229166666666667 0.427734375 0.3020833333333333 0.4296875 0.2951388888888889 0.435546875 0.2847222222222222 0.443359375 0.2777777777777778 0.447265625 0.28125
0 0.408203125 0.3541666666666667 0.41015625 0.3576388888888889 0.4140625 0.3576388888888889 0.421875 0.3715277777777778 0.421875 0.40625 0.416015625 0.4131944444444444 0.41015625 0.4131944444444444 0.40234375 0.4201388888888889 0.390625 0.4166666666666667 0.38671875 0.4097222222222222 0.38671875 0.4027777777777778 0.3828125 0.3888888888888889 0.384765625 0.3854166666666667 0.384765625 0.3715277777777778 0.392578125 0.3576388888888889 0.396484375 0.3541666666666667 0.40625 0.3541666666666667
0 0.794921875 0.4340277777777778 0.796875 0.4375 0.80078125 0.4375 0.806640625 0.4479166666666667 0.80859375 0.4548611111111111 0.80859375 0.4791666666666667 0.806640625 0.4826388888888889 0.794921875 0.4826388888888889 0.783203125 0.4930555555555556 0.775390625 0.4861111111111111 0.775390625 0.4618055555555556 0.779296875 0.4513888888888889 0.779296875 0.4444444444444444 0.783203125 0.4375 0.787109375 0.4340277777777778 0.79296875 0.4340277777777778
0 0.17578125 0.3333333333333333 0.18359375 0.34375 0.1875 0.3611111111111111 0.1875 0.375 0.189453125 0.3819444444444444 0.18359375 0.3958333333333333 0.158203125 0.3958333333333333 0.154296875 0.3854166666666667 0.154296875 0.3715277777777778 0.16015625 0.34375 0.173828125 0.3333333333333333
0 0.380859375 0.3611111111111111 0.380859375 0.3958333333333333 0.37890625 0.3993055555555556 0.3671875 0.3993055555555556 0.365234375 0.4027777777777778 0.357421875 0.4027777777777778 0.35546875 0.3993055555555556 0.357421875 0.3715277777777778 0.3671875 0.3576388888888889 0.376953125 0.3576388888888889 0.37890625 0.3611111111111111
0 0.24609375 0.2604166666666667 0.2578125 0.2777777777777778 0.26171875 0.2916666666666667 0.26171875 0.3125 0.255859375 0.3229166666666667 0.248046875 0.3229166666666667 0.24609375 0.3194444444444444 0.23828125 0.3194444444444444 0.236328125 0.3159722222222222 0.2265625 0.3159722222222222 0.224609375 0.3090277777777778 0.224609375 0.28125 0.234375 0.2638888888888889 0.23828125 0.2604166666666667 0.244140625 0.2604166666666667
0 0.404296875 0.2673611111111111 0.41015625 0.2847222222222222 0.41015625 0.3090277777777778 0.39453125 0.3368055555555556 0.388671875 0.3368055555555556 0.37890625 0.3055555555555556 0.37890625 0.2986111111111111 0.3828125 0.28125 0.390625 0.2638888888888889 0.40234375 0.2673611111111111
0 0.57421875 0.46875 0.576171875 0.4722222222222222 0.580078125 0.4722222222222222 0.587890625 0.4895833333333333 0.587890625 0.5173611111111112 0.583984375 0.5277777777777778 0.580078125 0.5277777777777778 0.578125 0.5243055555555556 0.560546875 0.5243055555555556 0.556640625 0.5173611111111112 0.556640625 0.5104166666666666 0.5546875 0.5069444444444444 0.5546875 0.4861111111111111 0.560546875 0.4756944444444444 0.572265625 0.46875
0 0.587890625 0.1840277777777778 0.599609375 0.19444444444444445 0.609375 0.2152777777777778 0.603515625 0.2152777777777778 0.599609375 0.2222222222222222 0.59765625 0.2361111111111111 0.587890625 0.2534722222222222 0.576171875 0.2534722222222222 0.568359375 0.24305555555555555 0.56640625 0.2361111111111111 0.56640625 0.22569444444444445 0.568359375 0.2222222222222222 0.5703125 0.2048611111111111 0.580078125 0.1875 0.5859375 0.1875
0 0.830078125 0.2673611111111111 0.845703125 0.2777777777777778 0.84765625 0.2847222222222222 0.84765625 0.3090277777777778 0.83203125 0.3194444444444444 0.810546875 0.3194444444444444 0.810546875 0.2986111111111111 0.80859375 0.2951388888888889 0.810546875 0.2881944444444444 0.810546875 0.2708333333333333 0.81640625 0.2638888888888889 0.826171875 0.2638888888888889 0.828125 0.2673611111111111
1 0.033203125 0.3298611111111111 0.0390625 0.3368055555555556 0.048828125 0.3368055555555556 0.05859375 0.34375 0.0625 0.3506944444444444 0.064453125 0.3680555555555556 0.068359375 0.375 0.068359375 0.4479166666666667 0.056640625 0.4479166666666667 0.046875 0.4548611111111111 0.0390625 0.4652777777777778 0.033203125 0.4652777777777778 0.03125 0.4618055555555556 0.029296875 0.4236111111111111 0.0234375 0.40625 0.021484375 0.3854166666666667 0.01953125 0.3819444444444444 0.01953125 0.3333333333333333 0.0234375 0.3263888888888889 0.029296875 0.3263888888888889 0.03125 0.3298611111111111
1 0.9140625 0 0.951171875 0 0.953125 0.003472222222222222 0.95703125 0 0.9609375 0.006944444444444444 0.9609375 0.013888888888888888 0.962890625 0.017361111111111112 0.962890625 0.04861111111111111 0.958984375 0.0625 0.95703125 0.09722222222222222 0.955078125 0.10069444444444445 0.955078125 0.1076388888888889 0.951171875 0.1076388888888889 0.93359375 0.09375 0.921875 0.09375 0.919921875 0.09027777777777778 0.92578125 0.0625 0.919921875 0.05555555555555555 0.9140625 0.05555555555555555 0.912109375 0.059027777777777776 0.908203125 0.04861111111111111 0.9140625 0.041666666666666664 0.9140625 0.024305555555555556 0.912109375 0.020833333333333332 0.912109375 0.006944444444444444 0.9140625 0.003472222222222222
1 0.390625 0.4236111111111111 0.40234375 0.4236111111111111 0.41796875 0.4131944444444444 0.427734375 0.4131944444444444 0.439453125 0.4236111111111111 0.44140625 0.4305555555555556 0.44140625 0.4618055555555556 0.439453125 0.4652777777777778 0.44140625 0.4722222222222222 0.44140625 0.5034722222222222 0.439453125 0.5069444444444444 0.439453125 0.5208333333333334 0.435546875 0.53125 0.435546875 0.5451388888888888 0.427734375 0.5520833333333334 0.416015625 0.5520833333333334 0.4140625 0.5555555555555556 0.40625 0.5555555555555556 0.396484375 0.5625 0.39453125 0.5555555555555556 0.3984375 0.5451388888888888 0.3984375 0.5381944444444444 0.404296875 0.5243055555555556 0.404296875 0.5138888888888888 0.40625 0.5104166666666666 0.40625 0.4826388888888889 0.40234375 0.46875 0.392578125 0.4652777777777778 0.390625 0.4722222222222222 0.38671875 0.4618055555555556 0.38671875 0.4444444444444444 0.390625 0.4270833333333333
1 0.822265625 0.5034722222222222 0.82421875 0.5069444444444444 0.828125 0.5069444444444444 0.83203125 0.5138888888888888 0.83203125 0.5451388888888888 0.82421875 0.5590277777777778 0.8203125 0.5729166666666666 0.8203125 0.5833333333333334 0.81640625 0.6006944444444444 0.818359375 0.6111111111111112 0.810546875 0.6215277777777778 0.8046875 0.6215277777777778 0.796875 0.6284722222222222 0.787109375 0.6284722222222222 0.78515625 0.6319444444444444 0.779296875 0.6319444444444444 0.77734375 0.6284722222222222 0.77734375 0.5798611111111112 0.775390625 0.5763888888888888 0.775390625 0.5659722222222222 0.76171875 0.5451388888888888 0.76171875 0.5277777777777778 0.763671875 0.5208333333333334 0.7734375 0.5069444444444444 0.78125 0.5069444444444444 0.783203125 0.5034722222222222 0.8203125 0.5034722222222222
1 0.515625 0.5416666666666666 0.53515625 0.5416666666666666 0.537109375 0.5451388888888888 0.541015625 0.5451388888888888 0.541015625 0.5590277777777778 0.52734375 0.5798611111111112 0.525390625 0.5868055555555556 0.525390625 0.5972222222222222 0.521484375 0.6041666666666666 0.513671875 0.6041666666666666 0.51171875 0.6006944444444444 0.505859375 0.6006944444444444 0.501953125 0.6041666666666666 0.5 0.6006944444444444 0.5 0.5833333333333334 0.515625 0.5451388888888888
1 0.205078125 0.4027777777777778 0.2109375 0.4270833333333333 0.2109375 0.4548611111111111 0.21484375 0.46875 0.21484375 0.4930555555555556 0.216796875 0.4965277777777778 0.216796875 0.5034722222222222 0.208984375 0.53125 0.20703125 0.5347222222222222 0.203125 0.53125 0.197265625 0.5381944444444444 0.19140625 0.5381944444444444 0.18359375 0.5451388888888888 0.1640625 0.5486111111111112 0.158203125 0.5555555555555556 0.154296875 0.5555555555555556 0.150390625 0.5486111111111112 0.13671875 0.5520833333333334 0.13671875 0.5208333333333334 0.138671875 0.5173611111111112 0.138671875 0.4965277777777778 0.140625 0.4930555555555556 0.140625 0.4513888888888889 0.13671875 0.4409722222222222 0.13671875 0.4340277777777778 0.138671875 0.4305555555555556 0.140625 0.4131944444444444 0.15625 0.4027777777777778 0.181640625 0.4027777777777778 0.18359375 0.3993055555555556 0.201171875 0.3993055555555556 0.203125 0.4027777777777778
1 0.376953125 0.3125 0.380859375 0.3159722222222222 0.390625 0.3368055555555556 0.39453125 0.3333333333333333 0.39453125 0.3402777777777778 0.388671875 0.3506944444444444 0.388671875 0.3576388888888889 0.38671875 0.3611111111111111 0.380859375 0.3611111111111111 0.37109375 0.3541666666666667 0.369140625 0.3576388888888889 0.365234375 0.3576388888888889 0.361328125 0.3645833333333333 0.357421875 0.3645833333333333 0.357421875 0.34375 0.35546875 0.3402777777777778 0.357421875 0.3263888888888889 0.359375 0.3194444444444444 0.375 0.3125
1 0.380859375 0.40625 0.38671875 0.4166666666666667 0.38671875 0.4444444444444444 0.384765625 0.4479166666666667 0.384765625 0.4652777777777778 0.38671875 0.46875 0.38671875 0.5173611111111112 0.384765625 0.5208333333333334 0.384765625 0.53125 0.369140625 0.5625 0.34765625 0.5590277777777778 0.34765625 0.5416666666666666 0.3515625 0.5243055555555556 0.3515625 0.5069444444444444 0.34765625 0.4930555555555556 0.349609375 0.4861111111111111 0.34765625 0.4826388888888889 0.34765625 0.4722222222222222 0.341796875 0.4618055555555556 0.337890625 0.4618055555555556 0.3359375 0.4583333333333333 0.333984375 0.4513888888888889 0.333984375 0.4375 0.337890625 0.4270833333333333 0.349609375 0.4201388888888889 0.357421875 0.40625 0.37890625 0.40625
1 0.85546875 0.1076388888888889 0.857421875 0.1111111111111111 0.87109375 0.11458333333333333 0.876953125 0.12152777777777778 0.876953125 0.1284722222222222 0.87890625 0.13194444444444445 0.876953125 0.1527777777777778 0.86328125 0.1736111111111111 0.86328125 0.1875 0.861328125 0.1909722222222222 0.861328125 0.22569444444444445 0.865234375 0.24305555555555555 0.86328125 0.2534722222222222 0.818359375 0.2534722222222222 0.81640625 0.25 0.818359375 0.24305555555555555 0.818359375 0.2326388888888889 0.8203125 0.22916666666666666 0.8203125 0.21180555555555555 0.81640625 0.2013888888888889 0.81640625 0.19444444444444445 0.8125 0.1875 0.8125 0.18055555555555555 0.810546875 0.17708333333333334 0.810546875 0.1597222222222222 0.8046875 0.1388888888888889 0.806640625 0.11805555555555555 0.810546875 0.11458333333333333 0.814453125 0.11458333333333333 0.81640625 0.1111111111111111 0.826171875 0.1111111111111111 0.828125 0.1076388888888889 0.853515625 0.1076388888888889
1 0.57421875 0.5277777777777778 0.576171875 0.53125 0.58203125 0.53125 0.591796875 0.5381944444444444 0.595703125 0.5486111111111112 0.595703125 0.5590277777777778 0.591796875 0.5590277777777778 0.58984375 0.5625 0.58984375 0.5763888888888888 0.595703125 0.5902777777777778 0.595703125 0.6076388888888888 0.59765625 0.6111111111111112 0.59765625 0.6284722222222222 0.599609375 0.6319444444444444 0.599609375 0.6423611111111112 0.59765625 0.6458333333333334 0.59765625 0.6597222222222222 0.595703125 0.6666666666666666 0.587890625 0.6736111111111112 0.580078125 0.6736111111111112 0.578125 0.6770833333333334 0.572265625 0.6701388888888888 0.560546875 0.6666666666666666 0.5546875 0.6597222222222222 0.546875 0.6597222222222222 0.54296875 0.6527777777777778 0.541015625 0.6284722222222222 0.537109375 0.6145833333333334 0.52734375 0.6006944444444444 0.52734375 0.5833333333333334 0.529296875 0.5763888888888888 0.54296875 0.5555555555555556 0.54296875 0.5416666666666666 0.546875 0.5381944444444444 0.552734375 0.5381944444444444 0.5625 0.5277777777777778 0.572265625 0.5277777777777778
1 0.423828125 0.3229166666666667 0.42578125 0.3263888888888889 0.431640625 0.3263888888888889 0.43359375 0.3298611111111111 0.443359375 0.3333333333333333 0.451171875 0.34375 0.45703125 0.34375 0.462890625 0.3541666666666667 0.46484375 0.3784722222222222 0.455078125 0.3854166666666667 0.451171875 0.3958333333333333 0.451171875 0.4270833333333333 0.453125 0.4305555555555556 0.453125 0.4444444444444444 0.455078125 0.4479166666666667 0.455078125 0.46875 0.453125 0.4722222222222222 0.443359375 0.4722222222222222 0.443359375 0.4548611111111111 0.4453125 0.4513888888888889 0.443359375 0.4270833333333333 0.431640625 0.4097222222222222 0.42578125 0.4097222222222222 0.423828125 0.4027777777777778 0.423828125 0.3715277777777778 0.416015625 0.3576388888888889 0.408203125 0.3506944444444444 0.404296875 0.3506944444444444 0.400390625 0.34375 0.400390625 0.3368055555555556 0.404296875 0.3263888888888889 0.408203125 0.3229166666666667 0.421875 0.3229166666666667
1 0.564453125 0.2326388888888889 0.56640625 0.24305555555555555 0.58203125 0.2638888888888889 0.58984375 0.2569444444444444 0.59765625 0.23958333333333334 0.603515625 0.23958333333333334 0.611328125 0.2465277777777778 0.623046875 0.2638888888888889 0.623046875 0.2847222222222222 0.619140625 0.2916666666666667 0.609375 0.2916666666666667 0.603515625 0.3020833333333333 0.603515625 0.3090277777777778 0.599609375 0.3229166666666667 0.599609375 0.3402777777777778 0.6015625 0.3472222222222222 0.59765625 0.3645833333333333 0.587890625 0.3715277777777778 0.564453125 0.3680555555555556 0.556640625 0.3576388888888889 0.556640625 0.3298611111111111 0.5625 0.3229166666666667 0.5625 0.2916666666666667 0.556640625 0.2777777777777778 0.556640625 0.2569444444444444 0.5546875 0.25 0.55859375 0.2361111111111111 0.5625 0.2326388888888889
1 0.244140625 0.4791666666666667 0.244140625 0.4027777777777778 0.24609375 0.3993055555555556 0.24609375 0.3854166666666667 0.248046875 0.3819444444444444 0.248046875 0.3680555555555556 0.24609375 0.3645833333333333 0.236328125 0.3680555555555556 0.23046875 0.375 0.23046875 0.3993055555555556 0.234375 0.4166666666666667 0.23046875 0.4236111111111111 0.232421875 0.4305555555555556 0.232421875 0.46875 0.228515625 0.4756944444444444 0.220703125 0.4756944444444444 0.21875 0.4722222222222222 0.21875 0.4375 0.220703125 0.4340277777777778 0.220703125 0.4166666666666667 0.21875 0.4131944444444444 0.21875 0.3472222222222222 0.220703125 0.34375 0.220703125 0.3333333333333333 0.224609375 0.3263888888888889 0.232421875 0.3263888888888889 0.234375 0.3229166666666667 0.244140625 0.3229166666666667 0.24609375 0.3263888888888889 0.25 0.3263888888888889 0.259765625 0.3611111111111111 0.259765625 0.40625 0.26171875 0.4097222222222222 0.259765625 0.4166666666666667 0.259765625 0.4375 0.255859375 0.4513888888888889 0.255859375 0.46875 0.25390625 0.4722222222222222 0.25390625 0.4791666666666667 0.24609375 0.4791666666666667
1 0.853515625 0.3159722222222222 0.857421875 0.3194444444444444 0.857421875 0.3263888888888889 0.86328125 0.3402777777777778 0.86328125 0.3541666666666667 0.859375 0.3576388888888889 0.85546875 0.3680555555555556 0.85546875 0.4027777777777778 0.853515625 0.4097222222222222 0.849609375 0.4097222222222222 0.84765625 0.4131944444444444 0.828125 0.4131944444444444 0.826171875 0.4097222222222222 0.822265625 0.4097222222222222 0.826171875 0.3715277777777778 0.818359375 0.3611111111111111 0.814453125 0.3645833333333333 0.806640625 0.3645833333333333 0.8046875 0.3611111111111111 0.8046875 0.3506944444444444 0.802734375 0.34375 0.8046875 0.3402777777777778 0.8046875 0.3298611111111111 0.8125 0.3229166666666667 0.830078125 0.3229166666666667 0.83203125 0.3194444444444444 0.83984375 0.3194444444444444 0.841796875 0.3159722222222222 0.8515625 0.3159722222222222
2 0.408203125 0.3541666666666667 0.41015625 0.3576388888888889 0.4140625 0.3576388888888889 0.423828125 0.375 0.421875 0.3819444444444444 0.423828125 0.40625 0.427734375 0.4131944444444444 0.43359375 0.4131944444444444 0.44140625 0.4270833333333333 0.44140625 0.4375 0.443359375 0.4409722222222222 0.44140625 0.4479166666666667 0.44140625 0.4583333333333333 0.439453125 0.4618055555555556 0.44140625 0.5034722222222222 0.435546875 0.53125 0.435546875 0.5590277777777778 0.439453125 0.5694444444444444 0.439453125 0.6076388888888888 0.44140625 0.6111111111111112 0.44140625 0.6284722222222222 0.439453125 0.6319444444444444 0.439453125 0.6458333333333334 0.4375 0.6458333333333334 0.431640625 0.65625 0.431640625 0.6840277777777778 0.43359375 0.6875 0.43359375 0.7013888888888888 0.435546875 0.7048611111111112 0.435546875 0.7118055555555556 0.439453125 0.71875 0.439453125 0.7569444444444444 0.4375 0.7604166666666666 0.439453125 0.8194444444444444 0.4375 0.8229166666666666 0.427734375 0.8229166666666666 0.42578125 0.8194444444444444 0.42578125 0.7777777777777778 0.427734375 0.7743055555555556 0.427734375 0.7673611111111112 0.42578125 0.7638888888888888 0.42578125 0.7430555555555556 0.419921875 0.71875 0.419921875 0.7013888888888888 0.412109375 0.6805555555555556 0.41015625 0.6597222222222222 0.404296875 0.6527777777777778 0.390625 0.6805555555555556 0.390625 0.6840277777777778 0.392578125 0.6875 0.39453125 0.7118055555555556 0.396484375 0.7152777777777778 0.396484375 0.7534722222222222 0.3984375 0.7569444444444444 0.3984375 0.7708333333333334 0.400390625 0.7743055555555556 0.400390625 0.78125 0.404296875 0.7881944444444444 0.40625 0.8090277777777778 0.40234375 0.8125 0.396484375 0.8125 0.39453125 0.8159722222222222 0.3828125 0.8159722222222222 0.380859375 0.8194444444444444 0.359375 0.8159722222222222 0.359375 0.8055555555555556 0.3671875 0.8020833333333334 0.375 0.7881944444444444 0.375 0.7395833333333334 0.376953125 0.7361111111111112 0.375 0.7326388888888888 0.375 0.6875 0.373046875 0.6840277777777778 0.373046875 0.6736111111111112 0.375 0.6701388888888888 0.375 0.65625 0.37890625 0.6388888888888888 0.380859375 0.6076388888888888 0.376953125 0.5902777777777778 0.3671875 0.5833333333333334 0.3671875 0.5763888888888888 0.373046875 0.5590277777777778 0.37890625 0.5486111111111112 0.380859375 0.5381944444444444 0.38671875 0.5277777777777778 0.38671875 0.5208333333333334 0.388671875 0.5173611111111112 0.388671875 0.46875 0.38671875 0.4652777777777778 0.38671875 0.4444444444444444 0.388671875 0.4409722222222222 0.390625 0.4201388888888889 0.38671875 0.4131944444444444 0.38671875 0.4027777777777778 0.384765625 0.3993055555555556 0.384765625 0.375 0.38671875 0.3680555555555556 0.396484375 0.3541666666666667 0.40625 0.3541666666666667
2 0.79296875 0.4340277777777778 0.794921875 0.4375 0.80078125 0.4375 0.80859375 0.4548611111111111 0.80859375 0.4791666666666667 0.8046875 0.4930555555555556 0.810546875 0.5034722222222222 0.822265625 0.5034722222222222 0.82421875 0.5069444444444444 0.828125 0.5069444444444444 0.83203125 0.5138888888888888 0.83203125 0.5451388888888888 0.830078125 0.5520833333333334 0.83203125 0.5555555555555556 0.833984375 0.5763888888888888 0.83984375 0.6006944444444444 0.83984375 0.6388888888888888 0.841796875 0.6423611111111112 0.841796875 0.6597222222222222 0.837890625 0.6597222222222222 0.8359375 0.65625 0.8359375 0.6458333333333334 0.83203125 0.6354166666666666 0.82421875 0.6180555555555556 0.822265625 0.6215277777777778 0.822265625 0.6319444444444444 0.82421875 0.6354166666666666 0.822265625 0.6805555555555556 0.82421875 0.6840277777777778 0.82421875 0.6909722222222222 0.822265625 0.6944444444444444 0.822265625 0.7118055555555556 0.8203125 0.7152777777777778 0.8203125 0.7222222222222222 0.830078125 0.7604166666666666 0.830078125 0.7881944444444444 0.83203125 0.7916666666666666 0.83203125 0.8368055555555556 0.833984375 0.8402777777777778 0.833984375 0.8541666666666666 0.828125 0.8611111111111112 0.82421875 0.8576388888888888 0.82421875 0.8506944444444444 0.822265625 0.8472222222222222 0.822265625 0.8159722222222222 0.8203125 0.8125 0.8203125 0.7986111111111112 0.814453125 0.7743055555555556 0.8125 0.7465277777777778 0.8046875 0.7291666666666666 0.80078125 0.7361111111111112 0.802734375 0.7673611111111112 0.806640625 0.7847222222222222 0.80859375 0.84375 0.814453125 0.8576388888888888 0.814453125 0.875 0.796875 0.8715277777777778 0.787109375 0.8645833333333334 0.796875 0.8402777777777778 0.794921875 0.8368055555555556 0.79296875 0.8090277777777778 0.7890625 0.7951388888888888 0.787109375 0.75 0.783203125 0.7395833333333334 0.78125 0.71875 0.779296875 0.7152777777777778 0.779296875 0.7013888888888888 0.77734375 0.6979166666666666 0.77734375 0.6215277777777778 0.775390625 0.6180555555555556 0.759765625 0.6180555555555556 0.755859375 0.6076388888888888 0.755859375 0.5798611111111112 0.76171875 0.5659722222222222 0.76171875 0.53125 0.763671875 0.5277777777777778 0.763671875 0.5208333333333334 0.76953125 0.5104166666666666 0.775390625 0.5069444444444444 0.779296875 0.5 0.775390625 0.4826388888888889 0.775390625 0.4652777777777778 0.78125 0.4409722222222222 0.791015625 0.4340277777777778
2 0.376953125 0.3576388888888889 0.380859375 0.3645833333333333 0.380859375 0.3958333333333333 0.38671875 0.4166666666666667 0.38671875 0.4409722222222222 0.384765625 0.4444444444444444 0.384765625 0.4652777777777778 0.38671875 0.46875 0.38671875 0.5173611111111112 0.384765625 0.5208333333333334 0.384765625 0.53125 0.365234375 0.5763888888888888 0.365234375 0.5833333333333334 0.37109375 0.5902777777777778 0.373046875 0.59375 0.373046875 0.6006944444444444 0.37890625 0.6076388888888888 0.37890625 0.6145833333333334 0.376953125 0.6180555555555556 0.376953125 0.6354166666666666 0.373046875 0.6458333333333334 0.373046875 0.6631944444444444 0.369140625 0.6666666666666666 0.369140625 0.6770833333333334 0.3671875 0.6805555555555556 0.373046875 0.6944444444444444 0.37109375 0.6979166666666666 0.373046875 0.7013888888888888 0.373046875 0.7395833333333334 0.37109375 0.7430555555555556 0.37109375 0.7569444444444444 0.369140625 0.7604166666666666 0.37109375 0.7881944444444444 0.365234375 0.7951388888888888 0.357421875 0.7951388888888888 0.345703125 0.7708333333333334 0.345703125 0.7534722222222222 0.34765625 0.75 0.34765625 0.7083333333333334 0.345703125 0.7048611111111112 0.345703125 0.6909722222222222 0.34765625 0.6875 0.345703125 0.6805555555555556 0.3515625 0.6527777777777778 0.3515625 0.6284722222222222 0.349609375 0.625 0.349609375 0.6111111111111112 0.34765625 0.6076388888888888 0.34765625 0.5347222222222222 0.349609375 0.53125 0.349609375 0.5069444444444444 0.345703125 0.5034722222222222 0.341796875 0.5104166666666666 0.33984375 0.53125 0.333984375 0.5451388888888888 0.330078125 0.5451388888888888 0.326171875 0.5381944444444444 0.32421875 0.53125 0.32421875 0.5208333333333334 0.3359375 0.4652777777777778 0.3359375 0.4583333333333333 0.333984375 0.4548611111111111 0.333984375 0.4340277777777778 0.3515625 0.4131944444444444 0.35546875 0.3993055555555556 0.35546875 0.3819444444444444 0.357421875 0.375 0.365234375 0.3611111111111111 0.369140625 0.3576388888888889 0.375 0.3576388888888889
2 0.84765625 0.04861111111111111 0.85546875 0.05555555555555555 0.85546875 0.0625 0.857421875 0.06597222222222222 0.857421875 0.09027777777777778 0.85546875 0.09375 0.85546875 0.10416666666666667 0.876953125 0.12152777777777778 0.87890625 0.1284722222222222 0.87890625 0.14930555555555555 0.890625 0.1736111111111111 0.896484375 0.18055555555555555 0.900390625 0.18055555555555555 0.90625 0.1909722222222222 0.91796875 0.19444444444444445 0.923828125 0.2048611111111111 0.921875 0.21180555555555555 0.9140625 0.21180555555555555 0.90625 0.2048611111111111 0.900390625 0.2048611111111111 0.8984375 0.2013888888888889 0.888671875 0.19791666666666666 0.884765625 0.1909722222222222 0.87890625 0.1875 0.87109375 0.1736111111111111 0.865234375 0.1736111111111111 0.86328125 0.17708333333333334 0.86328125 0.1875 0.861328125 0.1909722222222222 0.861328125 0.22569444444444445 0.865234375 0.24305555555555555 0.86328125 0.2638888888888889 0.869140625 0.2916666666666667 0.869140625 0.3472222222222222 0.8671875 0.3506944444444444 0.865234375 0.3506944444444444 0.86328125 0.34375 0.859375 0.3194444444444444 0.85546875 0.3125 0.8515625 0.3125 0.849609375 0.3090277777777778 0.84765625 0.2881944444444444 0.841796875 0.2743055555555556 0.837890625 0.2743055555555556 0.8359375 0.2708333333333333 0.81640625 0.2708333333333333 0.814453125 0.2743055555555556 0.814453125 0.2847222222222222 0.810546875 0.2881944444444444 0.810546875 0.2604166666666667 0.81640625 0.25 0.818359375 0.22916666666666666 0.8203125 0.22569444444444445 0.8203125 0.2152777777777778 0.818359375 0.21180555555555555 0.81640625 0.19444444444444445 0.8125 0.1875 0.8125 0.18055555555555555 0.810546875 0.17708333333333334 0.810546875 0.1597222222222222 0.8046875 0.1388888888888889 0.806640625 0.11805555555555555 0.814453125 0.1111111111111111 0.826171875 0.1111111111111111 0.830078125 0.10416666666666667 0.828125 0.09722222222222222 0.828125 0.08680555555555555 0.826171875 0.08333333333333333 0.828125 0.05555555555555555 0.833984375 0.05555555555555555 0.83984375 0.04861111111111111 0.845703125 0.04861111111111111
2 0.056640625 0.2777777777777778 0.0625 0.2881944444444444 0.064453125 0.2881944444444444 0.06640625 0.2951388888888889 0.06640625 0.3159722222222222 0.068359375 0.3194444444444444 0.068359375 0.3368055555555556 0.064453125 0.3472222222222222 0.064453125 0.3645833333333333 0.0703125 0.3854166666666667 0.0703125 0.3923611111111111 0.068359375 0.3958333333333333 0.068359375 0.4479166666666667 0.072265625 0.4548611111111111 0.080078125 0.4583333333333333 0.09375 0.4722222222222222 0.09765625 0.4722222222222222 0.109375 0.4826388888888889 0.12109375 0.4861111111111111 0.130859375 0.5104166666666666 0.134765625 0.5277777777777778 0.1328125 0.53125 0.1328125 0.5451388888888888 0.130859375 0.5486111111111112 0.126953125 0.5486111111111112 0.123046875 0.5451388888888888 0.123046875 0.5416666666666666 0.111328125 0.5173611111111112 0.1015625 0.5173611111111112 0.099609375 0.5138888888888888 0.08203125 0.5138888888888888 0.080078125 0.5173611111111112 0.0703125 0.5173611111111112 0.06640625 0.5243055555555556 0.068359375 0.5381944444444444 0.072265625 0.5486111111111112 0.072265625 0.5590277777777778 0.06640625 0.5729166666666666 0.064453125 0.6041666666666666 0.060546875 0.6111111111111112 0.05859375 0.6319444444444444 0.052734375 0.6527777777777778 0.0546875 0.6736111111111112 0.056640625 0.6770833333333334 0.056640625 0.6909722222222222 0.052734375 0.6979166666666666 0.052734375 0.7048611111111112 0.05078125 0.7048611111111112 0.05078125 0.7013888888888888 0.044921875 0.6944444444444444 0.041015625 0.6944444444444444 0.0390625 0.6979166666666666 0.033203125 0.6944444444444444 0.02734375 0.6805555555555556 0.02734375 0.6666666666666666 0.03515625 0.65625 0.03515625 0.6215277777777778 0.037109375 0.6180555555555556 0.0390625 0.5972222222222222 0.048828125 0.5729166666666666 0.05078125 0.5590277777777778 0.046875 0.5486111111111112 0.046875 0.5416666666666666 0.037109375 0.5208333333333334 0.033203125 0.5069444444444444 0.033203125 0.4652777777777778 0.03125 0.4618055555555556 0.03125 0.4479166666666667 0.029296875 0.4444444444444444 0.029296875 0.4270833333333333 0.02734375 0.4236111111111111 0.02734375 0.4166666666666667 0.0234375 0.4097222222222222 0.021484375 0.3854166666666667 0.01953125 0.3819444444444444 0.01953125 0.3333333333333333 0.02734375 0.3159722222222222 0.02734375 0.2986111111111111 0.029296875 0.2916666666666667 0.037109375 0.2777777777777778 0.0546875 0.2777777777777778
2 0.515625 0.5416666666666666 0.53515625 0.5416666666666666 0.537109375 0.5451388888888888 0.541015625 0.5451388888888888 0.541015625 0.5590277777777778 0.537109375 0.5625 0.525390625 0.5868055555555556 0.525390625 0.6041666666666666 0.521484375 0.6145833333333334 0.521484375 0.6284722222222222 0.5234375 0.6319444444444444 0.51953125 0.6458333333333334 0.521484375 0.6493055555555556 0.515625 0.6597222222222222 0.521484375 0.6666666666666666 0.51953125 0.6736111111111112 0.5078125 0.6736111111111112 0.5 0.65625 0.5 0.6493055555555556 0.501953125 0.6458333333333334 0.501953125 0.6180555555555556 0.498046875 0.6006944444444444 0.498046875 0.5902777777777778 0.501953125 0.5763888888888888 0.515625 0.5451388888888888
2 0.404296875 0.2673611111111111 0.41015625 0.2847222222222222 0.41015625 0.3090277777777778 0.408203125 0.3159722222222222 0.384765625 0.3611111111111111 0.369140625 0.3541666666666667 0.359375 0.3680555555555556 0.35546875 0.3680555555555556 0.357421875 0.3645833333333333 0.357421875 0.3263888888888889 0.359375 0.3194444444444444 0.373046875 0.3125 0.37890625 0.2986111111111111 0.3828125 0.2847222222222222 0.3828125 0.2777777777777778 0.384765625 0.2777777777777778 0.390625 0.2638888888888889 0.40234375 0.2673611111111111
2 0.95703125 0 0.962890625 0.006944444444444444 0.96484375 0.013888888888888888 0.96484375 0.020833333333333332 0.962890625 0.024305555555555556 0.96484375 0.027777777777777776 0.962890625 0.03125 0.962890625 0.05555555555555555 0.958984375 0.06597222222222222 0.958984375 0.0798611111111111 0.95703125 0.08333333333333333 0.95703125 0.09027777777777778 0.958984375 0.09375 0.95703125 0.10069444444444445 0.95703125 0.1076388888888889 0.958984375 0.1111111111111111 0.958984375 0.1597222222222222 0.955078125 0.1701388888888889 0.955078125 0.19444444444444445 0.95703125 0.19791666666666666 0.95703125 0.21180555555555555 0.962890625 0.22916666666666666 0.962890625 0.2361111111111111 0.966796875 0.24305555555555555 0.97265625 0.24305555555555555 0.974609375 0.23958333333333334 0.982421875 0.23958333333333334 0.984375 0.24305555555555555 0.98046875 0.2569444444444444 0.974609375 0.2638888888888889 0.970703125 0.2777777777777778 0.966796875 0.28125 0.955078125 0.28125 0.953125 0.2847222222222222 0.947265625 0.2847222222222222 0.9453125 0.28125 0.9453125 0.2638888888888889 0.947265625 0.2569444444444444 0.94140625 0.24305555555555555 0.94140625 0.2361111111111111 0.939453125 0.2326388888888889 0.935546875 0.2326388888888889 0.93359375 0.23958333333333334 0.92578125 0.24305555555555555 0.921875 0.25 0.916015625 0.2743055555555556 0.91015625 0.2881944444444444 0.91015625 0.2986111111111111 0.91796875 0.3125 0.916015625 0.3159722222222222 0.912109375 0.3159722222222222 0.91015625 0.3125 0.90234375 0.3125 0.900390625 0.3159722222222222 0.890625 0.3090277777777778 0.890625 0.3055555555555556 0.904296875 0.2881944444444444 0.90234375 0.28125 0.90234375 0.2673611111111111 0.904296875 0.2638888888888889 0.904296875 0.2534722222222222 0.908203125 0.24305555555555555 0.908203125 0.2361111111111111 0.912109375 0.22569444444444445 0.9140625 0.2222222222222222 0.923828125 0.2222222222222222 0.92578125 0.21875 0.92578125 0.2048611111111111 0.919921875 0.1875 0.919921875 0.1701388888888889 0.921875 0.16666666666666666 0.919921875 0.1597222222222222 0.921875 0.15625 0.921875 0.14930555555555555 0.916015625 0.1388888888888889 0.916015625 0.09375 0.927734375 0.07291666666666667 0.93359375 0.0763888888888889 0.935546875 0.06944444444444445 0.931640625 0.0625 0.927734375 0.0625 0.92578125 0.06597222222222222 0.921875 0.05555555555555555 0.908203125 0.059027777777777776 0.90234375 0.052083333333333336 0.9140625 0.034722222222222224 0.912109375 0.027777777777777776 0.912109375 0.003472222222222222 0.9140625 0 0.955078125 0
2 0.57421875 0.46875 0.578125 0.4722222222222222 0.587890625 0.4930555555555556 0.587890625 0.5173611111111112 0.583984375 0.5277777777777778 0.59375 0.5416666666666666 0.59765625 0.5590277777777778 0.607421875 0.5729166666666666 0.625 0.5763888888888888 0.625 0.5868055555555556 0.623046875 0.5902777777777778 0.623046875 0.5972222222222222 0.625 0.6006944444444444 0.630859375 0.6006944444444444 0.6328125 0.5972222222222222 0.6484375 0.5972222222222222 0.65234375 0.6041666666666666 0.65234375 0.6284722222222222 0.6484375 0.6423611111111112 0.6484375 0.6493055555555556 0.650390625 0.6527777777777778 0.65625 0.65625 0.666015625 0.6493055555555556 0.669921875 0.6423611111111112 0.673828125 0.6458333333333334 0.673828125 0.6701388888888888 0.6484375 0.6701388888888888 0.646484375 0.6736111111111112 0.634765625 0.6770833333333334 0.626953125 0.6909722222222222 0.626953125 0.7083333333333334 0.630859375 0.7152777777777778 0.6328125 0.7256944444444444 0.623046875 0.7256944444444444 0.6171875 0.71875 0.609375 0.71875 0.60546875 0.7083333333333334 0.60546875 0.7013888888888888 0.6015625 0.6944444444444444 0.595703125 0.6944444444444444 0.58984375 0.7013888888888888 0.583984375 0.7013888888888888 0.58203125 0.7048611111111112 0.576171875 0.7048611111111112 0.572265625 0.7013888888888888 0.56640625 0.7152777777777778 0.560546875 0.7152777777777778 0.5546875 0.7083333333333334 0.5546875 0.6875 0.55859375 0.6770833333333334 0.552734375 0.6666666666666666 0.546875 0.6666666666666666 0.54296875 0.6597222222222222 0.529296875 0.6631944444444444 0.52734375 0.65625 0.529296875 0.6493055555555556 0.529296875 0.625 0.525390625 0.6215277777777778 0.525390625 0.6180555555555556 0.53125 0.6111111111111112 0.52734375 0.6076388888888888 0.52734375 0.6006944444444444 0.525390625 0.5972222222222222 0.52734375 0.59375 0.52734375 0.5798611111111112 0.537109375 0.5625 0.541015625 0.5625 0.54296875 0.5590277777777778 0.54296875 0.5451388888888888 0.5546875 0.5277777777777778 0.5546875 0.4895833333333333 0.556640625 0.4826388888888889 0.564453125 0.4722222222222222 0.572265625 0.46875
2 0.44921875 0.28125 0.458984375 0.2916666666666667 0.462890625 0.3090277777777778 0.462890625 0.3194444444444444 0.458984375 0.3333333333333333 0.458984375 0.3472222222222222 0.46484375 0.3611111111111111 0.46484375 0.4166666666666667 0.466796875 0.4201388888888889 0.466796875 0.4340277777777778 0.470703125 0.4479166666666667 0.47265625 0.4756944444444444 0.4765625 0.4861111111111111 0.4765625 0.4965277777777778 0.47265625 0.5034722222222222 0.46875 0.4965277777777778 0.46875 0.4861111111111111 0.46484375 0.4756944444444444 0.4609375 0.46875 0.45703125 0.46875 0.455078125 0.4722222222222222 0.455078125 0.4826388888888889 0.462890625 0.5104166666666666 0.46484375 0.5520833333333334 0.466796875 0.5555555555555556 0.466796875 0.5659722222222222 0.4609375 0.5833333333333334 0.462890625 0.5902777777777778 0.462890625 0.6180555555555556 0.458984375 0.6319444444444444 0.45703125 0.6527777777777778 0.44921875 0.6805555555555556 0.44921875 0.7013888888888888 0.458984375 0.71875 0.45703125 0.7222222222222222 0.4453125 0.7222222222222222 0.44140625 0.71875 0.4375 0.7083333333333334 0.4375 0.6805555555555556 0.439453125 0.6770833333333334 0.439453125 0.6666666666666666 0.443359375 0.6493055555555556 0.443359375 0.6215277777777778 0.4453125 0.6180555555555556 0.4453125 0.5972222222222222 0.447265625 0.59375 0.4453125 0.5729166666666666 0.439453125 0.5555555555555556 0.44140625 0.5104166666666666 0.4453125 0.4930555555555556 0.443359375 0.4895833333333333 0.443359375 0.4548611111111111 0.4453125 0.4513888888888889 0.4453125 0.4375 0.443359375 0.4340277777777778 0.443359375 0.4270833333333333 0.439453125 0.4201388888888889 0.42578125 0.4097222222222222 0.423828125 0.3715277777777778 0.4140625 0.3541666666666667 0.404296875 0.3506944444444444 0.400390625 0.34375 0.40625 0.3263888888888889 0.41015625 0.3263888888888889 0.412109375 0.3229166666666667 0.423828125 0.3229166666666667 0.427734375 0.3125 0.427734375 0.3020833333333333 0.4296875 0.2951388888888889 0.435546875 0.2847222222222222 0.443359375 0.2777777777777778 0.447265625 0.28125
2 0.59375 0.1875 0.607421875 0.20833333333333334 0.607421875 0.2152777777777778 0.603515625 0.2152777777777778 0.599609375 0.2222222222222222 0.599609375 0.2361111111111111 0.611328125 0.2465277777777778 0.623046875 0.2638888888888889 0.623046875 0.28125 0.619140625 0.2916666666666667 0.619140625 0.3229166666666667 0.6171875 0.3263888888888889 0.619140625 0.3298611111111111 0.619140625 0.3402777777777778 0.6171875 0.34375 0.6171875 0.3506944444444444 0.609375 0.3680555555555556 0.609375 0.4340277777777778 0.6015625 0.4340277777777778 0.59765625 0.4444444444444444 0.595703125 0.4756944444444444 0.59375 0.4791666666666667 0.595703125 0.5277777777777778 0.591796875 0.53125 0.587890625 0.5277777777777778 0.58984375 0.5208333333333334 0.58984375 0.5034722222222222 0.591796875 0.5 0.587890625 0.4861111111111111 0.57421875 0.4652777777777778 0.576171875 0.4583333333333333 0.57421875 0.4513888888888889 0.5703125 0.4548611111111111 0.568359375 0.4652777777777778 0.5546875 0.4826388888888889 0.552734375 0.4895833333333333 0.552734375 0.5173611111111112 0.55078125 0.5208333333333334 0.55078125 0.5277777777777778 0.546875 0.53125 0.546875 0.4583333333333333 0.548828125 0.4548611111111111 0.548828125 0.4236111111111111 0.55078125 0.4201388888888889 0.55078125 0.4027777777777778 0.55859375 0.3680555555555556 0.552734375 0.3611111111111111 0.55078125 0.3645833333333333 0.55078125 0.3784722222222222 0.54296875 0.3958333333333333 0.54296875 0.40625 0.5390625 0.40625 0.537109375 0.3993055555555556 0.537109375 0.375 0.546875 0.3368055555555556 0.546875 0.3125 0.556640625 0.2743055555555556 0.556640625 0.24305555555555555 0.55859375 0.2361111111111111 0.56640625 0.22569444444444445 0.572265625 0.2013888888888889 0.578125 0.1909722222222222 0.58203125 0.1875 0.591796875 0.1875
2 0.181640625 0.3402777777777778 0.185546875 0.3506944444444444 0.185546875 0.3576388888888889 0.1875 0.3611111111111111 0.1875 0.3784722222222222 0.189453125 0.3819444444444444 0.185546875 0.3923611111111111 0.189453125 0.3993055555555556 0.201171875 0.3993055555555556 0.205078125 0.4027777777777778 0.208984375 0.4166666666666667 0.2109375 0.4513888888888889 0.21484375 0.4652777777777778 0.21484375 0.4930555555555556 0.216796875 0.4965277777777778 0.216796875 0.5034722222222222 0.212890625 0.5208333333333334 0.205078125 0.5381944444444444 0.205078125 0.5520833333333334 0.20703125 0.5555555555555556 0.20703125 0.5659722222222222 0.2109375 0.5729166666666666 0.21484375 0.5902777777777778 0.216796875 0.6388888888888888 0.228515625 0.6805555555555556 0.234375 0.71875 0.23828125 0.7291666666666666 0.240234375 0.7534722222222222 0.244140625 0.7638888888888888 0.244140625 0.7673611111111112 0.23828125 0.7743055555555556 0.232421875 0.7673611111111112 0.23046875 0.7604166666666666 0.23046875 0.7465277777777778 0.228515625 0.7430555555555556 0.2265625 0.7256944444444444 0.22265625 0.71875 0.22265625 0.7083333333333334 0.220703125 0.7048611111111112 0.220703125 0.6944444444444444 0.21875 0.6875 0.208984375 0.6736111111111112 0.20703125 0.6597222222222222 0.197265625 0.6388888888888888 0.189453125 0.6388888888888888 0.18359375 0.6458333333333334 0.18359375 0.6597222222222222 0.181640625 0.6631944444444444 0.181640625 0.7326388888888888 0.18359375 0.7361111111111112 0.185546875 0.7673611111111112 0.1875 0.7708333333333334 0.1875 0.7881944444444444 0.18359375 0.7916666666666666 0.181640625 0.7881944444444444 0.177734375 0.7881944444444444 0.17578125 0.78125 0.17578125 0.7604166666666666 0.173828125 0.7569444444444444 0.173828125 0.7465277777777778 0.171875 0.7430555555555556 0.171875 0.7326388888888888 0.16796875 0.7152777777777778 0.16796875 0.7013888888888888 0.166015625 0.6979166666666666 0.166015625 0.6875 0.162109375 0.6701388888888888 0.162109375 0.6284722222222222 0.16015625 0.625 0.16015625 0.6111111111111112 0.158203125 0.6076388888888888 0.158203125 0.5694444444444444 0.154296875 0.5590277777777778 0.1484375 0.5555555555555556 0.14453125 0.5659722222222222 0.14453125 0.5763888888888888 0.140625 0.5798611111111112 0.134765625 0.5729166666666666 0.134765625 0.5416666666666666 0.138671875 0.5243055555555556 0.138671875 0.4861111111111111 0.140625 0.4826388888888889 0.140625 0.4548611111111111 0.13671875 0.4375 0.138671875 0.4340277777777778 0.140625 0.4131944444444444 0.142578125 0.4097222222222222 0.15234375 0.40625 0.15625 0.3993055555555556 0.154296875 0.375 0.15625 0.3715277777777778 0.158203125 0.3506944444444444 0.16796875 0.3368055555555556 0.177734375 0.3368055555555556 0.1796875 0.3402777777777778
2 0.25 0.2638888888888889 0.2578125 0.2777777777777778 0.26171875 0.2916666666666667 0.26171875 0.3125 0.25390625 0.3263888888888889 0.25390625 0.34375 0.259765625 0.3611111111111111 0.259765625 0.3993055555555556 0.26171875 0.4027777777777778 0.26171875 0.4236111111111111 0.259765625 0.4270833333333333 0.259765625 0.4444444444444444 0.255859375 0.4548611111111111 0.255859375 0.4826388888888889 0.259765625 0.4965277777777778 0.259765625 0.5034722222222222 0.2578125 0.5069444444444444 0.2578125 0.5451388888888888 0.259765625 0.5486111111111112 0.259765625 0.5590277777777778 0.255859375 0.5659722222222222 0.255859375 0.59375 0.25390625 0.5972222222222222 0.251953125 0.6458333333333334 0.259765625 0.6631944444444444 0.263671875 0.6666666666666666 0.271484375 0.6666666666666666 0.2734375 0.6701388888888888 0.271484375 0.6770833333333334 0.25 0.6770833333333334 0.23828125 0.6666666666666666 0.23828125 0.6493055555555556 0.240234375 0.6458333333333334 0.240234375 0.6041666666666666 0.236328125 0.5972222222222222 0.236328125 0.5902777777777778 0.23046875 0.5763888888888888 0.23046875 0.5486111111111112 0.224609375 0.5347222222222222 0.22265625 0.5277777777777778 0.22265625 0.5173611111111112 0.220703125 0.5138888888888888 0.220703125 0.4791666666666667 0.21875 0.4756944444444444 0.21875 0.4375 0.220703125 0.4340277777777778 0.220703125 0.4166666666666667 0.21875 0.4131944444444444 0.21875 0.34375 0.22265625 0.3263888888888889 0.2265625 0.3194444444444444 0.224609375 0.3125 0.224609375 0.28125 0.234375 0.2638888888888889 0.23828125 0.2638888888888889 0.240234375 0.2604166666666667 0.24609375 0.2604166666666667 0.248046875 0.2638888888888889
2 0.841796875 0.2777777777777778 0.84765625 0.2951388888888889 0.84765625 0.3090277777777778 0.8515625 0.3159722222222222 0.85546875 0.3159722222222222 0.857421875 0.3194444444444444 0.857421875 0.3263888888888889 0.861328125 0.3333333333333333 0.861328125 0.3402777777777778 0.869140625 0.3576388888888889 0.873046875 0.375 0.873046875 0.4097222222222222 0.857421875 0.4236111111111111 0.84765625 0.4444444444444444 0.849609375 0.4861111111111111 0.845703125 0.4965277777777778 0.845703125 0.5034722222222222 0.841796875 0.5173611111111112 0.8359375 0.5173611111111112 0.83203125 0.5069444444444444 0.82421875 0.5 0.8125 0.5 0.80859375 0.4965277777777778 0.810546875 0.4895833333333333 0.810546875 0.4513888888888889 0.8046875 0.4375 0.79296875 0.4270833333333333 0.79296875 0.4166666666666667 0.802734375 0.3819444444444444 0.802734375 0.3368055555555556 0.8125 0.3159722222222222 0.8125 0.3020833333333333 0.810546875 0.2986111111111111 0.8125 0.2743055555555556 0.81640625 0.2708333333333333 0.818359375 0.2743055555555556 0.837890625 0.2743055555555556 0.83984375 0.2777777777777778