0 0.68359375 0.14583333333333334 0.693359375 0.1527777777777778 0.697265625 0.16666666666666666 0.697265625 0.17708333333333334 0.693359375 0.1909722222222222 0.685546875 0.2013888888888889 0.669921875 0.2013888888888889 0.666015625 0.1840277777777778 0.669921875 0.1597222222222222 0.67578125 0.14930555555555555 0.681640625 0.14583333333333334
0 0.560546875 0.19791666666666666 0.568359375 0.20833333333333334 0.568359375 0.22569444444444445 0.5625 0.23958333333333334 0.5546875 0.2465277777777778 0.546875 0.24305555555555555 0.546875 0.2152777777777778 0.55078125 0.19791666666666666 0.5546875 0.19444444444444445 0.55859375 0.19791666666666666
0 0.359375 0 0.380859375 0 0.380859375 0.006944444444444444 0.375 0.017361111111111112 0.3671875 0.017361111111111112 0.36328125 0.013888888888888888 0.359375 0.003472222222222222
0 0.54296875 0.6458333333333334 0.548828125 0.65625 0.55078125 0.6875 0.544921875 0.6979166666666666 0.541015625 0.6979166666666666 0.5390625 0.7013888888888888 0.529296875 0.7013888888888888 0.52734375 0.6979166666666666 0.5234375 0.6979166666666666 0.517578125 0.6840277777777778 0.521484375 0.6770833333333334 0.5234375 0.6701388888888888 0.5234375 0.65625 0.52734375 0.6493055555555556 0.537109375 0.6423611111111112 0.541015625 0.6458333333333334
0 0.498046875 0.7222222222222222 0.505859375 0.7291666666666666 0.513671875 0.7430555555555556 0.515625 0.75 0.515625 0.7708333333333334 0.51171875 0.7777777777777778 0.50390625 0.7777777777777778 0.501953125 0.78125 0.494140625 0.78125 0.48828125 0.7708333333333334 0.48828125 0.7430555555555556 0.490234375 0.7395833333333334 0.490234375 0.7326388888888888 0.49609375 0.7256944444444444
0 0.107421875 0.7395833333333334 0.109375 0.7430555555555556 0.119140625 0.7465277777777778 0.125 0.7534722222222222 0.12109375 0.7847222222222222 0.111328125 0.7951388888888888 0.08984375 0.7951388888888888 0.0859375 0.7847222222222222 0.0859375 0.7638888888888888 0.091796875 0.7465277777777778 0.1015625 0.7361111111111112 0.10546875 0.7395833333333334
0 0.34765625 0.6666666666666666 0.353515625 0.6770833333333334 0.353515625 0.6944444444444444 0.3515625 0.6979166666666666 0.349609375 0.7152777777777778 0.328125 0.7152777777777778 0.326171875 0.7118055555555556 0.326171875 0.6805555555555556 0.328125 0.6736111111111112 0.3359375 0.6666666666666666 0.345703125 0.6666666666666666
0 0.626953125 0.3368055555555556 0.634765625 0.3472222222222222 0.63671875 0.3680555555555556 0.6328125 0.375 0.615234375 0.3888888888888889 0.609375 0.3888888888888889 0.6015625 0.375 0.6015625 0.3472222222222222 0.60546875 0.3402777777777778 0.609375 0.3402777777777778 0.611328125 0.3368055555555556 0.625 0.3368055555555556
0 0.625 0.10069444444444445 0.630859375 0.1076388888888889 0.630859375 0.125 0.623046875 0.13541666666666666 0.615234375 0.13541666666666666 0.61328125 0.1388888888888889 0.60546875 0.13541666666666666 0.603515625 0.125 0.611328125 0.10416666666666667 0.623046875 0.10069444444444445
0 0.087890625 0.6354166666666666 0.08984375 0.6388888888888888 0.09375 0.6388888888888888 0.09765625 0.6458333333333334 0.09765625 0.6701388888888888 0.08984375 0.6875 0.0703125 0.6875 0.06640625 0.6840277777777778 0.06640625 0.6701388888888888 0.068359375 0.6666666666666666 0.068359375 0.6527777777777778 0.0703125 0.6458333333333334 0.080078125 0.6354166666666666 0.0859375 0.6354166666666666
0 0.47265625 0 0.498046875 0 0.49609375 0.020833333333333332 0.48828125 0.034722222222222224 0.48046875 0.03125 0.474609375 0.020833333333333332 0.47265625 0.013888888888888888 0.47265625 0.003472222222222222
0 0.626953125 0.4791666666666667 0.630859375 0.4895833333333333 0.630859375 0.5173611111111112 0.626953125 0.5243055555555556 0.623046875 0.5243055555555556 0.62109375 0.5277777777777778 0.607421875 0.5208333333333334 0.6015625 0.5138888888888888 0.609375 0.4895833333333333 0.609375 0.4826388888888889 0.61328125 0.4756944444444444 0.623046875 0.4756944444444444 0.625 0.4791666666666667
0 0.501953125 0.2638888888888889 0.51171875 0.2708333333333333 0.51953125 0.2847222222222222 0.521484375 0.2951388888888889 0.51953125 0.2986111111111111 0.51953125 0.3125 0.517578125 0.3194444444444444 0.50390625 0.3368055555555556 0.4921875 0.3368055555555556 0.48828125 0.3229166666666667 0.486328125 0.2986111111111111 0.490234375 0.28125 0.498046875 0.2673611111111111 0.5 0.2673611111111111
0 0.017578125 0.0798611111111111 0.021484375 0.0763888888888889 0.03125 0.0763888888888889 0.03515625 0.0798611111111111 0.0390625 0.09027777777777778 0.0390625 0.10416666666666667 0.03515625 0.1076388888888889 0.015625 0.1076388888888889 0.015625 0.08680555555555555 0.017578125 0.08333333333333333
0 0.64453125 0.13194444444444445 0.646484375 0.1388888888888889 0.646484375 0.16319444444444445 0.64453125 0.1701388888888889 0.625 0.1701388888888889 0.62109375 0.1597222222222222 0.623046875 0.1388888888888889 0.626953125 0.13194444444444445 0.630859375 0.1284722222222222 0.640625 0.1284722222222222 0.642578125 0.13194444444444445
0 0.654296875 0.24305555555555555 0.662109375 0.2638888888888889 0.662109375 0.2777777777777778 0.6484375 0.2986111111111111 0.642578125 0.2986111111111111 0.6328125 0.28125 0.630859375 0.28125 0.630859375 0.2569444444444444 0.63671875 0.2465277777777778 0.640625 0.2465277777777778 0.642578125 0.24305555555555555 0.65234375 0.24305555555555555
1 0.57421875 0.22569444444444445 0.587890625 0.2361111111111111 0.591796875 0.2465277777777778 0.591796875 0.2534722222222222 0.5859375 0.2673611111111111 0.5859375 0.2881944444444444 0.58984375 0.3020833333333333 0.58984375 0.3125 0.58203125 0.3229166666666667 0.5703125 0.3229166666666667 0.56640625 0.3159722222222222 0.560546875 0.3159722222222222 0.55859375 0.2916666666666667 0.552734375 0.2777777777777778 0.552734375 0.2708333333333333 0.5546875 0.2673611111111111 0.5546875 0.25 0.5625 0.24305555555555555 0.56640625 0.22916666666666666 0.572265625 0.22569444444444445
1 0.833984375 0 0.87109375 0 0.873046875 0.003472222222222222 0.873046875 0.024305555555555556 0.87109375 0.027777777777777776 0.8671875 0.03125 0.84765625 0.03125 0.845703125 0.034722222222222224 0.8359375 0.034722222222222224 0.833984375 0.03125 0.833984375 0.003472222222222222
1 0.359375 0.7291666666666666 0.3671875 0.7395833333333334 0.369140625 0.7569444444444444 0.35546875 0.7743055555555556 0.345703125 0.7743055555555556 0.3359375 0.7881944444444444 0.3359375 0.8020833333333334 0.337890625 0.8055555555555556 0.349609375 0.8055555555555556 0.3515625 0.8090277777777778 0.345703125 0.8090277777777778 0.34375 0.8125 0.328125 0.8125 0.326171875 0.8159722222222222 0.318359375 0.8159722222222222 0.318359375 0.8090277777777778 0.31640625 0.8055555555555556 0.318359375 0.8020833333333334 0.31640625 0.7951388888888888 0.31640625 0.7847222222222222 0.302734375 0.7569444444444444 0.3046875 0.7361111111111112 0.310546875 0.7256944444444444 0.32421875 0.7256944444444444 0.326171875 0.7291666666666666 0.357421875 0.7291666666666666
1 0.5390625 0.7916666666666666 0.54296875 0.8020833333333334 0.54296875 0.8090277777777778 0.537109375 0.8159722222222222 0.537109375 0.8229166666666666 0.53125 0.8333333333333334 0.5390625 0.8611111111111112 0.537109375 0.8645833333333334 0.5078125 0.8645833333333334 0.505859375 0.8680555555555556 0.4921875 0.8680555555555556 0.490234375 0.8645833333333334 0.484375 0.8645833333333334 0.482421875 0.8611111111111112 0.484375 0.8576388888888888 0.482421875 0.84375 0.466796875 0.8194444444444444 0.466796875 0.8020833333333334 0.474609375 0.7881944444444444 0.484375 0.7881944444444444 0.486328125 0.7847222222222222 0.49609375 0.7847222222222222 0.498046875 0.7881944444444444 0.529296875 0.7847222222222222 0.537109375 0.7916666666666666
1 0.1328125 0.8020833333333334 0.134765625 0.8055555555555556 0.134765625 0.8298611111111112 0.126953125 0.8472222222222222 0.12109375 0.8680555555555556 0.12109375 0.8923611111111112 0.123046875 0.8958333333333334 0.123046875 0.90625 0.126953125 0.9166666666666666 0.126953125 0.9409722222222222 0.123046875 0.9479166666666666 0.119140625 0.9513888888888888 0.11328125 0.9513888888888888 0.111328125 0.9548611111111112 0.08203125 0.9548611111111112 0.072265625 0.9479166666666666 0.068359375 0.9409722222222222 0.06640625 0.9131944444444444 0.072265625 0.8888888888888888 0.072265625 0.8576388888888888 0.060546875 0.8333333333333334 0.060546875 0.8298611111111112 0.068359375 0.8125 0.072265625 0.8125 0.076171875 0.8055555555555556 0.080078125 0.8055555555555556 0.08203125 0.8020833333333334 0.10546875 0.8020833333333334 0.107421875 0.7986111111111112 0.12890625 0.7986111111111112 0.130859375 0.8020833333333334
1 0.01171875 0.11458333333333333 0.017578125 0.13541666666666666 0.0234375 0.14583333333333334 0.02734375 0.14583333333333334 0.037109375 0.1284722222222222 0.0390625 0.11805555555555555 0.04296875 0.1111111111111111 0.05078125 0.11805555555555555 0.0546875 0.13541666666666666 0.0546875 0.1423611111111111 0.046875 0.15625 0.044921875 0.15625 0.041015625 0.16666666666666666 0.044921875 0.19444444444444445 0.033203125 0.19444444444444445 0.03125 0.1909722222222222 0.02734375 0.1909722222222222 0.025390625 0.19444444444444445 0.017578125 0.19444444444444445 0.015625 0.19791666666666666 0.01171875 0.19791666666666666 0.009765625 0.19444444444444445 0.01171875 0.1909722222222222 0.01171875 0.16666666666666666 0.0078125 0.1597222222222222 0 0.15625 0 0.11805555555555555 0.00390625 0.11458333333333333 0.009765625 0.11458333333333333
1 0.400390625 0 0.404296875 0.006944444444444444 0.404296875 0.017361111111111112 0.396484375 0.03819444444444445 0.400390625 0.052083333333333336 0.404296875 0.09027777777777778 0.388671875 0.09027777777777778 0.38671875 0.09375 0.375 0.09375 0.369140625 0.08333333333333333 0.3671875 0.08333333333333333 0.357421875 0.052083333333333336 0.34375 0.034722222222222224 0.34375 0.027777777777777776 0.341796875 0.024305555555555556 0.349609375 0.006944444444444444 0.35546875 0.006944444444444444 0.359375 0.010416666666666666 0.3671875 0.027777777777777776 0.369140625 0.027777777777777776 0.376953125 0.020833333333333332 0.384765625 0 0.3984375 0
1 0.08984375 0.6909722222222222 0.091796875 0.6944444444444444 0.1015625 0.6944444444444444 0.10546875 0.6979166666666666 0.111328125 0.7083333333333334 0.111328125 0.7222222222222222 0.107421875 0.7291666666666666 0.09375 0.7395833333333334 0.0859375 0.7534722222222222 0.083984375 0.7604166666666666 0.083984375 0.7847222222222222 0.0859375 0.7881944444444444 0.0859375 0.7951388888888888 0.083984375 0.7986111111111112 0.07421875 0.7986111111111112 0.0625 0.8090277777777778 0.046875 0.8090277777777778 0.046875 0.7986111111111112 0.05078125 0.7881944444444444 0.05078125 0.7673611111111112 0.046875 0.7534722222222222 0.037109375 0.7534722222222222 0.037109375 0.7256944444444444 0.0390625 0.7222222222222222 0.0390625 0.7152777777777778 0.04296875 0.7083333333333334 0.044921875 0.6979166666666666 0.05078125 0.6909722222222222 0.087890625 0.6909722222222222
1 0.658203125 0.1875 0.66015625 0.1909722222222222 0.654296875 0.20833333333333334 0.646484375 0.2152777777777778 0.64453125 0.21875 0.64453125 0.22569444444444445 0.626953125 0.25 0.623046875 0.2465277777777778 0.615234375 0.22916666666666666 0.615234375 0.2222222222222222 0.6171875 0.21875 0.6171875 0.19791666666666666 0.619140625 0.1909722222222222 0.625 0.18055555555555555 0.630859375 0.18055555555555555 0.6328125 0.17708333333333334 0.646484375 0.17708333333333334 0.6484375 0.18055555555555555 0.65234375 0.18055555555555555 0.65625 0.1875
1 0.513671875 0.2708333333333333 0.51953125 0.2777777777777778 0.51953125 0.28125 0.529296875 0.2986111111111111 0.533203125 0.3090277777777778 0.533203125 0.3159722222222222 0.537109375 0.3298611111111111 0.537109375 0.34375 0.529296875 0.3576388888888889 0.521484375 0.3645833333333333 0.5078125 0.3645833333333333 0.505859375 0.3611111111111111 0.5 0.3611111111111111 0.48828125 0.3402777777777778 0.48828125 0.3298611111111111 0.486328125 0.3263888888888889 0.486328125 0.3125 0.48828125 0.3055555555555556 0.484375 0.2986111111111111 0.484375 0.2916666666666667 0.48828125 0.2847222222222222 0.48828125 0.2743055555555556 0.494140625 0.2708333333333333 0.498046875 0.2638888888888889 0.5078125 0.2638888888888889 0.51171875 0.2708333333333333
1 0.513671875 0.010416666666666666 0.515625 0.017361111111111112 0.515625 0.03125 0.505859375 0.052083333333333336 0.505859375 0.06944444444444445 0.509765625 0.08680555555555555 0.509765625 0.10069444444444445 0.501953125 0.11458333333333333 0.498046875 0.11458333333333333 0.49609375 0.11805555555555555 0.4921875 0.11458333333333333 0.48046875 0.11805555555555555 0.47265625 0.10069444444444445 0.474609375 0.09375 0.474609375 0.08333333333333333 0.470703125 0.07291666666666667 0.470703125 0.059027777777777776 0.4609375 0.03125 0.458984375 0.010416666666666666 0.462890625 0.003472222222222222 0.46875 0.003472222222222222 0.474609375 0.024305555555555556 0.484375 0.03819444444444445 0.48828125 0.03819444444444445 0.4921875 0.03125 0.4921875 0.027777777777777776 0.498046875 0.017361111111111112 0.498046875 0.010416666666666666 0.5 0.006944444444444444 0.509765625 0.006944444444444444 0.51171875 0.010416666666666666
1 0.615234375 0.1423611111111111 0.619140625 0.1527777777777778 0.619140625 0.1701388888888889 0.62109375 0.1736111111111111 0.619140625 0.1875 0.615234375 0.19791666666666666 0.6171875 0.2048611111111111 0.615234375 0.21875 0.607421875 0.21875 0.60546875 0.2152777777777778 0.595703125 0.21180555555555555 0.59765625 0.19791666666666666 0.595703125 0.19444444444444445 0.595703125 0.1840277777777778 0.591796875 0.1736111111111111 0.591796875 0.14930555555555555 0.595703125 0.13194444444444445 0.6015625 0.1284722222222222 0.607421875 0.1388888888888889 0.611328125 0.1388888888888889 0.61328125 0.1423611111111111
1 0.708984375 0.2013888888888889 0.712890625 0.21180555555555555 0.712890625 0.21875 0.7109375 0.22569444444444445 0.697265625 0.2465277777777778 0.697265625 0.2534722222222222 0.6953125 0.2569444444444444 0.6953125 0.2777777777777778 0.693359375 0.2847222222222222 0.685546875 0.2847222222222222 0.677734375 0.2743055555555556 0.6640625 0.2638888888888889 0.658203125 0.24305555555555555 0.6640625 0.22569444444444445 0.658203125 0.21180555555555555 0.662109375 0.2048611111111111 0.666015625 0.2048611111111111 0.66796875 0.20833333333333334 0.6796875 0.20833333333333334 0.689453125 0.2013888888888889 0.693359375 0.19444444444444445 0.69921875 0.19444444444444445 0.70703125 0.2013888888888889
1 0.6640625 0.2708333333333333 0.677734375 0.2777777777777778 0.681640625 0.2847222222222222 0.681640625 0.2951388888888889 0.6796875 0.2986111111111111 0.68359375 0.3020833333333333 0.68359375 0.3125 0.69140625 0.3263888888888889 0.69140625 0.3333333333333333 0.689453125 0.3368055555555556 0.681640625 0.3368055555555556 0.673828125 0.34375 0.669921875 0.34375 0.66796875 0.3402777777777778 0.646484375 0.3402777777777778 0.64453125 0.3368055555555556 0.64453125 0.3229166666666667 0.642578125 0.3194444444444444 0.642578125 0.3055555555555556 0.64453125 0.2986111111111111 0.66015625 0.2847222222222222 0.6640625 0.2743055555555556
1 0.609375 0.4652777777777778 0.611328125 0.4722222222222222 0.611328125 0.5 0.60546875 0.5138888888888888 0.6015625 0.5173611111111112 0.57421875 0.5138888888888888 0.56640625 0.5208333333333334 0.55078125 0.5173611111111112 0.544921875 0.5069444444444444 0.544921875 0.5 0.55078125 0.4861111111111111 0.556640625 0.4861111111111111 0.560546875 0.4791666666666667 0.57421875 0.4722222222222222 0.58203125 0.4618055555555556 0.603515625 0.4583333333333333 0.607421875 0.4652777777777778
1 0.5546875 0.7013888888888888 0.564453125 0.7083333333333334 0.568359375 0.7222222222222222 0.568359375 0.7361111111111112 0.564453125 0.7465277777777778 0.564453125 0.7604166666666666 0.5625 0.7638888888888888 0.5625 0.7916666666666666 0.560546875 0.7986111111111112 0.5546875 0.8055555555555556 0.546875 0.8055555555555556 0.54296875 0.8020833333333334 0.537109375 0.7847222222222222 0.521484375 0.7847222222222222 0.51953125 0.78125 0.51953125 0.7465277777777778 0.517578125 0.7430555555555556 0.51171875 0.7430555555555556 0.50390625 0.7291666666666666 0.50390625 0.7118055555555556 0.5078125 0.7048611111111112 0.54296875 0.7083333333333334 0.546875 0.7013888888888888 0.552734375 0.7013888888888888
2 0.83203125 0 0.873046875 0 0.873046875 0.024305555555555556 0.87109375 0.027777777777777776 0.87109375 0.04513888888888889 0.873046875 0.04861111111111111 0.873046875 0.09027777777777778 0.87109375 0.09375 0.87109375 0.12152777777777778 0.869140625 0.125 0.869140625 0.15625 0.87109375 0.1597222222222222 0.87109375 0.22569444444444445 0.873046875 0.22916666666666666 0.873046875 0.23958333333333334 0.87109375 0.24305555555555555 0.861328125 0.24305555555555555 0.857421875 0.2361111111111111 0.857421875 0.2222222222222222 0.861328125 0.21180555555555555 0.861328125 0.2048611111111111 0.859375 0.2013888888888889 0.859375 0.1840277777777778 0.857421875 0.18055555555555555 0.85546875 0.16319444444444445 0.8515625 0.15625 0.8515625 0.13194444444444445 0.849609375 0.1284722222222222 0.8515625 0.12152777777777778 0.8515625 0.1111111111111111 0.84765625 0.10416666666666667 0.841796875 0.1111111111111111 0.841796875 0.12152777777777778 0.826171875 0.1527777777777778 0.83203125 0.16319444444444445 0.83203125 0.1875 0.8359375 0.19444444444444445 0.8359375 0.20833333333333334 0.833984375 0.21180555555555555 0.828125 0.21180555555555555 0.814453125 0.22569444444444445 0.810546875 0.22569444444444445 0.80859375 0.2222222222222222 0.80859375 0.2152777777777778 0.818359375 0.19791666666666666 0.818359375 0.17708333333333334 0.81640625 0.1736111111111111 0.81640625 0.1527777777777778 0.814453125 0.14930555555555555 0.81640625 0.11805555555555555 0.8203125 0.10069444444444445 0.83203125 0.07291666666666667 0.83203125 0.03819444444444445 0.833984375 0.034722222222222224 0.83203125 0.003472222222222222
2 0.55859375 0.19791666666666666 0.568359375 0.21180555555555555 0.568359375 0.21875 0.572265625 0.22569444444444445 0.58203125 0.22916666666666666 0.58984375 0.23958333333333334 0.591796875 0.25 0.59765625 0.2638888888888889 0.599609375 0.2847222222222222 0.6015625 0.2881944444444444 0.6015625 0.3020833333333333 0.603515625 0.3055555555555556 0.603515625 0.3368055555555556 0.59765625 0.34375 0.58984375 0.34375 0.580078125 0.3576388888888889 0.580078125 0.3680555555555556 0.576171875 0.375 0.57421875 0.3958333333333333 0.572265625 0.3993055555555556 0.572265625 0.4305555555555556 0.5703125 0.4340277777777778 0.56640625 0.4305555555555556 0.560546875 0.40625 0.560546875 0.3923611111111111 0.55859375 0.3888888888888889 0.55859375 0.375 0.556640625 0.3715277777777778 0.55859375 0.3611111111111111 0.5546875 0.3506944444444444 0.5546875 0.34375 0.55078125 0.3298611111111111 0.537109375 0.3125 0.537109375 0.3055555555555556 0.54296875 0.2916666666666667 0.546875 0.2916666666666667 0.548828125 0.2951388888888889 0.552734375 0.2916666666666667 0.552734375 0.2673611111111111 0.546875 0.2465277777777778 0.546875 0.2222222222222222 0.548828125 0.21875 0.548828125 0.2013888888888889 0.55078125 0.19791666666666666 0.556640625 0.19791666666666666
2 0.029296875 0.0763888888888889 0.037109375 0.08333333333333333 0.041015625 0.1076388888888889 0.04296875 0.1111111111111111 0.046875 0.1111111111111111 0.05078125 0.11805555555555555 0.0546875 0.13541666666666666 0.064453125 0.1527777777777778 0.064453125 0.1597222222222222 0.068359375 0.1736111111111111 0.068359375 0.1875 0.078125 0.21875 0.076171875 0.22569444444444445 0.068359375 0.22569444444444445 0.064453125 0.2222222222222222 0.060546875 0.2048611111111111 0.060546875 0.19444444444444445 0.056640625 0.1840277777777778 0.056640625 0.17708333333333334 0.052734375 0.16319444444444445 0.046875 0.15625 0.041015625 0.16666666666666666 0.041015625 0.1736111111111111 0.046875 0.1909722222222222 0.046875 0.2013888888888889 0.044921875 0.2048611111111111 0.044921875 0.2604166666666667 0.04296875 0.2638888888888889 0.04296875 0.28125 0.046875 0.2986111111111111 0.046875 0.3645833333333333 0.048828125 0.3680555555555556 0.048828125 0.3784722222222222 0.046875 0.3819444444444444 0.0390625 0.3819444444444444 0.03515625 0.3715277777777778 0.033203125 0.3194444444444444 0.03125 0.3159722222222222 0.029296875 0.2847222222222222 0.025390625 0.2777777777777778 0.025390625 0.2673611111111111 0.0234375 0.2638888888888889 0.0234375 0.2326388888888889 0.017578125 0.22569444444444445 0.005859375 0.22569444444444445 0.005859375 0.21875 0.00390625 0.2152777777777778 0.00390625 0.1909722222222222 0.0078125 0.18055555555555555 0.0078125 0.16666666666666666 0.00390625 0.1597222222222222 0 0.1597222222222222 0 0.11805555555555555 0.00390625 0.11458333333333333 0.01171875 0.11458333333333333 0.015625 0.1076388888888889 0.017578125 0.08333333333333333 0.021484375 0.0763888888888889 0.02734375 0.0763888888888889
2 0.478515625 0.2638888888888889 0.48046875 0.2673611111111111 0.484375 0.2604166666666667 0.48828125 0.2638888888888889 0.486328125 0.2673611111111111 0.484375 0.2638888888888889 0.482421875 0.2673611111111111 0.484375 0.2847222222222222 0.48046875 0.2951388888888889 0.48046875 0.3090277777777778 0.484375 0.3125 0.484375 0.3229166666666667 0.486328125 0.3263888888888889 0.486328125 0.3402777777777778 0.482421875 0.3472222222222222 0.482421875 0.3611111111111111 0.48828125 0.3715277777777778 0.48828125 0.3784722222222222 0.486328125 0.3854166666666667 0.4765625 0.3854166666666667 0.47265625 0.3923611111111111 0.47265625 0.4097222222222222 0.474609375 0.4131944444444444 0.47265625 0.4166666666666667 0.474609375 0.4201388888888889 0.482421875 0.4201388888888889 0.48828125 0.4305555555555556 0.48828125 0.4513888888888889 0.484375 0.4618055555555556 0.486328125 0.4826388888888889 0.48046875 0.4895833333333333 0.466796875 0.4826388888888889 0.466796875 0.4756944444444444 0.4609375 0.46875 0.455078125 0.46875 0.4453125 0.4444444444444444 0.4453125 0.3993055555555556 0.45703125 0.3784722222222222 0.458984375 0.3645833333333333 0.455078125 0.3541666666666667 0.455078125 0.3472222222222222 0.46484375 0.3159722222222222 0.46484375 0.2916666666666667 0.4609375 0.28125 0.458984375 0.2638888888888889 0.462890625 0.2569444444444444 0.47265625 0.2569444444444444 0.4765625 0.2638888888888889
2 0.34765625 0.6666666666666666 0.353515625 0.6770833333333334 0.353515625 0.6944444444444444 0.349609375 0.7048611111111112 0.349609375 0.7222222222222222 0.353515625 0.7291666666666666 0.361328125 0.7291666666666666 0.3671875 0.7395833333333334 0.369140625 0.7604166666666666 0.357421875 0.7743055555555556 0.34765625 0.7743055555555556 0.34375 0.7777777777777778 0.337890625 0.7881944444444444 0.337890625 0.7951388888888888 0.345703125 0.8055555555555556 0.3515625 0.8055555555555556 0.35546875 0.8125 0.36328125 0.8159722222222222 0.359375 0.8263888888888888 0.359375 0.8645833333333334 0.3515625 0.8715277777777778 0.326171875 0.8715277777777778 0.3203125 0.8784722222222222 0.318359375 0.875 0.318359375 0.8333333333333334 0.310546875 0.8159722222222222 0.302734375 0.8159722222222222 0.296875 0.8090277777777778 0.29296875 0.7986111111111112 0.29296875 0.78125 0.296875 0.7673611111111112 0.302734375 0.7569444444444444 0.3046875 0.7361111111111112 0.310546875 0.7256944444444444 0.3203125 0.7256944444444444 0.326171875 0.71875 0.326171875 0.6805555555555556 0.328125 0.6736111111111112 0.3359375 0.6666666666666666 0.345703125 0.6666666666666666
2 0.654296875 0.2465277777777778 0.658203125 0.25 0.6640625 0.2708333333333333 0.673828125 0.2777777777777778 0.677734375 0.2847222222222222 0.677734375 0.2881944444444444 0.68359375 0.2986111111111111 0.685546875 0.3125 0.689453125 0.3159722222222222 0.689453125 0.3194444444444444 0.703125 0.34375 0.70703125 0.3576388888888889 0.70703125 0.40625 0.708984375 0.4097222222222222 0.71484375 0.4027777777777778 0.72265625 0.3854166666666667 0.7265625 0.3854166666666667 0.73046875 0.3888888888888889 0.73046875 0.3923611111111111 0.734375 0.3958333333333333 0.7421875 0.4131944444444444 0.7421875 0.4236111111111111 0.73828125 0.4236111111111111 0.732421875 0.4166666666666667 0.720703125 0.4201388888888889 0.69921875 0.4618055555555556 0.697265625 0.46875 0.69921875 0.4756944444444444 0.697265625 0.4791666666666667 0.697265625 0.4895833333333333 0.703125 0.5069444444444444 0.705078125 0.53125 0.697265625 0.53125 0.6953125 0.5347222222222222 0.673828125 0.5347222222222222 0.685546875 0.5173611111111112 0.68359375 0.5104166666666666 0.68359375 0.5 0.6796875 0.4965277777777778 0.68359375 0.4930555555555556 0.681640625 0.4895833333333333 0.677734375 0.4895833333333333 0.67578125 0.4930555555555556 0.671875 0.4895833333333333 0.669921875 0.4756944444444444 0.671875 0.4722222222222222 0.67578125 0.4722222222222222 0.677734375 0.46875 0.677734375 0.4618055555555556 0.671875 0.4513888888888889 0.66796875 0.4513888888888889 0.66796875 0.4444444444444444 0.6640625 0.4375 0.6640625 0.4201388888888889 0.66015625 0.40625 0.662109375 0.3993055555555556 0.66015625 0.3958333333333333 0.66015625 0.3819444444444444 0.66796875 0.3819444444444444 0.671875 0.3680555555555556 0.666015625 0.3541666666666667 0.658203125 0.3680555555555556 0.658203125 0.3715277777777778 0.654296875 0.3611111111111111 0.6484375 0.3611111111111111 0.646484375 0.3576388888888889 0.646484375 0.3541666666666667 0.65234375 0.3472222222222222 0.650390625 0.34375 0.64453125 0.34375 0.64453125 0.3229166666666667 0.642578125 0.3194444444444444 0.64453125 0.3125 0.638671875 0.2881944444444444 0.6328125 0.2743055555555556 0.6328125 0.2638888888888889 0.640625 0.25 0.65234375 0.2465277777777778
2 0.501953125 0.7256944444444444 0.5078125 0.7326388888888888 0.515625 0.75 0.515625 0.7777777777777778 0.51953125 0.7847222222222222 0.537109375 0.7881944444444444 0.541015625 0.7951388888888888 0.541015625 0.8020833333333334 0.54296875 0.8055555555555556 0.537109375 0.8194444444444444 0.537109375 0.8263888888888888 0.541015625 0.8402777777777778 0.541015625 0.8541666666666666 0.5390625 0.8576388888888888 0.5390625 0.8645833333333334 0.53515625 0.8645833333333334 0.533203125 0.8680555555555556 0.529296875 0.8680555555555556 0.52734375 0.8645833333333334 0.509765625 0.8645833333333334 0.5078125 0.8680555555555556 0.482421875 0.8680555555555556 0.48046875 0.8645833333333334 0.466796875 0.8645833333333334 0.466796875 0.8506944444444444 0.46875 0.8472222222222222 0.466796875 0.8020833333333334 0.474609375 0.7881944444444444 0.482421875 0.7881944444444444 0.490234375 0.78125 0.490234375 0.7673611111111112 0.48828125 0.7638888888888888 0.490234375 0.7326388888888888 0.494140625 0.7256944444444444 0.5 0.7256944444444444
2 0.54296875 0.6458333333333334 0.548828125 0.65625 0.548828125 0.6631944444444444 0.55078125 0.6666666666666666 0.55078125 0.6909722222222222 0.548828125 0.6944444444444444 0.548828125 0.7013888888888888 0.55078125 0.7048611111111112 0.560546875 0.7048611111111112 0.564453125 0.7083333333333334 0.56640625 0.7152777777777778 0.568359375 0.75 0.572265625 0.7604166666666666 0.572265625 0.7743055555555556 0.578125 0.7986111111111112 0.578125 0.8159722222222222 0.57421875 0.8229166666666666 0.568359375 0.8159722222222222 0.56640625 0.8055555555555556 0.560546875 0.7951388888888888 0.556640625 0.8055555555555556 0.55859375 0.8125 0.55859375 0.8298611111111112 0.546875 0.8506944444444444 0.54296875 0.8472222222222222 0.54296875 0.8402777777777778 0.5390625 0.8263888888888888 0.5390625 0.8159722222222222 0.544921875 0.8055555555555556 0.541015625 0.7916666666666666 0.53125 0.78125 0.51953125 0.78125 0.517578125 0.7777777777777778 0.517578125 0.7534722222222222 0.515625 0.75 0.515625 0.7430555555555556 0.501953125 0.7222222222222222 0.501953125 0.7152777777777778 0.505859375 0.7083333333333334 0.51953125 0.7048611111111112 0.521484375 0.7013888888888888 0.521484375 0.6909722222222222 0.517578125 0.6840277777777778 0.5234375 0.6701388888888888 0.5234375 0.65625 0.53125 0.6458333333333334 0.53515625 0.6458333333333334 0.537109375 0.6423611111111112 0.541015625 0.6458333333333334
2 0.40234375 0 0.40625 0.006944444444444444 0.41796875 0.006944444444444444 0.423828125 0.013888888888888888 0.41015625 0.024305555555555556 0.404296875 0.024305555555555556 0.40234375 0.027777777777777776 0.40625 0.034722222222222224 0.416015625 0.03125 0.4140625 0.03819444444444445 0.416015625 0.04513888888888889 0.41015625 0.04513888888888889 0.412109375 0.03819444444444445 0.41015625 0.034722222222222224 0.40625 0.034722222222222224 0.404296875 0.03819444444444445 0.40625 0.041666666666666664 0.40625 0.04861111111111111 0.404296875 0.052083333333333336 0.40625 0.05555555555555555 0.404296875 0.059027777777777776 0.40625 0.09722222222222222 0.392578125 0.15625 0.3984375 0.1736111111111111 0.404296875 0.18055555555555555 0.412109375 0.18055555555555555 0.412109375 0.1909722222222222 0.404296875 0.2013888888888889 0.39453125 0.2013888888888889 0.392578125 0.2048611111111111 0.390625 0.2222222222222222 0.38671875 0.2326388888888889 0.38671875 0.2569444444444444 0.380859375 0.2569444444444444 0.375 0.2361111111111111 0.37890625 0.22569444444444445 0.37890625 0.2152777777777778 0.37109375 0.19791666666666666 0.37109375 0.17708333333333334 0.373046875 0.1701388888888889 0.37109375 0.16666666666666666 0.37109375 0.1597222222222222 0.3671875 0.1527777777777778 0.3671875 0.11805555555555555 0.361328125 0.10416666666666667 0.359375 0.10416666666666667 0.345703125 0.08333333333333333 0.34375 0.0763888888888889 0.345703125 0.03819444444444445 0.341796875 0.024305555555555556 0.34375 0.020833333333333332 0.34375 0.013888888888888888 0.359375 0 0.400390625 0
2 0.17578125 0 0.208984375 0 0.2109375 0.006944444444444444 0.2109375 0.020833333333333332 0.208984375 0.024305555555555556 0.208984375 0.06944444444444445 0.216796875 0.0798611111111111 0.224609375 0.11458333333333333 0.22265625 0.11805555555555555 0.22265625 0.14930555555555555 0.21875 0.15625 0.212890625 0.15625 0.2109375 0.1527777777777778 0.2109375 0.10416666666666667 0.208984375 0.09722222222222222 0.20703125 0.09375 0.203125 0.09375 0.19921875 0.10416666666666667 0.197265625 0.10069444444444445 0.19921875 0.09722222222222222 0.197265625 0.09027777777777778 0.185546875 0.09375 0.1796875 0.08680555555555555 0.1796875 0.06944444444444445 0.177734375 0.06597222222222222 0.177734375 0.052083333333333336 0.17578125 0.04861111111111111 0.17578125 0.003472222222222222
2 0.0859375 0.6354166666666666 0.087890625 0.6388888888888888 0.09375 0.6388888888888888 0.09765625 0.6458333333333334 0.09765625 0.6701388888888888 0.09375 0.6805555555555556 0.09375 0.6875 0.09765625 0.6944444444444444 0.10546875 0.6979166666666666 0.111328125 0.7083333333333334 0.111328125 0.7222222222222222 0.10546875 0.7326388888888888 0.1015625 0.7326388888888888 0.0859375 0.7534722222222222 0.0859375 0.7638888888888888 0.083984375 0.7673611111111112 0.0859375 0.7951388888888888 0.080078125 0.8020833333333334 0.076171875 0.8020833333333334 0.072265625 0.8090277777777778 0.068359375 0.8090277777777778 0.056640625 0.8298611111111112 0.056640625 0.8506944444444444 0.052734375 0.8541666666666666 0.056640625 0.8611111111111112 0.052734375 0.8680555555555556 0.05078125 0.8784722222222222 0.046875 0.8680555555555556 0.046875 0.8541666666666666 0.044921875 0.8506944444444444 0.044921875 0.8368055555555556 0.04296875 0.8333333333333334 0.04296875 0.8263888888888888 0.044921875 0.8229166666666666 0.044921875 0.8055555555555556 0.046875 0.8020833333333334 0.046875 0.7916666666666666 0.048828125 0.7881944444444444 0.05078125 0.7708333333333334 0.046875 0.7569444444444444 0.037109375 0.7569444444444444 0.037109375 0.7222222222222222 0.046875 0.6944444444444444 0.05078125 0.6909722222222222 0.064453125 0.6909722222222222 0.06640625 0.6875 0.06640625 0.6666666666666666 0.068359375 0.6631944444444444 0.068359375 0.6527777777777778 0.0703125 0.6458333333333334 0.076171875 0.6388888888888888 0.083984375 0.6354166666666666
2 0.619140625 0.3333333333333333 0.62109375 0.3368055555555556 0.626953125 0.3368055555555556 0.62890625 0.3402777777777778 0.634765625 0.3402777777777778 0.638671875 0.34375 0.642578125 0.3576388888888889 0.642578125 0.3680555555555556 0.646484375 0.375 0.646484375 0.3854166666666667 0.6484375 0.3888888888888889 0.64453125 0.3993055555555556 0.646484375 0.40625 0.64453125 0.4097222222222222 0.64453125 0.4166666666666667 0.650390625 0.4375 0.65234375 0.4722222222222222 0.666015625 0.4826388888888889 0.66796875 0.4895833333333333 0.666015625 0.5034722222222222 0.662109375 0.5069444444444444 0.65234375 0.5034722222222222 0.646484375 0.4930555555555556 0.646484375 0.4895833333333333 0.640625 0.4826388888888889 0.63671875 0.4826388888888889 0.626953125 0.4722222222222222 0.615234375 0.46875 0.61328125 0.4652777777777778 0.607421875 0.4652777777777778 0.60546875 0.4618055555555556 0.58984375 0.4618055555555556 0.583984375 0.4513888888888889 0.583984375 0.4409722222222222 0.58203125 0.4375 0.58203125 0.4201388888888889 0.583984375 0.4166666666666667 0.580078125 0.4027777777777778 0.583984375 0.3888888888888889 0.58203125 0.3784722222222222 0.583984375 0.375 0.583984375 0.3645833333333333 0.5859375 0.3576388888888889 0.58984375 0.3541666666666667 0.595703125 0.3541666666666667 0.60546875 0.3402777777777778 0.6171875 0.3368055555555556
2 0.583984375 0.21875 0.578125 0.19791666666666666 0.578125 0.1840277777777778 0.58984375 0.1597222222222222 0.59375 0.13541666666666666 0.59765625 0.1284722222222222 0.603515625 0.125 0.609375 0.1076388888888889 0.6171875 0.10069444444444445 0.623046875 0.10069444444444445 0.630859375 0.1076388888888889 0.630859375 0.1284722222222222 0.62890625 0.1284722222222222 0.623046875 0.1388888888888889 0.619140625 0.1527777777777778 0.619140625 0.1840277777777778 0.615234375 0.19444444444444445 0.615234375 0.2152777777777778 0.61328125 0.21875 0.609375 0.21875 0.60546875 0.22569444444444445 0.60546875 0.2326388888888889 0.599609375 0.24305555555555555 0.599609375 0.2534722222222222 0.59375 0.2361111111111111 0.59375 0.22916666666666666 0.5859375 0.21875
2 0.638671875 0.1284722222222222 0.646484375 0.1388888888888889 0.6484375 0.1736111111111111 0.66015625 0.1909722222222222 0.66015625 0.19791666666666666 0.658203125 0.19791666666666666 0.646484375 0.2222222222222222 0.646484375 0.22569444444444445 0.630859375 0.25 0.626953125 0.2638888888888889 0.62890625 0.2673611111111111 0.62890625 0.2777777777777778 0.634765625 0.2881944444444444 0.634765625 0.2951388888888889 0.638671875 0.3055555555555556 0.638671875 0.3229166666666667 0.640625 0.3263888888888889 0.640625 0.3368055555555556 0.638671875 0.3402777777777778 0.62890625 0.3333333333333333 0.62109375 0.3333333333333333 0.6171875 0.3298611111111111 0.619140625 0.3229166666666667 0.619140625 0.3090277777777778 0.6171875 0.3055555555555556 0.615234375 0.2743055555555556 0.61328125 0.2673611111111111 0.603515625 0.2534722222222222 0.603515625 0.24305555555555555 0.60546875 0.2361111111111111 0.607421875 0.2361111111111111 0.6171875 0.2152777777777778 0.6171875 0.19791666666666666 0.62109375 0.1840277777777778 0.62109375 0.1527777777777778 0.623046875 0.14930555555555555 0.623046875 0.1423611111111111 0.630859375 0.1284722222222222 0.63671875 0.1284722222222222
2 0.607421875 0.46875 0.609375 0.4722222222222222 0.623046875 0.4756944444444444 0.626953125 0.4791666666666667 0.630859375 0.4895833333333333 0.630859375 0.5173611111111112 0.625 0.5277777777777778 0.603515625 0.5243055555555556 0.59375 0.5416666666666666 0.59765625 0.5486111111111112 0.603515625 0.5486111111111112 0.607421875 0.5520833333333334 0.60546875 0.5590277777777778 0.60546875 0.5659722222222222 0.607421875 0.5694444444444444 0.60546875 0.59375 0.609375 0.6006944444444444 0.609375 0.6076388888888888 0.603515625 0.6145833333333334 0.599609375 0.6145833333333334 0.583984375 0.5902777777777778 0.580078125 0.5902777777777778 0.578125 0.59375 0.5625 0.59375 0.55859375 0.6006944444444444 0.55859375 0.6076388888888888 0.556640625 0.6111111111111112 0.552734375 0.6111111111111112 0.55078125 0.6076388888888888 0.544921875 0.6145833333333334 0.548828125 0.6284722222222222 0.548828125 0.6319444444444444 0.544921875 0.6354166666666666 0.537109375 0.6319444444444444 0.533203125 0.6215277777777778 0.533203125 0.6041666666666666 0.537109375 0.5972222222222222 0.544921875 0.5659722222222222 0.55078125 0.5520833333333334 0.541015625 0.5277777777777778 0.541015625 0.5138888888888888 0.544921875 0.5 0.560546875 0.4791666666666667 0.56640625 0.4791666666666667 0.580078125 0.46875 0.60546875 0.46875
2 0.48828125 0.23958333333333334 0.49609375 0.2465277777777778 0.50390625 0.2604166666666667 0.509765625 0.2638888888888889 0.515625 0.2743055555555556 0.517578125 0.2743055555555556 0.525390625 0.2916666666666667 0.52734375 0.2916666666666667 0.529296875 0.3020833333333333 0.53515625 0.3159722222222222 0.53515625 0.3263888888888889 0.544921875 0.3680555555555556 0.537109375 0.4166666666666667 0.525390625 0.4479166666666667 0.525390625 0.4652777777777778 0.533203125 0.4826388888888889 0.52734375 0.5138888888888888 0.513671875 0.53125 0.5078125 0.5277777777777778 0.5078125 0.5243055555555556 0.501953125 0.5138888888888888 0.5 0.5138888888888888 0.494140625 0.5243055555555556 0.484375 0.5243055555555556 0.484375 0.5208333333333334 0.4921875 0.5069444444444444 0.4921875 0.4861111111111111 0.5 0.4756944444444444 0.49609375 0.46875 0.498046875 0.4583333333333333 0.4921875 0.4479166666666667 0.4921875 0.4409722222222222 0.494140625 0.4375 0.490234375 0.4236111111111111 0.490234375 0.3819444444444444 0.48828125 0.3784722222222222 0.490234375 0.375 0.482421875 0.3576388888888889 0.482421875 0.3472222222222222 0.48828125 0.3368055555555556 0.486328125 0.3333333333333333 0.486328125 0.3194444444444444 0.48046875 0.3090277777777778 0.474609375 0.3055555555555556 0.466796875 0.2916666666666667 0.466796875 0.28125 0.46875 0.2847222222222222 0.47265625 0.2847222222222222 0.47265625 0.2916666666666667 0.474609375 0.2951388888888889 0.478515625 0.2951388888888889 0.482421875 0.2881944444444444 0.484375 0.28125 0.484375 0.2604166666666667 0.482421875 0.2534722222222222 0.484375 0.25 0.484375 0.24305555555555555 0.486328125 0.24305555555555555
2 0.501953125 0.003472222222222222 0.50390625 0.006944444444444444 0.51171875 0.006944444444444444 0.517578125 0.017361111111111112 0.525390625 0.041666666666666664 0.525390625 0.05555555555555555 0.52734375 0.059027777777777776 0.525390625 0.08680555555555555 0.51953125 0.1111111111111111 0.51953125 0.11805555555555555 0.513671875 0.125 0.509765625 0.125 0.505859375 0.13194444444444445 0.505859375 0.15625 0.52734375 0.1909722222222222 0.52734375 0.20833333333333334 0.529296875 0.2152777777777778 0.533203125 0.21875 0.533203125 0.22916666666666666 0.529296875 0.22916666666666666 0.525390625 0.2222222222222222 0.52734375 0.2152777777777778 0.525390625 0.21180555555555555 0.51953125 0.20833333333333334 0.5078125 0.1909722222222222 0.498046875 0.1840277777777778 0.4921875 0.1909722222222222 0.494140625 0.21180555555555555 0.49609375 0.2152777777777778 0.494140625 0.21875 0.494140625 0.22569444444444445 0.48828125 0.2326388888888889 0.48046875 0.2326388888888889 0.4765625 0.21875 0.4765625 0.14930555555555555 0.478515625 0.14583333333333334 0.478515625 0.12152777777777778 0.4765625 0.11805555555555555 0.4765625 0.1111111111111111 0.47265625 0.10069444444444445 0.4609375 0.09027777777777778 0.45703125 0.0798611111111111 0.458984375 0.07291666666666667 0.462890625 0.07291666666666667 0.46875 0.0625 0.46875 0.05555555555555555 0.46484375 0.041666666666666664 0.4609375 0.034722222222222224 0.458984375 0.010416666666666666 0.46484375 0 0.498046875 0 0.5 0.003472222222222222
2 0.68359375 0.14583333333333334 0.693359375 0.1527777777777778 0.697265625 0.16666666666666666 0.697265625 0.1840277777777778 0.6953125 0.1875 0.712890625 0.20833333333333334 0.712890625 0.21875 0.7109375 0.2222222222222222 0.7109375 0.24305555555555555 0.712890625 0.2465277777777778 0.701171875 0.2881944444444444 0.69921875 0.3090277777777778 0.6953125 0.3159722222222222 0.689453125 0.3159722222222222 0.6875 0.3125 0.685546875 0.2916666666666667 0.673828125 0.2708333333333333 0.66796875 0.2673611111111111 0.662109375 0.2569444444444444 0.662109375 0.25 0.66015625 0.2465277777777778 0.66015625 0.2326388888888889 0.662109375 0.22916666666666666 0.65625 0.21180555555555555 0.6640625 0.1909722222222222 0.6640625 0.18055555555555555 0.66796875 0.1701388888888889 0.66796875 0.16319444444444445 0.67578125 0.14930555555555555 0.681640625 0.14583333333333334
2 0.0859375 0.78125 0.087890625 0.7777777777777778 0.087890625 0.7569444444444444 0.099609375 0.7395833333333334 0.10546875 0.7395833333333334 0.107421875 0.7430555555555556 0.123046875 0.75 0.123046875 0.7708333333333334 0.12109375 0.7743055555555556 0.12109375 0.7847222222222222 0.1171875 0.7916666666666666 0.123046875 0.7986111111111112 0.12890625 0.7986111111111112 0.134765625 0.8055555555555556 0.134765625 0.8368055555555556 0.13671875 0.8402777777777778 0.13671875 0.8541666666666666 0.1328125 0.8645833333333334 0.1328125 0.8923611111111112 0.134765625 0.8993055555555556 0.12890625 0.9131944444444444 0.126953125 0.9409722222222222 0.12109375 0.9548611111111112 0.119140625 0.9965277777777778 0.0625 0.9965277777777778 0.060546875 0.9930555555555556 0.0625 0.9861111111111112 0.060546875 0.9826388888888888 0.060546875 0.9513888888888888 0.056640625 0.9444444444444444 0.052734375 0.9513888888888888 0.05078125 0.9618055555555556 0.04296875 0.9618055555555556 0.0390625 0.9513888888888888 0.0390625 0.9444444444444444 0.05078125 0.90625 0.052734375 0.8888888888888888 0.060546875 0.8645833333333334 0.060546875 0.8576388888888888 0.0625 0.8541666666666666 0.060546875 0.8506944444444444 0.060546875 0.8298611111111112 0.068359375 0.8125 0.080078125 0.8020833333333334 0.083984375 0.8020833333333334 0.087890625 0.7916666666666666 0.087890625 0.7847222222222222