0 0.798828125 0.71875 0.796875 0.7048611111111112 0.802734375 0.6909722222222222 0.80859375 0.6909722222222222 0.8125 0.6979166666666666 0.814453125 0.7118055555555556 0.8125 0.7152777777777778 0.8046875 0.7152777777777778 0.80078125 0.71875
0 0.369140625 0.4513888888888889 0.375 0.4722222222222222 0.375 0.4791666666666667 0.37109375 0.4861111111111111 0.36328125 0.4861111111111111 0.357421875 0.4791666666666667 0.357421875 0.4618055555555556 0.359375 0.4548611111111111 0.361328125 0.4513888888888889 0.3671875 0.4513888888888889
0 0.42578125 0.2152777777777778 0.4296875 0.2222222222222222 0.4296875 0.2326388888888889 0.42578125 0.23958333333333334 0.41796875 0.2326388888888889 0.419921875 0.21875 0.423828125 0.2152777777777778
0 0.41796875 0.2881944444444444 0.416015625 0.2743055555555556 0.419921875 0.2638888888888889 0.42578125 0.2638888888888889 0.4296875 0.2743055555555556 0.4296875 0.28125 0.42578125 0.2916666666666667 0.421875 0.2916666666666667 0.419921875 0.2881944444444444
0 0.380859375 0.28125 0.388671875 0.28125 0.390625 0.2847222222222222 0.390625 0.3020833333333333 0.384765625 0.3020833333333333 0.380859375 0.2986111111111111 0.37890625 0.2951388888888889 0.37890625 0.2881944444444444 0.380859375 0.2847222222222222
0 0.26953125 0.3576388888888889 0.275390625 0.3680555555555556 0.275390625 0.3784722222222222 0.2734375 0.3819444444444444 0.265625 0.3819444444444444 0.26171875 0.3784722222222222 0.26171875 0.3611111111111111 0.267578125 0.3576388888888889
0 0.4947916666666667 0.3990740740740741 0.017708333333333333 0.03333333333333333
0 0.462890625 0.3958333333333333 0.466796875 0.40625 0.466796875 0.4166666666666667 0.4609375 0.4236111111111111 0.453125 0.4166666666666667 0.453125 0.3993055555555556 0.455078125 0.3958333333333333 0.4609375 0.3958333333333333
0 0.50390625 0.3263888888888889 0.509765625 0.3368055555555556 0.509765625 0.3506944444444444 0.49609375 0.3472222222222222 0.4921875 0.3402777777777778 0.49609375 0.3263888888888889 0.501953125 0.3263888888888889
0 0.55078125 0.3333333333333333 0.55859375 0.3333333333333333 0.5625 0.34375 0.55859375 0.3541666666666667 0.55078125 0.3541666666666667 0.546875 0.3506944444444444 0.546875 0.3402777777777778 0.55078125 0.3368055555555556
1 0.9375 0.010416666666666666 0.94140625 0 0.958984375 0 0.962890625 0.010416666666666666 0.962890625 0.017361111111111112 0.958984375 0.024305555555555556 0.953125 0.024305555555555556 0.94921875 0.020833333333333332 0.943359375 0.006944444444444444 0.939453125 0.010416666666666666
1 0.544921875 0.3541666666666667 0.5625 0.3541666666666667 0.568359375 0.3680555555555556 0.564453125 0.3784722222222222 0.568359375 0.3958333333333333 0.5625 0.4027777777777778 0.556640625 0.4027777777777778 0.55078125 0.3958333333333333 0.55078125 0.3888888888888889 0.544921875 0.3680555555555556 0.544921875 0.3576388888888889
1 0.81640625 0.71875 0.8203125 0.7222222222222222 0.82421875 0.7395833333333334 0.82421875 0.75 0.826171875 0.7534722222222222 0.826171875 0.7881944444444444 0.818359375 0.7881944444444444 0.814453125 0.7847222222222222 0.8125 0.78125 0.8125 0.7743055555555556 0.81640625 0.7673611111111112 0.814453125 0.7534722222222222 0.810546875 0.75 0.806640625 0.7604166666666666 0.802734375 0.7534722222222222 0.802734375 0.7465277777777778 0.80078125 0.7430555555555556 0.80078125 0.7222222222222222 0.8046875 0.71875 0.814453125 0.71875
1 0.501953125 0.3506944444444444 0.505859375 0.3541666666666667 0.50390625 0.3819444444444444 0.501953125 0.3854166666666667 0.5 0.3819444444444444 0.490234375 0.3819444444444444 0.48828125 0.3888888888888889 0.484375 0.3923611111111111 0.484375 0.3645833333333333 0.48828125 0.3472222222222222 0.4921875 0.34375 0.5 0.3506944444444444
1 0.37890625 0.2986111111111111 0.380859375 0.3020833333333333 0.390625 0.3055555555555556 0.390625 0.3125 0.392578125 0.3159722222222222 0.380859375 0.3576388888888889 0.359375 0.3506944444444444 0.361328125 0.34375 0.361328125 0.3333333333333333 0.36328125 0.3298611111111111 0.36328125 0.3159722222222222 0.3671875 0.2986111111111111 0.369140625 0.2951388888888889 0.375 0.2951388888888889 0.376953125 0.2986111111111111
1 0.4375 0.2847222222222222 0.44140625 0.2986111111111111 0.44140625 0.3263888888888889 0.4375 0.3298611111111111 0.42578125 0.3298611111111111 0.421875 0.3229166666666667 0.419921875 0.3125 0.416015625 0.3090277777777778 0.4140625 0.3020833333333333 0.4140625 0.2916666666666667 0.419921875 0.2916666666666667 0.423828125 0.2951388888888889 0.431640625 0.28125 0.435546875 0.2847222222222222
1 0.27734375 0.3784722222222222 0.279296875 0.3819444444444444 0.279296875 0.3993055555555556 0.27734375 0.4027777777777778 0.27734375 0.4340277777777778 0.26953125 0.4409722222222222 0.2578125 0.4201388888888889 0.2578125 0.40625 0.251953125 0.3923611111111111 0.255859375 0.3819444444444444 0.267578125 0.3819444444444444 0.26953125 0.3854166666666667 0.275390625 0.3819444444444444
1 0.5078125 0.40625 0.51171875 0.4097222222222222 0.515625 0.4201388888888889 0.515625 0.4305555555555556 0.51953125 0.4444444444444444 0.51953125 0.4548611111111111 0.513671875 0.4548611111111111 0.501953125 0.4722222222222222 0.498046875 0.46875 0.498046875 0.4548611111111111 0.4921875 0.4375 0.4921875 0.4236111111111111 0.490234375 0.4166666666666667 0.505859375 0.40625
1 0.419921875 0.2361111111111111 0.421875 0.23958333333333334 0.42578125 0.23958333333333334 0.42578125 0.2569444444444444 0.4140625 0.2743055555555556 0.4140625 0.2881944444444444 0.412109375 0.2916666666666667 0.40625 0.2916666666666667 0.40234375 0.2881944444444444 0.40234375 0.2777777777777778 0.41015625 0.2604166666666667 0.4140625 0.24305555555555555 0.41796875 0.23958333333333334
1 0.453125 0.4166666666666667 0.45703125 0.4236111111111111 0.462890625 0.4270833333333333 0.4609375 0.4340277777777778 0.466796875 0.4479166666666667 0.466796875 0.4583333333333333 0.453125 0.4756944444444444 0.44921875 0.46875 0.4375 0.4583333333333333 0.443359375 0.4409722222222222 0.443359375 0.4305555555555556 0.4453125 0.4236111111111111 0.451171875 0.4166666666666667
1 0.359375 0.4826388888888889 0.361328125 0.4861111111111111 0.37109375 0.4861111111111111 0.373046875 0.4826388888888889 0.376953125 0.4826388888888889 0.3828125 0.4930555555555556 0.3828125 0.5034722222222222 0.376953125 0.5208333333333334 0.376953125 0.5486111111111112 0.373046875 0.5520833333333334 0.37109375 0.5486111111111112 0.359375 0.5486111111111112 0.35546875 0.5416666666666666 0.35546875 0.5069444444444444 0.353515625 0.5034722222222222 0.353515625 0.4861111111111111 0.357421875 0.4826388888888889
1 0.490234375 0.4375 0.494140625 0.4409722222222222 0.49609375 0.4479166666666667 0.49609375 0.4583333333333333 0.494140625 0.4618055555555556 0.48046875 0.4548611111111111 0.48046875 0.4479166666666667 0.486328125 0.4375 0.48828125 0.4375
2 0.9375 0.010416666666666666 0.94140625 0 0.958984375 0 0.962890625 0.010416666666666666 0.962890625 0.017361111111111112 0.9609375 0.020833333333333332 0.9609375 0.03819444444444445 0.958984375 0.041666666666666664 0.9609375 0.04861111111111111 0.966796875 0.05555555555555555 0.96875 0.0625 0.970703125 0.0625 0.97265625 0.06944444444444445 0.970703125 0.08333333333333333 0.96875 0.08333333333333333 0.966796875 0.06944444444444445 0.951171875 0.04861111111111111 0.947265625 0.052083333333333336 0.947265625 0.0763888888888889 0.9453125 0.0798611111111111 0.94140625 0.07291666666666667 0.943359375 0.06597222222222222 0.943359375 0.034722222222222224 0.947265625 0.017361111111111112 0.943359375 0.010416666666666666 0.939453125 0.010416666666666666
2 0.35546875 0.4652777777777778 0.35546875 0.4791666666666667 0.3515625 0.4895833333333333 0.3515625 0.5 0.353515625 0.5034722222222222 0.353515625 0.5173611111111112 0.35546875 0.5243055555555556 0.3515625 0.5347222222222222 0.3515625 0.5416666666666666 0.34765625 0.5520833333333334 0.34375 0.5555555555555556 0.341796875 0.5659722222222222 0.337890625 0.5694444444444444 0.33203125 0.5694444444444444 0.330078125 0.5729166666666666 0.32421875 0.5694444444444444 0.32421875 0.5486111111111112 0.333984375 0.5555555555555556 0.33984375 0.5555555555555556 0.341796875 0.5520833333333334 0.341796875 0.5451388888888888 0.34375 0.5416666666666666 0.34375 0.5173611111111112 0.349609375 0.5 0.349609375 0.46875 0.353515625 0.4652777777777778
2 0.806640625 0.6909722222222222 0.8125 0.6979166666666666 0.814453125 0.7048611111111112 0.814453125 0.7152777777777778 0.8203125 0.7222222222222222 0.82421875 0.7395833333333334 0.82421875 0.75 0.826171875 0.7534722222222222 0.826171875 0.7777777777777778 0.828125 0.7847222222222222 0.818359375 0.8229166666666666 0.818359375 0.8298611111111112 0.833984375 0.8576388888888888 0.833984375 0.8715277777777778 0.83203125 0.875 0.83203125 0.8819444444444444 0.830078125 0.8819444444444444 0.828125 0.8784722222222222 0.828125 0.8645833333333334 0.822265625 0.8541666666666666 0.81640625 0.8506944444444444 0.814453125 0.8541666666666666 0.814453125 0.8819444444444444 0.80859375 0.8888888888888888 0.806640625 0.8888888888888888 0.806640625 0.8645833333333334 0.8046875 0.8611111111111112 0.8046875 0.8402777777777778 0.802734375 0.8368055555555556 0.802734375 0.8055555555555556 0.8046875 0.7986111111111112 0.802734375 0.7951388888888888 0.798828125 0.7951388888888888 0.796875 0.7986111111111112 0.796875 0.7881944444444444 0.806640625 0.7673611111111112 0.80078125 0.7430555555555556 0.80078125 0.7256944444444444 0.796875 0.7118055555555556 0.798828125 0.6979166666666666 0.8046875 0.6909722222222222
2 0.501953125 0.3888888888888889 0.501953125 0.3958333333333333 0.5078125 0.40625 0.509765625 0.40625 0.515625 0.4201388888888889 0.51953125 0.4513888888888889 0.5234375 0.4618055555555556 0.5234375 0.4895833333333333 0.529296875 0.5 0.533203125 0.5138888888888888 0.533203125 0.5208333333333334 0.537109375 0.53125 0.537109375 0.5416666666666666 0.525390625 0.5173611111111112 0.5234375 0.5208333333333334 0.5234375 0.53125 0.525390625 0.5347222222222222 0.525390625 0.5520833333333334 0.5234375 0.5555555555555556 0.51953125 0.5381944444444444 0.51171875 0.5208333333333334 0.51171875 0.5138888888888888 0.505859375 0.5 0.50390625 0.4826388888888889 0.498046875 0.46875 0.498046875 0.4548611111111111 0.48828125 0.4236111111111111 0.48828125 0.3958333333333333 0.490234375 0.3888888888888889 0.4921875 0.3854166666666667 0.498046875 0.3854166666666667 0.5 0.3888888888888889
2 0.3671875 0.4513888888888889 0.373046875 0.4618055555555556 0.373046875 0.46875 0.384765625 0.4965277777777778 0.376953125 0.5208333333333334 0.376953125 0.5416666666666666 0.37890625 0.5451388888888888 0.37890625 0.5798611111111112 0.380859375 0.5833333333333334 0.380859375 0.5902777777777778 0.384765625 0.59375 0.38671875 0.6006944444444444 0.380859375 0.6006944444444444 0.376953125 0.5972222222222222 0.375 0.5833333333333334 0.373046875 0.5798611111111112 0.37109375 0.5833333333333334 0.369140625 0.6319444444444444 0.365234375 0.6423611111111112 0.36328125 0.6423611111111112 0.36328125 0.6215277777777778 0.359375 0.6180555555555556 0.3515625 0.625 0.3515625 0.6111111111111112 0.34375 0.5902777777777778 0.34375 0.5555555555555556 0.349609375 0.5451388888888888 0.35546875 0.5277777777777778 0.35546875 0.5208333333333334 0.3515625 0.5104166666666666 0.353515625 0.5069444444444444 0.3515625 0.5 0.3515625 0.4895833333333333 0.35546875 0.4826388888888889 0.359375 0.4548611111111111 0.365234375 0.4513888888888889
2 0.427734375 0.2638888888888889 0.4296875 0.2777777777777778 0.439453125 0.2847222222222222 0.439453125 0.2916666666666667 0.44921875 0.3125 0.451171875 0.3263888888888889 0.44921875 0.3333333333333333 0.443359375 0.3402777777777778 0.443359375 0.3506944444444444 0.455078125 0.3645833333333333 0.455078125 0.3680555555555556 0.44921875 0.375 0.453125 0.3854166666666667 0.453125 0.3923611111111111 0.44921875 0.3923611111111111 0.44921875 0.3888888888888889 0.435546875 0.3680555555555556 0.435546875 0.3645833333333333 0.4296875 0.3541666666666667 0.42578125 0.3333333333333333 0.41796875 0.3159722222222222 0.416015625 0.3229166666666667 0.4140625 0.3229166666666667 0.408203125 0.3333333333333333 0.408203125 0.3368055555555556 0.404296875 0.3402777777777778 0.404296875 0.3298611111111111 0.408203125 0.3194444444444444 0.416015625 0.3090277777777778 0.4140625 0.3055555555555556 0.4140625 0.2916666666666667 0.41796875 0.28125 0.41796875 0.2673611111111111 0.419921875 0.2638888888888889 0.42578125 0.2638888888888889
2 0.546875 0.3402777777777778 0.552734375 0.3333333333333333 0.55859375 0.3333333333333333 0.560546875 0.3368055555555556 0.5625 0.3506944444444444 0.568359375 0.3680555555555556 0.56640625 0.3819444444444444 0.5703125 0.3854166666666667 0.57421875 0.3993055555555556 0.5703125 0.4236111111111111 0.578125 0.4375 0.576171875 0.4409722222222222 0.576171875 0.4479166666666667 0.58203125 0.4618055555555556 0.578125 0.4722222222222222 0.57421875 0.4583333333333333 0.55859375 0.4340277777777778 0.55859375 0.4270833333333333 0.5546875 0.4201388888888889 0.5546875 0.4131944444444444 0.55078125 0.3993055555555556 0.55078125 0.3888888888888889 0.546875 0.3784722222222222 0.546875 0.3715277777777778 0.54296875 0.3576388888888889 0.546875 0.34375
2 0.32421875 0.5486111111111112 0.333984375 0.5555555555555556 0.33984375 0.5555555555555556 0.341796875 0.5520833333333334 0.34375 0.5451388888888888 0.34375 0.5208333333333334 0.349609375 0.5 0.349609375 0.46875 0.3515625 0.4652777777777778 0.357421875 0.4652777777777778 0.36328125 0.4513888888888889 0.369140625 0.4548611111111111 0.361328125 0.4548611111111111 0.357421875 0.4652777777777778 0.357421875 0.4756944444444444 0.353515625 0.4826388888888889 0.35546875 0.5277777777777778 0.353515625 0.53125 0.353515625 0.5416666666666666 0.34765625 0.5590277777777778 0.341796875 0.5694444444444444 0.33203125 0.5694444444444444 0.328125 0.5729166666666666 0.32421875 0.5694444444444444 0.32421875 0.5625 0.322265625 0.5590277777777778 0.32421875 0.5520833333333334
2 0.26953125 0.3576388888888889 0.275390625 0.3680555555555556 0.279296875 0.3854166666666667 0.28515625 0.3958333333333333 0.287109375 0.3958333333333333 0.287109375 0.4027777777777778 0.283203125 0.3993055555555556 0.279296875 0.3993055555555556 0.27734375 0.4027777777777778 0.27734375 0.4270833333333333 0.28515625 0.4444444444444444 0.2890625 0.4618055555555556 0.2890625 0.4791666666666667 0.291015625 0.4861111111111111 0.296875 0.4930555555555556 0.296875 0.4965277777777778 0.28515625 0.4930555555555556 0.283203125 0.46875 0.27734375 0.4548611111111111 0.2734375 0.4548611111111111 0.271484375 0.4583333333333333 0.267578125 0.4583333333333333 0.263671875 0.4652777777777778 0.26171875 0.4756944444444444 0.255859375 0.4826388888888889 0.248046875 0.5034722222222222 0.248046875 0.5173611111111112 0.2421875 0.5173611111111112 0.240234375 0.5104166666666666 0.244140625 0.5034722222222222 0.25 0.4791666666666667 0.2578125 0.4618055555555556 0.2578125 0.4097222222222222 0.255859375 0.40625 0.248046875 0.4097222222222222 0.24609375 0.4027777777777778 0.25 0.3888888888888889 0.25390625 0.3819444444444444 0.2578125 0.3819444444444444 0.259765625 0.3784722222222222 0.26171875 0.3611111111111111 0.267578125 0.3576388888888889
2 0.470703125 0.5138888888888888 0.46875 0.5069444444444444 0.47265625 0.5 0.474609375 0.4930555555555556 0.474609375 0.4826388888888889 0.4765625 0.4791666666666667 0.4765625 0.4444444444444444 0.484375 0.4375 0.490234375 0.4375 0.49609375 0.4513888888888889 0.49609375 0.46875 0.501953125 0.4826388888888889 0.501953125 0.5069444444444444 0.50390625 0.5104166666666666 0.50390625 0.5208333333333334 0.49609375 0.5208333333333334 0.4921875 0.5173611111111112 0.49609375 0.5034722222222222 0.494140625 0.5 0.494140625 0.4861111111111111 0.48828125 0.4756944444444444 0.484375 0.4861111111111111 0.482421875 0.5 0.478515625 0.5069444444444444 0.47265625 0.5104166666666666
2 0.42578125 0.2152777777777778 0.4296875 0.2222222222222222 0.4296875 0.2326388888888889 0.427734375 0.2361111111111111 0.42578125 0.2569444444444444 0.416015625 0.2708333333333333 0.416015625 0.28125 0.412109375 0.2916666666666667 0.412109375 0.3125 0.40625 0.3125 0.404296875 0.3159722222222222 0.3984375 0.3090277777777778 0.40234375 0.2777777777777778 0.412109375 0.2534722222222222 0.4140625 0.2465277777777778 0.4140625 0.2361111111111111 0.41796875 0.22916666666666666 0.41796875 0.2222222222222222 0.423828125 0.2152777777777778
2 0.462890625 0.3958333333333333 0.466796875 0.40625 0.466796875 0.4270833333333333 0.46484375 0.4305555555555556 0.46484375 0.4375 0.466796875 0.4409722222222222 0.466796875 0.4583333333333333 0.4609375 0.46875 0.4609375 0.4722222222222222 0.466796875 0.4861111111111111 0.466796875 0.4930555555555556 0.46875 0.4965277777777778 0.466796875 0.5034722222222222 0.466796875 0.5416666666666666 0.46484375 0.5486111111111112 0.453125 0.5486111111111112 0.451171875 0.5451388888888888 0.455078125 0.5347222222222222 0.455078125 0.5138888888888888 0.45703125 0.5104166666666666 0.45703125 0.5 0.453125 0.4930555555555556 0.44921875 0.4930555555555556 0.4453125 0.4965277777777778 0.443359375 0.5 0.443359375 0.5069444444444444 0.427734375 0.53125 0.42578125 0.5381944444444444 0.427734375 0.5520833333333334 0.41796875 0.5520833333333334 0.41796875 0.5451388888888888 0.42578125 0.5138888888888888 0.431640625 0.5034722222222222 0.431640625 0.4930555555555556 0.43359375 0.4895833333333333 0.43359375 0.4618055555555556 0.439453125 0.4513888888888889 0.4453125 0.4236111111111111 0.453125 0.40625 0.453125 0.3993055555555556 0.455078125 0.3958333333333333 0.4609375 0.3958333333333333
2 0.50390625 0.3263888888888889 0.509765625 0.3368055555555556 0.509765625 0.3506944444444444 0.505859375 0.3576388888888889 0.50390625 0.3854166666666667 0.490234375 0.3819444444444444 0.486328125 0.3923611111111111 0.484375 0.3923611111111111 0.484375 0.3611111111111111 0.486328125 0.3576388888888889 0.486328125 0.3506944444444444 0.48828125 0.34375 0.4921875 0.3402777777777778 0.4921875 0.3333333333333333 0.49609375 0.3263888888888889 0.501953125 0.3263888888888889
2 0.38671875 0.28125 0.390625 0.2847222222222222 0.390625 0.3055555555555556 0.39453125 0.3125 0.400390625 0.3125 0.40234375 0.3159722222222222 0.39453125 0.3229166666666667 0.396484375 0.3368055555555556 0.404296875 0.3506944444444444 0.404296875 0.3576388888888889 0.4140625 0.3715277777777778 0.4140625 0.375 0.412109375 0.375 0.40234375 0.3645833333333333 0.39453125 0.3506944444444444 0.39453125 0.3472222222222222 0.38671875 0.3368055555555556 0.3828125 0.3472222222222222 0.3828125 0.3576388888888889 0.390625 0.3854166666666667 0.390625 0.3993055555555556 0.392578125 0.4027777777777778 0.392578125 0.4340277777777778 0.3984375 0.4444444444444444 0.396484375 0.4479166666666667 0.388671875 0.4479166666666667 0.38671875 0.4444444444444444 0.388671875 0.4340277777777778 0.38671875 0.4305555555555556 0.384765625 0.3993055555555556 0.373046875 0.375 0.369140625 0.375 0.36328125 0.3888888888888889 0.361328125 0.40625 0.357421875 0.4166666666666667 0.357421875 0.4305555555555556 0.359375 0.4340277777777778 0.353515625 0.4340277777777778 0.3515625 0.4305555555555556 0.353515625 0.4027777777777778 0.35546875 0.3993055555555556 0.35546875 0.3854166666666667 0.359375 0.3784722222222222 0.35546875 0.3680555555555556 0.3515625 0.3680555555555556 0.353515625 0.3368055555555556 0.359375 0.3159722222222222 0.36328125 0.3125 0.3671875 0.2986111111111111 0.375 0.2951388888888889 0.3828125 0.28125 0.384765625 0.28125