0 0.52421875 0.4041666666666666 0.015104166666666667 0.021296296296296296
0 0.095703125 0.9722222222222222 0.095703125 0.9548611111111112 0.09765625 0.9479166666666666 0.1015625 0.9409722222222222 0.109375 0.9409722222222222 0.115234375 0.9340277777777778 0.125 0.9340277777777778 0.126953125 0.9375 0.126953125 0.9444444444444444 0.12890625 0.9479166666666666 0.12890625 0.9652777777777778 0.123046875 0.9722222222222222 0.1015625 0.9722222222222222 0.099609375 0.9756944444444444 0.09765625 0.9722222222222222
0 0.560546875 0.3472222222222222 0.560546875 0.3506944444444444 0.564453125 0.3541666666666667 0.56640625 0.3611111111111111 0.56640625 0.3819444444444444 0.560546875 0.3888888888888889 0.556640625 0.3854166666666667 0.546875 0.3645833333333333 0.546875 0.3576388888888889 0.552734375 0.3472222222222222 0.55859375 0.3472222222222222
0 0.298828125 0.2916666666666667 0.30859375 0.3055555555555556 0.310546875 0.3125 0.30859375 0.3229166666666667 0.294921875 0.3229166666666667 0.283203125 0.3090277777777778 0.283203125 0.3020833333333333 0.287109375 0.2916666666666667 0.296875 0.2916666666666667
1 0.13671875 0.9756944444444444 0.140625 0.9930555555555556 0.138671875 0.9965277777777778 0.083984375 0.9965277777777778 0.083984375 0.9895833333333334 0.087890625 0.9826388888888888 0.09375 0.9826388888888888 0.1015625 0.9756944444444444 0.134765625 0.9756944444444444
1 0.10546875 0 0.125 0 0.134765625 0.024305555555555556 0.1328125 0.027777777777777776 0.123046875 0.027777777777777776 0.12109375 0.024305555555555556 0.107421875 0.020833333333333332 0.103515625 0.017361111111111112 0.10546875 0.003472222222222222
1 0.55078125 0.375 0.55078125 0.3784722222222222 0.556640625 0.3888888888888889 0.55859375 0.4131944444444444 0.556640625 0.4166666666666667 0.556640625 0.4270833333333333 0.55078125 0.4305555555555556 0.546875 0.4375 0.5390625 0.4375 0.53515625 0.4305555555555556 0.53515625 0.3958333333333333 0.537109375 0.3923611111111111 0.537109375 0.3819444444444444 0.541015625 0.3715277777777778 0.546875 0.3715277777777778 0.548828125 0.375
1 0.5 0.4479166666666667 0.501953125 0.4270833333333333 0.505859375 0.4131944444444444 0.51171875 0.40625 0.517578125 0.40625 0.5234375 0.3993055555555556 0.529296875 0.3993055555555556 0.53125 0.40625 0.53125 0.4305555555555556 0.525390625 0.4479166666666667 0.51953125 0.4583333333333333 0.515625 0.4583333333333333 0.509765625 0.4513888888888889 0.50390625 0.4513888888888889 0.501953125 0.4479166666666667
1 0.294921875 0.3229166666666667 0.296875 0.3263888888888889 0.302734375 0.3263888888888889 0.306640625 0.3298611111111111 0.306640625 0.3541666666666667 0.310546875 0.3680555555555556 0.310546875 0.3784722222222222 0.306640625 0.3819444444444444 0.2890625 0.3819444444444444 0.287109375 0.3784722222222222 0.287109375 0.3715277777777778 0.279296875 0.34375 0.279296875 0.3333333333333333 0.28515625 0.3194444444444444 0.291015625 0.3194444444444444 0.29296875 0.3229166666666667
2 0.126953125 0.9375 0.126953125 0.9444444444444444 0.12890625 0.9479166666666666 0.12890625 0.96875 0.138671875 0.9756944444444444 0.140625 0.9826388888888888 0.140625 0.9930555555555556 0.138671875 0.9965277777777778 0.083984375 0.9965277777777778 0.083984375 0.9861111111111112 0.0859375 0.9826388888888888 0.091796875 0.9826388888888888 0.095703125 0.9756944444444444 0.095703125 0.9548611111111112 0.1015625 0.9409722222222222 0.109375 0.9409722222222222 0.1171875 0.9340277777777778 0.123046875 0.9340277777777778 0.125 0.9375
2 0.09765625 0 0.126953125 0 0.130859375 0.013888888888888888 0.13671875 0.024305555555555556 0.13671875 0.03125 0.1328125 0.03125 0.126953125 0.041666666666666664 0.126953125 0.04861111111111111 0.12890625 0.052083333333333336 0.12890625 0.08680555555555555 0.130859375 0.09027777777777778 0.130859375 0.125 0.12890625 0.1284722222222222 0.12109375 0.11458333333333333 0.11328125 0.11805555555555555 0.107421875 0.1076388888888889 0.107421875 0.08333333333333333 0.10546875 0.0798611111111111 0.1015625 0.08333333333333333 0.099609375 0.10069444444444445 0.09765625 0.10416666666666667 0.091796875 0.09722222222222222 0.091796875 0.09027777777777778 0.09375 0.08680555555555555 0.09375 0.06597222222222222 0.095703125 0.0625 0.095703125 0.006944444444444444 0.09765625 0.003472222222222222
2 0.560546875 0.3472222222222222 0.560546875 0.3506944444444444 0.564453125 0.3541666666666667 0.568359375 0.375 0.56640625 0.3784722222222222 0.56640625 0.3854166666666667 0.560546875 0.3958333333333333 0.5625 0.3993055555555556 0.5625 0.40625 0.55859375 0.4131944444444444 0.55859375 0.4236111111111111 0.556640625 0.4270833333333333 0.560546875 0.4340277777777778 0.572265625 0.4409722222222222 0.572265625 0.4756944444444444 0.57421875 0.4791666666666667 0.57421875 0.4930555555555556 0.576171875 0.5 0.57421875 0.5034722222222222 0.5703125 0.5034722222222222 0.55859375 0.4930555555555556 0.55078125 0.4791666666666667 0.54296875 0.4791666666666667 0.5390625 0.4826388888888889 0.533203125 0.4930555555555556 0.533203125 0.4965277777777778 0.51953125 0.5104166666666666 0.515625 0.5069444444444444 0.517578125 0.4930555555555556 0.521484375 0.4826388888888889 0.53515625 0.4618055555555556 0.53515625 0.3958333333333333 0.537109375 0.3923611111111111 0.5390625 0.3680555555555556 0.552734375 0.3472222222222222 0.55859375 0.3472222222222222
2 0.44921875 0.4930555555555556 0.451171875 0.4861111111111111 0.466796875 0.4722222222222222 0.474609375 0.4722222222222222 0.490234375 0.4583333333333333 0.5 0.4409722222222222 0.50390625 0.4166666666666667 0.509765625 0.40625 0.517578125 0.4027777777777778 0.5234375 0.3958333333333333 0.529296875 0.3958333333333333 0.53125 0.4027777777777778 0.53125 0.4375 0.521484375 0.4618055555555556 0.49609375 0.5034722222222222 0.484375 0.5173611111111112 0.48046875 0.5173611111111112 0.478515625 0.5138888888888888 0.482421875 0.4965277777777778 0.48046875 0.4895833333333333 0.451171875 0.4930555555555556
2 0.298828125 0.2916666666666667 0.310546875 0.3159722222222222 0.306640625 0.3263888888888889 0.30859375 0.3298611111111111 0.306640625 0.3506944444444444 0.30859375 0.3541666666666667 0.30859375 0.3611111111111111 0.314453125 0.3715277777777778 0.314453125 0.3854166666666667 0.31640625 0.3923611111111111 0.32421875 0.4097222222222222 0.326171875 0.4375 0.341796875 0.4652777777777778 0.349609375 0.4722222222222222 0.34765625 0.4791666666666667 0.337890625 0.4791666666666667 0.32421875 0.4548611111111111 0.32421875 0.4513888888888889 0.3203125 0.4479166666666667 0.318359375 0.4409722222222222 0.31640625 0.4409722222222222 0.30859375 0.4548611111111111 0.30859375 0.46875 0.306640625 0.4722222222222222 0.302734375 0.4722222222222222 0.294921875 0.4618055555555556 0.294921875 0.4548611111111111 0.3046875 0.4305555555555556 0.3046875 0.4201388888888889 0.296875 0.4097222222222222 0.29296875 0.4131944444444444 0.287109375 0.4131944444444444 0.28515625 0.4097222222222222 0.287109375 0.4027777777777778 0.287109375 0.3715277777777778 0.279296875 0.34375 0.279296875 0.3333333333333333 0.28515625 0.3090277777777778 0.28515625 0.2951388888888889 0.287109375 0.2916666666666667 0.296875 0.2916666666666667