0 0.22317708333333333 0.1712962962962963 0.0203125 0.04074074074074074
0 0.185546875 0.22916666666666666 0.18359375 0.2222222222222222 0.18359375 0.20833333333333334 0.1875 0.2013888888888889 0.19140625 0.2013888888888889 0.193359375 0.19791666666666666 0.203125 0.19791666666666666 0.20703125 0.2048611111111111 0.20703125 0.21875 0.205078125 0.22569444444444445 0.19921875 0.2326388888888889 0.19140625 0.2326388888888889 0.1875 0.22916666666666666
0 0.068359375 0.3333333333333333 0.072265625 0.3298611111111111 0.076171875 0.3333333333333333 0.083984375 0.3333333333333333 0.091796875 0.3472222222222222 0.091796875 0.3576388888888889 0.087890625 0.3611111111111111 0.087890625 0.375 0.0859375 0.3784722222222222 0.078125 0.3784722222222222 0.078125 0.375 0.07421875 0.3715277777777778 0.07421875 0.3680555555555556 0.068359375 0.3576388888888889 0.068359375 0.3368055555555556
0 0.04296875 0 0.05078125 0 0.052734375 0.003472222222222222 0.056640625 0 0.064453125 0 0.064453125 0.006944444444444444 0.060546875 0.013888888888888888 0.060546875 0.027777777777777776 0.05859375 0.03125 0.05078125 0.03125 0.04296875 0.013888888888888888 0.04296875 0.003472222222222222
0 0.26171875 0.3194444444444444 0.265625 0.3194444444444444 0.271484375 0.3125 0.27734375 0.3125 0.283203125 0.3194444444444444 0.283203125 0.3402777777777778 0.28125 0.34375 0.271484375 0.34375 0.26171875 0.3298611111111111 0.26171875 0.3229166666666667
0 0.26171875 0.09722222222222222 0.271484375 0.09722222222222222 0.279296875 0.11805555555555555 0.27734375 0.1388888888888889 0.271484375 0.14930555555555555 0.26171875 0.14930555555555555 0.2578125 0.14583333333333334 0.2578125 0.11805555555555555 0.255859375 0.11458333333333333 0.255859375 0.1076388888888889 0.259765625 0.1076388888888889 0.26171875 0.10069444444444445
0 0.3828125 0.125 0.388671875 0.13541666666666666 0.388671875 0.1423611111111111 0.390625 0.14583333333333334 0.390625 0.15625 0.38671875 0.16666666666666666 0.38671875 0.1736111111111111 0.3828125 0.18055555555555555 0.375 0.17708333333333334 0.3671875 0.15625 0.3671875 0.1423611111111111 0.37109375 0.13194444444444445 0.375 0.125 0.380859375 0.125
0 0.29140625 0.32499999999999996 0.0171875 0.044444444444444446
0 0.28515625 0.2708333333333333 0.2890625 0.28125 0.2890625 0.2986111111111111 0.28125 0.3090277777777778 0.275390625 0.3090277777777778 0.26953125 0.3020833333333333 0.26953125 0.2777777777777778 0.2734375 0.2708333333333333 0.283203125 0.2708333333333333
0 0.677734375 0.3333333333333333 0.685546875 0.34375 0.685546875 0.3715277777777778 0.6796875 0.3819444444444444 0.666015625 0.3819444444444444 0.66015625 0.375 0.66015625 0.3541666666666667 0.662109375 0.3472222222222222 0.666015625 0.3402777777777778 0.67578125 0.3333333333333333
0 0.5768229166666666 0.3416666666666667 0.0296875 0.04259259259259259
0 0.4609375 0.2986111111111111 0.46484375 0.3055555555555556 0.46484375 0.3298611111111111 0.4609375 0.3368055555555556 0.443359375 0.3333333333333333 0.435546875 0.3159722222222222 0.435546875 0.3020833333333333 0.44140625 0.2916666666666667 0.455078125 0.2916666666666667 0.458984375 0.2986111111111111
0 0.458984375 0.2534722222222222 0.46484375 0.2673611111111111 0.46484375 0.2916666666666667 0.462890625 0.2951388888888889 0.447265625 0.2951388888888889 0.44140625 0.28125 0.44140625 0.2638888888888889 0.4453125 0.2638888888888889 0.451171875 0.2534722222222222 0.45703125 0.2534722222222222
0 0.46875 0.17708333333333334 0.47265625 0.1736111111111111 0.478515625 0.1736111111111111 0.486328125 0.1909722222222222 0.486328125 0.21180555555555555 0.482421875 0.2152777777777778 0.47265625 0.2152777777777778 0.46875 0.21180555555555555 0.466796875 0.2048611111111111 0.466796875 0.1840277777777778 0.46875 0.18055555555555555
0 0.546875 0.13194444444444445 0.552734375 0.1388888888888889 0.5546875 0.14583333333333334 0.5546875 0.15625 0.55078125 0.16319444444444445 0.546875 0.16319444444444445 0.541015625 0.1701388888888889 0.53125 0.1701388888888889 0.53125 0.1597222222222222 0.529296875 0.15625 0.529296875 0.13541666666666666 0.53515625 0.125 0.541015625 0.125 0.544921875 0.13194444444444445
0 0.5692708333333333 0.08935185185185185 0.025 0.03981481481481482
0 0.529296875 0 0.55078125 0 0.5546875 0.013888888888888888 0.5546875 0.027777777777777776 0.55078125 0.034722222222222224 0.54296875 0.034722222222222224 0.533203125 0.017361111111111112 0.529296875 0.003472222222222222
1 0.48046875 0.1736111111111111 0.490234375 0.16319444444444445 0.5 0.16319444444444445 0.501953125 0.16666666666666666 0.505859375 0.16666666666666666 0.505859375 0.1701388888888889 0.509765625 0.1736111111111111 0.509765625 0.1875 0.505859375 0.19444444444444445 0.505859375 0.2013888888888889 0.5078125 0.2048611111111111 0.505859375 0.21875 0.5078125 0.22569444444444445 0.501953125 0.2361111111111111 0.501953125 0.24305555555555555 0.494140625 0.24305555555555555 0.484375 0.2361111111111111 0.478515625 0.22569444444444445 0.478515625 0.2222222222222222 0.47265625 0.2152777777777778 0.47265625 0.2048611111111111 0.4765625 0.2013888888888889 0.48046875 0.17708333333333334
1 0.359375 0.14583333333333334 0.3671875 0.1527777777777778 0.369140625 0.1736111111111111 0.375 0.1840277777777778 0.3828125 0.17708333333333334 0.38671875 0.16666666666666666 0.38671875 0.15625 0.388671875 0.1527777777777778 0.39453125 0.1527777777777778 0.400390625 0.1597222222222222 0.400390625 0.17708333333333334 0.390625 0.1909722222222222 0.392578125 0.21875 0.38671875 0.2222222222222222 0.373046875 0.23958333333333334 0.361328125 0.23958333333333334 0.357421875 0.2326388888888889 0.357421875 0.2152777777777778 0.36328125 0.2013888888888889 0.35546875 0.1840277777777778 0.35546875 0.17708333333333334 0.353515625 0.1736111111111111 0.353515625 0.1597222222222222 0.35546875 0.15625 0.35546875 0.14930555555555555 0.357421875 0.14930555555555555
1 0.685546875 0.3680555555555556 0.6953125 0.3715277777777778 0.69921875 0.375 0.701171875 0.3819444444444444 0.703125 0.4131944444444444 0.70703125 0.4201388888888889 0.70703125 0.4340277777777778 0.701171875 0.4479166666666667 0.697265625 0.4513888888888889 0.681640625 0.4513888888888889 0.67578125 0.4305555555555556 0.671875 0.4236111111111111 0.671875 0.4166666666666667 0.662109375 0.4027777777777778 0.662109375 0.3923611111111111 0.666015625 0.375 0.66796875 0.3819444444444444 0.677734375 0.3819444444444444 0.685546875 0.3715277777777778
1 0.0234375 0.9513888888888888 0.02734375 0.9479166666666666 0.037109375 0.9479166666666666 0.046875 0.9583333333333334 0.068359375 0.9583333333333334 0.0703125 0.9618055555555556 0.07421875 0.9618055555555556 0.078125 0.9722222222222222 0.078125 0.9895833333333334 0.072265625 0.9965277777777778 0.03125 0.9965277777777778 0.029296875 0.9895833333333334 0.0234375 0.9861111111111112 0.01953125 0.9791666666666666 0.021484375 0.9583333333333334 0.0234375 0.9548611111111112
1 0.275390625 0.3472222222222222 0.27734375 0.3506944444444444 0.283203125 0.3506944444444444 0.287109375 0.3541666666666667 0.294921875 0.3680555555555556 0.294921875 0.375 0.28125 0.375 0.2734375 0.3819444444444444 0.267578125 0.3923611111111111 0.265625 0.40625 0.255859375 0.4236111111111111 0.248046875 0.4236111111111111 0.232421875 0.40625 0.248046875 0.3715277777777778 0.248046875 0.3680555555555556 0.259765625 0.3472222222222222 0.2734375 0.3472222222222222
1 0.55078125 0.1527777777777778 0.55859375 0.1527777777777778 0.560546875 0.15625 0.5625 0.16319444444444445 0.560546875 0.17708333333333334 0.56640625 0.1875 0.564453125 0.19444444444444445 0.564453125 0.21875 0.5625 0.2222222222222222 0.5625 0.22916666666666666 0.55859375 0.2361111111111111 0.552734375 0.23958333333333334 0.55078125 0.24305555555555555 0.55078125 0.25 0.5390625 0.2534722222222222 0.533203125 0.21875 0.529296875 0.21180555555555555 0.521484375 0.20833333333333334 0.517578125 0.2013888888888889 0.51953125 0.17708333333333334 0.529296875 0.1701388888888889 0.541015625 0.16666666666666666 0.55078125 0.15625
1 0.251953125 0.125 0.255859375 0.1284722222222222 0.2578125 0.1423611111111111 0.263671875 0.1527777777777778 0.26953125 0.1527777777777778 0.27734375 0.13194444444444445 0.283203125 0.13194444444444445 0.287109375 0.1388888888888889 0.2890625 0.1527777777777778 0.28125 0.1701388888888889 0.283203125 0.1875 0.28125 0.1875 0.27734375 0.19791666666666666 0.265625 0.2013888888888889 0.263671875 0.2048611111111111 0.25 0.2048611111111111 0.24609375 0.2013888888888889 0.2421875 0.1909722222222222 0.24609375 0.1736111111111111 0.24609375 0.16319444444444445 0.240234375 0.1527777777777778 0.240234375 0.13541666666666666 0.24609375 0.1284722222222222 0.25 0.1284722222222222
1 0.19921875 0.1597222222222222 0.20703125 0.1736111111111111 0.2109375 0.2013888888888889 0.20703125 0.2013888888888889 0.205078125 0.19791666666666666 0.1953125 0.19791666666666666 0.185546875 0.2048611111111111 0.1796875 0.21875 0.17578125 0.21875 0.16796875 0.20833333333333334 0.16796875 0.1736111111111111 0.171875 0.16666666666666666 0.1796875 0.16666666666666666 0.1875 0.1597222222222222 0.197265625 0.1597222222222222
1 0.068359375 0.3611111111111111 0.072265625 0.3645833333333333 0.080078125 0.3819444444444444 0.08203125 0.3819444444444444 0.08203125 0.3958333333333333 0.080078125 0.4027777777777778 0.068359375 0.4236111111111111 0.064453125 0.4236111111111111 0.0625 0.4201388888888889 0.05078125 0.4236111111111111 0.044921875 0.4166666666666667 0.048828125 0.3993055555555556 0.046875 0.375 0.05078125 0.3645833333333333 0.05859375 0.3576388888888889 0.064453125 0.3576388888888889 0.06640625 0.3611111111111111
1 0.59375 0.3576388888888889 0.59765625 0.3645833333333333 0.59765625 0.3715277777777778 0.599609375 0.375 0.599609375 0.4027777777777778 0.603515625 0.4166666666666667 0.603515625 0.4340277777777778 0.599609375 0.4340277777777778 0.58984375 0.4479166666666667 0.58203125 0.4479166666666667 0.578125 0.4340277777777778 0.578125 0.4166666666666667 0.58203125 0.40625 0.58203125 0.3923611111111111 0.578125 0.3854166666666667 0.57421875 0.3854166666666667 0.572265625 0.3923611111111111 0.5703125 0.3923611111111111 0.5703125 0.3680555555555556 0.578125 0.3576388888888889 0.591796875 0.3576388888888889
1 0.470703125 0.3159722222222222 0.474609375 0.3194444444444444 0.4765625 0.3263888888888889 0.4765625 0.34375 0.48046875 0.3506944444444444 0.48046875 0.3541666666666667 0.4765625 0.3541666666666667 0.474609375 0.3611111111111111 0.478515625 0.3680555555555556 0.48046875 0.3645833333333333 0.482421875 0.3680555555555556 0.48828125 0.3680555555555556 0.490234375 0.3715277777777778 0.490234375 0.3854166666666667 0.486328125 0.3958333333333333 0.48828125 0.4027777777777778 0.482421875 0.4097222222222222 0.46875 0.4131944444444444 0.462890625 0.4236111111111111 0.458984375 0.4201388888888889 0.44921875 0.3888888888888889 0.439453125 0.3923611111111111 0.4375 0.3854166666666667 0.4375 0.3611111111111111 0.435546875 0.3576388888888889 0.43359375 0.3333333333333333 0.4375 0.3298611111111111 0.44140625 0.3368055555555556 0.447265625 0.3368055555555556 0.455078125 0.3298611111111111 0.4609375 0.3194444444444444 0.46875 0.3159722222222222
1 0.037109375 0.006944444444444444 0.04296875 0.013888888888888888 0.044921875 0.03125 0.05078125 0.041666666666666664 0.0546875 0.041666666666666664 0.060546875 0.03125 0.060546875 0.024305555555555556 0.064453125 0.013888888888888888 0.06640625 0.013888888888888888 0.072265625 0.024305555555555556 0.072265625 0.03819444444444445 0.064453125 0.05555555555555555 0.060546875 0.08680555555555555 0.037109375 0.08333333333333333 0.03515625 0.0763888888888889 0.03515625 0.04861111111111111 0.029296875 0.034722222222222224 0.029296875 0.017361111111111112 0.03125 0.010416666666666666 0.03515625 0.010416666666666666
1 0.57421875 0.1701388888888889 0.568359375 0.14583333333333334 0.568359375 0.1111111111111111 0.57421875 0.10069444444444445 0.5859375 0.10416666666666667 0.591796875 0.11458333333333333 0.591796875 0.12152777777777778 0.595703125 0.1284722222222222 0.595703125 0.13541666666666666 0.599609375 0.14930555555555555 0.59765625 0.1527777777777778 0.59765625 0.16666666666666666 0.591796875 0.1736111111111111 0.587890625 0.1736111111111111 0.58203125 0.1840277777777778 0.58203125 0.2013888888888889 0.578125 0.2048611111111111 0.57421875 0.20833333333333334 0.568359375 0.2048611111111111 0.568359375 0.19444444444444445 0.572265625 0.1875 0.580078125 0.1875 0.58203125 0.1840277777777778 0.58203125 0.17708333333333334 0.5859375 0.17708333333333334 0.58984375 0.1701388888888889 0.58984375 0.15625 0.58203125 0.1423611111111111 0.578125 0.1423611111111111 0.576171875 0.14583333333333334 0.580078125 0.15625 0.580078125 0.1701388888888889 0.576171875 0.1701388888888889
1 0.564453125 0.006944444444444444 0.578125 0.020833333333333332 0.572265625 0.03125 0.564453125 0.03819444444444445 0.5625 0.0625 0.5546875 0.08333333333333333 0.5546875 0.09027777777777778 0.55078125 0.09722222222222222 0.541015625 0.09722222222222222 0.537109375 0.09375 0.537109375 0.08333333333333333 0.53515625 0.0798611111111111 0.53515625 0.07291666666666667 0.53125 0.06597222222222222 0.529296875 0.052083333333333336 0.521484375 0.03819444444444445 0.515625 0.03819444444444445 0.513671875 0.034722222222222224 0.513671875 0.024305555555555556 0.5234375 0.010416666666666666 0.533203125 0.010416666666666666 0.537109375 0.024305555555555556 0.546875 0.034722222222222224 0.55078125 0.027777777777777776 0.552734375 0.013888888888888888 0.556640625 0.006944444444444444 0.5625 0.006944444444444444
1 0.47265625 0 0.501953125 0 0.501953125 0.006944444444444444 0.498046875 0.017361111111111112 0.494140625 0.013888888888888888 0.48828125 0.013888888888888888 0.48046875 0.006944444444444444 0.47265625 0.006944444444444444 0.47265625 0.003472222222222222
1 0.21484375 0.9305555555555556 0.220703125 0.9479166666666666 0.220703125 0.9548611111111112 0.236328125 0.9861111111111112 0.236328125 0.9930555555555556 0.234375 0.9965277777777778 0.228515625 0.9965277777777778 0.216796875 0.9861111111111112 0.212890625 0.9965277777777778 0.173828125 0.9965277777777778 0.171875 0.9930555555555556 0.150390625 0.9965277777777778 0.150390625 0.9861111111111112 0.16015625 0.9618055555555556 0.162109375 0.9409722222222222 0.166015625 0.9375 0.18359375 0.9375 0.185546875 0.9340277777777778 0.189453125 0.9375 0.19921875 0.9305555555555556 0.212890625 0.9305555555555556
0 0.189453125 0.8784722222222222 0.19140625 0.8819444444444444 0.197265625 0.8819444444444444 0.203125 0.8923611111111112 0.20703125 0.8923611111111112 0.208984375 0.8958333333333334 0.208984375 0.9131944444444444 0.20703125 0.9201388888888888 0.203125 0.9270833333333334 0.193359375 0.9340277777777778 0.185546875 0.9340277777777778 0.181640625 0.9270833333333334 0.181640625 0.8888888888888888 0.18359375 0.8819444444444444 0.1875 0.8784722222222222
0 0.05859375 0.8993055555555556 0.064453125 0.9097222222222222 0.064453125 0.9340277777777778 0.0625 0.9375 0.064453125 0.9409722222222222 0.064453125 0.9513888888888888 0.0625 0.9548611111111112 0.05078125 0.9548611111111112 0.04296875 0.9375 0.04296875 0.9097222222222222 0.05078125 0.8993055555555556 0.056640625 0.8993055555555556
2 0.509765625 0.1701388888888889 0.513671875 0.17708333333333334 0.513671875 0.20833333333333334 0.51953125 0.2152777777777778 0.52734375 0.21875 0.533203125 0.2326388888888889 0.533203125 0.2673611111111111 0.52734375 0.28125 0.513671875 0.2951388888888889 0.5078125 0.2951388888888889 0.50390625 0.2881944444444444 0.50390625 0.2534722222222222 0.5 0.2465277777777778 0.49609375 0.2465277777777778 0.47265625 0.22569444444444445 0.47265625 0.2222222222222222 0.466796875 0.21180555555555555 0.466796875 0.1909722222222222 0.47265625 0.17708333333333334 0.48046875 0.1736111111111111 0.490234375 0.16319444444444445 0.5 0.16319444444444445 0.5078125 0.1701388888888889
2 0.06640625 0.013888888888888888 0.072265625 0.024305555555555556 0.072265625 0.059027777777777776 0.068359375 0.07291666666666667 0.068359375 0.08333333333333333 0.0625 0.09375 0.0625 0.125 0.0546875 0.1423611111111111 0.0546875 0.1701388888888889 0.048828125 0.19444444444444445 0.048828125 0.2152777777777778 0.044921875 0.22569444444444445 0.0390625 0.22569444444444445 0.037109375 0.21875 0.0390625 0.2152777777777778 0.0390625 0.2013888888888889 0.04296875 0.19444444444444445 0.04296875 0.15625 0.044921875 0.1527777777777778 0.044921875 0.1423611111111111 0.04296875 0.13541666666666666 0.037109375 0.1284722222222222 0.037109375 0.12152777777777778 0.03515625 0.11805555555555555 0.03515625 0.05555555555555555 0.03125 0.052083333333333336 0.025390625 0.07291666666666667 0.025390625 0.08333333333333333 0.0234375 0.08680555555555555 0.0234375 0.09722222222222222 0.02734375 0.1111111111111111 0.025390625 0.11805555555555555 0.0234375 0.11458333333333333 0.01953125 0.11458333333333333 0.015625 0.1076388888888889 0.017578125 0.06597222222222222 0.01953125 0.0625 0.01953125 0.052083333333333336 0.021484375 0.04513888888888889 0.029296875 0.03125 0.029296875 0.017361111111111112 0.033203125 0.010416666666666666 0.0390625 0.006944444444444444 0.04296875 0 0.060546875 0 0.064453125 0.013888888888888888
2 0.3828125 0.125 0.388671875 0.13541666666666666 0.390625 0.14930555555555555 0.400390625 0.1597222222222222 0.3984375 0.2013888888888889 0.39453125 0.21180555555555555 0.396484375 0.2673611111111111 0.3984375 0.2708333333333333 0.3984375 0.2847222222222222 0.400390625 0.2881944444444444 0.3984375 0.2916666666666667 0.39453125 0.3194444444444444 0.388671875 0.3298611111111111 0.3828125 0.3298611111111111 0.375 0.3229166666666667 0.369140625 0.3125 0.369140625 0.3090277777777778 0.35546875 0.2881944444444444 0.35546875 0.22916666666666666 0.353515625 0.22569444444444445 0.3515625 0.22569444444444445 0.349609375 0.2326388888888889 0.34375 0.2326388888888889 0.341796875 0.22916666666666666 0.341796875 0.21875 0.345703125 0.21180555555555555 0.349609375 0.21180555555555555 0.35546875 0.2013888888888889 0.35546875 0.1909722222222222 0.3515625 0.1840277777777778 0.3515625 0.16666666666666666 0.35546875 0.14930555555555555 0.359375 0.14583333333333334 0.36328125 0.14583333333333334 0.365234375 0.14930555555555555 0.37109375 0.1388888888888889 0.375 0.125 0.380859375 0.125
2 0.45703125 0.2569444444444444 0.474609375 0.2847222222222222 0.474609375 0.2986111111111111 0.470703125 0.3125 0.466796875 0.3125 0.46484375 0.3159722222222222 0.462890625 0.3159722222222222 0.4609375 0.3020833333333333 0.453125 0.2881944444444444 0.443359375 0.2881944444444444 0.44140625 0.2847222222222222 0.443359375 0.2638888888888889 0.44921875 0.2569444444444444 0.455078125 0.2569444444444444
2 0.681640625 0.3402777777777778 0.685546875 0.3472222222222222 0.685546875 0.3645833333333333 0.69921875 0.375 0.701171875 0.3819444444444444 0.701171875 0.3993055555555556 0.708984375 0.4270833333333333 0.70703125 0.4340277777777778 0.708984375 0.4618055555555556 0.712890625 0.46875 0.712890625 0.4756944444444444 0.716796875 0.4861111111111111 0.716796875 0.5 0.70703125 0.5138888888888888 0.70703125 0.5277777777777778 0.712890625 0.5381944444444444 0.71484375 0.5381944444444444 0.71875 0.5486111111111112 0.712890625 0.5590277777777778 0.701171875 0.5625 0.69921875 0.5659722222222222 0.6953125 0.5625 0.69921875 0.5520833333333334 0.69921875 0.5416666666666666 0.693359375 0.53125 0.685546875 0.53125 0.68359375 0.5173611111111112 0.6796875 0.5104166666666666 0.6796875 0.5 0.677734375 0.4965277777777778 0.677734375 0.4548611111111111 0.6796875 0.4479166666666667 0.67578125 0.4305555555555556 0.66796875 0.4131944444444444 0.6640625 0.4131944444444444 0.65625 0.4236111111111111 0.65234375 0.4201388888888889 0.65234375 0.4166666666666667 0.66015625 0.4097222222222222 0.662109375 0.3784722222222222 0.6640625 0.375 0.6640625 0.3541666666666667 0.666015625 0.3472222222222222 0.669921875 0.3402777777777778 0.6796875 0.3402777777777778
2 0.056640625 0.8993055555555556 0.064453125 0.90625 0.06640625 0.9131944444444444 0.064453125 0.9479166666666666 0.0625 0.9513888888888888 0.06640625 0.9583333333333334 0.07421875 0.9618055555555556 0.078125 0.9722222222222222 0.078125 0.9895833333333334 0.072265625 0.9965277777777778 0.021484375 0.9965277777777778 0.021484375 0.9861111111111112 0.01953125 0.9826388888888888 0.021484375 0.9548611111111112 0.02734375 0.9479166666666666 0.037109375 0.9479166666666666 0.04296875 0.9375 0.04296875 0.9097222222222222 0.046875 0.9027777777777778 0.0546875 0.8993055555555556
2 0.576171875 0.3194444444444444 0.587890625 0.3333333333333333 0.587890625 0.3506944444444444 0.599609375 0.3680555555555556 0.599609375 0.3993055555555556 0.611328125 0.4513888888888889 0.609375 0.5 0.61328125 0.5069444444444444 0.623046875 0.5069444444444444 0.630859375 0.5138888888888888 0.6328125 0.5208333333333334 0.63671875 0.5243055555555556 0.64453125 0.5243055555555556 0.6484375 0.53125 0.6484375 0.5555555555555556 0.646484375 0.5625 0.642578125 0.5625 0.640625 0.5659722222222222 0.63671875 0.5590277777777778 0.63671875 0.5520833333333334 0.626953125 0.5347222222222222 0.623046875 0.53125 0.60546875 0.53125 0.603515625 0.5347222222222222 0.603515625 0.5451388888888888 0.60546875 0.5520833333333334 0.619140625 0.5763888888888888 0.61328125 0.5868055555555556 0.60546875 0.59375 0.59765625 0.59375 0.59765625 0.5659722222222222 0.59375 0.5590277777777778 0.58984375 0.5590277777777778 0.583984375 0.5486111111111112 0.58203125 0.5381944444444444 0.578125 0.53125 0.580078125 0.4409722222222222 0.578125 0.4375 0.572265625 0.4375 0.5703125 0.4409722222222222 0.56640625 0.4375 0.56640625 0.4270833333333333 0.5703125 0.4097222222222222 0.5703125 0.3958333333333333 0.568359375 0.3923611111111111 0.568359375 0.3611111111111111 0.564453125 0.3506944444444444 0.564453125 0.3333333333333333 0.568359375 0.3229166666666667 0.57421875 0.3194444444444444
2 0.236328125 0.0625 0.240234375 0.07291666666666667 0.23828125 0.0798611111111111 0.23046875 0.08680555555555555 0.224609375 0.08680555555555555 0.21875 0.09722222222222222 0.216796875 0.10416666666666667 0.216796875 0.11458333333333333 0.2109375 0.13541666666666666 0.2109375 0.1423611111111111 0.20703125 0.14930555555555555 0.208984375 0.15625 0.20703125 0.1597222222222222 0.2109375 0.16666666666666666 0.21484375 0.16319444444444445 0.21875 0.1527777777777778 0.228515625 0.1527777777777778 0.232421875 0.1597222222222222 0.232421875 0.1701388888888889 0.236328125 0.17708333333333334 0.232421875 0.1840277777777778 0.234375 0.1909722222222222 0.232421875 0.2048611111111111 0.228515625 0.2048611111111111 0.2265625 0.20833333333333334 0.212890625 0.2048611111111111 0.20703125 0.2152777777777778 0.205078125 0.22569444444444445 0.19921875 0.2326388888888889 0.19140625 0.2326388888888889 0.189453125 0.22916666666666666 0.169921875 0.21875 0.166015625 0.20833333333333334 0.166015625 0.1736111111111111 0.171875 0.15625 0.171875 0.14930555555555555 0.177734375 0.1388888888888889 0.185546875 0.13194444444444445 0.189453125 0.13194444444444445 0.203125 0.1076388888888889 0.20703125 0.09375 0.21484375 0.0798611111111111 0.216796875 0.06944444444444445 0.220703125 0.06597222222222222 0.2265625 0.06597222222222222 0.228515625 0.0625 0.234375 0.0625
2 0.45703125 0.2569444444444444 0.474609375 0.2847222222222222 0.474609375 0.3020833333333333 0.47265625 0.3090277777777778 0.466796875 0.3159722222222222 0.462890625 0.3159722222222222 0.4609375 0.3090277777777778 0.4609375 0.2986111111111111 0.45703125 0.2916666666666667 0.453125 0.2881944444444444 0.44140625 0.2881944444444444 0.443359375 0.2638888888888889 0.44921875 0.2569444444444444 0.455078125 0.2569444444444444
2 0.337890625 0.11805555555555555 0.341796875 0.1284722222222222 0.34765625 0.13541666666666666 0.34765625 0.1423611111111111 0.349609375 0.14583333333333334 0.349609375 0.16666666666666666 0.345703125 0.18055555555555555 0.345703125 0.20833333333333334 0.34375 0.2048611111111111 0.345703125 0.2013888888888889 0.341796875 0.19791666666666666 0.33984375 0.1909722222222222 0.333984375 0.1909722222222222 0.322265625 0.21180555555555555 0.31640625 0.21180555555555555 0.314453125 0.2152777777777778 0.291015625 0.2152777777777778 0.28515625 0.2048611111111111 0.287109375 0.1909722222222222 0.2890625 0.1875 0.294921875 0.1875 0.296875 0.1840277777777778 0.302734375 0.1840277777777778 0.306640625 0.18055555555555555 0.310546875 0.16319444444444445 0.32421875 0.1423611111111111 0.328125 0.125 0.3359375 0.11805555555555555
2 0.298828125 0.3055555555555556 0.302734375 0.3194444444444444 0.294921875 0.3402777777777778 0.296875 0.34375 0.2890625 0.3541666666666667 0.291015625 0.3611111111111111 0.298828125 0.3715277777777778 0.298828125 0.3784722222222222 0.296875 0.3819444444444444 0.29296875 0.3819444444444444 0.291015625 0.3784722222222222 0.279296875 0.3784722222222222 0.27734375 0.3854166666666667 0.275390625 0.3854166666666667 0.271484375 0.3958333333333333 0.267578125 0.3993055555555556 0.263671875 0.4131944444444444 0.255859375 0.4270833333333333 0.251953125 0.4444444444444444 0.255859375 0.4583333333333333 0.255859375 0.4826388888888889 0.25390625 0.4895833333333333 0.24609375 0.4930555555555556 0.23046875 0.5173611111111112 0.236328125 0.5277777777777778 0.23828125 0.5277777777777778 0.23828125 0.5347222222222222 0.234375 0.5381944444444444 0.224609375 0.5347222222222222 0.21484375 0.5208333333333334 0.21484375 0.5173611111111112 0.22265625 0.5034722222222222 0.21875 0.4965277777777778 0.21484375 0.4965277777777778 0.212890625 0.4930555555555556 0.19921875 0.4930555555555556 0.19140625 0.5034722222222222 0.189453125 0.5173611111111112 0.185546875 0.5208333333333334 0.181640625 0.5173611111111112 0.181640625 0.4965277777777778 0.18359375 0.4930555555555556 0.18359375 0.4861111111111111 0.1875 0.4791666666666667 0.208984375 0.4791666666666667 0.2109375 0.4756944444444444 0.21484375 0.4756944444444444 0.21875 0.46875 0.220703125 0.4375 0.2265625 0.4131944444444444 0.2421875 0.3854166666666667 0.24609375 0.3715277777777778 0.25390625 0.3576388888888889 0.26171875 0.3298611111111111 0.26171875 0.3229166666666667 0.267578125 0.3159722222222222 0.279296875 0.3125 0.2890625 0.3020833333333333 0.294921875 0.3020833333333333 0.296875 0.3055555555555556
2 0.283203125 0.2604166666666667 0.28515625 0.2673611111111111 0.28515625 0.2777777777777778 0.2890625 0.2881944444444444 0.2890625 0.2986111111111111 0.28125 0.3090277777777778 0.275390625 0.3090277777777778 0.267578125 0.3159722222222222 0.26171875 0.3159722222222222 0.26171875 0.3020833333333333 0.265625 0.2951388888888889 0.26953125 0.2743055555555556 0.275390625 0.2638888888888889 0.28125 0.2604166666666667
2 0.5625 0.2951388888888889 0.560546875 0.2881944444444444 0.5546875 0.2881944444444444 0.546875 0.3159722222222222 0.55078125 0.3611111111111111 0.552734375 0.3645833333333333 0.552734375 0.3715277777777778 0.55859375 0.3819444444444444 0.560546875 0.3958333333333333 0.552734375 0.4027777777777778 0.537109375 0.4027777777777778 0.537109375 0.3993055555555556 0.544921875 0.3854166666666667 0.544921875 0.3645833333333333 0.533203125 0.3194444444444444 0.53515625 0.2673611111111111 0.537109375 0.2638888888888889 0.537109375 0.23958333333333334 0.53515625 0.2361111111111111 0.53515625 0.22569444444444445 0.52734375 0.21180555555555555 0.521484375 0.20833333333333334 0.517578125 0.2013888888888889 0.517578125 0.18055555555555555 0.525390625 0.16666666666666666 0.5234375 0.1527777777777778 0.529296875 0.13541666666666666 0.54296875 0.13541666666666666 0.55078125 0.1527777777777778 0.55859375 0.1527777777777778 0.564453125 0.16319444444444445 0.560546875 0.1736111111111111 0.56640625 0.1909722222222222 0.564453125 0.19444444444444445 0.564453125 0.2152777777777778 0.57421875 0.23958333333333334 0.57421875 0.2465277777777778 0.578125 0.2604166666666667 0.578125 0.28125 0.580078125 0.2881944444444444 0.5859375 0.2986111111111111 0.58984375 0.2986111111111111 0.59375 0.3055555555555556 0.59375 0.3298611111111111 0.58984375 0.3298611111111111 0.580078125 0.3159722222222222 0.57421875 0.3159722222222222 0.57421875 0.3125 0.5703125 0.3090277777777778 0.5703125 0.3055555555555556 0.564453125 0.2951388888888889
2 0.271484375 0.09722222222222222 0.275390625 0.1076388888888889 0.275390625 0.11805555555555555 0.27734375 0.125 0.283203125 0.13194444444444445 0.2890625 0.14583333333333334 0.2890625 0.1527777777777778 0.283203125 0.16666666666666666 0.283203125 0.18055555555555555 0.28515625 0.1840277777777778 0.283203125 0.1909722222222222 0.283203125 0.2048611111111111 0.287109375 0.21180555555555555 0.287109375 0.21875 0.2890625 0.2222222222222222 0.28515625 0.22916666666666666 0.279296875 0.22916666666666666 0.27734375 0.2326388888888889 0.279296875 0.23958333333333334 0.279296875 0.2569444444444444 0.265625 0.2708333333333333 0.265625 0.2847222222222222 0.26171875 0.2951388888888889 0.2578125 0.2847222222222222 0.2578125 0.2777777777777778 0.248046875 0.2638888888888889 0.24609375 0.25 0.23828125 0.22916666666666666 0.23828125 0.21180555555555555 0.2421875 0.2048611111111111 0.240234375 0.1875 0.244140625 0.1701388888888889 0.240234375 0.1527777777777778 0.240234375 0.13541666666666666 0.25 0.125 0.25390625 0.125 0.2578125 0.11805555555555555 0.259765625 0.10416666666666667 0.263671875 0.09722222222222222 0.26953125 0.09722222222222222
2 0.08203125 0.3298611111111111 0.08984375 0.3402777777777778 0.08984375 0.3472222222222222 0.091796875 0.3506944444444444 0.087890625 0.3611111111111111 0.087890625 0.3680555555555556 0.083984375 0.375 0.08203125 0.3958333333333333 0.09765625 0.4166666666666667 0.1171875 0.4340277777777778 0.1171875 0.4375 0.10546875 0.4375 0.103515625 0.4340277777777778 0.09375 0.4305555555555556 0.076171875 0.4131944444444444 0.0703125 0.4236111111111111 0.0859375 0.4583333333333333 0.09375 0.4861111111111111 0.09375 0.5451388888888888 0.091796875 0.5520833333333334 0.09765625 0.5659722222222222 0.09765625 0.5763888888888888 0.08984375 0.5763888888888888 0.0859375 0.5729166666666666 0.078125 0.5555555555555556 0.078125 0.5104166666666666 0.076171875 0.5069444444444444 0.078125 0.5 0.078125 0.4895833333333333 0.076171875 0.4826388888888889 0.064453125 0.46875 0.0546875 0.46875 0.04296875 0.4270833333333333 0.04296875 0.4166666666666667 0.048828125 0.3958333333333333 0.046875 0.375 0.05078125 0.3645833333333333 0.060546875 0.3576388888888889 0.06640625 0.3472222222222222 0.06640625 0.3368055555555556 0.0703125 0.3298611111111111 0.080078125 0.3298611111111111
2 0.314453125 0.3229166666666667 0.31640625 0.3263888888888889 0.31640625 0.3402777777777778 0.326171875 0.3611111111111111 0.330078125 0.375 0.330078125 0.3993055555555556 0.328125 0.4027777777777778 0.328125 0.4166666666666667 0.32421875 0.4340277777777778 0.32421875 0.4479166666666667 0.318359375 0.4756944444444444 0.318359375 0.4930555555555556 0.314453125 0.5069444444444444 0.306640625 0.5208333333333334 0.302734375 0.5173611111111112 0.306640625 0.4513888888888889 0.30078125 0.4409722222222222 0.30078125 0.4270833333333333 0.296875 0.4201388888888889 0.296875 0.4027777777777778 0.30078125 0.3958333333333333 0.298828125 0.3923611111111111 0.30078125 0.3888888888888889 0.306640625 0.3888888888888889 0.30859375 0.3854166666666667 0.30859375 0.375 0.298828125 0.3611111111111111 0.302734375 0.34375 0.302734375 0.3298611111111111 0.306640625 0.3229166666666667 0.3125 0.3229166666666667
2 0.453125 0.2916666666666667 0.45703125 0.2951388888888889 0.462890625 0.3159722222222222 0.470703125 0.3159722222222222 0.474609375 0.3194444444444444 0.48046875 0.34375 0.494140625 0.375 0.494140625 0.3819444444444444 0.490234375 0.3958333333333333 0.490234375 0.4305555555555556 0.484375 0.4548611111111111 0.48828125 0.4618055555555556 0.49609375 0.4618055555555556 0.50390625 0.4513888888888889 0.51171875 0.4513888888888889 0.51953125 0.4861111111111111 0.51953125 0.4930555555555556 0.515625 0.4965277777777778 0.50390625 0.4791666666666667 0.4921875 0.4791666666666667 0.486328125 0.4861111111111111 0.478515625 0.4895833333333333 0.47265625 0.5034722222222222 0.47265625 0.5625 0.470703125 0.5659722222222222 0.453125 0.5659722222222222 0.451171875 0.5625 0.453125 0.5555555555555556 0.455078125 0.5555555555555556 0.4609375 0.5451388888888888 0.4609375 0.5381944444444444 0.462890625 0.5347222222222222 0.462890625 0.5104166666666666 0.45703125 0.4895833333333333 0.458984375 0.4583333333333333 0.453125 0.4409722222222222 0.455078125 0.4340277777777778 0.453125 0.4305555555555556 0.455078125 0.4270833333333333 0.455078125 0.4201388888888889 0.451171875 0.4027777777777778 0.447265625 0.3958333333333333 0.439453125 0.3958333333333333 0.4375 0.3923611111111111 0.4375 0.3680555555555556 0.43359375 0.3576388888888889 0.43359375 0.3333333333333333 0.4296875 0.3229166666666667 0.4296875 0.3055555555555556 0.431640625 0.3020833333333333 0.4375 0.2986111111111111 0.44140625 0.2916666666666667 0.451171875 0.2916666666666667
2 0.458984375 0 0.501953125 0 0.501953125 0.006944444444444444 0.5 0.010416666666666666 0.5 0.03125 0.501953125 0.034722222222222224 0.509765625 0.034722222222222224 0.513671875 0.041666666666666664 0.513671875 0.052083333333333336 0.501953125 0.0763888888888889 0.498046875 0.0798611111111111 0.4921875 0.0798611111111111 0.486328125 0.08680555555555555 0.486328125 0.1076388888888889 0.490234375 0.11805555555555555 0.490234375 0.125 0.48828125 0.1284722222222222 0.478515625 0.1284722222222222 0.474609375 0.125 0.4765625 0.10069444444444445 0.47265625 0.08680555555555555 0.470703125 0.041666666666666664 0.46875 0.03819444444444445 0.46875 0.017361111111111112 0.47265625 0.010416666666666666 0.46875 0.006944444444444444 0.462890625 0.013888888888888888 0.4609375 0.010416666666666666 0.4609375 0.003472222222222222
2 0.572265625 0.06944444444444445 0.578125 0.08333333333333333 0.578125 0.09375 0.583984375 0.10416666666666667 0.58984375 0.1076388888888889 0.59765625 0.13541666666666666 0.599609375 0.1597222222222222 0.61328125 0.1875 0.615234375 0.22916666666666666 0.619140625 0.2465277777777778 0.615234375 0.2534722222222222 0.607421875 0.2534722222222222 0.6015625 0.23958333333333334 0.59765625 0.23958333333333334 0.595703125 0.24305555555555555 0.595703125 0.2638888888888889 0.59765625 0.2673611111111111 0.595703125 0.2743055555555556 0.591796875 0.2673611111111111 0.587890625 0.2673611111111111 0.58203125 0.2569444444444444 0.58203125 0.23958333333333334 0.578125 0.22916666666666666 0.578125 0.2222222222222222 0.568359375 0.2048611111111111 0.568359375 0.19444444444444445 0.5703125 0.1875 0.564453125 0.17708333333333334 0.5703125 0.15625 0.5703125 0.14583333333333334 0.568359375 0.1423611111111111 0.568359375 0.11805555555555555 0.560546875 0.10069444444444445 0.560546875 0.0763888888888889 0.564453125 0.06944444444444445 0.5703125 0.06944444444444445
2 0.595703125 0 0.599609375 0 0.599609375 0.006944444444444444 0.59375 0.006944444444444444 0.58984375 0.017361111111111112 0.58203125 0.024305555555555556 0.578125 0.024305555555555556 0.57421875 0.03125 0.5703125 0.03125 0.5625 0.04861111111111111 0.5625 0.0625 0.556640625 0.0798611111111111 0.556640625 0.09375 0.564453125 0.11458333333333333 0.56640625 0.1527777777777778 0.5625 0.1527777777777778 0.55859375 0.14583333333333334 0.55078125 0.1423611111111111 0.541015625 0.1284722222222222 0.533203125 0.1284722222222222 0.53125 0.125 0.529296875 0.11805555555555555 0.53125 0.11458333333333333 0.53125 0.10416666666666667 0.53515625 0.09722222222222222 0.53515625 0.0763888888888889 0.52734375 0.04861111111111111 0.515625 0.03819444444444445 0.51171875 0.027777777777777776 0.5234375 0.010416666666666666 0.533203125 0.006944444444444444 0.537109375 0 0.5546875 0 0.55859375 0.006944444444444444 0.56640625 0.006944444444444444 0.57421875 0.017361111111111112 0.58984375 0.013888888888888888 0.595703125 0.003472222222222222
2 0.193359375 0.8784722222222222 0.197265625 0.8819444444444444 0.203125 0.8958333333333334 0.203125 0.9236111111111112 0.208984375 0.9305555555555556 0.21484375 0.9305555555555556 0.216796875 0.9340277777777778 0.22265625 0.9583333333333334 0.236328125 0.9861111111111112 0.23828125 0.9930555555555556 0.236328125 0.9965277777777778 0.2265625 0.9965277777777778 0.224609375 0.9930555555555556 0.212890625 0.9930555555555556 0.2109375 0.9965277777777778 0.1484375 0.9965277777777778 0.154296875 0.9722222222222222 0.16015625 0.9618055555555556 0.16015625 0.9479166666666666 0.162109375 0.9409722222222222 0.166015625 0.9375 0.171875 0.9375 0.177734375 0.9270833333333334 0.17578125 0.9131944444444444 0.1796875 0.90625 0.181640625 0.8888888888888888 0.185546875 0.8819444444444444 0.19140625 0.8784722222222222