0 0.791015625 0.16666666666666666 0.79296875 0.1701388888888889 0.796875 0.1701388888888889 0.8046875 0.1875 0.8046875 0.21180555555555555 0.80078125 0.2152777777777778 0.79296875 0.2152777777777778 0.791015625 0.21875 0.787109375 0.21875 0.783203125 0.21180555555555555 0.783203125 0.1736111111111111 0.7890625 0.16666666666666666
0 0.02734375 0.3958333333333333 0.033203125 0.4027777777777778 0.037109375 0.4166666666666667 0.037109375 0.4375 0.029296875 0.4548611111111111 0.025390625 0.4548611111111111 0.021484375 0.4479166666666667 0.017578125 0.4444444444444444 0.01171875 0.4444444444444444 0.005859375 0.4375 0.005859375 0.4131944444444444 0.0078125 0.40625 0.015625 0.3958333333333333 0.025390625 0.3958333333333333
0 0.09375 0.4756944444444444 0.091796875 0.46875 0.087890625 0.4652777777777778 0.08203125 0.4652777777777778 0.080078125 0.4618055555555556 0.08203125 0.4513888888888889 0.0859375 0.4444444444444444 0.103515625 0.4444444444444444 0.109375 0.4548611111111111 0.109375 0.4756944444444444 0.107421875 0.4791666666666667 0.09765625 0.4791666666666667 0.095703125 0.4756944444444444
0 0.4375 0.4791666666666667 0.03229166666666666 0.054629629629629625
0 0.8125 0.4548611111111111 0.81640625 0.4583333333333333 0.8203125 0.4722222222222222 0.822265625 0.4895833333333333 0.81640625 0.4965277777777778 0.80078125 0.4965277777777778 0.798828125 0.5 0.79296875 0.5 0.79296875 0.4861111111111111 0.791015625 0.4826388888888889 0.79296875 0.4652777777777778 0.80078125 0.4548611111111111 0.810546875 0.4548611111111111
0 0.7645833333333333 0.12129629629629629 0.027083333333333334 0.05
0 0.138671875 0.4513888888888889 0.14453125 0.4618055555555556 0.1484375 0.4756944444444444 0.1484375 0.4895833333333333 0.142578125 0.4965277777777778 0.130859375 0.5 0.12890625 0.5034722222222222 0.12109375 0.5034722222222222 0.1171875 0.5 0.11328125 0.4861111111111111 0.11328125 0.4652777777777778 0.119140625 0.4513888888888889 0.126953125 0.4444444444444444 0.13671875 0.4513888888888889
0 0.4140625 0.3923611111111111 0.4140625 0.3784722222222222 0.423828125 0.3576388888888889 0.43359375 0.3576388888888889 0.44140625 0.3784722222222222 0.44140625 0.3888888888888889 0.435546875 0.40625 0.423828125 0.3923611111111111 0.416015625 0.3923611111111111
0 0.291015625 0.3159722222222222 0.294921875 0.3194444444444444 0.30078125 0.3402777777777778 0.30078125 0.3611111111111111 0.298828125 0.3680555555555556 0.29296875 0.375 0.287109375 0.375 0.283203125 0.3611111111111111 0.279296875 0.3541666666666667 0.2734375 0.3506944444444444 0.271484375 0.34375 0.271484375 0.3263888888888889 0.275390625 0.3194444444444444 0.279296875 0.3159722222222222 0.2890625 0.3159722222222222
0 0.689453125 0.19791666666666666 0.693359375 0.2013888888888889 0.69921875 0.2152777777777778 0.69921875 0.2361111111111111 0.693359375 0.2604166666666667 0.689453125 0.2673611111111111 0.67578125 0.2673611111111111 0.673828125 0.2638888888888889 0.67578125 0.2569444444444444 0.67578125 0.2465277777777778 0.671875 0.2326388888888889 0.673828125 0.22916666666666666 0.67578125 0.21180555555555555 0.681640625 0.2013888888888889 0.6875 0.19791666666666666
0 0.50703125 0.4527777777777778 0.0296875 0.05185185185185185
0 0.466796875 0.2777777777777778 0.474609375 0.2847222222222222 0.48046875 0.2986111111111111 0.48046875 0.3263888888888889 0.478515625 0.3333333333333333 0.474609375 0.3402777777777778 0.466796875 0.3402777777777778 0.451171875 0.3194444444444444 0.453125 0.2916666666666667 0.45703125 0.2847222222222222 0.46484375 0.28125
0 0.490234375 0.5625 0.494140625 0.5659722222222222 0.498046875 0.5763888888888888 0.49609375 0.5798611111111112 0.49609375 0.5868055555555556 0.48828125 0.6006944444444444 0.48046875 0.6006944444444444 0.470703125 0.5798611111111112 0.470703125 0.5729166666666666 0.47265625 0.5694444444444444 0.478515625 0.5694444444444444 0.482421875 0.5625 0.48828125 0.5625
1 0.4296875 0.5034722222222222 0.431640625 0.5069444444444444 0.439453125 0.5069444444444444 0.443359375 0.5138888888888888 0.4453125 0.5381944444444444 0.443359375 0.5416666666666666 0.439453125 0.5694444444444444 0.44140625 0.5729166666666666 0.44140625 0.5833333333333334 0.447265625 0.5972222222222222 0.44140625 0.6180555555555556 0.427734375 0.6180555555555556 0.42578125 0.6215277777777778 0.3984375 0.6076388888888888 0.39453125 0.6041666666666666 0.39453125 0.59375 0.404296875 0.5555555555555556 0.41015625 0.5451388888888888 0.412109375 0.5243055555555556 0.419921875 0.5069444444444444 0.427734375 0.5034722222222222
1 0.96875 0 0.97265625 0.010416666666666666 0.97265625 0.03819444444444445 0.978515625 0.05555555555555555 0.978515625 0.06944444444444445 0.97265625 0.08333333333333333 0.966796875 0.08333333333333333 0.962890625 0.0798611111111111 0.95703125 0.08680555555555555 0.947265625 0.08680555555555555 0.953125 0.0763888888888889 0.95703125 0.0763888888888889 0.958984375 0.07291666666666667 0.962890625 0.059027777777777776 0.9609375 0.05555555555555555 0.9609375 0.03819444444444445 0.953125 0.027777777777777776 0.9453125 0.027777777777777776 0.94140625 0.010416666666666666 0.9453125 0 0.966796875 0
1 0.091796875 0.46875 0.1015625 0.4826388888888889 0.10546875 0.4826388888888889 0.109375 0.4930555555555556 0.107421875 0.5 0.099609375 0.5104166666666666 0.099609375 0.5243055555555556 0.1015625 0.53125 0.095703125 0.5451388888888888 0.095703125 0.5590277777777778 0.091796875 0.5694444444444444 0.091796875 0.5763888888888888 0.087890625 0.5902777777777778 0.08203125 0.5972222222222222 0.078125 0.59375 0.0546875 0.5902777777777778 0.05078125 0.5868055555555556 0.05078125 0.5763888888888888 0.052734375 0.5729166666666666 0.0546875 0.5555555555555556 0.05859375 0.5451388888888888 0.05859375 0.5069444444444444 0.056640625 0.5034722222222222 0.056640625 0.4861111111111111 0.064453125 0.4722222222222222 0.068359375 0.4722222222222222 0.0703125 0.46875 0.076171875 0.46875 0.078125 0.4652777777777778 0.087890625 0.4652777777777778 0.08984375 0.46875
1 0.80859375 0.5069444444444444 0.828125 0.5243055555555556 0.83203125 0.5416666666666666 0.830078125 0.5451388888888888 0.830078125 0.5555555555555556 0.818359375 0.5763888888888888 0.81640625 0.5763888888888888 0.80859375 0.59375 0.80859375 0.6111111111111112 0.8046875 0.6111111111111112 0.802734375 0.6145833333333334 0.779296875 0.6145833333333334 0.77734375 0.6111111111111112 0.77734375 0.5833333333333334 0.779296875 0.5798611111111112 0.779296875 0.5520833333333334 0.78125 0.5486111111111112 0.78125 0.5347222222222222 0.7734375 0.5208333333333334 0.771484375 0.5208333333333334 0.771484375 0.5138888888888888 0.783203125 0.5034722222222222 0.806640625 0.5069444444444444
1 0.5078125 0.5798611111111112 0.509765625 0.5833333333333334 0.509765625 0.5972222222222222 0.515625 0.6076388888888888 0.509765625 0.6354166666666666 0.505859375 0.6354166666666666 0.49609375 0.6180555555555556 0.490234375 0.6145833333333334 0.482421875 0.6006944444444444 0.484375 0.59375 0.48828125 0.59375 0.498046875 0.5763888888888888 0.50390625 0.5763888888888888 0.505859375 0.5798611111111112
1 0.150390625 0.5 0.154296875 0.5173611111111112 0.154296875 0.5381944444444444 0.15625 0.5416666666666666 0.15625 0.5833333333333334 0.158203125 0.5868055555555556 0.158203125 0.6006944444444444 0.14453125 0.6145833333333334 0.125 0.6145833333333334 0.123046875 0.6111111111111112 0.123046875 0.5972222222222222 0.119140625 0.5798611111111112 0.123046875 0.5798611111111112 0.125 0.5763888888888888 0.125 0.5659722222222222 0.123046875 0.5625 0.119140625 0.5659722222222222 0.119140625 0.5451388888888888 0.1171875 0.5416666666666666 0.119140625 0.5381944444444444 0.119140625 0.5138888888888888 0.12109375 0.5104166666666666 0.13671875 0.5 0.142578125 0.5 0.14453125 0.4965277777777778 0.1484375 0.5
1 0.427734375 0.3993055555555556 0.44140625 0.4166666666666667 0.443359375 0.4236111111111111 0.443359375 0.4340277777777778 0.439453125 0.4479166666666667 0.4296875 0.4548611111111111 0.423828125 0.46875 0.423828125 0.4791666666666667 0.419921875 0.4895833333333333 0.419921875 0.4965277777777778 0.416015625 0.5104166666666666 0.4140625 0.5104166666666666 0.412109375 0.5173611111111112 0.408203125 0.5208333333333334 0.40625 0.5173611111111112 0.3984375 0.5173611111111112 0.396484375 0.5208333333333334 0.396484375 0.53125 0.39453125 0.53125 0.39453125 0.5173611111111112 0.390625 0.5069444444444444 0.390625 0.4930555555555556 0.388671875 0.4895833333333333 0.388671875 0.4652777777777778 0.39453125 0.4409722222222222 0.39453125 0.4131944444444444 0.400390625 0.4027777777777778 0.41015625 0.4027777777777778 0.4140625 0.3958333333333333 0.423828125 0.3958333333333333 0.42578125 0.3993055555555556
1 0.78125 0.3611111111111111 0.78515625 0.3576388888888889 0.783203125 0.3506944444444444 0.783203125 0.3368055555555556 0.787109375 0.3229166666666667 0.787109375 0.2916666666666667 0.78515625 0.2881944444444444 0.779296875 0.25 0.783203125 0.2361111111111111 0.791015625 0.2222222222222222 0.80078125 0.2152777777777778 0.814453125 0.2152777777777778 0.822265625 0.2326388888888889 0.82421875 0.2638888888888889 0.828125 0.2777777777777778 0.828125 0.2986111111111111 0.826171875 0.3020833333333333 0.826171875 0.3125 0.83203125 0.3333333333333333 0.826171875 0.3402777777777778 0.8203125 0.3402777777777778 0.818359375 0.34375 0.794921875 0.3402777777777778 0.783203125 0.3611111111111111
1 0.26171875 0.3541666666666667 0.275390625 0.3506944444444444 0.283203125 0.3680555555555556 0.283203125 0.375 0.28515625 0.3784722222222222 0.28515625 0.4131944444444444 0.283203125 0.4166666666666667 0.283203125 0.4236111111111111 0.279296875 0.4305555555555556 0.279296875 0.4409722222222222 0.26953125 0.4756944444444444 0.26953125 0.4895833333333333 0.26171875 0.4895833333333333 0.255859375 0.4826388888888889 0.24609375 0.4826388888888889 0.244140625 0.4791666666666667 0.244140625 0.4722222222222222 0.2578125 0.4305555555555556 0.263671875 0.4201388888888889 0.263671875 0.4166666666666667 0.26953125 0.4097222222222222 0.2734375 0.4097222222222222 0.27734375 0.4027777777777778 0.27734375 0.3958333333333333 0.275390625 0.3923611111111111 0.263671875 0.3888888888888889 0.248046875 0.4201388888888889 0.244140625 0.4375 0.240234375 0.4444444444444444 0.240234375 0.4236111111111111 0.2421875 0.4201388888888889 0.2421875 0.4097222222222222 0.248046875 0.3888888888888889 0.255859375 0.375 0.2578125 0.3645833333333333 0.26171875 0.3576388888888889
1 0 0.4548611111111111 0.01171875 0.4513888888888889 0.021484375 0.4583333333333333 0.02734375 0.46875 0.029296875 0.4895833333333333 0.03125 0.4930555555555556 0.029296875 0.4965277777777778 0.029296875 0.5034722222222222 0.0234375 0.4965277777777778 0.017578125 0.4965277777777778 0.01171875 0.5034722222222222 0.01171875 0.5138888888888888 0.021484375 0.5347222222222222 0.021484375 0.5451388888888888 0.017578125 0.5555555555555556 0.017578125 0.5729166666666666 0.015625 0.5763888888888888 0.005859375 0.5729166666666666 0 0.5659722222222222 0 0.4583333333333333
1 0.69921875 0.2361111111111111 0.720703125 0.25 0.72265625 0.2569444444444444 0.72265625 0.2673611111111111 0.724609375 0.2708333333333333 0.72265625 0.28125 0.71875 0.28125 0.712890625 0.2916666666666667 0.716796875 0.3298611111111111 0.7109375 0.34375 0.703125 0.3506944444444444 0.681640625 0.34375 0.6796875 0.3402777777777778 0.681640625 0.3159722222222222 0.67578125 0.2881944444444444 0.67578125 0.2708333333333333 0.6875 0.2708333333333333 0.6953125 0.2569444444444444 0.6953125 0.25 0.69921875 0.23958333333333334
1 0.521484375 0.4791666666666667 0.529296875 0.4895833333333333 0.529296875 0.4965277777777778 0.533203125 0.5069444444444444 0.533203125 0.5208333333333334 0.537109375 0.5347222222222222 0.537109375 0.5451388888888888 0.541015625 0.5520833333333334 0.541015625 0.5729166666666666 0.54296875 0.5763888888888888 0.54296875 0.5868055555555556 0.533203125 0.6006944444444444 0.529296875 0.6006944444444444 0.52734375 0.6041666666666666 0.515625 0.6041666666666666 0.51171875 0.6006944444444444 0.51171875 0.5868055555555556 0.5078125 0.5763888888888888 0.509765625 0.5763888888888888 0.513671875 0.5659722222222222 0.509765625 0.5486111111111112 0.517578125 0.53125 0.517578125 0.5243055555555556 0.513671875 0.5173611111111112 0.5 0.5173611111111112 0.49609375 0.5104166666666666 0.49609375 0.5 0.505859375 0.4791666666666667 0.51953125 0.4791666666666667
1 0.44921875 0.3159722222222222 0.45703125 0.3298611111111111 0.47265625 0.34375 0.47265625 0.3506944444444444 0.470703125 0.3541666666666667 0.470703125 0.3819444444444444 0.46875 0.3888888888888889 0.470703125 0.3923611111111111 0.470703125 0.4027777777777778 0.4765625 0.4166666666666667 0.474609375 0.4201388888888889 0.470703125 0.4166666666666667 0.466796875 0.40625 0.462890625 0.4166666666666667 0.462890625 0.4305555555555556 0.4609375 0.4340277777777778 0.44921875 0.4340277777777778 0.443359375 0.4270833333333333 0.443359375 0.4201388888888889 0.439453125 0.4097222222222222 0.439453125 0.4027777777777778 0.443359375 0.3923611111111111 0.44140625 0.3645833333333333 0.4375 0.3576388888888889 0.427734375 0.3506944444444444 0.427734375 0.3368055555555556 0.4296875 0.3298611111111111 0.4375 0.3263888888888889 0.447265625 0.3159722222222222
1 0.751953125 0.1388888888888889 0.7578125 0.14583333333333334 0.7734375 0.14583333333333334 0.779296875 0.15625 0.779296875 0.16319444444444445 0.78125 0.16666666666666666 0.779296875 0.17708333333333334 0.7734375 0.17708333333333334 0.767578125 0.1875 0.765625 0.22916666666666666 0.763671875 0.2326388888888889 0.76171875 0.2534722222222222 0.7578125 0.2638888888888889 0.755859375 0.2569444444444444 0.74609375 0.24305555555555555 0.734375 0.2326388888888889 0.73046875 0.2326388888888889 0.73046875 0.21180555555555555 0.732421875 0.20833333333333334 0.73046875 0.2048611111111111 0.73046875 0.19444444444444445 0.734375 0.17708333333333334 0.734375 0.1527777777777778 0.7421875 0.1423611111111111 0.75 0.1388888888888889
2 0.447265625 0.4583333333333333 0.451171875 0.4722222222222222 0.451171875 0.4930555555555556 0.443359375 0.5104166666666666 0.447265625 0.5347222222222222 0.4375 0.5729166666666666 0.439453125 0.5763888888888888 0.439453125 0.5833333333333334 0.44921875 0.6006944444444444 0.455078125 0.6006944444444444 0.462890625 0.6180555555555556 0.458984375 0.6284722222222222 0.44921875 0.6215277777777778 0.447265625 0.625 0.439453125 0.625 0.4375 0.6215277777777778 0.427734375 0.6215277777777778 0.42578125 0.625 0.42578125 0.6423611111111112 0.427734375 0.6458333333333334 0.427734375 0.6631944444444444 0.4296875 0.6666666666666666 0.4296875 0.6875 0.427734375 0.6909722222222222 0.4296875 0.7118055555555556 0.427734375 0.7152777777777778 0.423828125 0.7534722222222222 0.419921875 0.7604166666666666 0.416015625 0.7847222222222222 0.412109375 0.7951388888888888 0.412109375 0.8055555555555556 0.41796875 0.8159722222222222 0.423828125 0.8194444444444444 0.427734375 0.8263888888888888 0.423828125 0.8298611111111112 0.40234375 0.8298611111111112 0.3984375 0.8263888888888888 0.3984375 0.8125 0.40234375 0.8020833333333334 0.404296875 0.7743055555555556 0.40625 0.7708333333333334 0.40625 0.7569444444444444 0.41015625 0.7430555555555556 0.41015625 0.7256944444444444 0.412109375 0.7222222222222222 0.41015625 0.7083333333333334 0.404296875 0.6979166666666666 0.404296875 0.6840277777777778 0.400390625 0.6736111111111112 0.396484375 0.6736111111111112 0.38671875 0.6909722222222222 0.375 0.7048611111111112 0.365234375 0.7256944444444444 0.353515625 0.7604166666666666 0.353515625 0.7708333333333334 0.35546875 0.7743055555555556 0.353515625 0.78125 0.341796875 0.78125 0.337890625 0.7777777777777778 0.337890625 0.7638888888888888 0.345703125 0.7534722222222222 0.349609375 0.7395833333333334 0.35546875 0.7291666666666666 0.35546875 0.7222222222222222 0.369140625 0.6944444444444444 0.375 0.6736111111111112 0.375 0.6666666666666666 0.3828125 0.6458333333333334 0.3828125 0.6354166666666666 0.38671875 0.6284722222222222 0.388671875 0.6076388888888888 0.396484375 0.5902777777777778 0.404296875 0.5555555555555556 0.41015625 0.5451388888888888 0.4140625 0.5173611111111112 0.421875 0.5034722222222222 0.421875 0.4861111111111111 0.42578125 0.4756944444444444 0.42578125 0.46875 0.4375 0.4548611111111111 0.443359375 0.4548611111111111 0.4453125 0.4583333333333333
2 0.9453125 0.08333333333333333 0.951171875 0.0763888888888889 0.951171875 0.06944444444444445 0.943359375 0.059027777777777776 0.943359375 0.04861111111111111 0.939453125 0.034722222222222224 0.94140625 0.027777777777777776 0.94140625 0.006944444444444444 0.9453125 0 0.970703125 0 0.97265625 0.006944444444444444 0.97265625 0.03819444444444445 0.98046875 0.05555555555555555 0.98046875 0.06597222222222222 0.978515625 0.06944444444444445 0.978515625 0.0763888888888889 0.974609375 0.08333333333333333 0.974609375 0.09375 0.97265625 0.09722222222222222 0.97265625 0.1111111111111111 0.970703125 0.11805555555555555 0.978515625 0.13541666666666666 0.982421875 0.1597222222222222 0.990234375 0.17708333333333334 0.990234375 0.19791666666666666 0.984375 0.2048611111111111 0.9765625 0.2048611111111111 0.974609375 0.19791666666666666 0.9765625 0.1909722222222222 0.9765625 0.1736111111111111 0.974609375 0.16666666666666666 0.966796875 0.15625 0.962890625 0.16666666666666666 0.96484375 0.19791666666666666 0.9375 0.19791666666666666 0.9375 0.19444444444444445 0.947265625 0.18055555555555555 0.947265625 0.1736111111111111 0.93359375 0.13541666666666666 0.93359375 0.125 0.94140625 0.09375 0.9453125 0.08680555555555555
2 0.796875 0.4583333333333333 0.80078125 0.4548611111111111 0.810546875 0.4548611111111111 0.814453125 0.4583333333333333 0.818359375 0.4652777777777778 0.818359375 0.4722222222222222 0.822265625 0.4826388888888889 0.822265625 0.4930555555555556 0.818359375 0.4930555555555556 0.8125 0.5069444444444444 0.822265625 0.5208333333333334 0.828125 0.5243055555555556 0.830078125 0.53125 0.830078125 0.5555555555555556 0.82421875 0.5694444444444444 0.82421875 0.5763888888888888 0.826171875 0.5798611111111112 0.826171875 0.5972222222222222 0.828125 0.6006944444444444 0.826171875 0.6041666666666666 0.826171875 0.6215277777777778 0.82421875 0.625 0.82421875 0.6319444444444444 0.818359375 0.6423611111111112 0.814453125 0.6666666666666666 0.80859375 0.6770833333333334 0.796875 0.6736111111111112 0.791015625 0.6909722222222222 0.791015625 0.7013888888888888 0.7890625 0.7048611111111112 0.791015625 0.7083333333333334 0.791015625 0.7534722222222222 0.787109375 0.7708333333333334 0.787109375 0.8090277777777778 0.78125 0.8194444444444444 0.78125 0.8229166666666666 0.77734375 0.8263888888888888 0.763671875 0.8263888888888888 0.76171875 0.8229166666666666 0.751953125 0.8229166666666666 0.751953125 0.8194444444444444 0.75390625 0.8159722222222222 0.7578125 0.8159722222222222 0.765625 0.7951388888888888 0.7578125 0.6979166666666666 0.759765625 0.6944444444444444 0.76171875 0.6631944444444444 0.771484375 0.625 0.77734375 0.6111111111111112 0.779296875 0.5555555555555556 0.775390625 0.5486111111111112 0.748046875 0.5520833333333334 0.7421875 0.5277777777777778 0.7421875 0.5 0.740234375 0.4965277777777778 0.740234375 0.4895833333333333 0.7421875 0.4861111111111111 0.74609375 0.4861111111111111 0.751953125 0.5 0.75 0.5138888888888888 0.755859375 0.5243055555555556 0.767578125 0.5243055555555556 0.7734375 0.5104166666666666 0.77734375 0.5104166666666666 0.79296875 0.4930555555555556 0.79296875 0.46875 0.796875 0.4618055555555556
2 0.4203125 0.5328703703703703 0.06666666666666667 0.3564814814814815
2 0.10546875 0.4479166666666667 0.109375 0.4583333333333333 0.109375 0.4895833333333333 0.11328125 0.5 0.11328125 0.5208333333333334 0.1015625 0.5381944444444444 0.103515625 0.5416666666666666 0.1015625 0.5486111111111112 0.111328125 0.5694444444444444 0.10546875 0.5659722222222222 0.099609375 0.5555555555555556 0.091796875 0.5694444444444444 0.091796875 0.5763888888888888 0.083984375 0.5972222222222222 0.083984375 0.6145833333333334 0.091796875 0.6423611111111112 0.091796875 0.6736111111111112 0.09375 0.6770833333333334 0.09375 0.6875 0.087890625 0.7118055555555556 0.0703125 0.75 0.068359375 0.7638888888888888 0.0625 0.7708333333333334 0.0625 0.7777777777777778 0.0703125 0.7916666666666666 0.068359375 0.7986111111111112 0.05859375 0.7986111111111112 0.056640625 0.7951388888888888 0.052734375 0.7951388888888888 0.048828125 0.7881944444444444 0.04296875 0.7881944444444444 0.041015625 0.7847222222222222 0.04296875 0.7708333333333334 0.056640625 0.7430555555555556 0.06640625 0.7118055555555556 0.076171875 0.6979166666666666 0.07421875 0.6840277777777778 0.064453125 0.6666666666666666 0.060546875 0.6666666666666666 0.05859375 0.6701388888888888 0.056640625 0.6944444444444444 0.041015625 0.7291666666666666 0.044921875 0.7361111111111112 0.044921875 0.7430555555555556 0.041015625 0.7430555555555556 0.037109375 0.7361111111111112 0.03125 0.7361111111111112 0.021484375 0.7534722222222222 0.01953125 0.7534722222222222 0.015625 0.7465277777777778 0.015625 0.7361111111111112 0.01953125 0.7291666666666666 0.021484375 0.71875 0.0390625 0.6909722222222222 0.0390625 0.6666666666666666 0.04296875 0.6493055555555556 0.04296875 0.6076388888888888 0.046875 0.5902777777777778 0.05078125 0.5833333333333334 0.0546875 0.5555555555555556 0.05859375 0.5451388888888888 0.056640625 0.4826388888888889 0.0625 0.4722222222222222 0.076171875 0.4652777777777778 0.08203125 0.4548611111111111 0.08203125 0.4513888888888889 0.087890625 0.4444444444444444 0.1015625 0.4444444444444444 0.103515625 0.4479166666666667
2 0.02734375 0.3958333333333333 0.033203125 0.4027777777777778 0.037109375 0.4166666666666667 0.037109375 0.4375 0.029296875 0.4583333333333333 0.03125 0.5069444444444444 0.041015625 0.5277777777777778 0.048828125 0.5347222222222222 0.056640625 0.5347222222222222 0.056640625 0.5416666666666666 0.05078125 0.5486111111111112 0.037109375 0.5486111111111112 0.03515625 0.5451388888888888 0.029296875 0.5451388888888888 0.025390625 0.5381944444444444 0.01953125 0.5486111111111112 0.01953125 0.5625 0.015625 0.5798611111111112 0.015625 0.6006944444444444 0.017578125 0.6041666666666666 0.017578125 0.6423611111111112 0.01953125 0.6458333333333334 0.01953125 0.6736111111111112 0.0078125 0.6979166666666666 0.005859375 0.7083333333333334 0 0.7083333333333334 0 0.4548611111111111 0.005859375 0.4479166666666667 0.005859375 0.4131944444444444 0.0078125 0.40625 0.015625 0.3958333333333333 0.025390625 0.3958333333333333
2 0.126953125 0.4444444444444444 0.12890625 0.4479166666666667 0.134765625 0.4479166666666667 0.138671875 0.4513888888888889 0.14453125 0.4618055555555556 0.146484375 0.4722222222222222 0.150390625 0.4791666666666667 0.150390625 0.5 0.15234375 0.5034722222222222 0.154296875 0.5347222222222222 0.15625 0.5381944444444444 0.158203125 0.625 0.14453125 0.6666666666666666 0.140625 0.6909722222222222 0.15234375 0.71875 0.158203125 0.7395833333333334 0.16015625 0.7430555555555556 0.1640625 0.7430555555555556 0.1640625 0.7465277777777778 0.14453125 0.7638888888888888 0.142578125 0.7708333333333334 0.142578125 0.7986111111111112 0.14453125 0.8020833333333334 0.14453125 0.8125 0.13671875 0.8229166666666666 0.134765625 0.8194444444444444 0.123046875 0.8194444444444444 0.130859375 0.8020833333333334 0.130859375 0.7743055555555556 0.12890625 0.7708333333333334 0.12890625 0.7604166666666666 0.126953125 0.7569444444444444 0.125 0.7361111111111112 0.119140625 0.7118055555555556 0.119140625 0.6944444444444444 0.11328125 0.6840277777777778 0.11328125 0.6666666666666666 0.111328125 0.6631944444444444 0.115234375 0.6319444444444444 0.123046875 0.6076388888888888 0.12109375 0.5902777777777778 0.115234375 0.5798611111111112 0.115234375 0.5381944444444444 0.1171875 0.5347222222222222 0.1171875 0.5173611111111112 0.119140625 0.5138888888888888 0.119140625 0.5069444444444444 0.11328125 0.4895833333333333 0.11328125 0.4652777777777778 0.1171875 0.4548611111111111 0.125 0.4479166666666667
2 0.396484375 0.5625 0.39453125 0.5555555555555556 0.39453125 0.53125 0.392578125 0.5277777777777778 0.390625 0.5034722222222222 0.388671875 0.5 0.388671875 0.4618055555555556 0.39453125 0.4375 0.39453125 0.4131944444444444 0.400390625 0.4027777777777778 0.408203125 0.4027777777777778 0.4140625 0.3923611111111111 0.416015625 0.3715277777777778 0.423828125 0.3576388888888889 0.43359375 0.3576388888888889 0.439453125 0.3715277777777778 0.44140625 0.3888888888888889 0.435546875 0.40625 0.44140625 0.4166666666666667 0.44140625 0.4236111111111111 0.443359375 0.4270833333333333 0.44140625 0.4340277777777778 0.44140625 0.4479166666666667 0.431640625 0.4548611111111111 0.423828125 0.4722222222222222 0.421875 0.4791666666666667 0.421875 0.4895833333333333 0.416015625 0.5104166666666666 0.412109375 0.5138888888888888 0.404296875 0.5520833333333334 0.400390625 0.5625 0.3984375 0.5625
2 0.78515625 0.1701388888888889 0.794921875 0.1701388888888889 0.802734375 0.18055555555555555 0.8046875 0.2048611111111111 0.818359375 0.2222222222222222 0.82421875 0.2465277777777778 0.82421875 0.2673611111111111 0.828125 0.2777777777777778 0.828125 0.2986111111111111 0.826171875 0.3020833333333333 0.826171875 0.3090277777777778 0.83203125 0.3298611111111111 0.83203125 0.3541666666666667 0.826171875 0.3645833333333333 0.814453125 0.40625 0.82421875 0.4236111111111111 0.826171875 0.4444444444444444 0.83203125 0.4652777777777778 0.83984375 0.4826388888888889 0.83984375 0.4930555555555556 0.828125 0.4930555555555556 0.826171875 0.4895833333333333 0.82421875 0.46875 0.80078125 0.4097222222222222 0.796875 0.4097222222222222 0.791015625 0.4201388888888889 0.791015625 0.4409722222222222 0.79296875 0.4444444444444444 0.791015625 0.4479166666666667 0.791015625 0.4722222222222222 0.7890625 0.4756944444444444 0.791015625 0.4826388888888889 0.791015625 0.4930555555555556 0.78515625 0.4930555555555556 0.78515625 0.4861111111111111 0.78125 0.4756944444444444 0.779296875 0.4479166666666667 0.77734375 0.4444444444444444 0.77734375 0.4201388888888889 0.775390625 0.4166666666666667 0.77734375 0.3923611111111111 0.76953125 0.3854166666666667 0.76953125 0.375 0.77734375 0.3645833333333333 0.783203125 0.3298611111111111 0.78515625 0.3263888888888889 0.78515625 0.3159722222222222 0.787109375 0.3125 0.787109375 0.2986111111111111 0.78515625 0.2951388888888889 0.783203125 0.2708333333333333 0.779296875 0.2569444444444444 0.779296875 0.25 0.78515625 0.2326388888888889 0.78515625 0.20833333333333334 0.783203125 0.2048611111111111 0.78515625 0.2013888888888889 0.783203125 0.19791666666666666 0.783203125 0.17708333333333334 0.78515625 0.1736111111111111
2 0.689453125 0.19791666666666666 0.697265625 0.20833333333333334 0.69921875 0.2152777777777778 0.69921875 0.22916666666666666 0.705078125 0.23958333333333334 0.71875 0.2465277777777778 0.72265625 0.2534722222222222 0.7265625 0.2743055555555556 0.73046875 0.2777777777777778 0.73046875 0.2951388888888889 0.732421875 0.2986111111111111 0.73046875 0.3263888888888889 0.724609375 0.3333333333333333 0.71484375 0.3680555555555556 0.71484375 0.3784722222222222 0.708984375 0.3958333333333333 0.708984375 0.4027777777777778 0.71484375 0.4097222222222222 0.734375 0.4131944444444444 0.734375 0.4236111111111111 0.73046875 0.4375 0.73046875 0.4479166666666667 0.724609375 0.4479166666666667 0.724609375 0.4375 0.716796875 0.4270833333333333 0.705078125 0.4270833333333333 0.69921875 0.4375 0.69921875 0.4479166666666667 0.6953125 0.4583333333333333 0.693359375 0.4791666666666667 0.69140625 0.4826388888888889 0.69140625 0.5138888888888888 0.681640625 0.5243055555555556 0.673828125 0.5243055555555556 0.671875 0.5208333333333334 0.671875 0.5138888888888888 0.67578125 0.5104166666666666 0.68359375 0.4895833333333333 0.68359375 0.4548611111111111 0.685546875 0.4513888888888889 0.68359375 0.4097222222222222 0.681640625 0.40625 0.681640625 0.3680555555555556 0.6796875 0.3645833333333333 0.6796875 0.34375 0.677734375 0.3402777777777778 0.6796875 0.3333333333333333 0.6796875 0.3125 0.677734375 0.3090277777777778 0.673828125 0.3125 0.673828125 0.3402777777777778 0.669921875 0.3506944444444444 0.669921875 0.3611111111111111 0.66796875 0.3645833333333333 0.6640625 0.3645833333333333 0.662109375 0.3576388888888889 0.662109375 0.3229166666666667 0.6640625 0.3194444444444444 0.6640625 0.2951388888888889 0.66796875 0.28125 0.66796875 0.24305555555555555 0.671875 0.2361111111111111 0.67578125 0.21180555555555555 0.681640625 0.2013888888888889 0.6875 0.19791666666666666
2 0.55078125 0.59375 0.560546875 0.5972222222222222 0.572265625 0.6076388888888888 0.576171875 0.6215277777777778 0.583984375 0.6319444444444444 0.640625 0.6319444444444444 0.646484375 0.625 0.65234375 0.625 0.654296875 0.6388888888888888 0.662109375 0.65625 0.662109375 0.6631944444444444 0.65234375 0.6631944444444444 0.638671875 0.6527777777777778 0.6328125 0.6597222222222222 0.609375 0.6631944444444444 0.603515625 0.6701388888888888 0.603515625 0.6770833333333334 0.6015625 0.6805555555555556 0.59765625 0.6805555555555556 0.595703125 0.6840277777777778 0.580078125 0.6840277777777778 0.578125 0.6875 0.56640625 0.6770833333333334 0.564453125 0.6840277777777778 0.568359375 0.6909722222222222 0.572265625 0.6909722222222222 0.578125 0.7013888888888888 0.578125 0.7083333333333334 0.572265625 0.7118055555555556 0.56640625 0.7048611111111112 0.5625 0.7048611111111112 0.5546875 0.6979166666666666 0.546875 0.6875 0.54296875 0.6875 0.54296875 0.6840277777777778 0.5390625 0.6805555555555556 0.544921875 0.6770833333333334 0.5546875 0.65625 0.5546875 0.6388888888888888 0.55078125 0.6215277777777778 0.55078125 0.5972222222222222
2 0.51953125 0.4375 0.51953125 0.4756944444444444 0.529296875 0.4895833333333333 0.529296875 0.4965277777777778 0.533203125 0.5069444444444444 0.53515625 0.5347222222222222 0.537109375 0.5381944444444444 0.537109375 0.5451388888888888 0.541015625 0.5520833333333334 0.541015625 0.5729166666666666 0.54296875 0.5763888888888888 0.54296875 0.5833333333333334 0.548828125 0.59375 0.548828125 0.625 0.552734375 0.6423611111111112 0.552734375 0.65625 0.544921875 0.6736111111111112 0.537109375 0.6736111111111112 0.533203125 0.6805555555555556 0.533203125 0.6944444444444444 0.54296875 0.7152777777777778 0.546875 0.7430555555555556 0.55859375 0.7743055555555556 0.55859375 0.7881944444444444 0.556640625 0.7916666666666666 0.5390625 0.7916666666666666 0.537109375 0.7951388888888888 0.53125 0.7951388888888888 0.529296875 0.7916666666666666 0.53125 0.7847222222222222 0.53515625 0.7847222222222222 0.5390625 0.7777777777777778 0.541015625 0.7708333333333334 0.541015625 0.7604166666666666 0.52734375 0.71875 0.51953125 0.7048611111111112 0.515625 0.7048611111111112 0.513671875 0.7083333333333334 0.51171875 0.7465277777777778 0.505859375 0.7638888888888888 0.505859375 0.7708333333333334 0.50390625 0.7743055555555556 0.50390625 0.7951388888888888 0.5 0.8090277777777778 0.4765625 0.8090277777777778 0.46875 0.8020833333333334 0.46875 0.7916666666666666 0.474609375 0.7916666666666666 0.4765625 0.7881944444444444 0.482421875 0.7881944444444444 0.486328125 0.7847222222222222 0.49609375 0.7638888888888888 0.49609375 0.75 0.498046875 0.7465277777777778 0.498046875 0.7048611111111112 0.5 0.7013888888888888 0.50390625 0.6527777777777778 0.5078125 0.6458333333333334 0.515625 0.6111111111111112 0.51171875 0.6006944444444444 0.51171875 0.5833333333333334 0.5 0.5659722222222222 0.494140625 0.5659722222222222 0.4921875 0.5625 0.48828125 0.5659722222222222 0.4765625 0.5659722222222222 0.474609375 0.5694444444444444 0.45703125 0.5694444444444444 0.455078125 0.5659722222222222 0.44921875 0.5659722222222222 0.4453125 0.5625 0.453125 0.5520833333333334 0.470703125 0.5486111111111112 0.478515625 0.5347222222222222 0.484375 0.5347222222222222 0.4921875 0.5277777777777778 0.494140625 0.5243055555555556 0.494140625 0.5104166666666666 0.4921875 0.5069444444444444 0.494140625 0.5 0.494140625 0.4722222222222222 0.4921875 0.46875 0.4921875 0.4548611111111111 0.5 0.4305555555555556 0.5078125 0.4270833333333333 0.509765625 0.4305555555555556 0.513671875 0.4305555555555556 0.517578125 0.4375
2 0.474609375 0.2847222222222222 0.48046875 0.2986111111111111 0.48046875 0.3263888888888889 0.47265625 0.3472222222222222 0.470703125 0.3715277777777778 0.47265625 0.375 0.474609375 0.3993055555555556 0.482421875 0.4340277777777778 0.482421875 0.4548611111111111 0.4765625 0.4618055555555556 0.474609375 0.4236111111111111 0.466796875 0.4097222222222222 0.462890625 0.4166666666666667 0.462890625 0.4375 0.46484375 0.4409722222222222 0.46484375 0.4548611111111111 0.466796875 0.4583333333333333 0.466796875 0.5034722222222222 0.453125 0.5034722222222222 0.455078125 0.4791666666666667 0.453125 0.4756944444444444 0.453125 0.46875 0.443359375 0.4479166666666667 0.4453125 0.4270833333333333 0.443359375 0.4236111111111111 0.443359375 0.4166666666666667 0.439453125 0.4097222222222222 0.439453125 0.4027777777777778 0.443359375 0.3923611111111111 0.443359375 0.3784722222222222 0.44140625 0.375 0.44140625 0.3680555555555556 0.43359375 0.3541666666666667 0.4296875 0.3541666666666667 0.427734375 0.3506944444444444 0.427734375 0.3333333333333333 0.447265625 0.3159722222222222 0.453125 0.2986111111111111 0.453125 0.2916666666666667 0.45703125 0.2847222222222222 0.4609375 0.28125 0.470703125 0.28125 0.47265625 0.2847222222222222
2 0.76953125 0.09722222222222222 0.77734375 0.11458333333333333 0.775390625 0.14583333333333334 0.78125 0.1597222222222222 0.78125 0.16666666666666666 0.779296875 0.1701388888888889 0.779296875 0.20833333333333334 0.77734375 0.21180555555555555 0.77734375 0.21875 0.779296875 0.2222222222222222 0.779296875 0.23958333333333334 0.77734375 0.24305555555555555 0.779296875 0.2986111111111111 0.775390625 0.3055555555555556 0.7734375 0.3020833333333333 0.771484375 0.2708333333333333 0.767578125 0.2569444444444444 0.763671875 0.2534722222222222 0.759765625 0.2604166666666667 0.759765625 0.2673611111111111 0.755859375 0.2743055555555556 0.755859375 0.28125 0.75390625 0.2847222222222222 0.751953125 0.3159722222222222 0.748046875 0.3263888888888889 0.748046875 0.3333333333333333 0.7421875 0.34375 0.740234375 0.3680555555555556 0.734375 0.3819444444444444 0.736328125 0.4027777777777778 0.73046875 0.4097222222222222 0.7265625 0.4097222222222222 0.724609375 0.40625 0.724609375 0.3923611111111111 0.7265625 0.3888888888888889 0.7265625 0.3506944444444444 0.73046875 0.34375 0.73046875 0.3298611111111111 0.734375 0.3125 0.734375 0.2881944444444444 0.732421875 0.2847222222222222 0.732421875 0.2743055555555556 0.728515625 0.2569444444444444 0.728515625 0.22569444444444445 0.73046875 0.2222222222222222 0.73046875 0.1909722222222222 0.734375 0.17708333333333334 0.734375 0.1527777777777778 0.73828125 0.14583333333333334 0.744140625 0.1423611111111111 0.751953125 0.1284722222222222 0.75390625 0.12152777777777778 0.75390625 0.1111111111111111 0.7578125 0.10069444444444445 0.76171875 0.09722222222222222 0.767578125 0.09722222222222222
2 0.291015625 0.3159722222222222 0.298828125 0.3298611111111111 0.298828125 0.3368055555555556 0.30078125 0.3402777777777778 0.30078125 0.3645833333333333 0.287109375 0.3819444444444444 0.28515625 0.4131944444444444 0.283203125 0.4166666666666667 0.283203125 0.4236111111111111 0.279296875 0.4305555555555556 0.279296875 0.4409722222222222 0.26953125 0.4791666666666667 0.26953125 0.4895833333333333 0.267578125 0.4930555555555556 0.267578125 0.5243055555555556 0.26171875 0.5451388888888888 0.259765625 0.5694444444444444 0.255859375 0.5763888888888888 0.251953125 0.5902777777777778 0.251953125 0.5972222222222222 0.248046875 0.6076388888888888 0.248046875 0.6145833333333334 0.244140625 0.625 0.244140625 0.6493055555555556 0.24609375 0.65625 0.255859375 0.6666666666666666 0.255859375 0.6701388888888888 0.25 0.6701388888888888 0.248046875 0.6736111111111112 0.24609375 0.6701388888888888 0.23828125 0.6701388888888888 0.236328125 0.6666666666666666 0.224609375 0.6631944444444444 0.220703125 0.65625 0.21484375 0.65625 0.21484375 0.6388888888888888 0.21875 0.625 0.224609375 0.6145833333333334 0.228515625 0.5833333333333334 0.23828125 0.5555555555555556 0.23828125 0.5 0.234375 0.4930555555555556 0.23046875 0.4930555555555556 0.228515625 0.4791666666666667 0.234375 0.46875 0.236328125 0.4583333333333333 0.240234375 0.4513888888888889 0.240234375 0.4236111111111111 0.248046875 0.3888888888888889 0.25390625 0.3784722222222222 0.259765625 0.3576388888888889 0.271484375 0.34375 0.271484375 0.3263888888888889 0.279296875 0.3159722222222222 0.2890625 0.3159722222222222