0 0.61328125 0.5208333333333334 0.615234375 0.5243055555555556 0.619140625 0.5243055555555556 0.626953125 0.5416666666666666 0.626953125 0.5486111111111112 0.6171875 0.5486111111111112 0.615234375 0.5520833333333334 0.611328125 0.5520833333333334 0.607421875 0.5451388888888888 0.607421875 0.5381944444444444 0.60546875 0.5347222222222222 0.60546875 0.5277777777777778 0.611328125 0.5208333333333334
0 0.654296875 0.2743055555555556 0.658203125 0.28125 0.658203125 0.2951388888888889 0.650390625 0.3020833333333333 0.64453125 0.3020833333333333 0.642578125 0.2881944444444444 0.646484375 0.2743055555555556 0.65234375 0.2743055555555556
0 0.279296875 0.3888888888888889 0.291015625 0.3854166666666667 0.294921875 0.3958333333333333 0.294921875 0.40625 0.291015625 0.4097222222222222 0.279296875 0.4097222222222222 0.27734375 0.40625 0.279296875 0.3923611111111111
0 0.01953125 0.4513888888888889 0.025390625 0.4618055555555556 0.025390625 0.46875 0.021484375 0.4756944444444444 0.0078125 0.4756944444444444 0.0078125 0.4652777777777778 0.005859375 0.4618055555555556 0.0078125 0.4548611111111111 0.013671875 0.4479166666666667 0.017578125 0.4513888888888889
0 0.06640625 0.2569444444444444 0.0703125 0.24305555555555555 0.083984375 0.24305555555555555 0.08203125 0.2569444444444444 0.078125 0.2604166666666667 0.068359375 0.2604166666666667
0 0.283203125 0.22916666666666666 0.2890625 0.2361111111111111 0.2890625 0.2534722222222222 0.28515625 0.2569444444444444 0.275390625 0.2569444444444444 0.275390625 0.23958333333333334 0.27734375 0.2326388888888889 0.28125 0.2326388888888889
0 0.1015625 0.23958333333333334 0.10546875 0.2534722222222222 0.099609375 0.2604166666666667 0.087890625 0.2604166666666667 0.0859375 0.2569444444444444 0.087890625 0.24305555555555555 0.095703125 0.2361111111111111 0.099609375 0.23958333333333334
0 0.1875 0.40625 0.19140625 0.4131944444444444 0.19140625 0.4236111111111111 0.189453125 0.4270833333333333 0.177734375 0.4270833333333333 0.17578125 0.4236111111111111 0.177734375 0.4131944444444444 0.185546875 0.40625
0 0.443359375 0.5034722222222222 0.44921875 0.5138888888888888 0.44921875 0.5173611111111112 0.44140625 0.5243055555555556 0.43359375 0.5243055555555556 0.43359375 0.5069444444444444 0.435546875 0.5034722222222222 0.44140625 0.5034722222222222
0 0.294921875 0.21875 0.298828125 0.2152777777777778 0.3046875 0.2152777777777778 0.310546875 0.2222222222222222 0.310546875 0.2326388888888889 0.302734375 0.23958333333333334 0.296875 0.2361111111111111 0.29296875 0.22916666666666666 0.294921875 0.2222222222222222
0 0.61328125 0.5208333333333334 0.615234375 0.5243055555555556 0.619140625 0.5243055555555556 0.623046875 0.53125 0.623046875 0.5416666666666666 0.609375 0.5416666666666666 0.607421875 0.5381944444444444 0.607421875 0.5243055555555556 0.611328125 0.5208333333333334
0 0.42578125 0.5034722222222222 0.423828125 0.5277777777777778 0.4140625 0.5277777777777778 0.41015625 0.5243055555555556 0.412109375 0.5173611111111112 0.412109375 0.5069444444444444 0.4140625 0.5034722222222222 0.423828125 0.5034722222222222
0 0.28125 0.375 0.2890625 0.3854166666666667 0.287109375 0.3854166666666667 0.27734375 0.4027777777777778 0.2734375 0.4027777777777778 0.267578125 0.3888888888888889 0.2734375 0.375 0.279296875 0.375
1 0.169921875 0.4409722222222222 0.171875 0.4444444444444444 0.17578125 0.4444444444444444 0.181640625 0.4652777777777778 0.181640625 0.4861111111111111 0.177734375 0.5 0.171875 0.5104166666666666 0.1640625 0.5104166666666666 0.162109375 0.5069444444444444 0.154296875 0.5069444444444444 0.15234375 0.5034722222222222 0.142578125 0.5034722222222222 0.13671875 0.4965277777777778 0.138671875 0.4826388888888889 0.1484375 0.4652777777777778 0.154296875 0.4479166666666667 0.158203125 0.4409722222222222 0.16796875 0.4409722222222222
1 0.62109375 0.5842592592592593 0.04010416666666666 0.07777777777777778
1 0.263671875 0.3888888888888889 0.275390625 0.4097222222222222 0.275390625 0.4305555555555556 0.271484375 0.4375 0.267578125 0.4375 0.26171875 0.4479166666666667 0.26171875 0.4548611111111111 0.2578125 0.4618055555555556 0.240234375 0.4618055555555556 0.240234375 0.4513888888888889 0.2421875 0.4479166666666667 0.244140625 0.4236111111111111 0.248046875 0.4097222222222222 0.259765625 0.3888888888888889 0.26171875 0.3888888888888889
1 0.30078125 0.4097222222222222 0.306640625 0.4201388888888889 0.306640625 0.4340277777777778 0.31640625 0.46875 0.306640625 0.4791666666666667 0.29296875 0.4791666666666667 0.2890625 0.4756944444444444 0.2890625 0.4722222222222222 0.2734375 0.4375 0.279296875 0.4166666666666667 0.283203125 0.4166666666666667 0.294921875 0.40625 0.298828125 0.4097222222222222
1 0.025390625 0.4756944444444444 0.033203125 0.4826388888888889 0.033203125 0.4965277777777778 0.037109375 0.5104166666666666 0.037109375 0.5416666666666666 0.03515625 0.5451388888888888 0.03515625 0.5555555555555556 0.021484375 0.5555555555555556 0.01953125 0.5590277777777778 0.01171875 0.5590277777777778 0.009765625 0.5555555555555556 0.009765625 0.53125 0.00390625 0.5104166666666666 0.00390625 0.4895833333333333 0.0078125 0.4791666666666667 0.0234375 0.4756944444444444
1 0.07421875 0.2604166666666667 0.08203125 0.2743055555555556 0.08203125 0.28125 0.068359375 0.3298611111111111 0.052734375 0.3298611111111111 0.048828125 0.3229166666666667 0.0546875 0.3055555555555556 0.056640625 0.2777777777777778 0.0625 0.2638888888888889 0.06640625 0.2604166666666667 0.072265625 0.2604166666666667
1 0.10546875 0.2569444444444444 0.11328125 0.2638888888888889 0.115234375 0.2708333333333333 0.115234375 0.28125 0.119140625 0.2916666666666667 0.119140625 0.3020833333333333 0.126953125 0.3194444444444444 0.126953125 0.3263888888888889 0.125 0.3298611111111111 0.109375 0.3333333333333333 0.107421875 0.3368055555555556 0.1015625 0.3298611111111111 0.09375 0.3020833333333333 0.09375 0.2916666666666667 0.087890625 0.2743055555555556 0.091796875 0.2638888888888889 0.103515625 0.2569444444444444
1 0.1796875 0.4166666666666667 0.181640625 0.4201388888888889 0.189453125 0.4201388888888889 0.197265625 0.4270833333333333 0.203125 0.4375 0.203125 0.4479166666666667 0.19921875 0.4583333333333333 0.201171875 0.4652777777777778 0.189453125 0.4791666666666667 0.185546875 0.4791666666666667 0.181640625 0.4652777777777778 0.16796875 0.4479166666666667 0.15625 0.4479166666666667 0.154296875 0.4513888888888889 0.166015625 0.4236111111111111 0.177734375 0.4166666666666667
1 0.658203125 0.2951388888888889 0.671875 0.3194444444444444 0.671875 0.3263888888888889 0.669921875 0.3298611111111111 0.671875 0.3541666666666667 0.66796875 0.3541666666666667 0.666015625 0.3576388888888889 0.65625 0.3576388888888889 0.6484375 0.3402777777777778 0.646484375 0.3333333333333333 0.646484375 0.3055555555555556 0.65625 0.2986111111111111
1 0.458984375 0.5208333333333334 0.46484375 0.5347222222222222 0.46484375 0.5486111111111112 0.47265625 0.5625 0.4765625 0.5763888888888888 0.4765625 0.5833333333333334 0.4609375 0.6041666666666666 0.453125 0.6041666666666666 0.451171875 0.5902777777777778 0.4375 0.5625 0.4375 0.5416666666666666 0.435546875 0.5381944444444444 0.435546875 0.53125 0.4375 0.5277777777777778 0.44140625 0.5277777777777778 0.447265625 0.5208333333333334 0.45703125 0.5208333333333334
1 0.421875 0.5277777777777778 0.43359375 0.5416666666666666 0.43359375 0.5590277777777778 0.4296875 0.5659722222222222 0.4296875 0.5729166666666666 0.427734375 0.5763888888888888 0.4296875 0.5798611111111112 0.4296875 0.5868055555555556 0.427734375 0.5902777777777778 0.419921875 0.5902777777777778 0.41015625 0.5972222222222222 0.404296875 0.5972222222222222 0.404296875 0.5798611111111112 0.40234375 0.5763888888888888 0.400390625 0.5590277777777778 0.396484375 0.5486111111111112 0.396484375 0.5416666666666666 0.40625 0.5277777777777778 0.419921875 0.5277777777777778
1 0.2890625 0.2569444444444444 0.291015625 0.2604166666666667 0.29296875 0.2569444444444444 0.302734375 0.2569444444444444 0.30859375 0.2638888888888889 0.306640625 0.2847222222222222 0.32421875 0.3159722222222222 0.32421875 0.3298611111111111 0.318359375 0.3368055555555556 0.306640625 0.3333333333333333 0.3046875 0.3298611111111111 0.298828125 0.3298611111111111 0.2890625 0.3229166666666667 0.28515625 0.2916666666666667 0.279296875 0.28125 0.2734375 0.28125 0.2734375 0.2638888888888889 0.287109375 0.2569444444444444
2 0.6171875 0.5243055555555556 0.62109375 0.5277777777777778 0.62890625 0.5486111111111112 0.638671875 0.5833333333333334 0.640625 0.6041666666666666 0.64453125 0.6111111111111112 0.6484375 0.6284722222222222 0.66015625 0.6527777777777778 0.66015625 0.6736111111111112 0.65625 0.6840277777777778 0.662109375 0.7048611111111112 0.662109375 0.71875 0.66015625 0.7222222222222222 0.658203125 0.7222222222222222 0.65234375 0.7118055555555556 0.65234375 0.7048611111111112 0.640625 0.6840277777777778 0.638671875 0.6597222222222222 0.630859375 0.6458333333333334 0.6171875 0.6423611111111112 0.607421875 0.65625 0.603515625 0.6493055555555556 0.60546875 0.6458333333333334 0.60546875 0.6388888888888888 0.6015625 0.6284722222222222 0.6015625 0.6180555555555556 0.599609375 0.6145833333333334 0.599609375 0.6041666666666666 0.6015625 0.6006944444444444 0.6015625 0.5729166666666666 0.607421875 0.5555555555555556 0.607421875 0.5277777777777778 0.609375 0.5243055555555556 0.615234375 0.5243055555555556
2 0.283203125 0.3784722222222222 0.28515625 0.3819444444444444 0.2890625 0.3819444444444444 0.294921875 0.3923611111111111 0.294921875 0.3993055555555556 0.306640625 0.4201388888888889 0.306640625 0.4340277777777778 0.31640625 0.46875 0.314453125 0.4861111111111111 0.3203125 0.4965277777777778 0.330078125 0.5277777777777778 0.337890625 0.5416666666666666 0.337890625 0.5451388888888888 0.34375 0.5555555555555556 0.345703125 0.5555555555555556 0.345703125 0.5625 0.341796875 0.5659722222222222 0.333984375 0.5625 0.330078125 0.5555555555555556 0.328125 0.5451388888888888 0.31640625 0.5138888888888888 0.310546875 0.5069444444444444 0.302734375 0.5069444444444444 0.296875 0.5208333333333334 0.298828125 0.5451388888888888 0.302734375 0.5555555555555556 0.302734375 0.5694444444444444 0.30078125 0.5763888888888888 0.296875 0.5763888888888888 0.294921875 0.5729166666666666 0.294921875 0.5625 0.29296875 0.5590277777777778 0.29296875 0.5520833333333334 0.2890625 0.5451388888888888 0.2890625 0.5347222222222222 0.287109375 0.53125 0.2890625 0.4756944444444444 0.287109375 0.46875 0.283203125 0.4652777777777778 0.279296875 0.4548611111111111 0.27734375 0.4548611111111111 0.2734375 0.4409722222222222 0.2734375 0.4340277777777778 0.27734375 0.4270833333333333 0.27734375 0.40625 0.2734375 0.3993055555555556 0.2734375 0.3819444444444444 0.275390625 0.3784722222222222 0.28125 0.3784722222222222
2 0.01953125 0.4513888888888889 0.025390625 0.4618055555555556 0.02734375 0.4722222222222222 0.033203125 0.4791666666666667 0.03515625 0.4861111111111111 0.03515625 0.5034722222222222 0.041015625 0.5208333333333334 0.037109375 0.53125 0.037109375 0.5659722222222222 0.041015625 0.5833333333333334 0.0390625 0.625 0.037109375 0.6284722222222222 0.037109375 0.6493055555555556 0.041015625 0.6597222222222222 0.04296875 0.6840277777777778 0.0390625 0.6840277777777778 0.03125 0.6701388888888888 0.029296875 0.6631944444444444 0.03125 0.65625 0.03125 0.6458333333333334 0.029296875 0.6423611111111112 0.025390625 0.6458333333333334 0.021484375 0.6388888888888888 0.0234375 0.625 0.015625 0.5972222222222222 0.015625 0.5798611111111112 0.009765625 0.5590277777777778 0.009765625 0.5347222222222222 0.00390625 0.5104166666666666 0.00390625 0.4861111111111111 0.0078125 0.4756944444444444 0.0078125 0.4548611111111111 0.01171875 0.4513888888888889 0.017578125 0.4513888888888889
2 0.08203125 0.24305555555555555 0.083984375 0.2465277777777778 0.08203125 0.2534722222222222 0.08203125 0.2638888888888889 0.083984375 0.2673611111111111 0.083984375 0.2777777777777778 0.0859375 0.2847222222222222 0.083984375 0.2881944444444444 0.083984375 0.2951388888888889 0.076171875 0.3055555555555556 0.068359375 0.3298611111111111 0.068359375 0.3402777777777778 0.07421875 0.3506944444444444 0.076171875 0.3576388888888889 0.076171875 0.3680555555555556 0.07421875 0.3715277777777778 0.07421875 0.3784722222222222 0.068359375 0.3888888888888889 0.06640625 0.4027777777777778 0.0625 0.4097222222222222 0.064453125 0.4131944444444444 0.064453125 0.4236111111111111 0.0546875 0.4201388888888889 0.048828125 0.4131944444444444 0.052734375 0.4027777777777778 0.052734375 0.3819444444444444 0.056640625 0.3715277777777778 0.056640625 0.3611111111111111 0.046875 0.34375 0.044921875 0.3298611111111111 0.0546875 0.3055555555555556 0.056640625 0.2777777777777778 0.0625 0.2604166666666667 0.0703125 0.24305555555555555 0.080078125 0.24305555555555555
2 0.421875 0.5034722222222222 0.42578125 0.5104166666666666 0.42578125 0.5277777777777778 0.43359375 0.5381944444444444 0.43359375 0.5590277777777778 0.4296875 0.5694444444444444 0.4296875 0.5868055555555556 0.431640625 0.5902777777777778 0.431640625 0.6006944444444444 0.44140625 0.6319444444444444 0.439453125 0.6354166666666666 0.439453125 0.6423611111111112 0.44140625 0.6458333333333334 0.44140625 0.6666666666666666 0.447265625 0.6736111111111112 0.447265625 0.6805555555555556 0.443359375 0.6840277777777778 0.4375 0.6770833333333334 0.4375 0.6701388888888888 0.43359375 0.6631944444444444 0.42578125 0.65625 0.421875 0.65625 0.41796875 0.6458333333333334 0.41796875 0.6354166666666666 0.412109375 0.6215277777777778 0.408203125 0.6215277777777778 0.404296875 0.6284722222222222 0.400390625 0.6284722222222222 0.39453125 0.6076388888888888 0.39453125 0.6006944444444444 0.400390625 0.6006944444444444 0.40234375 0.5972222222222222 0.40234375 0.5763888888888888 0.396484375 0.5694444444444444 0.39453125 0.5451388888888888 0.41015625 0.5208333333333334 0.4140625 0.5069444444444444 0.419921875 0.5034722222222222
2 0.26953125 0.3854166666666667 0.271484375 0.3993055555555556 0.275390625 0.40625 0.27734375 0.4236111111111111 0.271484375 0.4409722222222222 0.267578125 0.4444444444444444 0.26953125 0.4513888888888889 0.267578125 0.4583333333333333 0.267578125 0.4722222222222222 0.265625 0.4756944444444444 0.265625 0.4965277777777778 0.267578125 0.5 0.267578125 0.5069444444444444 0.263671875 0.5138888888888888 0.263671875 0.53125 0.26171875 0.5347222222222222 0.263671875 0.5381944444444444 0.26171875 0.5416666666666666 0.26171875 0.5555555555555556 0.259765625 0.5590277777777778 0.259765625 0.5625 0.265625 0.5694444444444444 0.26953125 0.5798611111111112 0.251953125 0.5798611111111112 0.248046875 0.5729166666666666 0.25 0.5625 0.248046875 0.5590277777777778 0.248046875 0.5416666666666666 0.244140625 0.53125 0.248046875 0.5208333333333334 0.248046875 0.4965277777777778 0.23828125 0.4652777777777778 0.24609375 0.4166666666666667 0.2578125 0.3923611111111111 0.2578125 0.3888888888888889 0.263671875 0.3888888888888889 0.267578125 0.3854166666666667
2 0.099609375 0.23958333333333334 0.103515625 0.24305555555555555 0.10546875 0.2534722222222222 0.11328125 0.2638888888888889 0.115234375 0.2708333333333333 0.115234375 0.28125 0.119140625 0.2916666666666667 0.119140625 0.3020833333333333 0.12890625 0.3263888888888889 0.12890625 0.3472222222222222 0.130859375 0.3506944444444444 0.130859375 0.3576388888888889 0.1328125 0.3645833333333333 0.142578125 0.3784722222222222 0.146484375 0.3958333333333333 0.150390625 0.4027777777777778 0.150390625 0.4097222222222222 0.14453125 0.4097222222222222 0.140625 0.40625 0.13671875 0.3888888888888889 0.125 0.3680555555555556 0.12109375 0.3645833333333333 0.115234375 0.3645833333333333 0.111328125 0.375 0.111328125 0.3854166666666667 0.115234375 0.3958333333333333 0.115234375 0.4097222222222222 0.12109375 0.4340277777777778 0.119140625 0.4409722222222222 0.103515625 0.4409722222222222 0.103515625 0.4375 0.109375 0.4305555555555556 0.109375 0.4201388888888889 0.10546875 0.4027777777777778 0.1015625 0.3958333333333333 0.1015625 0.3263888888888889 0.0859375 0.2743055555555556 0.0859375 0.25 0.091796875 0.23958333333333334 0.09765625 0.23958333333333334
2 0.1796875 0.4340277777777778 0.185546875 0.4444444444444444 0.185546875 0.4513888888888889 0.18359375 0.4548611111111111 0.18359375 0.4652777777777778 0.185546875 0.46875 0.1875 0.4652777777777778 0.1953125 0.4652777777777778 0.19921875 0.4618055555555556 0.205078125 0.4756944444444444 0.205078125 0.4895833333333333 0.20703125 0.4930555555555556 0.205078125 0.5173611111111112 0.212890625 0.5381944444444444 0.21484375 0.5902777777777778 0.208984375 0.5902777777777778 0.20703125 0.5868055555555556 0.205078125 0.5798611111111112 0.205078125 0.5590277777777778 0.19140625 0.5347222222222222 0.185546875 0.5347222222222222 0.185546875 0.53125 0.1796875 0.5243055555555556 0.177734375 0.5277777777777778 0.1796875 0.5347222222222222 0.177734375 0.5416666666666666 0.169921875 0.5486111111111112 0.16796875 0.5555555555555556 0.16796875 0.5659722222222222 0.16015625 0.5798611111111112 0.162109375 0.5868055555555556 0.16796875 0.59375 0.16796875 0.6041666666666666 0.169921875 0.6076388888888888 0.16796875 0.6111111111111112 0.15625 0.6111111111111112 0.146484375 0.5972222222222222 0.146484375 0.5868055555555556 0.154296875 0.5729166666666666 0.154296875 0.5486111111111112 0.15625 0.5416666666666666 0.150390625 0.53125 0.142578125 0.5243055555555556 0.134765625 0.5104166666666666 0.134765625 0.5034722222222222 0.140625 0.4756944444444444 0.146484375 0.46875 0.146484375 0.4652777777777778 0.158203125 0.4409722222222222 0.16796875 0.4375 0.173828125 0.4305555555555556 0.177734375 0.4340277777777778
2 0.1875 0.40625 0.203125 0.4375 0.203125 0.4479166666666667 0.19921875 0.4583333333333333 0.201171875 0.46875 0.189453125 0.4791666666666667 0.18359375 0.4791666666666667 0.18359375 0.4722222222222222 0.17578125 0.4513888888888889 0.171875 0.4479166666666667 0.166015625 0.4479166666666667 0.162109375 0.4409722222222222 0.15625 0.4444444444444444 0.1640625 0.4236111111111111 0.169921875 0.4166666666666667 0.17578125 0.4166666666666667 0.1796875 0.4097222222222222 0.185546875 0.40625
2 0.654296875 0.2743055555555556 0.658203125 0.28125 0.658203125 0.2916666666666667 0.662109375 0.3020833333333333 0.671875 0.3194444444444444 0.669921875 0.3402777777777778 0.677734375 0.3541666666666667 0.673828125 0.3680555555555556 0.673828125 0.3888888888888889 0.6796875 0.3958333333333333 0.6796875 0.4027777777777778 0.681640625 0.40625 0.677734375 0.4166666666666667 0.677734375 0.4270833333333333 0.69140625 0.4513888888888889 0.689453125 0.4583333333333333 0.677734375 0.4583333333333333 0.677734375 0.4513888888888889 0.662109375 0.4236111111111111 0.658203125 0.4201388888888889 0.658203125 0.4097222222222222 0.65234375 0.3993055555555556 0.646484375 0.3993055555555556 0.64453125 0.3958333333333333 0.64453125 0.3888888888888889 0.6484375 0.375 0.654296875 0.3680555555555556 0.654296875 0.3611111111111111 0.650390625 0.3541666666666667 0.64453125 0.3541666666666667 0.642578125 0.3506944444444444 0.642578125 0.3333333333333333 0.64453125 0.3298611111111111 0.642578125 0.2881944444444444 0.646484375 0.2743055555555556 0.65234375 0.2743055555555556
2 0.44140625 0.5034722222222222 0.44921875 0.5138888888888888 0.455078125 0.5138888888888888 0.462890625 0.5243055555555556 0.466796875 0.5520833333333334 0.4765625 0.5694444444444444 0.482421875 0.59375 0.482421875 0.6041666666666666 0.4921875 0.625 0.498046875 0.6458333333333334 0.498046875 0.6493055555555556 0.4921875 0.6493055555555556 0.4921875 0.6458333333333334 0.484375 0.6319444444444444 0.48046875 0.6388888888888888 0.482421875 0.65625 0.486328125 0.6631944444444444 0.486328125 0.6875 0.484375 0.6909722222222222 0.48046875 0.6875 0.48046875 0.6666666666666666 0.453125 0.6076388888888888 0.451171875 0.59375 0.435546875 0.5555555555555556 0.43359375 0.5104166666666666 0.439453125 0.5034722222222222
2 0.310546875 0.22569444444444445 0.310546875 0.2326388888888889 0.314453125 0.2361111111111111 0.314453125 0.2604166666666667 0.31640625 0.2638888888888889 0.314453125 0.2951388888888889 0.326171875 0.3229166666666667 0.32421875 0.3298611111111111 0.32421875 0.3472222222222222 0.322265625 0.3506944444444444 0.322265625 0.3784722222222222 0.32421875 0.3819444444444444 0.32421875 0.3923611111111111 0.328125 0.3993055555555556 0.328125 0.40625 0.3203125 0.4166666666666667 0.318359375 0.4131944444444444 0.318359375 0.40625 0.310546875 0.3923611111111111 0.306640625 0.3923611111111111 0.296875 0.3819444444444444 0.29296875 0.3819444444444444 0.28125 0.3715277777777778 0.26953125 0.3715277777777778 0.26953125 0.3611111111111111 0.2734375 0.3472222222222222 0.283203125 0.3298611111111111 0.283203125 0.3229166666666667 0.28515625 0.3194444444444444 0.28515625 0.3125 0.28125 0.3020833333333333 0.2734375 0.3020833333333333 0.267578125 0.3090277777777778 0.26171875 0.3090277777777778 0.259765625 0.3125 0.25 0.3159722222222222 0.271484375 0.2881944444444444 0.2734375 0.2569444444444444 0.279296875 0.2326388888888889 0.29296875 0.2326388888888889 0.298828125 0.21875 0.3046875 0.21875 0.30859375 0.22569444444444445