0 0.1875 0.21875 0.19140625 0.2222222222222222 0.19921875 0.23958333333333334 0.19921875 0.2465277777777778 0.201171875 0.25 0.201171875 0.2673611111111111 0.19921875 0.2708333333333333 0.185546875 0.2673611111111111 0.177734375 0.2604166666666667 0.171875 0.25 0.171875 0.2361111111111111 0.173828125 0.22916666666666666 0.177734375 0.2222222222222222 0.185546875 0.21875
0 0.548828125 0.40625 0.546875 0.3993055555555556 0.546875 0.3888888888888889 0.552734375 0.375 0.5625 0.375 0.56640625 0.3819444444444444 0.5546875 0.3958333333333333 0.55078125 0.40625
0 0.513671875 0.3715277777777778 0.51953125 0.3854166666666667 0.51953125 0.3923611111111111 0.521484375 0.3958333333333333 0.521484375 0.40625 0.515625 0.40625 0.513671875 0.4097222222222222 0.50390625 0.4097222222222222 0.5 0.4027777777777778 0.501953125 0.3784722222222222 0.505859375 0.3715277777777778 0.51171875 0.3715277777777778
0 0.404296875 0.4375 0.404296875 0.4270833333333333 0.40625 0.4236111111111111 0.412109375 0.4236111111111111 0.4140625 0.4270833333333333 0.4140625 0.4340277777777778 0.412109375 0.4375 0.40625 0.4375
1 0.41796875 0.4618055555555556 0.419921875 0.4618055555555556 0.4140625 0.4652777777777778 0.41015625 0.4722222222222222 0.408203125 0.4791666666666667 0.408203125 0.5069444444444444 0.404296875 0.5069444444444444 0.400390625 0.4930555555555556 0.400390625 0.4791666666666667 0.3984375 0.4756944444444444 0.396484375 0.4513888888888889 0.40625 0.4305555555555556 0.416015625 0.4305555555555556 0.41796875 0.4375 0.412109375 0.4375 0.408203125 0.4444444444444444 0.408203125 0.4513888888888889 0.412109375 0.4583333333333333 0.416015625 0.4583333333333333
1 0.1640625 0.2604166666666667 0.16796875 0.2569444444444444 0.173828125 0.2569444444444444 0.1875 0.2708333333333333 0.203125 0.2743055555555556 0.203125 0.2881944444444444 0.201171875 0.2916666666666667 0.201171875 0.3055555555555556 0.19921875 0.3090277777777778 0.19921875 0.3298611111111111 0.201171875 0.3333333333333333 0.19921875 0.3368055555555556 0.19921875 0.3472222222222222 0.177734375 0.3472222222222222 0.17578125 0.3506944444444444 0.171875 0.3506944444444444 0.16796875 0.3368055555555556 0.16796875 0.3194444444444444 0.189453125 0.3194444444444444 0.19140625 0.3159722222222222 0.19140625 0.2986111111111111 0.185546875 0.2916666666666667 0.177734375 0.2916666666666667 0.17578125 0.2951388888888889 0.1640625 0.2916666666666667 0.16015625 0.2847222222222222 0.16015625 0.2777777777777778 0.1640625 0.2638888888888889
1 0.17578125 0.2569444444444444 0.1875 0.2708333333333333 0.201171875 0.2708333333333333 0.203125 0.2638888888888889 0.203125 0.2673611111111111 0.208984375 0.2743055555555556 0.234375 0.2743055555555556 0.234375 0.28125 0.224609375 0.2916666666666667 0.205078125 0.2916666666666667 0.201171875 0.2986111111111111 0.201171875 0.3090277777777778 0.19921875 0.3125 0.201171875 0.3402777777777778 0.19921875 0.34375 0.19921875 0.3506944444444444 0.1953125 0.3472222222222222 0.1796875 0.3472222222222222 0.177734375 0.3506944444444444 0.169921875 0.3506944444444444 0.16796875 0.3194444444444444 0.177734375 0.3194444444444444 0.1796875 0.3159722222222222 0.189453125 0.3194444444444444 0.19140625 0.3159722222222222 0.19140625 0.3020833333333333 0.185546875 0.2916666666666667 0.177734375 0.2916666666666667 0.17578125 0.2951388888888889 0.162109375 0.2916666666666667 0.16015625 0.2777777777777778 0.1640625 0.2604166666666667 0.16796875 0.2569444444444444 0.173828125 0.2569444444444444
1 0.521484375 0.4097222222222222 0.525390625 0.4131944444444444 0.529296875 0.4305555555555556 0.529296875 0.4444444444444444 0.525390625 0.4583333333333333 0.525390625 0.4861111111111111 0.5234375 0.4895833333333333 0.513671875 0.4895833333333333 0.501953125 0.5069444444444444 0.498046875 0.5069444444444444 0.494140625 0.4583333333333333 0.48828125 0.4305555555555556 0.490234375 0.4270833333333333 0.490234375 0.4201388888888889 0.49609375 0.4131944444444444 0.51953125 0.4097222222222222
1 0.552734375 0.3993055555555556 0.556640625 0.3958333333333333 0.57421875 0.3958333333333333 0.576171875 0.3993055555555556 0.58203125 0.3993055555555556 0.599609375 0.4166666666666667 0.60546875 0.4305555555555556 0.60546875 0.4375 0.6015625 0.4375 0.599609375 0.4409722222222222 0.587890625 0.4409722222222222 0.583984375 0.4375 0.576171875 0.4444444444444444 0.5703125 0.4444444444444444 0.568359375 0.4409722222222222 0.556640625 0.4409722222222222 0.552734375 0.4444444444444444 0.55078125 0.4409722222222222 0.55078125 0.4236111111111111 0.548828125 0.4201388888888889 0.552734375 0.4027777777777778
2 0.41796875 0.4305555555555556 0.419921875 0.4375 0.431640625 0.4548611111111111 0.44140625 0.4548611111111111 0.443359375 0.4583333333333333 0.443359375 0.4652777777777778 0.447265625 0.4722222222222222 0.466796875 0.4826388888888889 0.46875 0.4861111111111111 0.47265625 0.4861111111111111 0.4765625 0.4930555555555556 0.48046875 0.4930555555555556 0.4921875 0.5069444444444444 0.49609375 0.5138888888888888 0.49609375 0.53125 0.494140625 0.5347222222222222 0.478515625 0.5347222222222222 0.458984375 0.5138888888888888 0.455078125 0.5173611111111112 0.43359375 0.5173611111111112 0.431640625 0.5208333333333334 0.42578125 0.5208333333333334 0.423828125 0.5173611111111112 0.412109375 0.5173611111111112 0.40234375 0.5034722222222222 0.400390625 0.4965277777777778 0.400390625 0.4791666666666667 0.39453125 0.4548611111111111 0.404296875 0.4305555555555556 0.408203125 0.4270833333333333 0.4140625 0.4270833333333333 0.416015625 0.4305555555555556
2 0.5625 0.375 0.56640625 0.3819444444444444 0.576171875 0.3888888888888889 0.58203125 0.3993055555555556 0.59765625 0.4131944444444444 0.60546875 0.4270833333333333 0.607421875 0.4409722222222222 0.61328125 0.4513888888888889 0.619140625 0.4722222222222222 0.634765625 0.4965277777777778 0.6328125 0.5 0.623046875 0.5 0.62109375 0.4965277777777778 0.6171875 0.4965277777777778 0.61328125 0.4861111111111111 0.599609375 0.4652777777777778 0.591796875 0.4652777777777778 0.580078125 0.4826388888888889 0.583984375 0.4895833333333333 0.591796875 0.4930555555555556 0.59375 0.4965277777777778 0.59375 0.5034722222222222 0.56640625 0.5034722222222222 0.564453125 0.5 0.560546875 0.5 0.556640625 0.4895833333333333 0.5625 0.4756944444444444 0.5625 0.4652777777777778 0.560546875 0.4618055555555556 0.556640625 0.4722222222222222 0.546875 0.4722222222222222 0.544921875 0.46875 0.546875 0.4583333333333333 0.55078125 0.4548611111111111 0.55078125 0.4270833333333333 0.548828125 0.4236111111111111 0.548828125 0.4097222222222222 0.546875 0.40625 0.546875 0.3888888888888889 0.5546875 0.375 0.560546875 0.375
2 0.51171875 0.3715277777777778 0.515625 0.375 0.521484375 0.3958333333333333 0.521484375 0.40625 0.529296875 0.4236111111111111 0.53125 0.4479166666666667 0.525390625 0.4722222222222222 0.525390625 0.4861111111111111 0.529296875 0.4930555555555556 0.537109375 0.5 0.541015625 0.5 0.544921875 0.5069444444444444 0.55078125 0.5104166666666666 0.556640625 0.5208333333333334 0.560546875 0.5381944444444444 0.560546875 0.5590277777777778 0.564453125 0.5729166666666666 0.572265625 0.5798611111111112 0.57421875 0.5868055555555556 0.572265625 0.5902777777777778 0.560546875 0.5902777777777778 0.5546875 0.5833333333333334 0.5546875 0.5729166666666666 0.552734375 0.5694444444444444 0.548828125 0.5416666666666666 0.544921875 0.53125 0.5234375 0.53125 0.51953125 0.5381944444444444 0.51953125 0.5659722222222222 0.517578125 0.5729166666666666 0.50390625 0.5729166666666666 0.501953125 0.5763888888888888 0.49609375 0.5763888888888888 0.486328125 0.59375 0.482421875 0.5902777777777778 0.482421875 0.5798611111111112 0.484375 0.5729166666666666 0.490234375 0.5590277777777778 0.494140625 0.5555555555555556 0.5 0.5555555555555556 0.50390625 0.5486111111111112 0.50390625 0.5416666666666666 0.5 0.5347222222222222 0.5 0.5208333333333334 0.49609375 0.5069444444444444 0.49609375 0.4861111111111111 0.484375 0.46875 0.484375 0.4513888888888889 0.48828125 0.4409722222222222 0.490234375 0.4166666666666667 0.5 0.4097222222222222 0.501953125 0.3819444444444444 0.50390625 0.375 0.509765625 0.3715277777777778
2 0.1875 0.21875 0.197265625 0.2326388888888889 0.19921875 0.2465277777777778 0.205078125 0.2673611111111111 0.208984375 0.2743055555555556 0.228515625 0.2743055555555556 0.23046875 0.2708333333333333 0.234375 0.2708333333333333 0.2421875 0.25 0.24609375 0.25 0.24609375 0.2604166666666667 0.244140625 0.2673611111111111 0.236328125 0.28125 0.232421875 0.28125 0.228515625 0.2881944444444444 0.224609375 0.2881944444444444 0.22265625 0.2916666666666667 0.208984375 0.2916666666666667 0.20703125 0.2881944444444444 0.201171875 0.2951388888888889 0.201171875 0.3090277777777778 0.19921875 0.3125 0.201171875 0.3541666666666667 0.20703125 0.375 0.208984375 0.40625 0.2109375 0.4097222222222222 0.20703125 0.4270833333333333 0.205078125 0.4548611111111111 0.201171875 0.4652777777777778 0.201171875 0.4756944444444444 0.20703125 0.4861111111111111 0.208984375 0.4930555555555556 0.208984375 0.5034722222222222 0.203125 0.5034722222222222 0.19140625 0.4895833333333333 0.189453125 0.4826388888888889 0.193359375 0.46875 0.193359375 0.4444444444444444 0.1953125 0.4409722222222222 0.1953125 0.4166666666666667 0.19140625 0.4131944444444444 0.189453125 0.4166666666666667 0.189453125 0.4270833333333333 0.185546875 0.4375 0.185546875 0.4583333333333333 0.18359375 0.4618055555555556 0.18359375 0.5 0.189453125 0.5208333333333334 0.189453125 0.53125 0.18359375 0.53125 0.177734375 0.5173611111111112 0.177734375 0.4965277777777778 0.17578125 0.4930555555555556 0.17578125 0.4791666666666667 0.173828125 0.4756944444444444 0.173828125 0.4409722222222222 0.17578125 0.4340277777777778 0.173828125 0.4305555555555556 0.173828125 0.4097222222222222 0.171875 0.40625 0.171875 0.3888888888888889 0.169921875 0.3854166666666667 0.169921875 0.34375 0.16796875 0.3402777777777778 0.16796875 0.3159722222222222 0.166015625 0.3125 0.166015625 0.2986111111111111 0.16015625 0.2847222222222222 0.1640625 0.2604166666666667 0.171875 0.2465277777777778 0.171875 0.2361111111111111 0.173828125 0.22916666666666666 0.177734375 0.2222222222222222 0.185546875 0.21875