0 0.052734375 0.1736111111111111 0.060546875 0.1736111111111111 0.06640625 0.1875 0.06640625 0.2013888888888889 0.0625 0.20833333333333334 0.056640625 0.20833333333333334 0.05078125 0.19444444444444445 0.05078125 0.18055555555555555 0.052734375 0.17708333333333334
0 0.3046875 0.2534722222222222 0.30859375 0.2604166666666667 0.30859375 0.2673611111111111 0.302734375 0.2777777777777778 0.302734375 0.28125 0.296875 0.28125 0.291015625 0.2673611111111111 0.291015625 0.2569444444444444 0.29296875 0.2534722222222222 0.302734375 0.2534722222222222
0 0.337890625 0.2638888888888889 0.337890625 0.2708333333333333 0.333984375 0.2777777777777778 0.333984375 0.2847222222222222 0.33203125 0.2881944444444444 0.322265625 0.2881944444444444 0.31640625 0.2777777777777778 0.31640625 0.2708333333333333 0.322265625 0.2638888888888889 0.3359375 0.2638888888888889
0 0.453125 0.23750000000000002 0.014583333333333334 0.041666666666666664
0 0.484375 0.2361111111111111 0.48828125 0.2465277777777778 0.48828125 0.2604166666666667 0.486328125 0.2673611111111111 0.48046875 0.2743055555555556 0.47265625 0.2743055555555556 0.470703125 0.2534722222222222 0.47265625 0.25 0.47265625 0.24305555555555555 0.4765625 0.2361111111111111 0.482421875 0.2361111111111111
0 0.458984375 0.11458333333333333 0.462890625 0.11458333333333333 0.470703125 0.125 0.46875 0.14930555555555555 0.466796875 0.1527777777777778 0.4609375 0.1527777777777778 0.45703125 0.14583333333333334 0.45703125 0.12152777777777778 0.458984375 0.11805555555555555
0 0.251953125 0.3125 0.26171875 0.3125 0.26953125 0.3298611111111111 0.267578125 0.34375 0.263671875 0.3506944444444444 0.2578125 0.3506944444444444 0.251953125 0.3368055555555556 0.248046875 0.3333333333333333 0.24609375 0.3368055555555556 0.244140625 0.3333333333333333 0.244140625 0.3298611111111111 0.248046875 0.3263888888888889 0.251953125 0.3159722222222222
0 0.1875 0.4375 0.1875 0.4236111111111111 0.19140625 0.4166666666666667 0.201171875 0.4166666666666667 0.205078125 0.4236111111111111 0.205078125 0.4479166666666667 0.19921875 0.4479166666666667 0.189453125 0.4375
0 0.236328125 0.4305555555555556 0.23828125 0.4375 0.23828125 0.4513888888888889 0.236328125 0.4548611111111111 0.21875 0.4479166666666667 0.220703125 0.4409722222222222 0.220703125 0.4305555555555556 0.22265625 0.4270833333333333 0.232421875 0.4270833333333333 0.234375 0.4305555555555556
0 0.328125 0.4583333333333333 0.333984375 0.46875 0.333984375 0.4791666666666667 0.330078125 0.4965277777777778 0.326171875 0.4965277777777778 0.326171875 0.4930555555555556 0.3203125 0.4826388888888889 0.3203125 0.4618055555555556 0.326171875 0.4583333333333333
0 0.3424479166666667 0.47777777777777775 0.0203125 0.03333333333333333
0 0.404296875 0.375 0.404296875 0.3645833333333333 0.40234375 0.3611111111111111 0.40234375 0.3402777777777778 0.408203125 0.3333333333333333 0.41015625 0.3333333333333333 0.4140625 0.34375 0.416015625 0.3680555555555556 0.41796875 0.3715277777777778 0.408203125 0.3784722222222222 0.40625 0.375
0 0.439453125 0.3090277777777778 0.443359375 0.3125 0.447265625 0.3263888888888889 0.447265625 0.3368055555555556 0.4453125 0.34375 0.431640625 0.34375 0.427734375 0.3333333333333333 0.427734375 0.3229166666666667 0.4296875 0.3159722222222222 0.4375 0.3090277777777778
0 0.45703125 0.3333333333333333 0.46484375 0.3333333333333333 0.470703125 0.34375 0.470703125 0.3472222222222222 0.474609375 0.3506944444444444 0.474609375 0.3576388888888889 0.46875 0.3645833333333333 0.462890625 0.3645833333333333 0.455078125 0.3541666666666667 0.455078125 0.3402777777777778 0.45703125 0.3368055555555556
0 0.50390625 0.3993055555555556 0.513671875 0.3923611111111111 0.51953125 0.3923611111111111 0.521484375 0.3958333333333333 0.521484375 0.4097222222222222 0.5234375 0.4131944444444444 0.5234375 0.4201388888888889 0.515625 0.4340277777777778 0.51171875 0.4375 0.50390625 0.4375 0.5 0.4340277777777778 0.501953125 0.40625 0.50390625 0.4027777777777778
0 0.599609375 0.3888888888888889 0.603515625 0.3888888888888889 0.609375 0.3819444444444444 0.619140625 0.3819444444444444 0.62109375 0.3854166666666667 0.6171875 0.3958333333333333 0.619140625 0.4097222222222222 0.609375 0.4236111111111111 0.599609375 0.4236111111111111 0.595703125 0.4201388888888889 0.595703125 0.40625 0.599609375 0.3923611111111111
0 0.78125 0.1840277777777778 0.787109375 0.1909722222222222 0.787109375 0.2048611111111111 0.78125 0.21180555555555555 0.763671875 0.21180555555555555 0.76171875 0.20833333333333334 0.76171875 0.19791666666666666 0.765625 0.1875 0.76953125 0.1840277777777778 0.779296875 0.1840277777777778
0 0.7645833333333333 0.41574074074074074 0.029166666666666667 0.03888888888888889
1 0.7578125 0.2152777777777778 0.76171875 0.21180555555555555 0.779296875 0.21180555555555555 0.783203125 0.2152777777777778 0.783203125 0.2569444444444444 0.779296875 0.2638888888888889 0.77734375 0.2743055555555556 0.76171875 0.2743055555555556 0.759765625 0.2777777777777778 0.755859375 0.2708333333333333 0.755859375 0.2638888888888889 0.751953125 0.25 0.751953125 0.2326388888888889 0.7578125 0.21875
1 0.349609375 0.4861111111111111 0.36328125 0.5 0.36328125 0.53125 0.369140625 0.5520833333333334 0.369140625 0.5590277777777778 0.365234375 0.5625 0.361328125 0.5590277777777778 0.357421875 0.5625 0.349609375 0.5625 0.33984375 0.5381944444444444 0.330078125 0.5208333333333334 0.32421875 0.5208333333333334 0.330078125 0.4930555555555556 0.333984375 0.4895833333333333 0.33984375 0.4895833333333333 0.341796875 0.4861111111111111 0.34765625 0.4861111111111111
1 0.623046875 0.4097222222222222 0.626953125 0.4201388888888889 0.62890625 0.4444444444444444 0.6328125 0.4583333333333333 0.6328125 0.46875 0.630859375 0.4722222222222222 0.62109375 0.4722222222222222 0.6171875 0.4652777777777778 0.603515625 0.4618055555555556 0.59765625 0.4479166666666667 0.59765625 0.4375 0.595703125 0.4340277777777778 0.595703125 0.4201388888888889 0.59765625 0.4166666666666667 0.6015625 0.4201388888888889 0.607421875 0.4201388888888889 0.615234375 0.4097222222222222 0.62109375 0.4097222222222222
1 0.240234375 0.3402777777777778 0.244140625 0.3368055555555556 0.25 0.3368055555555556 0.25390625 0.34375 0.259765625 0.3472222222222222 0.263671875 0.3541666666666667 0.263671875 0.3680555555555556 0.265625 0.3715277777777778 0.265625 0.3854166666666667 0.26171875 0.3854166666666667 0.255859375 0.3923611111111111 0.2421875 0.3923611111111111 0.232421875 0.3854166666666667 0.232421875 0.3715277777777778 0.23828125 0.3611111111111111 0.23828125 0.3472222222222222 0.240234375 0.34375
1 0.49609375 0.2569444444444444 0.5 0.2638888888888889 0.5 0.2708333333333333 0.501953125 0.2743055555555556 0.498046875 0.2881944444444444 0.501953125 0.2986111111111111 0.501953125 0.3090277777777778 0.498046875 0.3159722222222222 0.4921875 0.3159722222222222 0.490234375 0.3194444444444444 0.474609375 0.3055555555555556 0.46875 0.2951388888888889 0.466796875 0.2777777777777778 0.470703125 0.2638888888888889 0.484375 0.2638888888888889 0.490234375 0.2534722222222222 0.494140625 0.2569444444444444
1 0.193359375 0.4409722222222222 0.197265625 0.4513888888888889 0.197265625 0.46875 0.193359375 0.4756944444444444 0.18359375 0.4826388888888889 0.18359375 0.4930555555555556 0.1796875 0.5034722222222222 0.169921875 0.5034722222222222 0.162109375 0.4965277777777778 0.162109375 0.4895833333333333 0.169921875 0.4722222222222222 0.173828125 0.4583333333333333 0.173828125 0.4513888888888889 0.1796875 0.4375 0.189453125 0.4375 0.19140625 0.4409722222222222
1 0.294921875 0.2777777777777778 0.294921875 0.28125 0.298828125 0.2847222222222222 0.3046875 0.2986111111111111 0.3046875 0.3055555555555556 0.302734375 0.3090277777777778 0.3046875 0.3194444444444444 0.298828125 0.3263888888888889 0.29296875 0.3263888888888889 0.279296875 0.3368055555555556 0.27734375 0.3333333333333333 0.2734375 0.3333333333333333 0.279296875 0.3333333333333333 0.283203125 0.3194444444444444 0.28125 0.3125 0.2734375 0.3020833333333333 0.2734375 0.2951388888888889 0.275390625 0.2881944444444444 0.27734375 0.2881944444444444 0.28515625 0.2743055555555556 0.291015625 0.2743055555555556 0.29296875 0.2777777777777778
1 0.755859375 0.4166666666666667 0.76171875 0.4236111111111111 0.775390625 0.4236111111111111 0.779296875 0.4270833333333333 0.779296875 0.4340277777777778 0.78515625 0.4444444444444444 0.78515625 0.4513888888888889 0.7890625 0.4652777777777778 0.787109375 0.4722222222222222 0.783203125 0.4756944444444444 0.765625 0.4756944444444444 0.76171875 0.4722222222222222 0.76171875 0.4548611111111111 0.75390625 0.4444444444444444 0.75390625 0.4375 0.751953125 0.4340277777777778 0.751953125 0.4236111111111111 0.75390625 0.4201388888888889
1 0.33203125 0.5277777777777778 0.33203125 0.53125 0.328125 0.5347222222222222 0.32421875 0.53125 0.318359375 0.5381944444444444 0.3046875 0.5451388888888888 0.30078125 0.5520833333333334 0.294921875 0.5555555555555556 0.29296875 0.5208333333333334 0.30078125 0.5 0.306640625 0.4895833333333333 0.314453125 0.4826388888888889 0.3203125 0.4826388888888889 0.32421875 0.4895833333333333 0.326171875 0.5034722222222222 0.322265625 0.5138888888888888 0.322265625 0.5208333333333334 0.326171875 0.5277777777777778 0.330078125 0.5277777777777778
1 0.501953125 0.4201388888888889 0.505859375 0.4270833333333333 0.515625 0.4270833333333333 0.5234375 0.4166666666666667 0.529296875 0.4166666666666667 0.533203125 0.4201388888888889 0.53515625 0.4270833333333333 0.533203125 0.4513888888888889 0.5390625 0.4652777777777778 0.5390625 0.4826388888888889 0.533203125 0.4895833333333333 0.52734375 0.4895833333333333 0.525390625 0.4930555555555556 0.517578125 0.4930555555555556 0.513671875 0.4965277777777778 0.51171875 0.4930555555555556 0.51171875 0.4861111111111111 0.5078125 0.4791666666666667 0.5078125 0.4722222222222222 0.50390625 0.4652777777777778 0.5 0.4652777777777778 0.498046875 0.46875 0.494140625 0.4652777777777778 0.494140625 0.4479166666666667 0.498046875 0.4375 0.498046875 0.4270833333333333 0.5 0.4236111111111111
1 0.19921875 0.5173611111111112 0.19921875 0.4930555555555556 0.205078125 0.4756944444444444 0.205078125 0.4652777777777778 0.2109375 0.4479166666666667 0.228515625 0.4548611111111111 0.234375 0.46875 0.234375 0.4826388888888889 0.224609375 0.4965277777777778 0.22265625 0.5104166666666666 0.21875 0.5173611111111112 0.21484375 0.5208333333333334 0.201171875 0.5173611111111112
1 0.439453125 0.24305555555555555 0.451171875 0.2569444444444444 0.45703125 0.2569444444444444 0.458984375 0.28125 0.455078125 0.2881944444444444 0.443359375 0.2916666666666667 0.435546875 0.2743055555555556 0.435546875 0.2638888888888889 0.43359375 0.2604166666666667 0.43359375 0.2534722222222222 0.435546875 0.2465277777777778 0.4375 0.2465277777777778
1 0.470703125 0.1388888888888889 0.47265625 0.14583333333333334 0.47265625 0.15625 0.470703125 0.16319444444444445 0.466796875 0.16666666666666666 0.466796875 0.1875 0.4609375 0.19444444444444445 0.4453125 0.19791666666666666 0.439453125 0.1875 0.439453125 0.17708333333333334 0.44140625 0.1736111111111111 0.443359375 0.14930555555555555 0.4453125 0.14583333333333334 0.44921875 0.1423611111111111 0.455078125 0.1423611111111111 0.458984375 0.14930555555555555 0.46484375 0.14930555555555555 0.466796875 0.1423611111111111 0.46875 0.1423611111111111
1 0.361328125 0.2881944444444444 0.373046875 0.3055555555555556 0.373046875 0.3298611111111111 0.365234375 0.3298611111111111 0.36328125 0.3368055555555556 0.353515625 0.3506944444444444 0.341796875 0.34375 0.33984375 0.3368055555555556 0.33984375 0.3229166666666667 0.34375 0.3194444444444444 0.3359375 0.3055555555555556 0.3359375 0.2986111111111111 0.337890625 0.2916666666666667 0.349609375 0.28125 0.35546875 0.28125 0.359375 0.2881944444444444
1 0.0546875 0.2013888888888889 0.056640625 0.2048611111111111 0.06640625 0.2048611111111111 0.06640625 0.20833333333333334 0.05859375 0.22569444444444445 0.0546875 0.22569444444444445 0.048828125 0.2361111111111111 0.03515625 0.2326388888888889 0.033203125 0.22569444444444445 0.037109375 0.2152777777777778 0.037109375 0.2048611111111111 0.041015625 0.19791666666666666 0.048828125 0.19444444444444445 0.052734375 0.2013888888888889
1 0.44921875 0.4270833333333333 0.447265625 0.3993055555555556 0.451171875 0.3854166666666667 0.44921875 0.3784722222222222 0.44921875 0.3680555555555556 0.453125 0.3611111111111111 0.466796875 0.3611111111111111 0.46875 0.3645833333333333 0.47265625 0.3645833333333333 0.4765625 0.3715277777777778 0.478515625 0.3854166666666667 0.4765625 0.3888888888888889 0.4765625 0.4027777777777778 0.47265625 0.4131944444444444 0.47265625 0.4236111111111111 0.470703125 0.4270833333333333 0.451171875 0.4270833333333333
1 0.421875 0.3541666666666667 0.423828125 0.3541666666666667 0.4296875 0.3402777777777778 0.443359375 0.3402777777777778 0.447265625 0.3472222222222222 0.447265625 0.3576388888888889 0.443359375 0.3645833333333333 0.443359375 0.3958333333333333 0.44140625 0.3993055555555556 0.439453125 0.4201388888888889 0.431640625 0.4201388888888889 0.423828125 0.4131944444444444 0.412109375 0.4131944444444444 0.4140625 0.40625 0.4140625 0.3958333333333333 0.421875 0.3680555555555556 0.421875 0.3576388888888889
1 0.400390625 0.34375 0.400390625 0.3506944444444444 0.40234375 0.3541666666666667 0.40234375 0.3784722222222222 0.404296875 0.3819444444444444 0.4140625 0.3819444444444444 0.416015625 0.3854166666666667 0.412109375 0.3854166666666667 0.404296875 0.3993055555555556 0.384765625 0.3958333333333333 0.384765625 0.3923611111111111 0.38671875 0.3923611111111111 0.390625 0.3819444444444444 0.388671875 0.3611111111111111 0.384765625 0.3506944444444444 0.384765625 0.34375 0.38671875 0.3402777777777778 0.396484375 0.3402777777777778 0.3984375 0.34375
2 0.7578125 0.2152777777777778 0.759765625 0.2152777777777778 0.767578125 0.2013888888888889 0.76953125 0.1909722222222222 0.7734375 0.1840277777777778 0.779296875 0.1840277777777778 0.783203125 0.1909722222222222 0.783203125 0.2152777777777778 0.78515625 0.21875 0.78515625 0.2361111111111111 0.783203125 0.24305555555555555 0.78515625 0.2465277777777778 0.78515625 0.2638888888888889 0.78125 0.2708333333333333 0.78125 0.2777777777777778 0.779296875 0.28125 0.779296875 0.3055555555555556 0.78515625 0.3159722222222222 0.78515625 0.3298611111111111 0.787109375 0.3333333333333333 0.787109375 0.3402777777777778 0.791015625 0.3472222222222222 0.791015625 0.3541666666666667 0.794921875 0.3645833333333333 0.802734375 0.375 0.80078125 0.3819444444444444 0.794921875 0.3819444444444444 0.79296875 0.3854166666666667 0.787109375 0.3854166666666667 0.78125 0.375 0.78125 0.3333333333333333 0.77734375 0.3263888888888889 0.771484375 0.3263888888888889 0.76171875 0.3402777777777778 0.7578125 0.3402777777777778 0.751953125 0.3472222222222222 0.755859375 0.3298611111111111 0.755859375 0.2673611111111111 0.751953125 0.2534722222222222 0.751953125 0.2326388888888889 0.7578125 0.21875
2 0.333984375 0.4652777777777778 0.345703125 0.4652777777777778 0.349609375 0.4722222222222222 0.349609375 0.4791666666666667 0.365234375 0.5034722222222222 0.365234375 0.5104166666666666 0.3671875 0.5138888888888888 0.365234375 0.5173611111111112 0.365234375 0.53125 0.37109375 0.5520833333333334 0.376953125 0.5590277777777778 0.380859375 0.5694444444444444 0.380859375 0.5868055555555556 0.390625 0.6041666666666666 0.396484375 0.6076388888888888 0.40234375 0.6180555555555556 0.404296875 0.6284722222222222 0.41015625 0.6423611111111112 0.41015625 0.6493055555555556 0.404296875 0.6493055555555556 0.390625 0.6215277777777778 0.37890625 0.6076388888888888 0.375 0.6076388888888888 0.369140625 0.6006944444444444 0.36328125 0.6006944444444444 0.359375 0.6145833333333334 0.359375 0.6284722222222222 0.361328125 0.6319444444444444 0.359375 0.65625 0.361328125 0.6631944444444444 0.3671875 0.6701388888888888 0.3671875 0.6736111111111112 0.36328125 0.6840277777777778 0.357421875 0.6840277777777778 0.35546875 0.6805555555555556 0.359375 0.6701388888888888 0.359375 0.6631944444444444 0.357421875 0.6597222222222222 0.359375 0.65625 0.345703125 0.6284722222222222 0.345703125 0.6076388888888888 0.34765625 0.6041666666666666 0.349609375 0.5659722222222222 0.33984375 0.5381944444444444 0.33203125 0.5243055555555556 0.32421875 0.5208333333333334 0.328125 0.5069444444444444 0.328125 0.4826388888888889 0.333984375 0.46875
2 0.060546875 0.1736111111111111 0.064453125 0.17708333333333334 0.06640625 0.1840277777777778 0.06640625 0.19791666666666666 0.0703125 0.2048611111111111 0.0703125 0.2152777777777778 0.05859375 0.24305555555555555 0.0625 0.25 0.068359375 0.2708333333333333 0.068359375 0.28125 0.07421875 0.3020833333333333 0.07421875 0.3194444444444444 0.08203125 0.3333333333333333 0.08203125 0.3368055555555556 0.07421875 0.3368055555555556 0.068359375 0.3263888888888889 0.0703125 0.3229166666666667 0.068359375 0.3194444444444444 0.068359375 0.3125 0.064453125 0.3055555555555556 0.060546875 0.3055555555555556 0.0546875 0.3125 0.046875 0.3125 0.044921875 0.3090277777777778 0.041015625 0.3125 0.037109375 0.3090277777777778 0.033203125 0.2986111111111111 0.033203125 0.2881944444444444 0.03125 0.2847222222222222 0.03125 0.2604166666666667 0.029296875 0.2569444444444444 0.029296875 0.2326388888888889 0.03515625 0.2222222222222222 0.037109375 0.2152777777777778 0.037109375 0.2048611111111111 0.05078125 0.1875 0.05078125 0.17708333333333334 0.052734375 0.1736111111111111 0.05859375 0.1736111111111111
2 0.6171875 0.3819444444444444 0.619140625 0.3854166666666667 0.619140625 0.3993055555555556 0.626953125 0.4201388888888889 0.626953125 0.4270833333333333 0.6328125 0.4513888888888889 0.6328125 0.4618055555555556 0.634765625 0.4652777777777778 0.634765625 0.5208333333333334 0.630859375 0.5381944444444444 0.625 0.5451388888888888 0.626953125 0.5798611111111112 0.623046875 0.5833333333333334 0.6171875 0.5833333333333334 0.6171875 0.5555555555555556 0.609375 0.5347222222222222 0.609375 0.5243055555555556 0.607421875 0.5208333333333334 0.607421875 0.5 0.60546875 0.4965277777777778 0.60546875 0.4791666666666667 0.603515625 0.4756944444444444 0.603515625 0.46875 0.59765625 0.4548611111111111 0.59765625 0.4444444444444444 0.595703125 0.4409722222222222 0.595703125 0.40625 0.59765625 0.4027777777777778 0.59765625 0.3923611111111111 0.6015625 0.3854166666666667 0.615234375 0.3819444444444444
2 0.1640625 0.5694444444444444 0.16796875 0.5659722222222222 0.169921875 0.5590277777777778 0.169921875 0.5486111111111112 0.16796875 0.5416666666666666 0.158203125 0.5277777777777778 0.15625 0.5208333333333334 0.15625 0.5034722222222222 0.16015625 0.4965277777777778 0.162109375 0.4861111111111111 0.171875 0.46875 0.171875 0.4583333333333333 0.17578125 0.4444444444444444 0.185546875 0.4305555555555556 0.189453125 0.4166666666666667 0.203125 0.4166666666666667 0.20703125 0.4236111111111111 0.20703125 0.4340277777777778 0.201171875 0.4444444444444444 0.197265625 0.4618055555555556 0.197265625 0.4930555555555556 0.19140625 0.5 0.189453125 0.5381944444444444 0.1796875 0.5729166666666666 0.16796875 0.59375 0.16796875 0.6006944444444444 0.16015625 0.6006944444444444 0.158203125 0.5972222222222222 0.158203125 0.5833333333333334 0.1640625 0.5729166666666666
2 0.302734375 0.2534722222222222 0.30859375 0.2638888888888889 0.30859375 0.28125 0.306640625 0.2847222222222222 0.306640625 0.3159722222222222 0.3046875 0.3194444444444444 0.3046875 0.3263888888888889 0.30078125 0.3298611111111111 0.291015625 0.3298611111111111 0.283203125 0.3402777777777778 0.287109375 0.3576388888888889 0.291015625 0.3645833333333333 0.291015625 0.3715277777777778 0.2890625 0.3784722222222222 0.28515625 0.3819444444444444 0.279296875 0.4097222222222222 0.265625 0.40625 0.265625 0.4027777777777778 0.27734375 0.3854166666666667 0.27734375 0.375 0.267578125 0.3541666666666667 0.26953125 0.3298611111111111 0.265625 0.3229166666666667 0.26171875 0.3229166666666667 0.259765625 0.3159722222222222 0.263671875 0.3090277777777778 0.26953125 0.3055555555555556 0.2734375 0.2916666666666667 0.279296875 0.2847222222222222 0.294921875 0.2534722222222222 0.30078125 0.2534722222222222
2 0.767578125 0.3958333333333333 0.771484375 0.3993055555555556 0.771484375 0.4131944444444444 0.7734375 0.4201388888888889 0.779296875 0.4270833333333333 0.779296875 0.4340277777777778 0.78515625 0.4444444444444444 0.78515625 0.4513888888888889 0.791015625 0.4652777777777778 0.79296875 0.4861111111111111 0.794921875 0.4895833333333333 0.794921875 0.4965277777777778 0.798828125 0.5104166666666666 0.798828125 0.5208333333333334 0.80078125 0.5243055555555556 0.80078125 0.5520833333333334 0.796875 0.5520833333333334 0.79296875 0.5451388888888888 0.79296875 0.5381944444444444 0.791015625 0.5347222222222222 0.7890625 0.5347222222222222 0.783203125 0.5451388888888888 0.779296875 0.5451388888888888 0.77734375 0.5416666666666666 0.779296875 0.5104166666666666 0.77734375 0.5069444444444444 0.7734375 0.5069444444444444 0.76953125 0.5173611111111112 0.763671875 0.5173611111111112 0.76171875 0.5138888888888888 0.76171875 0.4791666666666667 0.75 0.4652777777777778 0.75 0.4548611111111111 0.75390625 0.4479166666666667 0.75390625 0.4375 0.751953125 0.4340277777777778 0.75390625 0.4097222222222222 0.759765625 0.3958333333333333 0.765625 0.3958333333333333
2 0.33203125 0.4618055555555556 0.333984375 0.46875 0.326171875 0.4861111111111111 0.326171875 0.5034722222222222 0.322265625 0.5138888888888888 0.322265625 0.5208333333333334 0.326171875 0.5277777777777778 0.33203125 0.5277777777777778 0.3359375 0.5381944444444444 0.3359375 0.5555555555555556 0.33203125 0.5659722222222222 0.33203125 0.5798611111111112 0.326171875 0.6076388888888888 0.326171875 0.6145833333333334 0.328125 0.6180555555555556 0.326171875 0.625 0.3203125 0.625 0.31640625 0.6145833333333334 0.3125 0.6111111111111112 0.3125 0.6041666666666666 0.310546875 0.6006944444444444 0.30859375 0.6076388888888888 0.302734375 0.6076388888888888 0.30078125 0.6041666666666666 0.296875 0.5902777777777778 0.296875 0.5625 0.29296875 0.5486111111111112 0.29296875 0.5208333333333334 0.294921875 0.5138888888888888 0.30078125 0.5069444444444444 0.30078125 0.5 0.306640625 0.4895833333333333 0.314453125 0.4826388888888889 0.318359375 0.4826388888888889 0.322265625 0.4722222222222222 0.322265625 0.4652777777777778 0.32421875 0.4618055555555556 0.330078125 0.4618055555555556
2 0.53125 0.4166666666666667 0.53515625 0.4236111111111111 0.53515625 0.4513888888888889 0.541015625 0.4652777777777778 0.541015625 0.4895833333333333 0.54296875 0.4930555555555556 0.544921875 0.5173611111111112 0.546875 0.5208333333333334 0.546875 0.5277777777777778 0.55078125 0.5347222222222222 0.55078125 0.5451388888888888 0.556640625 0.5659722222222222 0.556640625 0.5868055555555556 0.548828125 0.5868055555555556 0.546875 0.5798611111111112 0.548828125 0.5763888888888888 0.546875 0.5590277777777778 0.541015625 0.5486111111111112 0.5390625 0.5486111111111112 0.5390625 0.5451388888888888 0.533203125 0.5347222222222222 0.529296875 0.5451388888888888 0.5234375 0.5520833333333334 0.51953125 0.5520833333333334 0.51171875 0.53125 0.51171875 0.5104166666666666 0.509765625 0.5069444444444444 0.509765625 0.5 0.505859375 0.4930555555555556 0.50390625 0.4965277777777778 0.498046875 0.4965277777777778 0.49609375 0.4895833333333333 0.498046875 0.4791666666666667 0.494140625 0.4722222222222222 0.494140625 0.4479166666666667 0.498046875 0.4375 0.498046875 0.4270833333333333 0.501953125 0.4166666666666667 0.501953125 0.40625 0.50390625 0.3993055555555556 0.5078125 0.3923611111111111 0.51953125 0.3958333333333333 0.521484375 0.3993055555555556 0.521484375 0.4097222222222222 0.525390625 0.4166666666666667 0.529296875 0.4166666666666667
2 0.1953125 0.5 0.201171875 0.4861111111111111 0.201171875 0.4722222222222222 0.205078125 0.4583333333333333 0.205078125 0.4479166666666667 0.208984375 0.4375 0.21875 0.4375 0.2265625 0.4270833333333333 0.228515625 0.4270833333333333 0.234375 0.4375 0.236328125 0.4444444444444444 0.234375 0.4513888888888889 0.236328125 0.4826388888888889 0.224609375 0.5 0.224609375 0.5104166666666666 0.23046875 0.53125 0.232421875 0.59375 0.23828125 0.6145833333333334 0.236328125 0.6180555555555556 0.2265625 0.6180555555555556 0.224609375 0.6111111111111112 0.224609375 0.6041666666666666 0.2265625 0.6006944444444444 0.224609375 0.59375 0.2265625 0.5868055555555556 0.224609375 0.5798611111111112 0.224609375 0.5590277777777778 0.21484375 0.5381944444444444 0.208984375 0.5381944444444444 0.19921875 0.5555555555555556 0.19921875 0.5625 0.18359375 0.59375 0.181640625 0.6145833333333334 0.1796875 0.6180555555555556 0.171875 0.6180555555555556 0.171875 0.6041666666666666 0.185546875 0.5555555555555556 0.19140625 0.5451388888888888 0.197265625 0.5034722222222222
2 0.455078125 0.2222222222222222 0.45703125 0.22916666666666666 0.45703125 0.2465277777777778 0.458984375 0.25 0.458984375 0.2708333333333333 0.4609375 0.2743055555555556 0.462890625 0.2951388888888889 0.45703125 0.3055555555555556 0.45703125 0.3298611111111111 0.453125 0.3402777777777778 0.4453125 0.3402777777777778 0.443359375 0.3368055555555556 0.443359375 0.3298611111111111 0.4453125 0.3263888888888889 0.443359375 0.2951388888888889 0.4375 0.28125 0.43359375 0.2638888888888889 0.43359375 0.25 0.4453125 0.2361111111111111 0.4453125 0.22916666666666666 0.44921875 0.21875 0.453125 0.2222222222222222
2 0.4609375 0.11458333333333333 0.466796875 0.12152777777777778 0.466796875 0.1284722222222222 0.470703125 0.13541666666666666 0.470703125 0.1423611111111111 0.47265625 0.14583333333333334 0.47265625 0.15625 0.466796875 0.1736111111111111 0.466796875 0.18055555555555555 0.474609375 0.2152777777777778 0.474609375 0.23958333333333334 0.46484375 0.2569444444444444 0.4609375 0.2569444444444444 0.45703125 0.22569444444444445 0.451171875 0.2152777777777778 0.44921875 0.2048611111111111 0.4375 0.1875 0.4375 0.17708333333333334 0.443359375 0.16319444444444445 0.443359375 0.14930555555555555 0.451171875 0.1423611111111111 0.45703125 0.13194444444444445 0.45703125 0.11805555555555555 0.458984375 0.11805555555555555
2 0.259765625 0.3263888888888889 0.267578125 0.3333333333333333 0.265625 0.3402777777777778 0.265625 0.3541666666666667 0.275390625 0.3784722222222222 0.275390625 0.3819444444444444 0.26171875 0.4027777777777778 0.267578125 0.4305555555555556 0.265625 0.4548611111111111 0.26171875 0.4722222222222222 0.26171875 0.4895833333333333 0.255859375 0.4895833333333333 0.244140625 0.4722222222222222 0.244140625 0.4618055555555556 0.240234375 0.4548611111111111 0.23828125 0.4409722222222222 0.23046875 0.4236111111111111 0.23046875 0.3715277777777778 0.23828125 0.3576388888888889 0.23828125 0.3472222222222222 0.240234375 0.3402777777777778 0.25390625 0.3125 0.255859375 0.3125 0.255859375 0.3229166666666667 0.2578125 0.3263888888888889
2 0.337890625 0.2673611111111111 0.34375 0.2743055555555556 0.353515625 0.2777777777777778 0.37109375 0.2986111111111111 0.373046875 0.3055555555555556 0.373046875 0.3611111111111111 0.375 0.3645833333333333 0.375 0.3784722222222222 0.37109375 0.3888888888888889 0.37109375 0.4097222222222222 0.369140625 0.4131944444444444 0.359375 0.4097222222222222 0.35546875 0.4027777777777778 0.35546875 0.3923611111111111 0.353515625 0.3888888888888889 0.3515625 0.3715277777777778 0.345703125 0.3611111111111111 0.333984375 0.3506944444444444 0.326171875 0.3333333333333333 0.33203125 0.3229166666666667 0.33203125 0.3194444444444444 0.328125 0.3159722222222222 0.33203125 0.3055555555555556 0.330078125 0.3020833333333333 0.330078125 0.2881944444444444 0.32421875 0.28125 0.330078125 0.2743055555555556 0.330078125 0.2673611111111111 0.33203125 0.2638888888888889 0.3359375 0.2673611111111111
2 0.27734375 0.3020833333333333 0.283203125 0.3090277777777778 0.283203125 0.3229166666666667 0.28515625 0.3263888888888889 0.283203125 0.3333333333333333 0.283203125 0.34375 0.291015625 0.3680555555555556 0.291015625 0.3715277777777778 0.28515625 0.3819444444444444 0.279296875 0.4097222222222222 0.267578125 0.4097222222222222 0.263671875 0.4027777777777778 0.263671875 0.3993055555555556 0.265625 0.3993055555555556 0.2734375 0.3819444444444444 0.2734375 0.375 0.263671875 0.3541666666666667 0.263671875 0.3333333333333333 0.26171875 0.3298611111111111 0.2578125 0.3298611111111111 0.255859375 0.3229166666666667 0.255859375 0.3125 0.2578125 0.3090277777777778 0.26171875 0.3090277777777778 0.26953125 0.3020833333333333 0.275390625 0.3020833333333333
2 0.49609375 0.2569444444444444 0.5 0.2638888888888889 0.505859375 0.2881944444444444 0.509765625 0.2951388888888889 0.509765625 0.3229166666666667 0.517578125 0.3402777777777778 0.51953125 0.3506944444444444 0.5390625 0.3784722222222222 0.541015625 0.3854166666666667 0.541015625 0.3993055555555556 0.53515625 0.3958333333333333 0.53125 0.3819444444444444 0.525390625 0.3715277777777778 0.521484375 0.3715277777777778 0.513671875 0.3645833333333333 0.50390625 0.3506944444444444 0.5 0.3611111111111111 0.505859375 0.3819444444444444 0.505859375 0.3888888888888889 0.50390625 0.3923611111111111 0.498046875 0.3923611111111111 0.4921875 0.3854166666666667 0.486328125 0.3715277777777778 0.484375 0.3645833333333333 0.484375 0.3506944444444444 0.482421875 0.3472222222222222 0.484375 0.3402777777777778 0.482421875 0.3159722222222222 0.46875 0.2951388888888889 0.46484375 0.28125 0.46484375 0.2673611111111111 0.478515625 0.23958333333333334 0.486328125 0.24305555555555555 0.494140625 0.2569444444444444
2 0.44140625 0.3159722222222222 0.443359375 0.3194444444444444 0.44140625 0.3402777777777778 0.447265625 0.3506944444444444 0.447265625 0.3541666666666667 0.44140625 0.3645833333333333 0.4375 0.3611111111111111 0.43359375 0.3645833333333333 0.43359375 0.4201388888888889 0.439453125 0.4305555555555556 0.439453125 0.4444444444444444 0.431640625 0.4583333333333333 0.431640625 0.4652777777777778 0.427734375 0.4722222222222222 0.42578125 0.4861111111111111 0.421875 0.4930555555555556 0.41796875 0.4826388888888889 0.4140625 0.4826388888888889 0.408203125 0.5034722222222222 0.40234375 0.5034722222222222 0.3984375 0.4930555555555556 0.404296875 0.4722222222222222 0.408203125 0.4652777777777778 0.408203125 0.4583333333333333 0.40625 0.4548611111111111 0.40625 0.4340277777777778 0.41015625 0.4166666666666667 0.41015625 0.3993055555555556 0.416015625 0.3819444444444444 0.4140625 0.3576388888888889 0.416015625 0.3576388888888889 0.41796875 0.3645833333333333 0.421875 0.3506944444444444 0.431640625 0.3368055555555556 0.431640625 0.3194444444444444 0.43359375 0.3159722222222222 0.439453125 0.3159722222222222
2 0.302734375 0.2534722222222222 0.306640625 0.2569444444444444 0.30859375 0.2638888888888889 0.306640625 0.3125 0.298828125 0.3298611111111111 0.287109375 0.3298611111111111 0.28515625 0.3333333333333333 0.283203125 0.3333333333333333 0.283203125 0.3263888888888889 0.28515625 0.3229166666666667 0.283203125 0.3090277777777778 0.279296875 0.3020833333333333 0.275390625 0.3020833333333333 0.2734375 0.2951388888888889 0.275390625 0.2881944444444444 0.279296875 0.2847222222222222 0.294921875 0.2534722222222222 0.30078125 0.2534722222222222
2 0.462890625 0.3333333333333333 0.470703125 0.34375 0.470703125 0.3576388888888889 0.478515625 0.3784722222222222 0.4765625 0.4027777777777778 0.47265625 0.4166666666666667 0.47265625 0.4305555555555556 0.474609375 0.4340277777777778 0.474609375 0.4444444444444444 0.478515625 0.4548611111111111 0.478515625 0.46875 0.48046875 0.4722222222222222 0.482421875 0.4895833333333333 0.486328125 0.4965277777777778 0.490234375 0.5173611111111112 0.484375 0.5173611111111112 0.48046875 0.5034722222222222 0.466796875 0.4756944444444444 0.466796875 0.4722222222222222 0.4609375 0.4652777777777778 0.45703125 0.4652777777777778 0.451171875 0.4791666666666667 0.4453125 0.4826388888888889 0.44140625 0.4895833333333333 0.439453125 0.4965277777777778 0.439453125 0.5069444444444444 0.4453125 0.5173611111111112 0.4453125 0.5243055555555556 0.43359375 0.5381944444444444 0.427734375 0.5381944444444444 0.4296875 0.5277777777777778 0.43359375 0.5208333333333334 0.43359375 0.5104166666666666 0.4296875 0.5069444444444444 0.4296875 0.4791666666666667 0.435546875 0.4548611111111111 0.44140625 0.4444444444444444 0.447265625 0.4270833333333333 0.447265625 0.4097222222222222 0.4453125 0.40625 0.4453125 0.3923611111111111 0.443359375 0.3888888888888889 0.4453125 0.3819444444444444 0.4453125 0.3715277777777778 0.44921875 0.3645833333333333 0.45703125 0.3368055555555556 0.4609375 0.3333333333333333