0 0.69140625 0.2013888888888889 0.693359375 0.2048611111111111 0.693359375 0.2152777777777778 0.68359375 0.2152777777777778 0.681640625 0.21180555555555555 0.681640625 0.2048611111111111 0.68359375 0.2013888888888889 0.689453125 0.2013888888888889
0 0.6328125 0.3784722222222222 0.63671875 0.3854166666666667 0.63671875 0.3923611111111111 0.638671875 0.3958333333333333 0.63671875 0.40625 0.625 0.40625 0.62109375 0.3958333333333333 0.623046875 0.3888888888888889 0.62890625 0.3784722222222222 0.630859375 0.3784722222222222
0 0.193359375 0.4652777777777778 0.1953125 0.46875 0.1953125 0.4791666666666667 0.193359375 0.4826388888888889 0.185546875 0.4826388888888889 0.18359375 0.4791666666666667 0.18359375 0.46875 0.185546875 0.4652777777777778 0.19140625 0.4652777777777778
0 0.4578125 0.40138888888888885 0.01875 0.025
0 0.564453125 0.22569444444444445 0.568359375 0.2326388888888889 0.568359375 0.23958333333333334 0.56640625 0.24305555555555555 0.560546875 0.24305555555555555 0.55859375 0.22916666666666666 0.5625 0.22569444444444445
1 0.4296875 0.4618055555555556 0.435546875 0.4409722222222222 0.44140625 0.4305555555555556 0.44140625 0.4201388888888889 0.4453125 0.4131944444444444 0.458984375 0.4131944444444444 0.4609375 0.4166666666666667 0.46484375 0.4166666666666667 0.46875 0.4236111111111111 0.46875 0.4340277777777778 0.466796875 0.4409722222222222 0.470703125 0.4479166666666667 0.470703125 0.4548611111111111 0.46484375 0.4583333333333333 0.458984375 0.46875 0.44921875 0.46875 0.439453125 0.4618055555555556 0.431640625 0.4618055555555556
1 0.759765625 0.3576388888888889 0.763671875 0.3611111111111111 0.763671875 0.3645833333333333 0.76953125 0.375 0.76953125 0.3854166666666667 0.771484375 0.3888888888888889 0.771484375 0.3993055555555556 0.76953125 0.4027777777777778 0.7421875 0.4027777777777778 0.73828125 0.3923611111111111 0.73828125 0.3715277777777778 0.740234375 0.3680555555555556 0.740234375 0.3611111111111111 0.75 0.3541666666666667 0.755859375 0.3541666666666667 0.7578125 0.3576388888888889
1 0.544921875 0.8298611111111112 0.546875 0.8333333333333334 0.55078125 0.8333333333333334 0.556640625 0.84375 0.5546875 0.8472222222222222 0.5546875 0.8715277777777778 0.5234375 0.8715277777777778 0.5234375 0.8645833333333334 0.525390625 0.8611111111111112 0.5234375 0.8402777777777778 0.529296875 0.8333333333333334 0.54296875 0.8298611111111112
1 0.19140625 0.4826388888888889 0.197265625 0.4895833333333333 0.197265625 0.5034722222222222 0.1953125 0.5069444444444444 0.197265625 0.5104166666666666 0.197265625 0.5277777777777778 0.189453125 0.5381944444444444 0.177734375 0.5347222222222222 0.17578125 0.53125 0.16796875 0.53125 0.16796875 0.5 0.169921875 0.4965277777777778 0.169921875 0.4861111111111111 0.177734375 0.4791666666666667 0.189453125 0.4826388888888889
1 0.693359375 0.21875 0.6953125 0.22569444444444445 0.693359375 0.2326388888888889 0.693359375 0.2673611111111111 0.689453125 0.2743055555555556 0.6875 0.2881944444444444 0.685546875 0.2881944444444444 0.68359375 0.2951388888888889 0.677734375 0.3020833333333333 0.673828125 0.2916666666666667 0.673828125 0.2673611111111111 0.671875 0.2638888888888889 0.671875 0.2534722222222222 0.67578125 0.23958333333333334 0.67578125 0.22916666666666666 0.677734375 0.2222222222222222 0.681640625 0.21875 0.69140625 0.21875
1 0.625 0.4027777777777778 0.626953125 0.40625 0.634765625 0.40625 0.63671875 0.4027777777777778 0.638671875 0.4097222222222222 0.638671875 0.4513888888888889 0.625 0.4513888888888889 0.623046875 0.4479166666666667 0.619140625 0.4479166666666667 0.6171875 0.4027777777777778 0.619140625 0.3993055555555556 0.623046875 0.4027777777777778
1 0.9453125 0.10069444444444445 0.94921875 0.09722222222222222 0.970703125 0.09722222222222222 0.97265625 0.10069444444444445 0.970703125 0.125 0.966796875 0.1388888888888889 0.951171875 0.1388888888888889 0.951171875 0.12152777777777778 0.947265625 0.11458333333333333 0.947265625 0.1076388888888889 0.9453125 0.10416666666666667
1 0.6328125 0.3819444444444444 0.638671875 0.4027777777777778 0.638671875 0.4618055555555556 0.63671875 0.4652777777777778 0.63671875 0.4756944444444444 0.62890625 0.4930555555555556 0.619140625 0.4930555555555556 0.615234375 0.4861111111111111 0.615234375 0.4791666666666667 0.6171875 0.4756944444444444 0.6171875 0.4548611111111111 0.619140625 0.4513888888888889 0.619140625 0.4270833333333333 0.6171875 0.4236111111111111 0.6171875 0.4027777777777778 0.61328125 0.3958333333333333 0.61328125 0.3888888888888889 0.625 0.3888888888888889 0.630859375 0.3819444444444444
1 0.548828125 0.25 0.552734375 0.24305555555555555 0.57421875 0.24305555555555555 0.576171875 0.2465277777777778 0.576171875 0.2638888888888889 0.578125 0.2673611111111111 0.57421875 0.2916666666666667 0.560546875 0.2951388888888889 0.556640625 0.2881944444444444 0.552734375 0.2881944444444444 0.55078125 0.2847222222222222 0.55078125 0.2777777777777778 0.552734375 0.2743055555555556 0.55078125 0.2534722222222222
0 0.5421875 0.8129629629629629 0.017708333333333333 0.03333333333333333
2 0.4609375 0.3923611111111111 0.46484375 0.3993055555555556 0.46484375 0.4131944444444444 0.46875 0.4236111111111111 0.46875 0.4340277777777778 0.466796875 0.4409722222222222 0.470703125 0.4444444444444444 0.470703125 0.4548611111111111 0.462890625 0.4618055555555556 0.458984375 0.4722222222222222 0.458984375 0.5173611111111112 0.45703125 0.5208333333333334 0.453125 0.5208333333333334 0.44921875 0.5104166666666666 0.4453125 0.5104166666666666 0.44140625 0.5173611111111112 0.43359375 0.5173611111111112 0.43359375 0.5069444444444444 0.4375 0.5034722222222222 0.4375 0.4965277777777778 0.439453125 0.4930555555555556 0.439453125 0.46875 0.435546875 0.4618055555555556 0.4296875 0.46875 0.42578125 0.46875 0.42578125 0.4652777777777778 0.43359375 0.4444444444444444 0.44140625 0.4305555555555556 0.44140625 0.4201388888888889 0.443359375 0.4131944444444444 0.447265625 0.4131944444444444 0.453125 0.4027777777777778 0.453125 0.3958333333333333 0.458984375 0.3923611111111111
2 0.7421875 0.3472222222222222 0.748046875 0.3472222222222222 0.75 0.3541666666666667 0.76171875 0.3576388888888889 0.76953125 0.375 0.771484375 0.3888888888888889 0.775390625 0.3958333333333333 0.775390625 0.3993055555555556 0.76953125 0.4097222222222222 0.771484375 0.4236111111111111 0.76171875 0.4375 0.759765625 0.4583333333333333 0.75390625 0.4652777777777778 0.74609375 0.4652777777777778 0.75 0.4513888888888889 0.75 0.4409722222222222 0.7421875 0.4236111111111111 0.7421875 0.4166666666666667 0.734375 0.4097222222222222 0.73828125 0.3993055555555556 0.73828125 0.3611111111111111 0.7421875 0.3506944444444444
2 0.54296875 0.8020833333333334 0.546875 0.8055555555555556 0.548828125 0.8263888888888888 0.556640625 0.84375 0.5546875 0.8506944444444444 0.5546875 0.8645833333333334 0.556640625 0.8715277777777778 0.5234375 0.8715277777777778 0.5234375 0.8611111111111112 0.525390625 0.8576388888888888 0.5234375 0.8402777777777778 0.53515625 0.8229166666666666 0.537109375 0.8090277777777778 0.541015625 0.8055555555555556
2 0.154296875 0.6006944444444444 0.15234375 0.5972222222222222 0.15234375 0.5798611111111112 0.16015625 0.5625 0.162109375 0.5381944444444444 0.16796875 0.5208333333333334 0.16796875 0.4965277777777778 0.169921875 0.4930555555555556 0.169921875 0.4861111111111111 0.17578125 0.4791666666666667 0.1796875 0.4791666666666667 0.185546875 0.4652777777777778 0.19140625 0.4652777777777778 0.193359375 0.46875 0.193359375 0.4791666666666667 0.197265625 0.4861111111111111 0.197265625 0.53125 0.189453125 0.5451388888888888 0.189453125 0.5555555555555556 0.1875 0.5590277777777778 0.1875 0.5833333333333334 0.1796875 0.6111111111111112 0.17578125 0.6041666666666666 0.17578125 0.5798611111111112 0.173828125 0.5763888888888888 0.16796875 0.5763888888888888 0.166015625 0.5833333333333334 0.158203125 0.5972222222222222 0.15625 0.5972222222222222
2 0.69140625 0.2013888888888889 0.6953125 0.21875 0.6953125 0.22916666666666666 0.693359375 0.2326388888888889 0.693359375 0.2534722222222222 0.69921875 0.2708333333333333 0.69921875 0.28125 0.6953125 0.2847222222222222 0.697265625 0.2881944444444444 0.6953125 0.2951388888888889 0.69140625 0.2951388888888889 0.689453125 0.2916666666666667 0.68359375 0.2986111111111111 0.681640625 0.3159722222222222 0.67578125 0.3263888888888889 0.673828125 0.3368055555555556 0.66796875 0.3368055555555556 0.666015625 0.3298611111111111 0.669921875 0.3159722222222222 0.66796875 0.3020833333333333 0.673828125 0.2881944444444444 0.673828125 0.2708333333333333 0.66796875 0.2638888888888889 0.66796875 0.2534722222222222 0.673828125 0.2465277777777778 0.67578125 0.23958333333333334 0.67578125 0.22916666666666666 0.6796875 0.21875 0.681640625 0.2048611111111111 0.68359375 0.2013888888888889 0.689453125 0.2013888888888889
2 0.626953125 0.3784722222222222 0.6328125 0.3784722222222222 0.638671875 0.3958333333333333 0.638671875 0.4652777777777778 0.630859375 0.4861111111111111 0.630859375 0.4930555555555556 0.625 0.5034722222222222 0.6171875 0.5416666666666666 0.61328125 0.5451388888888888 0.609375 0.53125 0.609375 0.5138888888888888 0.61328125 0.5069444444444444 0.61328125 0.5 0.615234375 0.4965277777777778 0.615234375 0.4791666666666667 0.6171875 0.4756944444444444 0.6171875 0.4583333333333333 0.619140625 0.4548611111111111 0.619140625 0.4236111111111111 0.6171875 0.4201388888888889 0.6171875 0.4027777777777778 0.611328125 0.3923611111111111 0.611328125 0.3888888888888889 0.61328125 0.3854166666666667 0.62109375 0.3888888888888889 0.626953125 0.3819444444444444
2 0.9453125 0.15625 0.9453125 0.14930555555555555 0.951171875 0.1388888888888889 0.951171875 0.125 0.9453125 0.1111111111111111 0.9453125 0.10069444444444445 0.95703125 0.09027777777777778 0.966796875 0.09027777777777778 0.97265625 0.10069444444444445 0.970703125 0.125 0.96875 0.1284722222222222 0.96875 0.13541666666666666 0.970703125 0.1388888888888889 0.96875 0.2013888888888889 0.970703125 0.2048611111111111 0.966796875 0.21180555555555555 0.9609375 0.21180555555555555 0.958984375 0.20833333333333334 0.95703125 0.1909722222222222 0.953125 0.1840277777777778 0.951171875 0.16666666666666666 0.947265625 0.15625
2 0.560546875 0.22569444444444445 0.56640625 0.22569444444444445 0.568359375 0.22916666666666666 0.568359375 0.2361111111111111 0.572265625 0.24305555555555555 0.576171875 0.24305555555555555 0.578125 0.2569444444444444 0.5859375 0.2743055555555556 0.5859375 0.2777777777777778 0.580078125 0.2777777777777778 0.57421875 0.2881944444444444 0.57421875 0.3263888888888889 0.576171875 0.3298611111111111 0.576171875 0.3506944444444444 0.578125 0.3541666666666667 0.578125 0.3611111111111111 0.572265625 0.3611111111111111 0.568359375 0.3576388888888889 0.568359375 0.3298611111111111 0.56640625 0.3263888888888889 0.56640625 0.3194444444444444 0.5625 0.3125 0.560546875 0.3125 0.55078125 0.3298611111111111 0.546875 0.3576388888888889 0.544921875 0.3611111111111111 0.5390625 0.3611111111111111 0.54296875 0.3472222222222222 0.544921875 0.3229166666666667 0.55078125 0.3090277777777778 0.55078125 0.2743055555555556 0.546875 0.2708333333333333 0.541015625 0.2777777777777778 0.533203125 0.28125 0.552734375 0.24305555555555555 0.556640625 0.24305555555555555 0.55859375 0.23958333333333334 0.560546875 0.22916666666666666