0 0.185546875 0.3472222222222222 0.19140625 0.3541666666666667 0.19140625 0.3645833333333333 0.189453125 0.3680555555555556 0.177734375 0.3680555555555556 0.177734375 0.3541666666666667 0.18359375 0.3472222222222222
0 0.498046875 0.3333333333333333 0.5 0.3368055555555556 0.498046875 0.3506944444444444 0.48828125 0.3506944444444444 0.48828125 0.3368055555555556 0.490234375 0.3333333333333333 0.49609375 0.3333333333333333
0 0.29296875 0.4444444444444444 0.296875 0.4513888888888889 0.296875 0.4583333333333333 0.291015625 0.4652777777777778 0.28515625 0.4618055555555556 0.28515625 0.4513888888888889 0.291015625 0.4444444444444444
0 0.421875 0.3576388888888889 0.423828125 0.3611111111111111 0.427734375 0.3611111111111111 0.427734375 0.3784722222222222 0.423828125 0.3819444444444444 0.416015625 0.3784722222222222 0.4140625 0.3680555555555556 0.419921875 0.3611111111111111
0 0.94921875 0.4444444444444444 0.95703125 0.4444444444444444 0.958984375 0.4479166666666667 0.958984375 0.4618055555555556 0.94921875 0.4618055555555556 0.947265625 0.4583333333333333 0.947265625 0.4513888888888889 0.94921875 0.4479166666666667
0 0.259765625 0.5069444444444444 0.263671875 0.5138888888888888 0.263671875 0.5243055555555556 0.251953125 0.5243055555555556 0.251953125 0.5138888888888888 0.2578125 0.5069444444444444
0 0.23046875 0.4930555555555556 0.232421875 0.5 0.23046875 0.5034722222222222 0.23046875 0.5104166666666666 0.22265625 0.5104166666666666 0.216796875 0.5034722222222222 0.216796875 0.4965277777777778 0.220703125 0.4895833333333333 0.2265625 0.4895833333333333 0.228515625 0.4930555555555556
0 0.880859375 0.3472222222222222 0.884765625 0.3541666666666667 0.884765625 0.3645833333333333 0.8828125 0.3645833333333333 0.876953125 0.375 0.87109375 0.3680555555555556 0.87109375 0.3541666666666667 0.87890625 0.3472222222222222
0 0.61328125 0.21875 0.61328125 0.20833333333333334 0.6171875 0.2013888888888889 0.623046875 0.2013888888888889 0.625 0.2048611111111111 0.625 0.21180555555555555 0.62109375 0.21875 0.615234375 0.21875
0 0.267578125 0.3784722222222222 0.271484375 0.3854166666666667 0.271484375 0.3993055555555556 0.26953125 0.4027777777777778 0.26171875 0.3993055555555556 0.259765625 0.3923611111111111 0.259765625 0.3854166666666667 0.265625 0.3784722222222222
0 0.251953125 0.3159722222222222 0.255859375 0.3194444444444444 0.2578125 0.3263888888888889 0.2578125 0.3368055555555556 0.255859375 0.3402777777777778 0.25 0.3402777777777778 0.244140625 0.3263888888888889 0.244140625 0.3229166666666667 0.25 0.3159722222222222
0 0.4380208333333333 0.21203703703703702 0.013541666666666667 0.024074074074074074
0 0.98046875 0.4305555555555556 0.984375 0.4270833333333333 0.990234375 0.4270833333333333 0.994140625 0.4305555555555556 0.99609375 0.4375 0.994140625 0.4409722222222222 0.994140625 0.4479166666666667 0.990234375 0.4513888888888889 0.98828125 0.4479166666666667 0.98046875 0.4479166666666667 0.978515625 0.4444444444444444 0.978515625 0.4375 0.98046875 0.4340277777777778
0 0.853515625 0.4791666666666667 0.85546875 0.4826388888888889 0.85546875 0.4930555555555556 0.849609375 0.5034722222222222 0.84375 0.5 0.841796875 0.4965277777777778 0.841796875 0.4895833333333333 0.845703125 0.4791666666666667 0.8515625 0.4791666666666667
0 0.82421875 0.027777777777777776 0.828125 0.013888888888888888 0.837890625 0.013888888888888888 0.841796875 0.020833333333333332 0.841796875 0.034722222222222224 0.837890625 0.041666666666666664 0.830078125 0.041666666666666664 0.826171875 0.03819444444444445 0.826171875 0.03125
0 0.833984375 0.041666666666666664 0.837890625 0.04861111111111111 0.837890625 0.0625 0.830078125 0.07291666666666667 0.822265625 0.0625 0.822265625 0.04861111111111111 0.826171875 0.041666666666666664 0.83203125 0.041666666666666664
0 0.4375 0.2847222222222222 0.4375 0.2743055555555556 0.44140625 0.2604166666666667 0.447265625 0.2604166666666667 0.453125 0.2743055555555556 0.453125 0.28125 0.451171875 0.2881944444444444 0.443359375 0.2881944444444444 0.439453125 0.2847222222222222
0 0.435546875 0.2673611111111111 0.4375 0.2708333333333333 0.4375 0.28125 0.435546875 0.2847222222222222 0.431640625 0.2847222222222222 0.4296875 0.28125 0.4296875 0.2708333333333333 0.43359375 0.2673611111111111
0 0.431640625 0.2569444444444444 0.431640625 0.2638888888888889 0.427734375 0.2708333333333333 0.427734375 0.2777777777777778 0.42578125 0.28125 0.421875 0.2708333333333333 0.423828125 0.2638888888888889 0.4296875 0.2569444444444444
1 0.826171875 0.06597222222222222 0.828125 0.06944444444444445 0.83203125 0.06944444444444445 0.8359375 0.0763888888888889 0.83203125 0.08680555555555555 0.83203125 0.10416666666666667 0.830078125 0.1111111111111111 0.826171875 0.11458333333333333 0.818359375 0.11458333333333333 0.80859375 0.1076388888888889 0.8125 0.07291666666666667 0.818359375 0.06597222222222222 0.82421875 0.06597222222222222
1 0.41796875 0.3819444444444444 0.419921875 0.3854166666666667 0.423828125 0.3819444444444444 0.4296875 0.3819444444444444 0.4296875 0.3993055555555556 0.423828125 0.4097222222222222 0.41796875 0.4131944444444444 0.416015625 0.4201388888888889 0.40234375 0.4201388888888889 0.3984375 0.4166666666666667 0.3984375 0.40625 0.404296875 0.3888888888888889 0.412109375 0.3784722222222222 0.416015625 0.3819444444444444
1 0.43359375 0.3263888888888889 0.431640625 0.3194444444444444 0.431640625 0.2916666666666667 0.44140625 0.2847222222222222 0.451171875 0.2847222222222222 0.455078125 0.2916666666666667 0.453125 0.3229166666666667 0.435546875 0.3263888888888889
1 0.193359375 0.3715277777777778 0.1953125 0.3854166666666667 0.1875 0.3958333333333333 0.189453125 0.3993055555555556 0.1953125 0.3993055555555556 0.1953125 0.4097222222222222 0.19140625 0.4201388888888889 0.1796875 0.4201388888888889 0.17578125 0.4131944444444444 0.17578125 0.40625 0.173828125 0.4027777777777778 0.173828125 0.3784722222222222 0.177734375 0.3715277777777778 0.19140625 0.3715277777777778
1 0.26953125 0.3784722222222222 0.283203125 0.3854166666666667 0.287109375 0.3958333333333333 0.287109375 0.4027777777777778 0.28125 0.4131944444444444 0.27734375 0.4166666666666667 0.263671875 0.4166666666666667 0.259765625 0.4131944444444444 0.259765625 0.4027777777777778 0.26171875 0.3993055555555556 0.265625 0.4027777777777778 0.26953125 0.4027777777777778 0.271484375 0.3993055555555556 0.271484375 0.3854166666666667 0.26953125 0.3819444444444444
1 0.947265625 0.4618055555555556 0.94921875 0.4652777777777778 0.955078125 0.4652777777777778 0.9609375 0.4722222222222222 0.962890625 0.4791666666666667 0.947265625 0.5138888888888888 0.9296875 0.5104166666666666 0.93359375 0.5 0.93359375 0.4861111111111111 0.935546875 0.4826388888888889 0.935546875 0.4722222222222222 0.9375 0.4652777777777778 0.9453125 0.4618055555555556
1 0.4453125 0.21875 0.44921875 0.22569444444444445 0.44921875 0.2326388888888889 0.453125 0.24305555555555555 0.451171875 0.2638888888888889 0.447265625 0.2604166666666667 0.4375 0.2604166666666667 0.435546875 0.2569444444444444 0.43359375 0.22916666666666666 0.435546875 0.2222222222222222 0.443359375 0.21875
1 0.9807291666666667 0.4759259259259259 0.029166666666666667 0.05555555555555555
1 0.263671875 0.5277777777777778 0.26953125 0.5347222222222222 0.271484375 0.5486111111111112 0.26953125 0.5520833333333334 0.26953125 0.5729166666666666 0.263671875 0.5729166666666666 0.26171875 0.5763888888888888 0.251953125 0.5763888888888888 0.25 0.5729166666666666 0.24609375 0.5555555555555556 0.24609375 0.5416666666666666 0.240234375 0.53125 0.2421875 0.5277777777777778 0.251953125 0.5277777777777778 0.25390625 0.5243055555555556 0.26171875 0.5277777777777778
1 0.216796875 0.5069444444444444 0.22265625 0.5138888888888888 0.23046875 0.5138888888888888 0.23046875 0.5277777777777778 0.228515625 0.53125 0.216796875 0.53125 0.21484375 0.5347222222222222 0.21484375 0.5486111111111112 0.212890625 0.5520833333333334 0.19921875 0.5486111111111112 0.19921875 0.5347222222222222 0.201171875 0.5277777777777778 0.208984375 0.5208333333333334 0.2109375 0.5138888888888888 0.21484375 0.5104166666666666
1 0.4192708333333333 0.30462962962962964 0.025 0.0574074074074074
1 0.30078125 0.4583333333333333 0.306640625 0.46875 0.30078125 0.5034722222222222 0.294921875 0.5104166666666666 0.283203125 0.5069444444444444 0.279296875 0.5 0.279296875 0.4791666666666667 0.27734375 0.4756944444444444 0.279296875 0.46875 0.283203125 0.4652777777777778 0.291015625 0.46875 0.298828125 0.4618055555555556
1 0.892578125 0.3715277777777778 0.90234375 0.3958333333333333 0.90234375 0.4027777777777778 0.8984375 0.4097222222222222 0.888671875 0.4097222222222222 0.880859375 0.3958333333333333 0.87890625 0.3958333333333333 0.87890625 0.3888888888888889 0.876953125 0.3854166666666667 0.87890625 0.375 0.8828125 0.3680555555555556 0.888671875 0.3680555555555556 0.890625 0.3715277777777778
1 0.2421875 0.3263888888888889 0.251953125 0.34375 0.251953125 0.3472222222222222 0.23828125 0.3645833333333333 0.232421875 0.3645833333333333 0.23046875 0.3611111111111111 0.232421875 0.3611111111111111 0.23828125 0.3506944444444444 0.234375 0.34375 0.23046875 0.34375 0.2265625 0.3506944444444444 0.224609375 0.3506944444444444 0.224609375 0.3472222222222222 0.2265625 0.3402777777777778 0.228515625 0.3402777777777778 0.234375 0.3298611111111111 0.240234375 0.3263888888888889
1 0.509765625 0.3576388888888889 0.517578125 0.3715277777777778 0.517578125 0.3819444444444444 0.515625 0.3888888888888889 0.505859375 0.3888888888888889 0.501953125 0.3854166666666667 0.501953125 0.3645833333333333 0.50390625 0.3611111111111111 0.5078125 0.3611111111111111
1 0.630859375 0.2152777777777778 0.63671875 0.2326388888888889 0.63671875 0.23958333333333334 0.640625 0.2534722222222222 0.630859375 0.2638888888888889 0.626953125 0.2638888888888889 0.625 0.2604166666666667 0.623046875 0.2465277777777778 0.6171875 0.23958333333333334 0.615234375 0.2326388888888889 0.615234375 0.2222222222222222 0.619140625 0.2222222222222222 0.623046875 0.2152777777777778 0.62890625 0.2152777777777778
1 0.8515625 0.5 0.85546875 0.4965277777777778 0.861328125 0.5 0.876953125 0.53125 0.87109375 0.5451388888888888 0.8671875 0.5451388888888888 0.86328125 0.5381944444444444 0.857421875 0.5381944444444444 0.849609375 0.5173611111111112 0.849609375 0.5069444444444444 0.8515625 0.5034722222222222
1 0.49609375 0.3541666666666667 0.498046875 0.3576388888888889 0.498046875 0.3645833333333333 0.494140625 0.3715277777777778 0.494140625 0.3819444444444444 0.4921875 0.3819444444444444 0.486328125 0.3923611111111111 0.4765625 0.3819444444444444 0.46875 0.3819444444444444 0.46875 0.3784722222222222 0.47265625 0.3715277777777778 0.474609375 0.3611111111111111 0.482421875 0.3506944444444444 0.494140625 0.3541666666666667
1 0.52734375 0.3576388888888889 0.529296875 0.3645833333333333 0.517578125 0.3645833333333333 0.515625 0.3680555555555556 0.517578125 0.3715277777777778 0.517578125 0.3854166666666667 0.515625 0.3923611111111111 0.509765625 0.3923611111111111 0.5078125 0.3958333333333333 0.505859375 0.3923611111111111 0.501953125 0.3923611111111111 0.5 0.3854166666666667 0.501953125 0.3784722222222222 0.501953125 0.3645833333333333 0.5078125 0.3541666666666667 0.5078125 0.3506944444444444 0.509765625 0.3472222222222222 0.515625 0.3472222222222222 0.51953125 0.3541666666666667 0.5234375 0.3541666666666667 0.525390625 0.3576388888888889
2 0.42578125 0.3611111111111111 0.4296875 0.3784722222222222 0.4296875 0.3993055555555556 0.427734375 0.4027777777777778 0.43359375 0.4131944444444444 0.435546875 0.4131944444444444 0.4453125 0.4375 0.439453125 0.4375 0.43359375 0.4201388888888889 0.42578125 0.40625 0.421875 0.4097222222222222 0.41796875 0.4166666666666667 0.41796875 0.4236111111111111 0.423828125 0.4340277777777778 0.42578125 0.4444444444444444 0.4296875 0.4513888888888889 0.42578125 0.4618055555555556 0.42578125 0.4722222222222222 0.423828125 0.4756944444444444 0.427734375 0.4895833333333333 0.427734375 0.4965277777777778 0.421875 0.4965277777777778 0.419921875 0.4895833333333333 0.419921875 0.4791666666666667 0.41796875 0.4756944444444444 0.419921875 0.4722222222222222 0.419921875 0.4513888888888889 0.416015625 0.4444444444444444 0.41015625 0.4409722222222222 0.400390625 0.4826388888888889 0.400390625 0.5 0.40234375 0.5034722222222222 0.40234375 0.5104166666666666 0.3984375 0.5104166666666666 0.39453125 0.5034722222222222 0.39453125 0.4826388888888889 0.396484375 0.4791666666666667 0.3984375 0.4479166666666667 0.39453125 0.4375 0.390625 0.4409722222222222 0.38671875 0.4409722222222222 0.38671875 0.4375 0.396484375 0.4027777777777778 0.4140625 0.375 0.41796875 0.3611111111111111 0.423828125 0.3611111111111111
2 0.4296875 0.2708333333333333 0.435546875 0.2638888888888889 0.44921875 0.2638888888888889 0.451171875 0.2673611111111111 0.451171875 0.2743055555555556 0.455078125 0.2881944444444444 0.453125 0.3263888888888889 0.45703125 0.3368055555555556 0.458984375 0.3680555555555556 0.462890625 0.3784722222222222 0.462890625 0.3888888888888889 0.458984375 0.3888888888888889 0.458984375 0.3854166666666667 0.4453125 0.3611111111111111 0.4375 0.375 0.431640625 0.375 0.4296875 0.3680555555555556 0.4296875 0.3541666666666667 0.431640625 0.3506944444444444 0.43359375 0.3263888888888889 0.431640625 0.3229166666666667 0.431640625 0.2916666666666667 0.4296875 0.2881944444444444 0.4296875 0.2743055555555556
2 0.828125 0.024305555555555556 0.83984375 0.024305555555555556 0.83984375 0.041666666666666664 0.837890625 0.04513888888888889 0.837890625 0.052083333333333336 0.83203125 0.059027777777777776 0.830078125 0.05555555555555555 0.82421875 0.05555555555555555 0.82421875 0.04513888888888889 0.828125 0.034722222222222224 0.828125 0.027777777777777776
2 0.185546875 0.3472222222222222 0.19140625 0.3541666666666667 0.19140625 0.3680555555555556 0.197265625 0.3888888888888889 0.1953125 0.4201388888888889 0.19921875 0.4270833333333333 0.201171875 0.4409722222222222 0.205078125 0.4479166666666667 0.20703125 0.46875 0.21484375 0.4895833333333333 0.21484375 0.4965277777777778 0.2109375 0.4965277777777778 0.20703125 0.4895833333333333 0.19921875 0.4548611111111111 0.189453125 0.4375 0.18359375 0.4375 0.1796875 0.4444444444444444 0.17578125 0.4618055555555556 0.169921875 0.4722222222222222 0.166015625 0.4861111111111111 0.166015625 0.4930555555555556 0.162109375 0.5034722222222222 0.158203125 0.5 0.158203125 0.4930555555555556 0.1640625 0.4791666666666667 0.1640625 0.46875 0.171875 0.4479166666666667 0.171875 0.4270833333333333 0.173828125 0.4236111111111111 0.173828125 0.3784722222222222 0.177734375 0.3715277777777778 0.177734375 0.3541666666666667 0.18359375 0.3472222222222222
2 0.26953125 0.375 0.2890625 0.3923611111111111 0.306640625 0.3923611111111111 0.3125 0.3854166666666667 0.318359375 0.3854166666666667 0.31640625 0.3923611111111111 0.302734375 0.3993055555555556 0.30078125 0.40625 0.294921875 0.4097222222222222 0.291015625 0.4166666666666667 0.291015625 0.4236111111111111 0.287109375 0.4270833333333333 0.265625 0.4236111111111111 0.259765625 0.4131944444444444 0.2578125 0.40625 0.259765625 0.4027777777777778 0.259765625 0.3854166666666667 0.265625 0.375 0.267578125 0.375
2 0.955078125 0.4444444444444444 0.958984375 0.4513888888888889 0.958984375 0.4618055555555556 0.95703125 0.4652777777777778 0.962890625 0.4756944444444444 0.962890625 0.4930555555555556 0.958984375 0.4930555555555556 0.947265625 0.5173611111111112 0.947265625 0.5347222222222222 0.94921875 0.5381944444444444 0.94921875 0.5520833333333334 0.951171875 0.5555555555555556 0.94921875 0.5833333333333334 0.947265625 0.5868055555555556 0.947265625 0.6006944444444444 0.951171875 0.6076388888888888 0.943359375 0.6076388888888888 0.94140625 0.6041666666666666 0.943359375 0.5555555555555556 0.939453125 0.5486111111111112 0.935546875 0.5486111111111112 0.931640625 0.5555555555555556 0.927734375 0.5555555555555556 0.92578125 0.5486111111111112 0.927734375 0.5451388888888888 0.927734375 0.5243055555555556 0.9296875 0.5208333333333334 0.9296875 0.5069444444444444 0.93359375 0.4965277777777778 0.935546875 0.4722222222222222 0.9375 0.4652777777777778 0.943359375 0.4618055555555556 0.947265625 0.4513888888888889 0.953125 0.4444444444444444
2 0.435546875 0.2604166666666667 0.43359375 0.2534722222222222 0.435546875 0.2465277777777778 0.43359375 0.24305555555555555 0.43359375 0.2048611111111111 0.435546875 0.2013888888888889 0.44140625 0.2013888888888889 0.443359375 0.2048611111111111 0.443359375 0.2152777777777778 0.44921875 0.22569444444444445 0.44921875 0.2326388888888889 0.453125 0.24305555555555555 0.451171875 0.2638888888888889 0.447265625 0.2604166666666667 0.4375 0.2604166666666667
2 0.98828125 0.4270833333333333 0.990234375 0.4305555555555556 0.994140625 0.4305555555555556 0.99609375 0.4409722222222222 0.994140625 0.4444444444444444 0.994140625 0.4756944444444444 0.984375 0.4965277777777778 0.984375 0.5104166666666666 0.994140625 0.5347222222222222 0.994140625 0.5451388888888888 0.990234375 0.5520833333333334 0.98828125 0.5625 0.98046875 0.5763888888888888 0.982421875 0.5902777777777778 0.96875 0.5902777777777778 0.966796875 0.5868055555555556 0.970703125 0.5763888888888888 0.970703125 0.5625 0.9765625 0.5486111111111112 0.9765625 0.5347222222222222 0.970703125 0.5173611111111112 0.96484375 0.5173611111111112 0.9609375 0.5208333333333334 0.95703125 0.5069444444444444 0.958984375 0.5069444444444444 0.966796875 0.4930555555555556 0.966796875 0.4722222222222222 0.970703125 0.4652777777777778 0.97265625 0.4548611111111111 0.978515625 0.4444444444444444 0.98046875 0.4305555555555556 0.986328125 0.4270833333333333
2 0.29296875 0.4444444444444444 0.306640625 0.4652777777777778 0.306640625 0.4791666666666667 0.30859375 0.4826388888888889 0.302734375 0.4930555555555556 0.302734375 0.5069444444444444 0.310546875 0.53125 0.310546875 0.5729166666666666 0.314453125 0.5868055555555556 0.30859375 0.5868055555555556 0.3046875 0.5729166666666666 0.3046875 0.5451388888888888 0.294921875 0.5243055555555556 0.2890625 0.5208333333333334 0.28515625 0.5243055555555556 0.27734375 0.5416666666666666 0.2734375 0.5381944444444444 0.2734375 0.5243055555555556 0.27734375 0.5138888888888888 0.27734375 0.4756944444444444 0.279296875 0.46875 0.28515625 0.4618055555555556 0.28515625 0.4513888888888889 0.291015625 0.4444444444444444
2 0.21536458333333333 0.5657407407407408 0.043229166666666666 0.15555555555555556
2 0.427734375 0.2569444444444444 0.431640625 0.2604166666666667 0.427734375 0.2708333333333333 0.427734375 0.2847222222222222 0.4296875 0.2881944444444444 0.4296875 0.3229166666666667 0.42578125 0.3298611111111111 0.427734375 0.3611111111111111 0.42578125 0.3576388888888889 0.416015625 0.3576388888888889 0.412109375 0.3645833333333333 0.412109375 0.3715277777777778 0.41015625 0.3715277777777778 0.408203125 0.3680555555555556 0.408203125 0.34375 0.40625 0.3402777777777778 0.40625 0.3263888888888889 0.408203125 0.3229166666666667 0.408203125 0.3159722222222222 0.4140625 0.3020833333333333 0.416015625 0.2777777777777778 0.419921875 0.2743055555555556 0.42578125 0.2604166666666667
2 0.8828125 0.3506944444444444 0.884765625 0.3541666666666667 0.884765625 0.3645833333333333 0.892578125 0.3715277777777778 0.90234375 0.3958333333333333 0.90234375 0.4270833333333333 0.900390625 0.4305555555555556 0.900390625 0.4444444444444444 0.90625 0.4583333333333333 0.90625 0.46875 0.908203125 0.4756944444444444 0.904296875 0.4756944444444444 0.900390625 0.4652777777777778 0.89453125 0.4652777777777778 0.892578125 0.4548611111111111 0.880859375 0.4409722222222222 0.880859375 0.4270833333333333 0.884765625 0.4097222222222222 0.8828125 0.3993055555555556 0.880859375 0.3958333333333333 0.87109375 0.40625 0.87109375 0.3993055555555556 0.876953125 0.3854166666666667 0.87109375 0.3680555555555556 0.87109375 0.3541666666666667 0.876953125 0.3472222222222222 0.880859375 0.3506944444444444
2 0.251953125 0.3159722222222222 0.255859375 0.3194444444444444 0.2578125 0.3263888888888889 0.2578125 0.3368055555555556 0.25390625 0.3506944444444444 0.25 0.3506944444444444 0.2421875 0.3611111111111111 0.2421875 0.3680555555555556 0.24609375 0.3784722222222222 0.24609375 0.3958333333333333 0.232421875 0.4166666666666667 0.23046875 0.4236111111111111 0.23046875 0.4375 0.220703125 0.4305555555555556 0.220703125 0.4270833333333333 0.234375 0.3958333333333333 0.23046875 0.3888888888888889 0.224609375 0.3993055555555556 0.21875 0.4027777777777778 0.21484375 0.4201388888888889 0.2109375 0.4166666666666667 0.2109375 0.3993055555555556 0.21875 0.3784722222222222 0.216796875 0.375 0.21875 0.3541666666666667 0.2265625 0.3402777777777778 0.228515625 0.3402777777777778 0.23046875 0.3333333333333333 0.23828125 0.3263888888888889 0.2421875 0.3263888888888889 0.248046875 0.3159722222222222 0.25 0.3159722222222222
2 0.830078125 0.024305555555555556 0.837890625 0.024305555555555556 0.83984375 0.03125 0.837890625 0.03819444444444445 0.8359375 0.03819444444444445 0.833984375 0.03125 0.830078125 0.03819444444444445 0.830078125 0.04513888888888889 0.83203125 0.04861111111111111 0.833984375 0.04513888888888889 0.83203125 0.06597222222222222 0.8359375 0.0763888888888889 0.833984375 0.0798611111111111 0.833984375 0.1076388888888889 0.82421875 0.1284722222222222 0.828125 0.13541666666666666 0.82421875 0.1423611111111111 0.81640625 0.1423611111111111 0.80859375 0.14930555555555555 0.80078125 0.16666666666666666 0.796875 0.16666666666666666 0.80078125 0.1527777777777778 0.80078125 0.14583333333333334 0.806640625 0.13194444444444445 0.806640625 0.12152777777777778 0.80859375 0.11805555555555555 0.80859375 0.1111111111111111 0.802734375 0.10069444444444445 0.80078125 0.10069444444444445 0.802734375 0.10069444444444445 0.810546875 0.08680555555555555 0.810546875 0.06597222222222222 0.818359375 0.06597222222222222 0.82421875 0.05555555555555555 0.830078125 0.027777777777777776
2 0.5078125 0.34375 0.529296875 0.3611111111111111 0.5390625 0.3645833333333333 0.5390625 0.3680555555555556 0.53125 0.3680555555555556 0.529296875 0.3645833333333333 0.517578125 0.3645833333333333 0.515625 0.3680555555555556 0.517578125 0.3715277777777778 0.517578125 0.3888888888888889 0.521484375 0.4027777777777778 0.521484375 0.4236111111111111 0.53125 0.4409722222222222 0.537109375 0.4409722222222222 0.5390625 0.4444444444444444 0.5390625 0.4513888888888889 0.533203125 0.4618055555555556 0.529296875 0.4618055555555556 0.53125 0.4548611111111111 0.529296875 0.4479166666666667 0.515625 0.4409722222222222 0.505859375 0.4236111111111111 0.50390625 0.4097222222222222 0.498046875 0.3923611111111111 0.498046875 0.3854166666666667 0.501953125 0.3784722222222222 0.501953125 0.3715277777777778 0.5 0.3680555555555556 0.5 0.3506944444444444 0.505859375 0.34375
2 0.853515625 0.4791666666666667 0.85546875 0.4826388888888889 0.85546875 0.4930555555555556 0.87890625 0.53125 0.876953125 0.5694444444444444 0.873046875 0.5798611111111112 0.87890625 0.6041666666666666 0.884765625 0.6180555555555556 0.884765625 0.625 0.880859375 0.6319444444444444 0.876953125 0.6319444444444444 0.876953125 0.6111111111111112 0.87109375 0.6006944444444444 0.865234375 0.6006944444444444 0.8671875 0.59375 0.86328125 0.5833333333333334 0.84765625 0.5590277777777778 0.845703125 0.5590277777777778 0.845703125 0.5520833333333334 0.8515625 0.5416666666666666 0.853515625 0.5277777777777778 0.849609375 0.5173611111111112 0.849609375 0.5104166666666666 0.841796875 0.4965277777777778 0.841796875 0.4895833333333333 0.845703125 0.4791666666666667 0.8515625 0.4791666666666667
2 0.498046875 0.3333333333333333 0.501953125 0.34375 0.498046875 0.3541666666666667 0.5 0.3715277777777778 0.501953125 0.375 0.498046875 0.3819444444444444 0.4921875 0.3819444444444444 0.486328125 0.3923611111111111 0.486328125 0.3993055555555556 0.494140625 0.4166666666666667 0.494140625 0.4444444444444444 0.490234375 0.4583333333333333 0.49609375 0.4722222222222222 0.494140625 0.4756944444444444 0.490234375 0.4722222222222222 0.484375 0.4722222222222222 0.482421875 0.46875 0.482421875 0.4618055555555556 0.484375 0.4583333333333333 0.484375 0.4444444444444444 0.482421875 0.4409722222222222 0.478515625 0.4479166666666667 0.478515625 0.4722222222222222 0.474609375 0.4722222222222222 0.47265625 0.4652777777777778 0.47265625 0.4409722222222222 0.474609375 0.4375 0.466796875 0.4166666666666667 0.466796875 0.4097222222222222 0.46484375 0.40625 0.46484375 0.3888888888888889 0.47265625 0.3715277777777778 0.474609375 0.3611111111111111 0.482421875 0.3541666666666667 0.48828125 0.34375 0.48828125 0.3368055555555556 0.490234375 0.3333333333333333 0.49609375 0.3333333333333333
2 0.630859375 0.2152777777777778 0.642578125 0.2569444444444444 0.640625 0.2986111111111111 0.642578125 0.3020833333333333 0.64453125 0.3333333333333333 0.640625 0.3298611111111111 0.640625 0.3194444444444444 0.63671875 0.3125 0.630859375 0.3159722222222222 0.630859375 0.3090277777777778 0.625 0.3020833333333333 0.619140625 0.2881944444444444 0.62109375 0.28125 0.62109375 0.2708333333333333 0.623046875 0.2673611111111111 0.623046875 0.2569444444444444 0.62109375 0.2534722222222222 0.62109375 0.2465277777777778 0.61328125 0.22916666666666666 0.61328125 0.20833333333333334 0.6171875 0.2013888888888889 0.623046875 0.2013888888888889 0.62890625 0.2152777777777778
2 0.25390625 0.5104166666666666 0.26171875 0.5104166666666666 0.267578125 0.5243055555555556 0.271484375 0.5381944444444444 0.271484375 0.5555555555555556 0.26953125 0.5590277777777778 0.271484375 0.5729166666666666 0.283203125 0.5972222222222222 0.28515625 0.6041666666666666 0.28515625 0.6145833333333334 0.291015625 0.6319444444444444 0.291015625 0.6388888888888888 0.28515625 0.6354166666666666 0.283203125 0.6319444444444444 0.283203125 0.6215277777777778 0.275390625 0.6041666666666666 0.26171875 0.6006944444444444 0.244140625 0.6180555555555556 0.240234375 0.6319444444444444 0.236328125 0.6597222222222222 0.23046875 0.6597222222222222 0.228515625 0.65625 0.234375 0.6458333333333334 0.234375 0.625 0.23828125 0.6111111111111112 0.25 0.5833333333333334 0.25 0.5763888888888888 0.248046875 0.5729166666666666 0.244140625 0.5729166666666666 0.248046875 0.5625 0.24609375 0.5590277777777778 0.24609375 0.5451388888888888 0.240234375 0.5347222222222222 0.240234375 0.53125 0.25 0.5243055555555556 0.25390625 0.5138888888888888