0 0.166015625 0.5659722222222222 0.16796875 0.5694444444444444 0.16015625 0.5763888888888888 0.15625 0.5729166666666666 0.15625 0.5694444444444444 0.158203125 0.5659722222222222 0.1640625 0.5659722222222222
0 0.765625 0.4861111111111111 0.76953125 0.4895833333333333 0.76953125 0.5 0.76171875 0.5 0.759765625 0.4930555555555556 0.763671875 0.4895833333333333
0 0.880859375 0.4166666666666667 0.888671875 0.4166666666666667 0.890625 0.4201388888888889 0.890625 0.4270833333333333 0.884765625 0.4340277777777778 0.880859375 0.4305555555555556 0.880859375 0.4201388888888889
0 0.904296875 0.625 0.91015625 0.6215277777777778 0.9140625 0.6284722222222222 0.9140625 0.6319444444444444 0.908203125 0.6388888888888888 0.904296875 0.6354166666666666 0.904296875 0.6284722222222222
0 0.6953125 0.7048611111111112 0.69921875 0.7048611111111112 0.701171875 0.7083333333333334 0.701171875 0.7152777777777778 0.6953125 0.7152777777777778 0.6953125 0.7083333333333334
0 0.875 0.5243055555555556 0.876953125 0.5277777777777778 0.876953125 0.5347222222222222 0.875 0.5381944444444444 0.87109375 0.5381944444444444 0.869140625 0.53125 0.873046875 0.5277777777777778
0 0.880859375 0.5590277777777778 0.880859375 0.5451388888888888 0.8828125 0.5416666666666666 0.884765625 0.5416666666666666 0.890625 0.5520833333333334 0.890625 0.5590277777777778 0.8828125 0.5590277777777778
1 0.880859375 0.5486111111111112 0.88671875 0.5486111111111112 0.890625 0.5555555555555556 0.892578125 0.5625 0.892578125 0.5763888888888888 0.896484375 0.5868055555555556 0.896484375 0.59375 0.8828125 0.59375 0.880859375 0.5972222222222222 0.876953125 0.59375 0.875 0.5798611111111112 0.880859375 0.5520833333333334
1 0.16015625 0.5798611111111112 0.171875 0.5798611111111112 0.173828125 0.5833333333333334 0.173828125 0.59375 0.16796875 0.6041666666666666 0.169921875 0.6111111111111112 0.16796875 0.6145833333333334 0.16015625 0.6145833333333334 0.16015625 0.5972222222222222 0.158203125 0.59375 0.158203125 0.5868055555555556 0.16015625 0.5833333333333334
1 0.744140625 0.5138888888888888 0.7578125 0.4965277777777778 0.767578125 0.4965277777777778 0.771484375 0.5069444444444444 0.771484375 0.5208333333333334 0.767578125 0.5277777777777778 0.767578125 0.5451388888888888 0.75 0.5451388888888888 0.748046875 0.5416666666666666 0.748046875 0.5243055555555556 0.74609375 0.5173611111111112
1 0.91015625 0.6284722222222222 0.916015625 0.6354166666666666 0.919921875 0.6493055555555556 0.919921875 0.6770833333333334 0.916015625 0.6805555555555556 0.912109375 0.6805555555555556 0.91015625 0.6770833333333334 0.91015625 0.6666666666666666 0.904296875 0.6458333333333334 0.908203125 0.6319444444444444
1 0.876953125 0.5243055555555556 0.87890625 0.5277777777777778 0.87890625 0.5381944444444444 0.880859375 0.5451388888888888 0.87890625 0.5486111111111112 0.876953125 0.5694444444444444 0.873046875 0.5729166666666666 0.87109375 0.5625 0.865234375 0.5520833333333334 0.86328125 0.5520833333333334 0.86328125 0.5486111111111112 0.8671875 0.5451388888888888 0.869140625 0.5277777777777778 0.875 0.5243055555555556
1 0.74609375 0.5208333333333334 0.74609375 0.5104166666666666 0.755859375 0.5 0.76953125 0.5 0.771484375 0.5069444444444444 0.771484375 0.5208333333333334 0.765625 0.5277777777777778 0.76171875 0.5243055555555556 0.75 0.5243055555555556 0.748046875 0.5208333333333334
1 0.705078125 0.71875 0.708984375 0.7361111111111112 0.705078125 0.7604166666666666 0.693359375 0.7604166666666666 0.69140625 0.7569444444444444 0.69140625 0.7326388888888888 0.689453125 0.7291666666666666 0.689453125 0.7222222222222222 0.693359375 0.71875 0.703125 0.71875
2 0.892578125 0.4201388888888889 0.900390625 0.4270833333333333 0.904296875 0.4409722222222222 0.904296875 0.4548611111111111 0.9140625 0.4722222222222222 0.91796875 0.4722222222222222 0.919921875 0.4756944444444444 0.919921875 0.4791666666666667 0.90234375 0.4826388888888889 0.89453125 0.4965277777777778 0.890625 0.4930555555555556 0.890625 0.4826388888888889 0.880859375 0.4652777777777778 0.875 0.4618055555555556 0.875 0.4548611111111111 0.87890625 0.4479166666666667 0.880859375 0.4201388888888889 0.8828125 0.4166666666666667 0.888671875 0.4166666666666667 0.890625 0.4201388888888889
2 0.66796875 0.5034722222222222 0.669921875 0.5069444444444444 0.677734375 0.5069444444444444 0.681640625 0.5138888888888888 0.681640625 0.5208333333333334 0.677734375 0.5243055555555556 0.673828125 0.5347222222222222 0.67578125 0.5555555555555556 0.669921875 0.5763888888888888 0.673828125 0.5868055555555556 0.671875 0.5902777777777778 0.66796875 0.5868055555555556 0.662109375 0.5868055555555556 0.662109375 0.5694444444444444 0.654296875 0.5520833333333334 0.65625 0.5381944444444444 0.662109375 0.5243055555555556 0.6640625 0.5069444444444444 0.666015625 0.5069444444444444
2 0.908203125 0.6215277777777778 0.9140625 0.6284722222222222 0.919921875 0.6493055555555556 0.919921875 0.6770833333333334 0.921875 0.6805555555555556 0.923828125 0.7013888888888888 0.921875 0.7048611111111112 0.91796875 0.7048611111111112 0.912109375 0.6909722222222222 0.904296875 0.7118055555555556 0.904296875 0.7256944444444444 0.8984375 0.7256944444444444 0.90234375 0.7083333333333334 0.90234375 0.6840277777777778 0.904296875 0.6805555555555556 0.904296875 0.6736111111111112 0.908203125 0.6701388888888888 0.908203125 0.6597222222222222 0.904296875 0.6458333333333334 0.904296875 0.625 0.90625 0.625
2 0.880859375 0.5486111111111112 0.88671875 0.5486111111111112 0.890625 0.5555555555555556 0.892578125 0.5625 0.892578125 0.5729166666666666 0.896484375 0.5868055555555556 0.90234375 0.5972222222222222 0.90234375 0.6111111111111112 0.896484375 0.6180555555555556 0.896484375 0.625 0.8984375 0.6284722222222222 0.8984375 0.6458333333333334 0.89453125 0.6458333333333334 0.888671875 0.6388888888888888 0.88671875 0.625 0.876953125 0.6111111111111112 0.876953125 0.5972222222222222 0.875 0.59375 0.875 0.5763888888888888 0.87890625 0.5694444444444444 0.87890625 0.5555555555555556 0.880859375 0.5520833333333334
2 0.15234375 0.6458333333333334 0.15625 0.6458333333333334 0.162109375 0.6354166666666666 0.16015625 0.6145833333333334 0.158203125 0.6111111111111112 0.158203125 0.6041666666666666 0.16015625 0.6006944444444444 0.158203125 0.59375 0.158203125 0.5694444444444444 0.16015625 0.5659722222222222 0.166015625 0.5659722222222222 0.173828125 0.5833333333333334 0.173828125 0.59375 0.169921875 0.6006944444444444 0.169921875 0.6111111111111112 0.173828125 0.6215277777777778 0.177734375 0.6458333333333334 0.181640625 0.6493055555555556 0.171875 0.6493055555555556 0.16796875 0.6458333333333334 0.166015625 0.6493055555555556 0.16015625 0.6493055555555556 0.15625 0.65625 0.154296875 0.65625 0.15234375 0.6493055555555556
2 0.76953125 0.4895833333333333 0.771484375 0.4965277777777778 0.771484375 0.5208333333333334 0.767578125 0.53125 0.767578125 0.5590277777777778 0.76171875 0.5729166666666666 0.7578125 0.5694444444444444 0.75390625 0.5729166666666666 0.748046875 0.5729166666666666 0.75 0.5659722222222222 0.75 0.5486111111111112 0.748046875 0.5451388888888888 0.748046875 0.5243055555555556 0.744140625 0.5138888888888888 0.748046875 0.5069444444444444 0.75390625 0.5034722222222222 0.76171875 0.4895833333333333 0.767578125 0.4895833333333333
2 0.76953125 0.4895833333333333 0.771484375 0.4965277777777778 0.771484375 0.5208333333333334 0.767578125 0.5277777777777778 0.767578125 0.5416666666666666 0.765625 0.5451388888888888 0.75 0.5451388888888888 0.748046875 0.5416666666666666 0.748046875 0.5243055555555556 0.744140625 0.5138888888888888 0.748046875 0.5069444444444444 0.75390625 0.5034722222222222 0.76171875 0.4895833333333333 0.767578125 0.4895833333333333
2 0.697265625 0.7048611111111112 0.701171875 0.7083333333333334 0.701171875 0.7118055555555556 0.70703125 0.7222222222222222 0.708984375 0.7395833333333334 0.720703125 0.75 0.708984375 0.7465277777777778 0.705078125 0.7534722222222222 0.70703125 0.7673611111111112 0.697265625 0.78125 0.69921875 0.7986111111111112 0.6953125 0.8020833333333334 0.6875 0.8194444444444444 0.681640625 0.8194444444444444 0.677734375 0.8159722222222222 0.681640625 0.8090277777777778 0.681640625 0.7986111111111112 0.685546875 0.7881944444444444 0.685546875 0.7743055555555556 0.689453125 0.7673611111111112 0.689453125 0.7604166666666666 0.69140625 0.7569444444444444 0.69140625 0.7430555555555556 0.685546875 0.7361111111111112 0.68359375 0.7395833333333334 0.6796875 0.7395833333333334 0.6796875 0.7361111111111112 0.685546875 0.7326388888888888 0.6953125 0.7083333333333334
2 0.798828125 0.5243055555555556 0.806640625 0.5347222222222222 0.81640625 0.5381944444444444 0.828125 0.5625 0.828125 0.5659722222222222 0.82421875 0.5625 0.810546875 0.5625 0.798828125 0.5486111111111112 0.791015625 0.5486111111111112 0.787109375 0.5451388888888888 0.78515625 0.5381944444444444 0.78515625 0.5277777777777778 0.787109375 0.5243055555555556 0.796875 0.5243055555555556
2 0.861328125 0.5486111111111112 0.8671875 0.5416666666666666 0.87109375 0.5243055555555556 0.876953125 0.5243055555555556 0.880859375 0.5381944444444444 0.880859375 0.5486111111111112 0.876953125 0.5625 0.876953125 0.5763888888888888 0.873046875 0.5868055555555556 0.865234375 0.5972222222222222 0.865234375 0.6076388888888888 0.861328125 0.6111111111111112 0.861328125 0.6041666666666666 0.86328125 0.6006944444444444 0.86328125 0.5868055555555556 0.861328125 0.5798611111111112 0.87109375 0.5729166666666666 0.87109375 0.5625 0.865234375 0.5520833333333334 0.86328125 0.5520833333333334