0 0.705078125 0.15625 0.712890625 0.16666666666666666 0.712890625 0.1736111111111111 0.7109375 0.18055555555555555 0.703125 0.1909722222222222 0.697265625 0.1909722222222222 0.693359375 0.1840277777777778 0.693359375 0.1701388888888889 0.6953125 0.16319444444444445 0.703125 0.15625
0 0.58203125 0.1076388888888889 0.58984375 0.11805555555555555 0.58984375 0.13194444444444445 0.578125 0.1423611111111111 0.5703125 0.13194444444444445 0.5703125 0.12152777777777778 0.57421875 0.1111111111111111 0.580078125 0.1076388888888889
0 0.408203125 0.3645833333333333 0.416015625 0.375 0.416015625 0.3888888888888889 0.4140625 0.3923611111111111 0.41015625 0.3923611111111111 0.396484375 0.3784722222222222 0.396484375 0.3715277777777778 0.400390625 0.3645833333333333 0.40625 0.3645833333333333
0 0.373046875 0.9513888888888888 0.376953125 0.9548611111111112 0.376953125 0.9791666666666666 0.375 0.9826388888888888 0.359375 0.9826388888888888 0.35546875 0.96875 0.35546875 0.9583333333333334 0.357421875 0.9548611111111112 0.37109375 0.9513888888888888
0 0.380859375 0.3541666666666667 0.3828125 0.3576388888888889 0.38671875 0.3576388888888889 0.390625 0.3645833333333333 0.390625 0.3715277777777778 0.38671875 0.3715277777777778 0.384765625 0.375 0.373046875 0.3715277777777778 0.37109375 0.3680555555555556 0.37109375 0.3611111111111111 0.37890625 0.3541666666666667
0 0.6583333333333333 0.22083333333333333 0.022916666666666665 0.036111111111111115
0 0.5052083333333334 0.33425925925925926 0.027083333333333334 0.04259259259259259
0 0.5390625 0.12152777777777778 0.546875 0.13194444444444445 0.546875 0.1423611111111111 0.5390625 0.1527777777777778 0.533203125 0.1527777777777778 0.529296875 0.14930555555555555 0.529296875 0.1284722222222222 0.537109375 0.12152777777777778
0 0.51953125 0.375 0.521484375 0.3819444444444444 0.521484375 0.3923611111111111 0.517578125 0.3993055555555556 0.5078125 0.3993055555555556 0.505859375 0.3958333333333333 0.505859375 0.3784722222222222 0.509765625 0.3715277777777778 0.515625 0.3715277777777778 0.517578125 0.375
0 0.515625 0.3506944444444444 0.51953125 0.3472222222222222 0.525390625 0.3472222222222222 0.529296875 0.3541666666666667 0.529296875 0.3680555555555556 0.5234375 0.3784722222222222 0.51953125 0.3784722222222222 0.513671875 0.3680555555555556 0.513671875 0.3576388888888889 0.515625 0.3541666666666667
1 0.712890625 0.18055555555555555 0.716796875 0.1875 0.716796875 0.21180555555555555 0.708984375 0.21875 0.708984375 0.2361111111111111 0.7109375 0.23958333333333334 0.70703125 0.2465277777777778 0.6953125 0.2465277777777778 0.693359375 0.24305555555555555 0.6875 0.24305555555555555 0.685546875 0.23958333333333334 0.685546875 0.21875 0.6875 0.2152777777777778 0.6875 0.20833333333333334 0.685546875 0.2048611111111111 0.681640625 0.20833333333333334 0.6796875 0.2048611111111111 0.67578125 0.2048611111111111 0.685546875 0.17708333333333334 0.69140625 0.17708333333333334 0.693359375 0.18055555555555555 0.693359375 0.1875 0.69921875 0.19791666666666666 0.7109375 0.1840277777777778
1 0.58984375 0.13541666666666666 0.59375 0.1388888888888889 0.59765625 0.14930555555555555 0.595703125 0.1736111111111111 0.599609375 0.1840277777777778 0.59765625 0.1875 0.59765625 0.19791666666666666 0.59375 0.2048611111111111 0.58203125 0.2048611111111111 0.57421875 0.19444444444444445 0.57421875 0.1840277777777778 0.58203125 0.1840277777777778 0.587890625 0.1736111111111111 0.58203125 0.16319444444444445 0.57421875 0.1597222222222222 0.56640625 0.14930555555555555 0.5703125 0.1388888888888889 0.57421875 0.1423611111111111 0.580078125 0.1423611111111111 0.587890625 0.13541666666666666
1 0.51953125 0.3368055555555556 0.529296875 0.3472222222222222 0.53515625 0.3576388888888889 0.53515625 0.3611111111111111 0.525390625 0.3506944444444444 0.517578125 0.3506944444444444 0.505859375 0.375 0.505859375 0.3784722222222222 0.5 0.3854166666666667 0.494140625 0.3854166666666667 0.48828125 0.3645833333333333 0.48828125 0.3472222222222222 0.490234375 0.34375 0.5 0.34375 0.509765625 0.3541666666666667 0.513671875 0.3541666666666667 0.51953125 0.3402777777777778
1 0.537109375 0.3680555555555556 0.541015625 0.375 0.546875 0.3993055555555556 0.546875 0.4131944444444444 0.552734375 0.4409722222222222 0.55078125 0.4444444444444444 0.546875 0.4409722222222222 0.537109375 0.4409722222222222 0.533203125 0.4444444444444444 0.529296875 0.4375 0.529296875 0.375 0.53515625 0.3680555555555556
1 0.396484375 0.3819444444444444 0.404296875 0.3923611111111111 0.40625 0.4131944444444444 0.41015625 0.4201388888888889 0.408203125 0.4270833333333333 0.404296875 0.4305555555555556 0.40234375 0.4375 0.40234375 0.4513888888888889 0.400390625 0.4548611111111111 0.39453125 0.4548611111111111 0.392578125 0.4513888888888889 0.37890625 0.4513888888888889 0.376953125 0.4479166666666667 0.376953125 0.4375 0.369140625 0.4236111111111111 0.36328125 0.4236111111111111 0.361328125 0.4201388888888889 0.36328125 0.3958333333333333 0.37109375 0.3819444444444444 0.375 0.3784722222222222 0.392578125 0.3784722222222222 0.39453125 0.3819444444444444
1 0.64453125 0.2326388888888889 0.650390625 0.2326388888888889 0.65625 0.23958333333333334 0.66015625 0.23958333333333334 0.6640625 0.2465277777777778 0.6640625 0.2569444444444444 0.654296875 0.2638888888888889 0.65625 0.28125 0.65234375 0.2951388888888889 0.646484375 0.3055555555555556 0.642578125 0.3055555555555556 0.63671875 0.2986111111111111 0.62890625 0.2951388888888889 0.62890625 0.2881944444444444 0.638671875 0.2673611111111111 0.642578125 0.25 0.642578125 0.23958333333333334 0.64453125 0.2361111111111111
1 0.5234375 0.3472222222222222 0.533203125 0.3576388888888889 0.5390625 0.3680555555555556 0.546875 0.3993055555555556 0.546875 0.4166666666666667 0.55078125 0.4305555555555556 0.55078125 0.4409722222222222 0.529296875 0.4409722222222222 0.5234375 0.4270833333333333 0.5234375 0.40625 0.521484375 0.3993055555555556 0.515625 0.3888888888888889 0.505859375 0.3819444444444444 0.51171875 0.3680555555555556 0.51171875 0.3611111111111111 0.51953125 0.3472222222222222 0.521484375 0.3472222222222222
1 0.515625 0.3506944444444444 0.521484375 0.3472222222222222 0.533203125 0.3611111111111111 0.533203125 0.3645833333333333 0.53125 0.3645833333333333 0.525390625 0.375 0.525390625 0.3819444444444444 0.52734375 0.3854166666666667 0.52734375 0.3923611111111111 0.525390625 0.3958333333333333 0.525390625 0.4375 0.521484375 0.4479166666666667 0.513671875 0.4583333333333333 0.5 0.4548611111111111 0.484375 0.4375 0.484375 0.4305555555555556 0.4921875 0.4097222222222222 0.4921875 0.3958333333333333 0.498046875 0.3888888888888889 0.515625 0.3541666666666667
1 0.51953125 0.14930555555555555 0.5234375 0.14930555555555555 0.525390625 0.14583333333333334 0.53125 0.1527777777777778 0.55078125 0.14930555555555555 0.55078125 0.15625 0.552734375 0.1597222222222222 0.552734375 0.1736111111111111 0.55078125 0.17708333333333334 0.548828125 0.19444444444444445 0.544921875 0.2048611111111111 0.54296875 0.2222222222222222 0.541015625 0.22569444444444445 0.533203125 0.22569444444444445 0.5234375 0.21875 0.51953125 0.2048611111111111 0.521484375 0.19791666666666666 0.521484375 0.16666666666666666 0.517578125 0.1597222222222222 0.51953125 0.1527777777777778
1 0.341796875 0.9826388888888888 0.357421875 0.9826388888888888 0.359375 0.9861111111111112 0.376953125 0.9895833333333334 0.380859375 0.9965277777777778 0.33984375 0.9965277777777778 0.33984375 0.9895833333333334 0.341796875 0.9861111111111112
2 0.708984375 0.1597222222222222 0.716796875 0.1875 0.716796875 0.22569444444444445 0.71484375 0.22916666666666666 0.71484375 0.23958333333333334 0.7109375 0.2465277777777778 0.7109375 0.2638888888888889 0.708984375 0.2673611111111111 0.708984375 0.2881944444444444 0.70703125 0.2916666666666667 0.70703125 0.2986111111111111 0.703125 0.3055555555555556 0.6953125 0.2916666666666667 0.6953125 0.2847222222222222 0.693359375 0.28125 0.685546875 0.2951388888888889 0.681640625 0.3125 0.677734375 0.3194444444444444 0.67578125 0.3263888888888889 0.67578125 0.3402777777777778 0.673828125 0.34375 0.669921875 0.34375 0.669921875 0.3298611111111111 0.671875 0.3263888888888889 0.671875 0.3159722222222222 0.677734375 0.2916666666666667 0.6796875 0.2604166666666667 0.681640625 0.2569444444444444 0.681640625 0.25 0.685546875 0.24305555555555555 0.685546875 0.22916666666666666 0.677734375 0.21875 0.671875 0.21875 0.669921875 0.20833333333333334 0.671875 0.20833333333333334 0.677734375 0.19791666666666666 0.685546875 0.17708333333333334 0.689453125 0.17708333333333334 0.703125 0.15625 0.70703125 0.1597222222222222
2 0.57421875 0.1111111111111111 0.5859375 0.1111111111111111 0.58984375 0.11805555555555555 0.58984375 0.13194444444444445 0.59765625 0.14930555555555555 0.595703125 0.1736111111111111 0.599609375 0.1840277777777778 0.59765625 0.1875 0.59765625 0.2013888888888889 0.591796875 0.20833333333333334 0.58984375 0.22569444444444445 0.576171875 0.25 0.576171875 0.2534722222222222 0.564453125 0.2743055555555556 0.564453125 0.2777777777777778 0.560546875 0.28125 0.55859375 0.2777777777777778 0.55859375 0.2673611111111111 0.560546875 0.2604166666666667 0.5703125 0.24305555555555555 0.5703125 0.2326388888888889 0.5625 0.22569444444444445 0.5625 0.20833333333333334 0.5703125 0.1909722222222222 0.5703125 0.1840277777777778 0.56640625 0.17708333333333334 0.56640625 0.1423611111111111 0.57421875 0.11458333333333333
2 0.404296875 0.4375 0.408203125 0.4409722222222222 0.41015625 0.4583333333333333 0.4140625 0.4618055555555556 0.42578125 0.4861111111111111 0.42578125 0.4965277777777778 0.419921875 0.5173611111111112 0.41796875 0.5208333333333334 0.41015625 0.5138888888888888 0.412109375 0.5069444444444444 0.41015625 0.5 0.40625 0.4965277777777778 0.40625 0.4895833333333333 0.404296875 0.4861111111111111 0.404296875 0.46875 0.408203125 0.4618055555555556 0.404296875 0.4548611111111111 0.404296875 0.4409722222222222
2 0.373046875 0.3611111111111111 0.37890625 0.3576388888888889 0.3828125 0.3680555555555556 0.390625 0.3680555555555556 0.392578125 0.3715277777777778 0.41015625 0.3680555555555556 0.4140625 0.375 0.416015625 0.3854166666666667 0.4140625 0.3888888888888889 0.4140625 0.3958333333333333 0.412109375 0.3923611111111111 0.408203125 0.3923611111111111 0.40625 0.3958333333333333 0.408203125 0.4027777777777778 0.40625 0.4131944444444444 0.4140625 0.4236111111111111 0.419921875 0.4236111111111111 0.421875 0.4270833333333333 0.435546875 0.4305555555555556 0.4375 0.4340277777777778 0.4375 0.4375 0.435546875 0.4340277777777778 0.427734375 0.4340277777777778 0.419921875 0.4444444444444444 0.412109375 0.4444444444444444 0.40625 0.4513888888888889 0.404296875 0.4583333333333333 0.40625 0.4652777777777778 0.40234375 0.4756944444444444 0.400390625 0.5138888888888888 0.404296875 0.5208333333333334 0.408203125 0.5173611111111112 0.412109375 0.5208333333333334 0.41796875 0.5208333333333334 0.423828125 0.53125 0.431640625 0.5347222222222222 0.439453125 0.5486111111111112 0.439453125 0.5555555555555556 0.4375 0.5590277777777778 0.43359375 0.5590277777777778 0.419921875 0.5416666666666666 0.40234375 0.5416666666666666 0.400390625 0.5381944444444444 0.38671875 0.5381944444444444 0.384765625 0.5347222222222222 0.37890625 0.5347222222222222 0.375 0.5416666666666666 0.37109375 0.5590277777777778 0.36328125 0.5694444444444444 0.3515625 0.5694444444444444 0.349609375 0.5659722222222222 0.345703125 0.5659722222222222 0.349609375 0.5555555555555556 0.357421875 0.5520833333333334 0.36328125 0.5381944444444444 0.37109375 0.4861111111111111 0.373046875 0.4861111111111111 0.37890625 0.4756944444444444 0.37890625 0.4583333333333333 0.376953125 0.4548611111111111 0.376953125 0.4409722222222222 0.375 0.4340277777777778 0.37109375 0.4270833333333333 0.36328125 0.4270833333333333 0.359375 0.4201388888888889 0.359375 0.4027777777777778 0.373046875 0.3784722222222222 0.375 0.3715277777777778 0.373046875 0.3645833333333333
2 0.662109375 0.2048611111111111 0.666015625 0.20833333333333334 0.669921875 0.21875 0.669921875 0.22916666666666666 0.666015625 0.23958333333333334 0.666015625 0.2534722222222222 0.669921875 0.2638888888888889 0.673828125 0.2638888888888889 0.67578125 0.2777777777777778 0.673828125 0.28125 0.658203125 0.28125 0.646484375 0.3055555555555556 0.64453125 0.3125 0.642578125 0.3541666666666667 0.619140625 0.3923611111111111 0.619140625 0.4027777777777778 0.623046875 0.4097222222222222 0.619140625 0.4131944444444444 0.607421875 0.4097222222222222 0.607421875 0.3958333333333333 0.611328125 0.3923611111111111 0.6171875 0.375 0.625 0.3611111111111111 0.626953125 0.3611111111111111 0.630859375 0.3506944444444444 0.626953125 0.34375 0.619140625 0.34375 0.60546875 0.3576388888888889 0.599609375 0.3576388888888889 0.59765625 0.3506944444444444 0.611328125 0.3402777777777778 0.625 0.3229166666666667 0.626953125 0.3159722222222222 0.626953125 0.3055555555555556 0.62890625 0.3020833333333333 0.62890625 0.2951388888888889 0.626953125 0.2916666666666667 0.638671875 0.2673611111111111 0.640625 0.2604166666666667 0.640625 0.25 0.642578125 0.2465277777777778 0.642578125 0.2361111111111111 0.646484375 0.22916666666666666 0.650390625 0.21180555555555555 0.654296875 0.2048611111111111 0.66015625 0.2048611111111111
2 0.505859375 0.3159722222222222 0.517578125 0.3333333333333333 0.517578125 0.34375 0.51953125 0.3472222222222222 0.5234375 0.3472222222222222 0.529296875 0.3541666666666667 0.541015625 0.375 0.544921875 0.3888888888888889 0.544921875 0.3958333333333333 0.546875 0.3993055555555556 0.546875 0.4166666666666667 0.552734375 0.4409722222222222 0.55078125 0.4618055555555556 0.544921875 0.4722222222222222 0.544921875 0.4756944444444444 0.55078125 0.4895833333333333 0.552734375 0.5034722222222222 0.55859375 0.5138888888888888 0.560546875 0.5138888888888888 0.560546875 0.5208333333333334 0.552734375 0.5243055555555556 0.5390625 0.4930555555555556 0.5390625 0.4861111111111111 0.533203125 0.4756944444444444 0.529296875 0.4756944444444444 0.51953125 0.4826388888888889 0.513671875 0.4930555555555556 0.51171875 0.5138888888888888 0.505859375 0.5138888888888888 0.498046875 0.5277777777777778 0.498046875 0.5347222222222222 0.490234375 0.5520833333333334 0.484375 0.5520833333333334 0.48046875 0.5486111111111112 0.48046875 0.5416666666666666 0.484375 0.5347222222222222 0.48046875 0.5104166666666666 0.48828125 0.5034722222222222 0.494140625 0.4930555555555556 0.494140625 0.4861111111111111 0.48828125 0.4652777777777778 0.484375 0.4583333333333333 0.484375 0.4305555555555556 0.4921875 0.4097222222222222 0.4921875 0.3993055555555556 0.494140625 0.3923611111111111 0.50390625 0.3784722222222222 0.509765625 0.3611111111111111 0.505859375 0.3506944444444444 0.49609375 0.3402777777777778 0.498046875 0.3194444444444444 0.50390625 0.3159722222222222
2 0.498046875 0.3159722222222222 0.5078125 0.3159722222222222 0.515625 0.3298611111111111 0.521484375 0.3333333333333333 0.537109375 0.3611111111111111 0.546875 0.3993055555555556 0.546875 0.4201388888888889 0.5546875 0.4479166666666667 0.5546875 0.4513888888888889 0.552734375 0.4513888888888889 0.552734375 0.4479166666666667 0.546875 0.4409722222222222 0.5390625 0.4409722222222222 0.537109375 0.4444444444444444 0.533203125 0.4409722222222222 0.529296875 0.4479166666666667 0.521484375 0.4548611111111111 0.517578125 0.4548611111111111 0.5234375 0.4409722222222222 0.525390625 0.4201388888888889 0.529296875 0.4131944444444444 0.53125 0.4131944444444444 0.533203125 0.4201388888888889 0.537109375 0.4027777777777778 0.52734375 0.3819444444444444 0.521484375 0.3819444444444444 0.51953125 0.3854166666666667 0.505859375 0.3819444444444444 0.49609375 0.3958333333333333 0.5 0.3993055555555556 0.49609375 0.40625 0.4921875 0.4027777777777778 0.494140625 0.3993055555555556 0.494140625 0.3854166666666667 0.48828125 0.3645833333333333 0.48828125 0.3472222222222222 0.4921875 0.3402777777777778 0.498046875 0.3194444444444444
2 0.53125 0.125 0.53515625 0.12152777777777778 0.54296875 0.125 0.546875 0.13194444444444445 0.546875 0.1423611111111111 0.55078125 0.14930555555555555 0.556640625 0.1527777777777778 0.55859375 0.1597222222222222 0.564453125 0.16666666666666666 0.564453125 0.1736111111111111 0.5546875 0.1736111111111111 0.55078125 0.18055555555555555 0.55078125 0.1875 0.544921875 0.2048611111111111 0.544921875 0.2152777777777778 0.541015625 0.22916666666666666 0.541015625 0.24305555555555555 0.533203125 0.2708333333333333 0.525390625 0.2777777777777778 0.521484375 0.2708333333333333 0.521484375 0.2569444444444444 0.51953125 0.2534722222222222 0.515625 0.2534722222222222 0.501953125 0.2777777777777778 0.501953125 0.28125 0.490234375 0.3055555555555556 0.48046875 0.3055555555555556 0.482421875 0.2951388888888889 0.5 0.2569444444444444 0.501953125 0.2465277777777778 0.5078125 0.2361111111111111 0.51953125 0.2048611111111111 0.51953125 0.1875 0.517578125 0.1840277777777778 0.51171875 0.1840277777777778 0.501953125 0.1909722222222222 0.49609375 0.2048611111111111 0.4921875 0.2048611111111111 0.490234375 0.19791666666666666 0.494140625 0.1909722222222222 0.498046875 0.1909722222222222 0.501953125 0.18055555555555555 0.509765625 0.1736111111111111 0.51171875 0.16666666666666666 0.517578125 0.1597222222222222 0.517578125 0.1527777777777778 0.529296875 0.1388888888888889 0.529296875 0.13194444444444445 0.53125 0.1284722222222222
2 0.376953125 0.9548611111111112 0.376953125 0.9895833333333334 0.380859375 0.9965277777777778 0.33984375 0.9965277777777778 0.33984375 0.9895833333333334 0.34375 0.9826388888888888 0.353515625 0.9826388888888888 0.35546875 0.9791666666666666 0.35546875 0.9583333333333334 0.357421875 0.9548611111111112 0.361328125 0.9548611111111112 0.36328125 0.9513888888888888 0.373046875 0.9513888888888888 0.375 0.9548611111111112