0 0.22265625 0.3298611111111111 0.2265625 0.3263888888888889 0.236328125 0.3263888888888889 0.244140625 0.3368055555555556 0.244140625 0.3541666666666667 0.23828125 0.375 0.234375 0.3819444444444444 0.224609375 0.3819444444444444 0.216796875 0.3680555555555556 0.216796875 0.3506944444444444 0.22265625 0.3333333333333333
0 0.310546875 0.3541666666666667 0.3203125 0.3611111111111111 0.33203125 0.3854166666666667 0.33203125 0.3923611111111111 0.333984375 0.3958333333333333 0.333984375 0.4236111111111111 0.3359375 0.4270833333333333 0.333984375 0.4513888888888889 0.33203125 0.4548611111111111 0.31640625 0.4548611111111111 0.314453125 0.4583333333333333 0.294921875 0.4618055555555556 0.29296875 0.46875 0.2890625 0.46875 0.27734375 0.4444444444444444 0.27734375 0.4131944444444444 0.275390625 0.4097222222222222 0.27734375 0.4027777777777778 0.27734375 0.3854166666666667 0.28125 0.3784722222222222 0.28515625 0.3611111111111111 0.294921875 0.3541666666666667 0.30859375 0.3541666666666667
0 0.806640625 0.4305555555555556 0.81640625 0.4409722222222222 0.82421875 0.4444444444444444 0.830078125 0.4548611111111111 0.833984375 0.4722222222222222 0.833984375 0.4930555555555556 0.83203125 0.5 0.822265625 0.5 0.80859375 0.5104166666666666 0.802734375 0.5243055555555556 0.794921875 0.53125 0.78125 0.53125 0.77734375 0.5243055555555556 0.76953125 0.5208333333333334 0.76953125 0.5104166666666666 0.771484375 0.5069444444444444 0.76953125 0.5034722222222222 0.771484375 0.4965277777777778 0.771484375 0.46875 0.7734375 0.4652777777777778 0.7734375 0.4583333333333333 0.78125 0.4444444444444444 0.79296875 0.4340277777777778 0.8046875 0.4305555555555556
0 0.76171875 0.3333333333333333 0.76171875 0.3645833333333333 0.75390625 0.3819444444444444 0.75 0.3819444444444444 0.748046875 0.3854166666666667 0.744140625 0.3854166666666667 0.73828125 0.3784722222222222 0.73828125 0.3715277777777778 0.736328125 0.3680555555555556 0.73828125 0.34375 0.74609375 0.3263888888888889 0.751953125 0.3263888888888889 0.755859375 0.3333333333333333 0.759765625 0.3333333333333333
0 0.197265625 0.2951388888888889 0.203125 0.3020833333333333 0.203125 0.3263888888888889 0.201171875 0.3298611111111111 0.201171875 0.3402777777777778 0.193359375 0.3472222222222222 0.189453125 0.3472222222222222 0.18359375 0.3368055555555556 0.177734375 0.3194444444444444 0.177734375 0.3055555555555556 0.181640625 0.2951388888888889 0.1953125 0.2951388888888889
0 0.126953125 0.2986111111111111 0.12890625 0.3020833333333333 0.1328125 0.3020833333333333 0.138671875 0.3159722222222222 0.138671875 0.3333333333333333 0.126953125 0.3506944444444444 0.125 0.3472222222222222 0.115234375 0.3472222222222222 0.111328125 0.34375 0.11328125 0.3402777777777778 0.11328125 0.3090277777777778 0.1171875 0.3020833333333333 0.125 0.2986111111111111
0 0.521484375 0.3263888888888889 0.529296875 0.3333333333333333 0.529296875 0.3680555555555556 0.52734375 0.3715277777777778 0.51171875 0.3715277777777778 0.5078125 0.3645833333333333 0.5078125 0.3402777777777778 0.513671875 0.3263888888888889 0.51953125 0.3263888888888889
0 0.408203125 0.23958333333333334 0.41015625 0.24305555555555555 0.416015625 0.24305555555555555 0.42578125 0.2534722222222222 0.43359375 0.2708333333333333 0.431640625 0.3020833333333333 0.42578125 0.3194444444444444 0.412109375 0.34375 0.408203125 0.34375 0.40234375 0.3506944444444444 0.39453125 0.3506944444444444 0.392578125 0.3472222222222222 0.38671875 0.3472222222222222 0.384765625 0.34375 0.37890625 0.34375 0.375 0.3402777777777778 0.375 0.3229166666666667 0.373046875 0.3194444444444444 0.375 0.3125 0.373046875 0.3090277777777778 0.373046875 0.2881944444444444 0.380859375 0.2569444444444444 0.388671875 0.2465277777777778 0.40625 0.24305555555555555
0 0.783203125 0.3055555555555556 0.791015625 0.3159722222222222 0.79296875 0.3368055555555556 0.791015625 0.3402777777777778 0.791015625 0.3472222222222222 0.787109375 0.3506944444444444 0.783203125 0.3611111111111111 0.779296875 0.3611111111111111 0.77734375 0.3645833333333333 0.76953125 0.3645833333333333 0.767578125 0.3611111111111111 0.767578125 0.3541666666666667 0.765625 0.3506944444444444 0.765625 0.34375 0.767578125 0.3402777777777778 0.765625 0.3333333333333333 0.765625 0.3229166666666667 0.76953125 0.3125 0.7734375 0.3125 0.78125 0.3055555555555556
1 0.53125 0.375 0.54296875 0.3888888888888889 0.54296875 0.4027777777777778 0.541015625 0.4097222222222222 0.537109375 0.4131944444444444 0.537109375 0.4201388888888889 0.53515625 0.4236111111111111 0.537109375 0.4791666666666667 0.5390625 0.4826388888888889 0.537109375 0.4895833333333333 0.513671875 0.4895833333333333 0.51171875 0.4861111111111111 0.50390625 0.4861111111111111 0.501953125 0.4791666666666667 0.501953125 0.4548611111111111 0.50390625 0.4513888888888889 0.501953125 0.4444444444444444 0.501953125 0.4305555555555556 0.5 0.4270833333333333 0.498046875 0.4097222222222222 0.494140625 0.4027777777777778 0.494140625 0.3888888888888889 0.49609375 0.3819444444444444 0.51171875 0.3784722222222222 0.515625 0.3854166666666667 0.51953125 0.3854166666666667 0.529296875 0.375
1 0.216796875 0.375 0.2265625 0.3854166666666667 0.232421875 0.3854166666666667 0.23828125 0.3784722222222222 0.251953125 0.3784722222222222 0.25390625 0.3819444444444444 0.25390625 0.3923611111111111 0.248046875 0.40625 0.248046875 0.4166666666666667 0.2421875 0.4305555555555556 0.2421875 0.4409722222222222 0.24609375 0.4548611111111111 0.24609375 0.46875 0.240234375 0.4756944444444444 0.21484375 0.4756944444444444 0.212890625 0.4722222222222222 0.212890625 0.4305555555555556 0.205078125 0.40625 0.205078125 0.3854166666666667 0.2109375 0.3784722222222222 0.21484375 0.3784722222222222
1 0.857421875 0.5277777777777778 0.861328125 0.5277777777777778 0.865234375 0.5381944444444444 0.865234375 0.5486111111111112 0.86328125 0.5555555555555556 0.869140625 0.5729166666666666 0.87109375 0.6006944444444444 0.873046875 0.6041666666666666 0.873046875 0.6215277777777778 0.876953125 0.6354166666666666 0.876953125 0.6527777777777778 0.87890625 0.65625 0.880859375 0.6736111111111112 0.884765625 0.6805555555555556 0.884765625 0.6909722222222222 0.873046875 0.6909722222222222 0.87109375 0.6944444444444444 0.861328125 0.6979166666666666 0.85546875 0.7048611111111112 0.8515625 0.7048611111111112 0.845703125 0.7118055555555556 0.83984375 0.7118055555555556 0.8203125 0.7291666666666666 0.810546875 0.7152777777777778 0.810546875 0.6944444444444444 0.80859375 0.6909722222222222 0.80859375 0.625 0.802734375 0.6006944444444444 0.796875 0.5902777777777778 0.78515625 0.59375 0.779296875 0.6006944444444444 0.775390625 0.6006944444444444 0.767578125 0.5868055555555556 0.767578125 0.5694444444444444 0.76953125 0.5625 0.78515625 0.5381944444444444 0.796875 0.5381944444444444 0.798828125 0.5347222222222222 0.806640625 0.5347222222222222 0.810546875 0.53125 0.8125 0.5347222222222222 0.8203125 0.5347222222222222 0.83203125 0.5486111111111112 0.849609375 0.5486111111111112 0.8515625 0.5451388888888888 0.85546875 0.5451388888888888 0.859375 0.5381944444444444 0.857421875 0.53125
1 0.123046875 0.3541666666666667 0.125 0.3576388888888889 0.130859375 0.3576388888888889 0.134765625 0.3680555555555556 0.134765625 0.3819444444444444 0.1328125 0.3854166666666667 0.130859375 0.40625 0.126953125 0.4236111111111111 0.123046875 0.4236111111111111 0.12109375 0.4201388888888889 0.119140625 0.4131944444444444 0.119140625 0.4027777777777778 0.11328125 0.3819444444444444 0.103515625 0.3576388888888889 0.109375 0.3506944444444444 0.119140625 0.3506944444444444 0.12109375 0.3541666666666667
1 0.341796875 0.4652777777777778 0.34375 0.46875 0.361328125 0.46875 0.365234375 0.4722222222222222 0.373046875 0.4861111111111111 0.373046875 0.4965277777777778 0.375 0.5 0.373046875 0.5069444444444444 0.373046875 0.5173611111111112 0.369140625 0.5243055555555556 0.357421875 0.5277777777777778 0.34765625 0.5416666666666666 0.34765625 0.5763888888888888 0.35546875 0.5972222222222222 0.353515625 0.65625 0.35546875 0.6597222222222222 0.357421875 0.6840277777777778 0.35546875 0.6875 0.3203125 0.6875 0.30078125 0.7048611111111112 0.296875 0.7048611111111112 0.29296875 0.7118055555555556 0.2890625 0.7118055555555556 0.283203125 0.71875 0.279296875 0.7118055555555556 0.275390625 0.6875 0.26953125 0.6701388888888888 0.26953125 0.6631944444444444 0.263671875 0.6493055555555556 0.265625 0.6423611111111112 0.265625 0.5972222222222222 0.267578125 0.59375 0.2578125 0.5729166666666666 0.251953125 0.5694444444444444 0.24609375 0.5590277777777778 0.24609375 0.5520833333333334 0.2421875 0.5451388888888888 0.244140625 0.5208333333333334 0.248046875 0.5069444444444444 0.255859375 0.4965277777777778 0.26171875 0.4965277777777778 0.275390625 0.4861111111111111 0.28125 0.4861111111111111 0.29296875 0.4756944444444444 0.30859375 0.4722222222222222 0.31640625 0.4652777777777778 0.326171875 0.4652777777777778 0.328125 0.4618055555555556 0.33984375 0.4652777777777778
1 0.755859375 0.3888888888888889 0.755859375 0.3923611111111111 0.759765625 0.3958333333333333 0.765625 0.4097222222222222 0.765625 0.4409722222222222 0.76171875 0.4513888888888889 0.76171875 0.4618055555555556 0.7578125 0.46875 0.759765625 0.4756944444444444 0.755859375 0.4861111111111111 0.759765625 0.4965277777777778 0.7421875 0.4930555555555556 0.73828125 0.4895833333333333 0.736328125 0.4826388888888889 0.734375 0.4826388888888889 0.734375 0.4652777777777778 0.736328125 0.4618055555555556 0.736328125 0.4236111111111111 0.732421875 0.4131944444444444 0.732421875 0.3958333333333333 0.740234375 0.3888888888888889 0.744140625 0.3923611111111111 0.75 0.3923611111111111 0.75390625 0.3888888888888889
1 0.359375 0.3368055555555556 0.36328125 0.3402777777777778 0.37109375 0.3402777777777778 0.3828125 0.3506944444444444 0.390625 0.3506944444444444 0.3984375 0.3576388888888889 0.40625 0.3576388888888889 0.412109375 0.3506944444444444 0.416015625 0.3541666666666667 0.416015625 0.3645833333333333 0.4140625 0.3680555555555556 0.4140625 0.3888888888888889 0.412109375 0.3923611111111111 0.412109375 0.4097222222222222 0.404296875 0.4409722222222222 0.396484375 0.4618055555555556 0.384765625 0.4826388888888889 0.37890625 0.4826388888888889 0.3671875 0.46875 0.3515625 0.4583333333333333 0.3515625 0.4548611111111111 0.359375 0.4548611111111111 0.3671875 0.4444444444444444 0.37890625 0.4444444444444444 0.380859375 0.4479166666666667 0.38671875 0.4479166666666667 0.390625 0.4409722222222222 0.390625 0.4340277777777778 0.376953125 0.4097222222222222 0.369140625 0.4027777777777778 0.361328125 0.3888888888888889 0.3515625 0.3854166666666667 0.3515625 0.3784722222222222 0.349609375 0.375 0.3515625 0.3541666666666667 0.359375 0.3402777777777778
1 0.76953125 0.3680555555555556 0.775390625 0.375 0.78125 0.375 0.78515625 0.3888888888888889 0.78515625 0.40625 0.771484375 0.4236111111111111 0.765625 0.4166666666666667 0.76171875 0.4027777777777778 0.7578125 0.3993055555555556 0.755859375 0.3923611111111111 0.7578125 0.375 0.767578125 0.3680555555555556
2 0.234375 0.3263888888888889 0.236328125 0.3298611111111111 0.240234375 0.3298611111111111 0.244140625 0.3368055555555556 0.244140625 0.3715277777777778 0.24609375 0.375 0.25 0.375 0.25390625 0.3819444444444444 0.25390625 0.3923611111111111 0.25 0.3993055555555556 0.248046875 0.4201388888888889 0.2421875 0.4409722222222222 0.24609375 0.4513888888888889 0.248046875 0.4930555555555556 0.2421875 0.5138888888888888 0.240234375 0.53125 0.236328125 0.5381944444444444 0.228515625 0.5381944444444444 0.216796875 0.5590277777777778 0.212890625 0.5590277777777778 0.2109375 0.5520833333333334 0.2109375 0.53125 0.208984375 0.5277777777777778 0.208984375 0.5208333333333334 0.205078125 0.5138888888888888 0.208984375 0.4965277777777778 0.2109375 0.4722222222222222 0.212890625 0.46875 0.2109375 0.4618055555555556 0.2109375 0.4444444444444444 0.212890625 0.4409722222222222 0.212890625 0.4340277777777778 0.205078125 0.40625 0.205078125 0.3854166666666667 0.21484375 0.3680555555555556 0.216796875 0.3472222222222222 0.220703125 0.3368055555555556 0.2265625 0.3263888888888889 0.232421875 0.3263888888888889
2 0.1328125 0.3020833333333333 0.140625 0.3298611111111111 0.138671875 0.3402777777777778 0.130859375 0.3576388888888889 0.134765625 0.3680555555555556 0.134765625 0.3854166666666667 0.130859375 0.3958333333333333 0.12890625 0.4201388888888889 0.125 0.4305555555555556 0.130859375 0.4409722222222222 0.130859375 0.4548611111111111 0.134765625 0.4722222222222222 0.134765625 0.4791666666666667 0.1328125 0.4826388888888889 0.1328125 0.5416666666666666 0.130859375 0.5451388888888888 0.1328125 0.5625 0.126953125 0.5763888888888888 0.1328125 0.5833333333333334 0.1328125 0.59375 0.123046875 0.6076388888888888 0.119140625 0.6319444444444444 0.109375 0.6319444444444444 0.11328125 0.6145833333333334 0.11328125 0.59375 0.111328125 0.5902777777777778 0.1171875 0.5833333333333334 0.11328125 0.5763888888888888 0.109375 0.5763888888888888 0.109375 0.5659722222222222 0.11328125 0.5694444444444444 0.1171875 0.5625 0.111328125 0.5486111111111112 0.11328125 0.5486111111111112 0.115234375 0.5416666666666666 0.11328125 0.5381944444444444 0.109375 0.5381944444444444 0.107421875 0.4722222222222222 0.109375 0.46875 0.109375 0.4444444444444444 0.1171875 0.4305555555555556 0.12109375 0.4166666666666667 0.119140625 0.4131944444444444 0.119140625 0.4027777777777778 0.115234375 0.3923611111111111 0.115234375 0.3854166666666667 0.10546875 0.3645833333333333 0.10546875 0.3541666666666667 0.11328125 0.3333333333333333 0.11328125 0.3125 0.115234375 0.3055555555555556 0.1171875 0.3020833333333333 0.130859375 0.3020833333333333
2 0.41796875 0.2465277777777778 0.431640625 0.2638888888888889 0.431640625 0.2986111111111111 0.427734375 0.3125 0.416015625 0.3368055555555556 0.416015625 0.3576388888888889 0.412109375 0.3680555555555556 0.412109375 0.3923611111111111 0.408203125 0.40625 0.408203125 0.4236111111111111 0.404296875 0.4305555555555556 0.40234375 0.4409722222222222 0.396484375 0.4513888888888889 0.39453125 0.4618055555555556 0.3828125 0.4791666666666667 0.37890625 0.4791666666666667 0.376953125 0.4861111111111111 0.375 0.4791666666666667 0.373046875 0.4791666666666667 0.359375 0.4583333333333333 0.35546875 0.4618055555555556 0.353515625 0.4583333333333333 0.345703125 0.4583333333333333 0.33984375 0.4479166666666667 0.337890625 0.4409722222222222 0.337890625 0.4027777777777778 0.341796875 0.4027777777777778 0.359375 0.3819444444444444 0.357421875 0.3645833333333333 0.36328125 0.3506944444444444 0.361328125 0.3472222222222222 0.357421875 0.3506944444444444 0.359375 0.34375 0.359375 0.3333333333333333 0.361328125 0.3333333333333333 0.36328125 0.3263888888888889 0.37109375 0.3159722222222222 0.37109375 0.2951388888888889 0.375 0.2847222222222222 0.375 0.2777777777777778 0.37890625 0.2638888888888889 0.390625 0.2465277777777778 0.3984375 0.2465277777777778 0.400390625 0.24305555555555555 0.4140625 0.24305555555555555 0.416015625 0.2465277777777778
2 0.818359375 0.4409722222222222 0.828125 0.4513888888888889 0.833984375 0.46875 0.833984375 0.5034722222222222 0.83984375 0.5104166666666666 0.845703125 0.5104166666666666 0.849609375 0.5138888888888888 0.853515625 0.5243055555555556 0.861328125 0.5277777777777778 0.865234375 0.5381944444444444 0.865234375 0.5659722222222222 0.869140625 0.5729166666666666 0.869140625 0.5868055555555556 0.87109375 0.5902777777777778 0.873046875 0.6180555555555556 0.876953125 0.6354166666666666 0.876953125 0.6527777777777778 0.880859375 0.6701388888888888 0.88671875 0.6840277777777778 0.88671875 0.6979166666666666 0.892578125 0.7083333333333334 0.900390625 0.7361111111111112 0.90234375 0.7638888888888888 0.904296875 0.7673611111111112 0.904296875 0.78125 0.90234375 0.7881944444444444 0.904296875 0.7916666666666666 0.904296875 0.7986111111111112 0.908203125 0.8055555555555556 0.908203125 0.8263888888888888 0.91015625 0.8298611111111112 0.91015625 0.84375 0.912109375 0.8472222222222222 0.912109375 0.8680555555555556 0.916015625 0.8784722222222222 0.916015625 0.8854166666666666 0.927734375 0.9027777777777778 0.931640625 0.9201388888888888 0.94140625 0.9444444444444444 0.943359375 0.9618055555555556 0.947265625 0.96875 0.953125 0.9965277777777778 0.931640625 0.9965277777777778 0.927734375 0.9861111111111112 0.927734375 0.9756944444444444 0.921875 0.9548611111111112 0.921875 0.9479166666666666 0.91796875 0.9409722222222222 0.90625 0.9409722222222222 0.8984375 0.9340277777777778 0.890625 0.9201388888888888 0.8828125 0.8854166666666666 0.880859375 0.8611111111111112 0.865234375 0.8298611111111112 0.861328125 0.8298611111111112 0.85546875 0.8402777777777778 0.853515625 0.8680555555555556 0.849609375 0.875 0.849609375 0.8888888888888888 0.861328125 0.9131944444444444 0.86328125 0.9236111111111112 0.8671875 0.9305555555555556 0.873046875 0.9513888888888888 0.873046875 0.9583333333333334 0.876953125 0.9652777777777778 0.87890625 0.9791666666666666 0.8828125 0.9861111111111112 0.884765625 0.9965277777777778 0.865234375 0.9965277777777778 0.859375 0.9861111111111112 0.859375 0.9826388888888888 0.84375 0.9583333333333334 0.83203125 0.9236111111111112 0.83203125 0.9166666666666666 0.828125 0.90625 0.828125 0.8958333333333334 0.82421875 0.8854166666666666 0.82421875 0.8784722222222222 0.8203125 0.8715277777777778 0.81640625 0.8541666666666666 0.81640625 0.7847222222222222 0.818359375 0.78125 0.818359375 0.7743055555555556 0.81640625 0.7708333333333334 0.81640625 0.7326388888888888 0.810546875 0.7222222222222222 0.810546875 0.7013888888888888 0.80859375 0.6979166666666666 0.80859375 0.6909722222222222 0.8046875 0.6840277777777778 0.798828125 0.6909722222222222 0.798828125 0.7013888888888888 0.791015625 0.7291666666666666 0.783203125 0.7430555555555556 0.783203125 0.7465277777777778 0.779296875 0.75 0.771484375 0.7777777777777778 0.7734375 0.78125 0.7734375 0.7881944444444444 0.76953125 0.7951388888888888 0.763671875 0.7951388888888888 0.759765625 0.8020833333333334 0.7578125 0.8090277777777778 0.7578125 0.8263888888888888 0.75390625 0.8263888888888888 0.75390625 0.8055555555555556 0.759765625 0.7847222222222222 0.759765625 0.7708333333333334 0.76171875 0.7673611111111112 0.763671875 0.75 0.76953125 0.7326388888888888 0.76953125 0.7256944444444444 0.77734375 0.6909722222222222 0.77734375 0.6805555555555556 0.78125 0.6701388888888888 0.78125 0.625 0.775390625 0.6006944444444444 0.767578125 0.5833333333333334 0.767578125 0.5729166666666666 0.771484375 0.5555555555555556 0.7734375 0.5555555555555556 0.78125 0.5381944444444444 0.771484375 0.5173611111111112 0.7734375 0.4652777777777778 0.77734375 0.4513888888888889 0.779296875 0.4513888888888889 0.78515625 0.4409722222222222 0.794921875 0.4340277777777778 0.80859375 0.4340277777777778 0.81640625 0.4409722222222222
2 0.7890625 0.3125 0.791015625 0.3159722222222222 0.791015625 0.3263888888888889 0.79296875 0.3333333333333333 0.791015625 0.3368055555555556 0.791015625 0.3541666666666667 0.787109375 0.3541666666666667 0.783203125 0.3611111111111111 0.78515625 0.40625 0.771484375 0.4236111111111111 0.76953125 0.4236111111111111 0.765625 0.40625 0.755859375 0.3888888888888889 0.755859375 0.3854166666666667 0.7578125 0.3819444444444444 0.7578125 0.375 0.759765625 0.375 0.763671875 0.3645833333333333 0.765625 0.3159722222222222 0.76953125 0.3159722222222222 0.775390625 0.3090277777777778 0.78515625 0.3090277777777778 0.787109375 0.3125
2 0.751953125 0.3263888888888889 0.755859375 0.3333333333333333 0.76171875 0.3333333333333333 0.76171875 0.3680555555555556 0.7578125 0.375 0.755859375 0.3888888888888889 0.76171875 0.3993055555555556 0.763671875 0.3993055555555556 0.767578125 0.4131944444444444 0.767578125 0.4236111111111111 0.765625 0.4270833333333333 0.767578125 0.4305555555555556 0.767578125 0.4375 0.765625 0.4409722222222222 0.765625 0.4652777777777778 0.763671875 0.46875 0.763671875 0.4930555555555556 0.76171875 0.4965277777777778 0.76171875 0.5208333333333334 0.763671875 0.5243055555555556 0.76171875 0.53125 0.763671875 0.5763888888888888 0.76171875 0.5798611111111112 0.76171875 0.6006944444444444 0.7578125 0.6111111111111112 0.7578125 0.6215277777777778 0.759765625 0.625 0.759765625 0.6458333333333334 0.767578125 0.6597222222222222 0.775390625 0.6666666666666666 0.775390625 0.6736111111111112 0.7734375 0.6770833333333334 0.748046875 0.6770833333333334 0.74609375 0.6701388888888888 0.74609375 0.6631944444444444 0.748046875 0.6597222222222222 0.74609375 0.59375 0.73828125 0.5659722222222222 0.73828125 0.5590277777777778 0.732421875 0.5381944444444444 0.728515625 0.53125 0.728515625 0.5069444444444444 0.732421875 0.4965277777777778 0.732421875 0.46875 0.736328125 0.4583333333333333 0.736328125 0.4479166666666667 0.73828125 0.4444444444444444 0.736328125 0.4375 0.736328125 0.4236111111111111 0.732421875 0.4131944444444444 0.732421875 0.3993055555555556 0.734375 0.3923611111111111 0.740234375 0.3854166666666667 0.736328125 0.3576388888888889 0.73828125 0.3541666666666667 0.740234375 0.3333333333333333 0.75 0.3263888888888889
2 0.51953125 0.3263888888888889 0.521484375 0.3298611111111111 0.525390625 0.3298611111111111 0.52734375 0.3506944444444444 0.529296875 0.3541666666666667 0.529296875 0.3715277777777778 0.537109375 0.3819444444444444 0.54296875 0.3854166666666667 0.54296875 0.4131944444444444 0.548828125 0.4340277777777778 0.548828125 0.4513888888888889 0.55078125 0.4548611111111111 0.548828125 0.5173611111111112 0.5390625 0.5347222222222222 0.5390625 0.5590277777777778 0.541015625 0.5625 0.54296875 0.5902777777777778 0.544921875 0.59375 0.54296875 0.6180555555555556 0.5390625 0.6319444444444444 0.541015625 0.6631944444444444 0.525390625 0.6631944444444444 0.5234375 0.6597222222222222 0.515625 0.6597222222222222 0.51171875 0.65625 0.51171875 0.6145833333333334 0.5078125 0.5972222222222222 0.5078125 0.5659722222222222 0.5 0.5381944444444444 0.5 0.4930555555555556 0.501953125 0.4895833333333333 0.501953125 0.4548611111111111 0.50390625 0.4513888888888889 0.501953125 0.4479166666666667 0.501953125 0.4305555555555556 0.5 0.4270833333333333 0.5 0.4201388888888889 0.494140625 0.4027777777777778 0.494140625 0.3854166666666667 0.5078125 0.375 0.5078125 0.3680555555555556 0.505859375 0.3645833333333333 0.5078125 0.34375 0.51171875 0.3333333333333333 0.517578125 0.3263888888888889
2 0.419921875 0.2465277777777778 0.431640625 0.2638888888888889 0.431640625 0.2986111111111111 0.427734375 0.3055555555555556 0.427734375 0.3125 0.423828125 0.3229166666666667 0.416015625 0.3333333333333333 0.416015625 0.3680555555555556 0.4140625 0.3715277777777778 0.4140625 0.3923611111111111 0.41015625 0.4027777777777778 0.41015625 0.4201388888888889 0.396484375 0.4652777777777778 0.39453125 0.4652777777777778 0.380859375 0.4861111111111111 0.361328125 0.4618055555555556 0.345703125 0.4583333333333333 0.33984375 0.4444444444444444 0.341796875 0.4375 0.33984375 0.4027777777777778 0.3515625 0.3888888888888889 0.34765625 0.3784722222222222 0.34765625 0.3715277777777778 0.3515625 0.3645833333333333 0.3515625 0.3506944444444444 0.35546875 0.34375 0.359375 0.3298611111111111 0.359375 0.3229166666666667 0.35546875 0.3159722222222222 0.349609375 0.3159722222222222 0.345703125 0.3229166666666667 0.341796875 0.3229166666666667 0.3359375 0.3125 0.33203125 0.3125 0.330078125 0.3159722222222222 0.330078125 0.3333333333333333 0.33203125 0.3368055555555556 0.337890625 0.3368055555555556 0.337890625 0.3402777777777778 0.3359375 0.3402777777777778 0.330078125 0.3506944444444444 0.333984375 0.3611111111111111 0.33203125 0.3645833333333333 0.333984375 0.3784722222222222 0.33203125 0.3784722222222222 0.328125 0.3715277777777778 0.328125 0.3645833333333333 0.326171875 0.3611111111111111 0.328125 0.3541666666666667 0.328125 0.3159722222222222 0.326171875 0.3125 0.328125 0.2916666666666667 0.330078125 0.2951388888888889 0.333984375 0.2951388888888889 0.337890625 0.3055555555555556 0.35546875 0.3055555555555556 0.357421875 0.3020833333333333 0.365234375 0.3020833333333333 0.375 0.28125 0.375 0.2708333333333333 0.37890625 0.2604166666666667 0.38671875 0.2465277777777778 0.396484375 0.2465277777777778 0.3984375 0.24305555555555555 0.416015625 0.24305555555555555 0.41796875 0.2465277777777778
2 0.30078125 0.3541666666666667 0.302734375 0.3576388888888889 0.306640625 0.3541666666666667 0.30859375 0.3576388888888889 0.314453125 0.3576388888888889 0.322265625 0.3645833333333333 0.326171875 0.3784722222222222 0.330078125 0.3819444444444444 0.33203125 0.3888888888888889 0.33203125 0.40625 0.333984375 0.4097222222222222 0.333984375 0.4513888888888889 0.3359375 0.4583333333333333 0.33984375 0.4652777777777778 0.361328125 0.46875 0.37109375 0.4791666666666667 0.375 0.4930555555555556 0.373046875 0.5 0.373046875 0.5173611111111112 0.37109375 0.5208333333333334 0.373046875 0.5590277777777778 0.37890625 0.5694444444444444 0.3828125 0.5833333333333334 0.38671875 0.5902777777777778 0.390625 0.5902777777777778 0.39453125 0.6041666666666666 0.408203125 0.6284722222222222 0.41015625 0.6388888888888888 0.416015625 0.6493055555555556 0.41796875 0.6631944444444444 0.4296875 0.6840277777777778 0.43359375 0.6979166666666666 0.43359375 0.7048611111111112 0.4375 0.7152777777777778 0.4375 0.7291666666666666 0.431640625 0.7395833333333334 0.421875 0.7361111111111112 0.419921875 0.7326388888888888 0.421875 0.7083333333333334 0.416015625 0.6979166666666666 0.4140625 0.6979166666666666 0.412109375 0.6875 0.404296875 0.6736111111111112 0.3984375 0.6701388888888888 0.384765625 0.6493055555555556 0.3828125 0.6493055555555556 0.37890625 0.6354166666666666 0.375 0.6319444444444444 0.361328125 0.6041666666666666 0.35546875 0.6111111111111112 0.3515625 0.6284722222222222 0.3515625 0.6423611111111112 0.353515625 0.6458333333333334 0.353515625 0.65625 0.357421875 0.6736111111111112 0.357421875 0.6909722222222222 0.365234375 0.7152777777777778 0.365234375 0.7222222222222222 0.38671875 0.7777777777777778 0.38671875 0.7847222222222222 0.392578125 0.8090277777777778 0.392578125 0.8263888888888888 0.3984375 0.84375 0.40234375 0.9027777777777778 0.404296875 0.90625 0.404296875 0.9270833333333334 0.408203125 0.9375 0.408203125 0.9513888888888888 0.41015625 0.9548611111111112 0.41015625 0.9930555555555556 0.408203125 0.9965277777777778 0.38671875 0.9965277777777778 0.3828125 0.9930555555555556 0.3828125 0.9861111111111112 0.380859375 0.9826388888888888 0.380859375 0.9305555555555556 0.373046875 0.9027777777777778 0.3671875 0.8923611111111112 0.3671875 0.8854166666666666 0.36328125 0.8784722222222222 0.361328125 0.8680555555555556 0.353515625 0.8541666666666666 0.345703125 0.8472222222222222 0.33984375 0.8541666666666666 0.33984375 0.875 0.34765625 0.8958333333333334 0.34765625 0.9027777777777778 0.3515625 0.9166666666666666 0.3515625 0.9375 0.353515625 0.9409722222222222 0.353515625 0.9548611111111112 0.345703125 0.9791666666666666 0.341796875 0.9826388888888888 0.32421875 0.9826388888888888 0.322265625 0.9791666666666666 0.31640625 0.9791666666666666 0.30859375 0.96875 0.302734375 0.9652777777777778 0.2890625 0.9444444444444444 0.28515625 0.9444444444444444 0.283203125 0.9479166666666666 0.27734375 0.9895833333333334 0.2734375 0.9965277777777778 0.265625 0.9965277777777778 0.26171875 0.9930555555555556 0.26171875 0.9861111111111112 0.2578125 0.9756944444444444 0.2578125 0.9375 0.26171875 0.9270833333333334 0.263671875 0.8923611111111112 0.267578125 0.875 0.271484375 0.875 0.2734375 0.8715277777777778 0.275390625 0.875 0.279296875 0.875 0.287109375 0.8958333333333334 0.296875 0.90625 0.306640625 0.90625 0.30859375 0.9027777777777778 0.3046875 0.8958333333333334 0.302734375 0.8819444444444444 0.298828125 0.8715277777777778 0.298828125 0.8611111111111112 0.296875 0.8576388888888888 0.294921875 0.8368055555555556 0.29296875 0.8298611111111112 0.2890625 0.8263888888888888 0.283203125 0.8125 0.28125 0.8125 0.28125 0.8020833333333334 0.279296875 0.7986111111111112 0.275390625 0.8020833333333334 0.2734375 0.7986111111111112 0.255859375 0.7951388888888888 0.255859375 0.7881944444444444 0.259765625 0.78125 0.25390625 0.7673611111111112 0.244140625 0.7326388888888888 0.240234375 0.7256944444444444 0.240234375 0.71875 0.234375 0.7013888888888888 0.234375 0.6909722222222222 0.232421875 0.6875 0.232421875 0.6770833333333334 0.234375 0.6736111111111112 0.234375 0.6493055555555556 0.23828125 0.6388888888888888 0.23828125 0.625 0.2421875 0.6076388888888888 0.2421875 0.59375 0.23828125 0.5868055555555556 0.234375 0.5902777777777778 0.22265625 0.5798611111111112 0.216796875 0.5798611111111112 0.216796875 0.5763888888888888 0.220703125 0.5694444444444444 0.21875 0.5625 0.23046875 0.5416666666666666 0.240234375 0.5416666666666666 0.2421875 0.5381944444444444 0.244140625 0.5243055555555556 0.248046875 0.5173611111111112 0.248046875 0.5104166666666666 0.263671875 0.4930555555555556 0.26953125 0.4930555555555556 0.275390625 0.4861111111111111 0.279296875 0.4861111111111111 0.287109375 0.4791666666666667 0.287109375 0.46875 0.28125 0.4548611111111111 0.279296875 0.4479166666666667 0.279296875 0.4375 0.27734375 0.4340277777777778 0.27734375 0.3993055555555556 0.283203125 0.375 0.287109375 0.3680555555555556 0.287109375 0.3611111111111111 0.291015625 0.3576388888888889 0.298828125 0.3576388888888889
2 0.787109375 0.3090277777777778 0.79296875 0.3229166666666667 0.79296875 0.3576388888888889 0.787109375 0.3576388888888889 0.783203125 0.3645833333333333 0.783203125 0.375 0.787109375 0.3888888888888889 0.787109375 0.4027777777777778 0.78515625 0.4097222222222222 0.771484375 0.4305555555555556 0.7734375 0.4513888888888889 0.767578125 0.4722222222222222 0.765625 0.5069444444444444 0.763671875 0.5 0.763671875 0.4756944444444444 0.765625 0.4722222222222222 0.763671875 0.46875 0.765625 0.4652777777777778 0.76171875 0.4479166666666667 0.763671875 0.4409722222222222 0.765625 0.4131944444444444 0.7578125 0.3958333333333333 0.755859375 0.3854166666666667 0.763671875 0.3645833333333333 0.765625 0.3159722222222222 0.77734375 0.3055555555555556 0.783203125 0.3055555555555556 0.78515625 0.3090277777777778