0 0.908203125 0.125 0.916015625 0.1423611111111111 0.916015625 0.14930555555555555 0.9140625 0.1527777777777778 0.908203125 0.1527777777777778 0.90234375 0.14583333333333334 0.90234375 0.13541666666666666 0.90625 0.1284722222222222
0 0.390625 0.3715277777777778 0.39453125 0.3680555555555556 0.400390625 0.3680555555555556 0.404296875 0.3715277777777778 0.40625 0.3784722222222222 0.40625 0.3854166666666667 0.40234375 0.3923611111111111 0.3984375 0.3923611111111111 0.390625 0.3819444444444444 0.390625 0.375
0 0.830078125 0.3402777777777778 0.83203125 0.34375 0.83203125 0.3541666666666667 0.828125 0.3576388888888889 0.818359375 0.3576388888888889 0.81640625 0.3541666666666667 0.8203125 0.3402777777777778 0.82421875 0.3368055555555556 0.828125 0.3402777777777778
0 0.43124999999999997 0.4592592592592592 0.019791666666666666 0.02962962962962963
0 0.287109375 0.3020833333333333 0.29296875 0.3090277777777778 0.294921875 0.3229166666666667 0.29296875 0.3263888888888889 0.279296875 0.3229166666666667 0.28125 0.3055555555555556 0.28515625 0.3055555555555556
0 0.271484375 0.3854166666666667 0.27734375 0.3923611111111111 0.27734375 0.4097222222222222 0.275390625 0.4131944444444444 0.263671875 0.4027777777777778 0.263671875 0.3923611111111111 0.26953125 0.3854166666666667
0 0.44427083333333334 0.4523148148148148 0.015625 0.02314814814814815
0 0.38671875 0.3020833333333333 0.390625 0.3055555555555556 0.392578125 0.3125 0.392578125 0.3298611111111111 0.390625 0.3333333333333333 0.388671875 0.3298611111111111 0.37890625 0.3298611111111111 0.376953125 0.3333333333333333 0.375 0.3298611111111111 0.375 0.3125 0.37890625 0.3055555555555556 0.384765625 0.3020833333333333
0 0.90625 0.17708333333333334 0.912109375 0.1597222222222222 0.921875 0.1597222222222222 0.923828125 0.16666666666666666 0.923828125 0.18055555555555555 0.921875 0.1840277777777778 0.916015625 0.1840277777777778 0.912109375 0.1875 0.908203125 0.1840277777777778 0.908203125 0.18055555555555555
0 0.5619791666666667 0.32916666666666666 0.019791666666666666 0.030555555555555558
0 0.28515625 0.4097222222222222 0.29296875 0.4201388888888889 0.296875 0.4340277777777778 0.2890625 0.4444444444444444 0.283203125 0.4444444444444444 0.279296875 0.4409722222222222 0.279296875 0.4340277777777778 0.27734375 0.4305555555555556 0.27734375 0.4166666666666667 0.283203125 0.4097222222222222
0 0.57421875 0.3333333333333333 0.57421875 0.34375 0.564453125 0.34375 0.5625 0.3402777777777778 0.5625 0.3368055555555556 0.568359375 0.3298611111111111 0.572265625 0.3333333333333333
1 0.91796875 0.1597222222222222 0.923828125 0.16666666666666666 0.923828125 0.17708333333333334 0.927734375 0.1840277777777778 0.927734375 0.2013888888888889 0.92578125 0.2048611111111111 0.92578125 0.21180555555555555 0.921875 0.21180555555555555 0.919921875 0.2152777777777778 0.9140625 0.2152777777777778 0.91015625 0.21180555555555555 0.908203125 0.2048611111111111 0.908203125 0.1875 0.90625 0.1840277777777778 0.908203125 0.16666666666666666 0.916015625 0.1597222222222222
1 0.580078125 0.34375 0.5859375 0.3472222222222222 0.59375 0.3611111111111111 0.595703125 0.3611111111111111 0.595703125 0.3680555555555556 0.591796875 0.3680555555555556 0.5859375 0.375 0.58203125 0.3645833333333333 0.580078125 0.3472222222222222
1 0.427734375 0.46875 0.4296875 0.4722222222222222 0.43359375 0.4722222222222222 0.4375 0.4826388888888889 0.4375 0.4930555555555556 0.439453125 0.4965277777777778 0.439453125 0.5381944444444444 0.421875 0.5347222222222222 0.419921875 0.53125 0.412109375 0.53125 0.41015625 0.5277777777777778 0.41015625 0.5069444444444444 0.4140625 0.4930555555555556 0.4140625 0.4826388888888889 0.41015625 0.4756944444444444 0.41015625 0.46875 0.416015625 0.4618055555555556 0.421875 0.4618055555555556 0.42578125 0.46875
1 0.818359375 0.3611111111111111 0.822265625 0.3645833333333333 0.830078125 0.3576388888888889 0.837890625 0.3611111111111111 0.84375 0.3715277777777778 0.845703125 0.3715277777777778 0.849609375 0.3819444444444444 0.849609375 0.3888888888888889 0.84375 0.40625 0.82421875 0.40625 0.81640625 0.3854166666666667 0.81640625 0.3680555555555556 0.818359375 0.3645833333333333
1 0.568359375 0.34375 0.5703125 0.3472222222222222 0.57421875 0.3472222222222222 0.580078125 0.3576388888888889 0.580078125 0.3784722222222222 0.572265625 0.3854166666666667 0.5625 0.3854166666666667 0.560546875 0.3819444444444444 0.54296875 0.3784722222222222 0.546875 0.3611111111111111 0.5546875 0.3472222222222222 0.56640625 0.34375
1 0.904296875 0.14930555555555555 0.912109375 0.15625 0.90625 0.1736111111111111 0.908203125 0.19791666666666666 0.904296875 0.2013888888888889 0.8984375 0.19791666666666666 0.89453125 0.1909722222222222 0.89453125 0.1597222222222222 0.896484375 0.1527777777777778 0.90234375 0.14930555555555555
1 0.45703125 0.4652777777777778 0.462890625 0.4756944444444444 0.466796875 0.4965277777777778 0.47265625 0.5069444444444444 0.47265625 0.5173611111111112 0.470703125 0.5208333333333334 0.45703125 0.5208333333333334 0.453125 0.5277777777777778 0.44921875 0.5243055555555556 0.439453125 0.4895833333333333 0.439453125 0.4722222222222222 0.4453125 0.4652777777777778 0.455078125 0.4652777777777778
1 0.388671875 0.3819444444444444 0.396484375 0.3923611111111111 0.40625 0.3923611111111111 0.408203125 0.3888888888888889 0.408203125 0.3958333333333333 0.41015625 0.3993055555555556 0.408203125 0.4027777777777778 0.408203125 0.4131944444444444 0.404296875 0.4236111111111111 0.40234375 0.4375 0.39453125 0.4444444444444444 0.388671875 0.4444444444444444 0.384765625 0.4409722222222222 0.37890625 0.4340277777777778 0.376953125 0.4270833333333333 0.376953125 0.4166666666666667 0.380859375 0.40625 0.37890625 0.3854166666666667 0.380859375 0.3819444444444444 0.38671875 0.3819444444444444
1 0.29296875 0.3263888888888889 0.30078125 0.3368055555555556 0.30078125 0.3611111111111111 0.296875 0.375 0.291015625 0.375 0.2890625 0.3715277777777778 0.2734375 0.375 0.26953125 0.3715277777777778 0.26953125 0.3402777777777778 0.271484375 0.3333333333333333 0.27734375 0.3263888888888889 0.291015625 0.3263888888888889
1 0.296875 0.4340277777777778 0.306640625 0.4444444444444444 0.318359375 0.4756944444444444 0.306640625 0.4930555555555556 0.302734375 0.4930555555555556 0.30078125 0.4965277777777778 0.296875 0.4930555555555556 0.294921875 0.4861111111111111 0.2890625 0.4756944444444444 0.287109375 0.4756944444444444 0.28125 0.4583333333333333 0.28125 0.4479166666666667 0.283203125 0.4444444444444444 0.287109375 0.4444444444444444 0.294921875 0.4375
1 0.265625 0.4027777777777778 0.275390625 0.4131944444444444 0.275390625 0.4409722222222222 0.27734375 0.4479166666666667 0.275390625 0.4513888888888889 0.275390625 0.4618055555555556 0.271484375 0.46875 0.267578125 0.4652777777777778 0.26171875 0.4652777777777778 0.259765625 0.4618055555555556 0.251953125 0.4618055555555556 0.25 0.4583333333333333 0.25 0.4097222222222222 0.25390625 0.4027777777777778 0.263671875 0.4027777777777778
1 0.38671875 0.3333333333333333 0.400390625 0.3472222222222222 0.400390625 0.3576388888888889 0.40234375 0.3645833333333333 0.400390625 0.3680555555555556 0.39453125 0.3680555555555556 0.384765625 0.3784722222222222 0.380859375 0.3784722222222222 0.376953125 0.3854166666666667 0.373046875 0.3819444444444444 0.373046875 0.3680555555555556 0.37109375 0.3645833333333333 0.37109375 0.3576388888888889 0.373046875 0.3541666666666667 0.373046875 0.3368055555555556 0.375 0.3333333333333333 0.384765625 0.3333333333333333
2 0.404296875 0.5034722222222222 0.404296875 0.4861111111111111 0.408203125 0.4791666666666667 0.408203125 0.4722222222222222 0.41796875 0.4513888888888889 0.421875 0.4479166666666667 0.43359375 0.4513888888888889 0.4375 0.4652777777777778 0.435546875 0.4722222222222222 0.435546875 0.4826388888888889 0.439453125 0.4965277777777778 0.439453125 0.5520833333333334 0.4296875 0.5833333333333334 0.42578125 0.625 0.421875 0.6319444444444444 0.41796875 0.6319444444444444 0.41796875 0.5868055555555556 0.412109375 0.5798611111111112 0.40625 0.5868055555555556 0.3984375 0.6215277777777778 0.390625 0.6215277777777778 0.390625 0.6111111111111112 0.39453125 0.5972222222222222 0.39453125 0.5833333333333334 0.404296875 0.5486111111111112 0.41015625 0.5347222222222222 0.41015625 0.5069444444444444 0.40625 0.5034722222222222
2 0.40234375 0.3715277777777778 0.408203125 0.3854166666666667 0.408203125 0.3923611111111111 0.41015625 0.3958333333333333 0.408203125 0.4166666666666667 0.404296875 0.4236111111111111 0.40625 0.4305555555555556 0.40625 0.4409722222222222 0.408203125 0.4444444444444444 0.408203125 0.4722222222222222 0.404296875 0.4826388888888889 0.400390625 0.4861111111111111 0.396484375 0.4826388888888889 0.392578125 0.4861111111111111 0.38671875 0.4965277777777778 0.384765625 0.5104166666666666 0.3828125 0.5104166666666666 0.380859375 0.5173611111111112 0.373046875 0.5277777777777778 0.369140625 0.5277777777777778 0.3671875 0.5069444444444444 0.369140625 0.5034722222222222 0.37109375 0.4791666666666667 0.373046875 0.4756944444444444 0.373046875 0.4409722222222222 0.375 0.4375 0.375 0.4236111111111111 0.380859375 0.4027777777777778 0.37890625 0.3854166666666667 0.380859375 0.3819444444444444 0.38671875 0.3819444444444444 0.39453125 0.3715277777777778 0.400390625 0.3715277777777778
2 0.845703125 0.3715277777777778 0.849609375 0.3784722222222222 0.849609375 0.3854166666666667 0.8515625 0.3888888888888889 0.84765625 0.3993055555555556 0.84765625 0.4513888888888889 0.845703125 0.4548611111111111 0.845703125 0.4861111111111111 0.841796875 0.4965277777777778 0.83984375 0.4965277777777778 0.83984375 0.4930555555555556 0.833984375 0.4826388888888889 0.830078125 0.46875 0.828125 0.4513888888888889 0.82421875 0.4409722222222222 0.822265625 0.4097222222222222 0.81640625 0.3888888888888889 0.81640625 0.3506944444444444 0.8203125 0.3402777777777778 0.830078125 0.3402777777777778 0.83203125 0.34375 0.83203125 0.3506944444444444 0.84375 0.3715277777777778
2 0.564453125 0.3159722222222222 0.568359375 0.3194444444444444 0.572265625 0.3298611111111111 0.580078125 0.3576388888888889 0.58203125 0.3784722222222222 0.576171875 0.3888888888888889 0.576171875 0.3958333333333333 0.568359375 0.4097222222222222 0.568359375 0.4166666666666667 0.56640625 0.4201388888888889 0.56640625 0.4375 0.560546875 0.4652777777777778 0.560546875 0.4965277777777778 0.556640625 0.5104166666666666 0.552734375 0.5104166666666666 0.55078125 0.5069444444444444 0.55078125 0.4930555555555556 0.546875 0.4861111111111111 0.544921875 0.4791666666666667 0.544921875 0.46875 0.5390625 0.4548611111111111 0.537109375 0.3888888888888889 0.54296875 0.3784722222222222 0.54296875 0.3715277777777778 0.546875 0.3576388888888889 0.552734375 0.3472222222222222 0.552734375 0.3298611111111111 0.5546875 0.3263888888888889 0.5546875 0.3194444444444444 0.556640625 0.3159722222222222 0.5625 0.3159722222222222
2 0.91015625 0.1284722222222222 0.912109375 0.1388888888888889 0.91796875 0.14930555555555555 0.91796875 0.15625 0.916015625 0.1597222222222222 0.912109375 0.1597222222222222 0.908203125 0.16666666666666666 0.90625 0.1736111111111111 0.908203125 0.19791666666666666 0.904296875 0.2013888888888889 0.89453125 0.2222222222222222 0.892578125 0.2326388888888889 0.888671875 0.23958333333333334 0.888671875 0.2534722222222222 0.884765625 0.2638888888888889 0.8828125 0.2638888888888889 0.8828125 0.22916666666666666 0.884765625 0.22569444444444445 0.88671875 0.20833333333333334 0.892578125 0.1909722222222222 0.892578125 0.18055555555555555 0.89453125 0.17708333333333334 0.89453125 0.15625 0.90234375 0.1423611111111111 0.90234375 0.13541666666666666 0.908203125 0.1284722222222222
2 0.44921875 0.4444444444444444 0.451171875 0.4583333333333333 0.46484375 0.4791666666666667 0.466796875 0.4965277777777778 0.474609375 0.5138888888888888 0.4765625 0.5659722222222222 0.490234375 0.59375 0.490234375 0.6006944444444444 0.48828125 0.6041666666666666 0.484375 0.6041666666666666 0.48046875 0.59375 0.474609375 0.5868055555555556 0.46484375 0.5868055555555556 0.45703125 0.59375 0.453125 0.5902777777777778 0.453125 0.5798611111111112 0.4609375 0.5625 0.45703125 0.5520833333333334 0.451171875 0.5625 0.4453125 0.5625 0.4453125 0.5486111111111112 0.44921875 0.5451388888888888 0.44921875 0.5381944444444444 0.451171875 0.5347222222222222 0.44921875 0.53125 0.44921875 0.5243055555555556 0.4453125 0.5173611111111112 0.4453125 0.5069444444444444 0.439453125 0.4895833333333333 0.439453125 0.4722222222222222 0.44140625 0.46875 0.439453125 0.4479166666666667 0.447265625 0.4444444444444444
2 0.26953125 0.3854166666666667 0.271484375 0.3888888888888889 0.275390625 0.3888888888888889 0.275390625 0.3958333333333333 0.27734375 0.3993055555555556 0.27734375 0.4618055555555556 0.271484375 0.4756944444444444 0.271484375 0.4826388888888889 0.265625 0.5 0.265625 0.5069444444444444 0.26171875 0.5138888888888888 0.26171875 0.5208333333333334 0.251953125 0.5520833333333334 0.248046875 0.5590277777777778 0.24609375 0.5694444444444444 0.244140625 0.5729166666666666 0.240234375 0.5729166666666666 0.240234375 0.5590277777777778 0.244140625 0.5486111111111112 0.24609375 0.5277777777777778 0.2421875 0.5243055555555556 0.23828125 0.53125 0.234375 0.53125 0.234375 0.5243055555555556 0.236328125 0.5208333333333334 0.234375 0.4965277777777778 0.23828125 0.4826388888888889 0.25 0.4583333333333333 0.25 0.4270833333333333 0.24609375 0.4201388888888889 0.23828125 0.4201388888888889 0.228515625 0.4270833333333333 0.220703125 0.4409722222222222 0.216796875 0.4409722222222222 0.21484375 0.4340277777777778 0.232421875 0.4131944444444444 0.244140625 0.4131944444444444 0.251953125 0.4027777777777778 0.259765625 0.4027777777777778 0.265625 0.3923611111111111 0.265625 0.3888888888888889 0.267578125 0.3888888888888889
2 0.28125 0.3055555555555556 0.291015625 0.3055555555555556 0.29296875 0.3090277777777778 0.294921875 0.3159722222222222 0.294921875 0.3263888888888889 0.30078125 0.3368055555555556 0.30078125 0.3472222222222222 0.302734375 0.3506944444444444 0.302734375 0.3611111111111111 0.294921875 0.3854166666666667 0.294921875 0.4131944444444444 0.29296875 0.4201388888888889 0.2890625 0.4201388888888889 0.28515625 0.4131944444444444 0.279296875 0.4097222222222222 0.27734375 0.4027777777777778 0.27734375 0.3888888888888889 0.26953125 0.375 0.26953125 0.3368055555555556 0.279296875 0.3229166666666667 0.28125 0.3090277777777778
2 0.296875 0.4305555555555556 0.306640625 0.4444444444444444 0.306640625 0.4479166666666667 0.318359375 0.4722222222222222 0.318359375 0.4791666666666667 0.322265625 0.4930555555555556 0.3203125 0.4965277777777778 0.322265625 0.5347222222222222 0.3359375 0.5625 0.3359375 0.5694444444444444 0.33203125 0.5729166666666666 0.3203125 0.5555555555555556 0.3125 0.5555555555555556 0.310546875 0.5590277777777778 0.306640625 0.5590277777777778 0.302734375 0.5659722222222222 0.296875 0.5659722222222222 0.294921875 0.5590277777777778 0.29296875 0.5104166666666666 0.296875 0.5 0.296875 0.4930555555555556 0.291015625 0.4791666666666667 0.28515625 0.4791666666666667 0.28125 0.4756944444444444 0.28125 0.4479166666666667 0.279296875 0.4444444444444444 0.279296875 0.4305555555555556 0.28125 0.4270833333333333 0.28515625 0.4236111111111111 0.291015625 0.4236111111111111 0.294921875 0.4305555555555556
2 0.38671875 0.3020833333333333 0.390625 0.3055555555555556 0.390625 0.3125 0.392578125 0.3159722222222222 0.392578125 0.3333333333333333 0.400390625 0.3472222222222222 0.40234375 0.3680555555555556 0.39453125 0.3680555555555556 0.38671875 0.3784722222222222 0.3828125 0.3784722222222222 0.37890625 0.3854166666666667 0.37890625 0.3958333333333333 0.380859375 0.3993055555555556 0.376953125 0.4097222222222222 0.376953125 0.4201388888888889 0.373046875 0.4305555555555556 0.373046875 0.4513888888888889 0.37109375 0.4583333333333333 0.3671875 0.4583333333333333 0.3671875 0.4340277777777778 0.36328125 0.4236111111111111 0.36328125 0.4131944444444444 0.373046875 0.3923611111111111 0.373046875 0.3715277777777778 0.37109375 0.3680555555555556 0.37109375 0.3611111111111111 0.3671875 0.3541666666666667 0.361328125 0.3506944444444444 0.35546875 0.3402777777777778 0.353515625 0.3298611111111111 0.357421875 0.3263888888888889 0.365234375 0.3368055555555556 0.37109375 0.3368055555555556 0.373046875 0.3333333333333333 0.373046875 0.3194444444444444 0.375 0.3125 0.37890625 0.3055555555555556 0.384765625 0.3020833333333333
2 0.919921875 0.1597222222222222 0.923828125 0.16666666666666666 0.923828125 0.17708333333333334 0.927734375 0.1840277777777778 0.927734375 0.2048611111111111 0.92578125 0.20833333333333334 0.927734375 0.2222222222222222 0.931640625 0.22916666666666666 0.93359375 0.24305555555555555 0.94140625 0.2569444444444444 0.943359375 0.2569444444444444 0.943359375 0.2604166666666667 0.94921875 0.2708333333333333 0.94921875 0.28125 0.94140625 0.2743055555555556 0.931640625 0.2569444444444444 0.9140625 0.23958333333333334 0.904296875 0.23958333333333334 0.90234375 0.24305555555555555 0.896484375 0.2777777777777778 0.892578125 0.28125 0.888671875 0.2743055555555556 0.890625 0.23958333333333334 0.89453125 0.2326388888888889 0.896484375 0.21875 0.908203125 0.2013888888888889 0.908203125 0.1701388888888889 0.912109375 0.16319444444444445 0.91796875 0.1597222222222222
2 0.578125 0.34375 0.5859375 0.3472222222222222 0.59375 0.3611111111111111 0.595703125 0.3611111111111111 0.603515625 0.3819444444444444 0.6015625 0.4305555555555556 0.609375 0.4652777777777778 0.609375 0.4826388888888889 0.60546875 0.4895833333333333 0.6015625 0.4861111111111111 0.599609375 0.4791666666666667 0.591796875 0.4791666666666667 0.591796875 0.4583333333333333 0.587890625 0.4513888888888889 0.583984375 0.4583333333333333 0.580078125 0.4583333333333333 0.578125 0.4548611111111111 0.578125 0.4131944444444444 0.580078125 0.4097222222222222 0.580078125 0.3993055555555556 0.583984375 0.3888888888888889 0.583984375 0.3680555555555556 0.578125 0.3472222222222222