0 0.369140625 0.6319444444444444 0.376953125 0.6423611111111112 0.376953125 0.6666666666666666 0.373046875 0.6736111111111112 0.361328125 0.6701388888888888 0.35546875 0.65625 0.35546875 0.6354166666666666 0.357421875 0.6319444444444444 0.3671875 0.6319444444444444
0 0.580078125 0.375 0.583984375 0.3854166666666667 0.583984375 0.40625 0.568359375 0.4270833333333333 0.5625 0.4270833333333333 0.556640625 0.4166666666666667 0.5546875 0.4097222222222222 0.5546875 0.3888888888888889 0.5625 0.3715277777777778 0.5703125 0.3680555555555556 0.578125 0.375
0 0.466796875 0.5694444444444444 0.470703125 0.5798611111111112 0.470703125 0.59375 0.4609375 0.6006944444444444 0.453125 0.6111111111111112 0.451171875 0.6076388888888888 0.451171875 0.5798611111111112 0.458984375 0.5694444444444444 0.46484375 0.5694444444444444
0 0.611328125 0.3333333333333333 0.615234375 0.34375 0.6171875 0.3645833333333333 0.6015625 0.3923611111111111 0.58984375 0.3680555555555556 0.58984375 0.3541666666666667 0.59375 0.3402777777777778 0.599609375 0.3333333333333333 0.609375 0.3333333333333333
0 0.5611979166666666 0.337037037037037 0.0234375 0.06666666666666667
0 0.34765625 0.6284722222222222 0.353515625 0.6388888888888888 0.353515625 0.6666666666666666 0.34765625 0.6736111111111112 0.3359375 0.6736111111111112 0.333984375 0.6701388888888888 0.330078125 0.6701388888888888 0.330078125 0.6631944444444444 0.328125 0.6597222222222222 0.328125 0.6423611111111112 0.3359375 0.6284722222222222 0.345703125 0.6284722222222222
0 0.87109375 0.40625 0.876953125 0.4166666666666667 0.876953125 0.4375 0.87109375 0.4479166666666667 0.8671875 0.4479166666666667 0.861328125 0.4548611111111111 0.85546875 0.4548611111111111 0.853515625 0.4513888888888889 0.853515625 0.4409722222222222 0.849609375 0.4270833333333333 0.8515625 0.4236111111111111 0.8515625 0.4166666666666667 0.85546875 0.4097222222222222 0.859375 0.40625 0.869140625 0.40625
0 0.404296875 0.6597222222222222 0.40625 0.6666666666666666 0.392578125 0.6909722222222222 0.390625 0.6909722222222222 0.384765625 0.6770833333333334 0.38671875 0.6666666666666666 0.39453125 0.65625 0.400390625 0.65625 0.40234375 0.6597222222222222
0 0.55078125 0.53125 0.552734375 0.5347222222222222 0.556640625 0.5347222222222222 0.560546875 0.5416666666666666 0.560546875 0.5659722222222222 0.55859375 0.5729166666666666 0.55078125 0.5833333333333334 0.546875 0.5833333333333334 0.544921875 0.5798611111111112 0.53515625 0.5451388888888888 0.5390625 0.5347222222222222 0.54296875 0.53125 0.548828125 0.53125
0 0.369140625 0.3090277777777778 0.37890625 0.3194444444444444 0.37890625 0.3576388888888889 0.375 0.3680555555555556 0.365234375 0.3680555555555556 0.359375 0.3541666666666667 0.357421875 0.3263888888888889 0.359375 0.3194444444444444 0.365234375 0.3090277777777778 0.3671875 0.3090277777777778
0 0.725 0.38564814814814813 0.03125 0.054629629629629625
0 0.66796875 0.2013888888888889 0.67578125 0.20833333333333334 0.67578125 0.2152777777777778 0.677734375 0.21875 0.677734375 0.2361111111111111 0.67578125 0.24305555555555555 0.673828125 0.2465277777777778 0.662109375 0.2465277777777778 0.65625 0.23958333333333334 0.658203125 0.2152777777777778 0.662109375 0.2048611111111111 0.666015625 0.2048611111111111
0 0.509765625 0.3680555555555556 0.515625 0.3784722222222222 0.515625 0.3854166666666667 0.517578125 0.3888888888888889 0.513671875 0.40625 0.5078125 0.4166666666666667 0.498046875 0.4166666666666667 0.494140625 0.4131944444444444 0.48828125 0.3993055555555556 0.48828125 0.3888888888888889 0.490234375 0.3819444444444444 0.498046875 0.3680555555555556 0.501953125 0.3680555555555556 0.50390625 0.3645833333333333 0.5078125 0.3680555555555556
0 0.7109375 0.4791666666666667 0.716796875 0.4930555555555556 0.716796875 0.5173611111111112 0.708984375 0.5347222222222222 0.701171875 0.5347222222222222 0.697265625 0.5277777777777778 0.69140625 0.5243055555555556 0.6875 0.5173611111111112 0.6875 0.5069444444444444 0.685546875 0.5034722222222222 0.6875 0.4895833333333333 0.693359375 0.4791666666666667 0.697265625 0.4756944444444444 0.70703125 0.4756944444444444 0.708984375 0.4791666666666667
0 0.61328125 0.4965277777777778 0.615234375 0.5 0.62109375 0.5 0.626953125 0.5104166666666666 0.626953125 0.5347222222222222 0.615234375 0.5381944444444444 0.611328125 0.5451388888888888 0.60546875 0.5486111111111112 0.60546875 0.5416666666666666 0.6015625 0.5347222222222222 0.6015625 0.5138888888888888 0.607421875 0.5 0.611328125 0.5
0 0.69140625 0.2048611111111111 0.6953125 0.20833333333333334 0.69921875 0.21875 0.69921875 0.2361111111111111 0.697265625 0.24305555555555555 0.689453125 0.2465277777777778 0.685546875 0.2569444444444444 0.677734375 0.2465277777777778 0.6796875 0.23958333333333334 0.6796875 0.21180555555555555 0.68359375 0.2048611111111111 0.689453125 0.2048611111111111
0 0.626953125 0.4305555555555556 0.625 0.4097222222222222 0.626953125 0.40625 0.626953125 0.3993055555555556 0.634765625 0.3888888888888889 0.64453125 0.3888888888888889 0.65234375 0.4027777777777778 0.654296875 0.4097222222222222 0.654296875 0.4236111111111111 0.642578125 0.4409722222222222 0.63671875 0.4409722222222222 0.62890625 0.4305555555555556
1 0.529296875 0.5416666666666666 0.537109375 0.5555555555555556 0.537109375 0.5625 0.54296875 0.5729166666666666 0.54296875 0.5798611111111112 0.544921875 0.5833333333333334 0.541015625 0.59375 0.541015625 0.6006944444444444 0.537109375 0.6076388888888888 0.5390625 0.6284722222222222 0.541015625 0.6319444444444444 0.5390625 0.6354166666666666 0.53125 0.6354166666666666 0.525390625 0.6145833333333334 0.521484375 0.6076388888888888 0.51953125 0.6076388888888888 0.513671875 0.6180555555555556 0.5078125 0.6180555555555556 0.50390625 0.6145833333333334 0.4921875 0.6006944444444444 0.490234375 0.5833333333333334 0.484375 0.5729166666666666 0.482421875 0.5729166666666666 0.48046875 0.5659722222222222 0.4765625 0.5694444444444444 0.482421875 0.5590277777777778 0.486328125 0.5590277777777778 0.48828125 0.5555555555555556 0.498046875 0.5555555555555556 0.5078125 0.5486111111111112 0.52734375 0.5451388888888888
1 0.595703125 0.4097222222222222 0.599609375 0.4131944444444444 0.603515625 0.4236111111111111 0.603515625 0.4305555555555556 0.6015625 0.4340277777777778 0.59765625 0.4375 0.591796875 0.4375 0.587890625 0.4444444444444444 0.587890625 0.4548611111111111 0.59765625 0.4722222222222222 0.599609375 0.4722222222222222 0.599609375 0.4791666666666667 0.6015625 0.4826388888888889 0.599609375 0.4861111111111111 0.599609375 0.4930555555555556 0.595703125 0.5 0.591796875 0.4930555555555556 0.58984375 0.4965277777777778 0.57421875 0.4965277777777778 0.5703125 0.4895833333333333 0.56640625 0.4722222222222222 0.560546875 0.4583333333333333 0.560546875 0.4305555555555556 0.56640625 0.4305555555555556 0.583984375 0.4097222222222222 0.59375 0.4097222222222222
1 0.44921875 0.6111111111111112 0.455078125 0.6215277777777778 0.455078125 0.6284722222222222 0.45703125 0.6319444444444444 0.45703125 0.65625 0.453125 0.6666666666666666 0.447265625 0.6770833333333334 0.439453125 0.6736111111111112 0.4375 0.6701388888888888 0.4375 0.6631944444444444 0.439453125 0.6597222222222222 0.4375 0.65625 0.435546875 0.6388888888888888 0.4296875 0.625 0.43359375 0.6215277777777778 0.439453125 0.6215277777777778 0.447265625 0.6145833333333334
1 0.685546875 0.5520833333333334 0.685546875 0.5347222222222222 0.689453125 0.5277777777777778 0.6953125 0.5277777777777778 0.701171875 0.5381944444444444 0.708984375 0.5381944444444444 0.720703125 0.5173611111111112 0.732421875 0.5208333333333334 0.736328125 0.5277777777777778 0.73828125 0.5381944444444444 0.73046875 0.5486111111111112 0.73046875 0.5590277777777778 0.740234375 0.5833333333333334 0.740234375 0.6180555555555556 0.734375 0.625 0.708984375 0.625 0.70703125 0.6076388888888888 0.701171875 0.59375 0.701171875 0.5833333333333334 0.6953125 0.5694444444444444 0.6953125 0.5625 0.689453125 0.5520833333333334 0.6875 0.5520833333333334
1 0.623046875 0.3645833333333333 0.630859375 0.375 0.6328125 0.3854166666666667 0.623046875 0.40625 0.615234375 0.4097222222222222 0.609375 0.4201388888888889 0.60546875 0.4097222222222222 0.59765625 0.4027777777777778 0.591796875 0.4027777777777778 0.5859375 0.3923611111111111 0.587890625 0.3715277777777778 0.591796875 0.3715277777777778 0.595703125 0.3784722222222222 0.59765625 0.3888888888888889 0.599609375 0.3923611111111111 0.603515625 0.3923611111111111 0.611328125 0.375 0.62109375 0.3645833333333333
1 0.583984375 0.3402777777777778 0.587890625 0.34375 0.5859375 0.3715277777777778 0.583984375 0.375 0.568359375 0.3645833333333333 0.56640625 0.3680555555555556 0.5625 0.3680555555555556 0.552734375 0.3888888888888889 0.546875 0.3819444444444444 0.54296875 0.3715277777777778 0.54296875 0.3506944444444444 0.546875 0.34375 0.55078125 0.3472222222222222 0.556640625 0.3680555555555556 0.5625 0.3680555555555556 0.5703125 0.3506944444444444 0.5703125 0.34375 0.572265625 0.3402777777777778 0.58203125 0.3402777777777778
1 0.884765625 0.4548611111111111 0.88671875 0.4618055555555556 0.88671875 0.4722222222222222 0.888671875 0.4756944444444444 0.888671875 0.4965277777777778 0.890625 0.5 0.890625 0.5069444444444444 0.88671875 0.4965277777777778 0.88671875 0.4861111111111111 0.8828125 0.4791666666666667 0.876953125 0.4791666666666667 0.869140625 0.4895833333333333 0.869140625 0.4965277777777778 0.87109375 0.5 0.869140625 0.5069444444444444 0.869140625 0.5243055555555556 0.86328125 0.53125 0.86328125 0.5208333333333334 0.857421875 0.4930555555555556 0.857421875 0.4618055555555556 0.875 0.4444444444444444 0.876953125 0.4444444444444444 0.8828125 0.4548611111111111
1 0.423828125 0.6631944444444444 0.443359375 0.6805555555555556 0.44140625 0.6979166666666666 0.43359375 0.7222222222222222 0.431640625 0.7395833333333334 0.41796875 0.7395833333333334 0.412109375 0.7291666666666666 0.41015625 0.7291666666666666 0.41015625 0.7152777777777778 0.412109375 0.7083333333333334 0.408203125 0.7013888888888888 0.404296875 0.7013888888888888 0.400390625 0.7083333333333334 0.39453125 0.7118055555555556 0.39453125 0.6909722222222222 0.408203125 0.6666666666666666 0.41796875 0.6666666666666666 0.421875 0.6631944444444444
1 0.361328125 0.6736111111111112 0.36328125 0.6770833333333334 0.3671875 0.6770833333333334 0.37109375 0.6840277777777778 0.369140625 0.7222222222222222 0.36328125 0.75 0.36328125 0.7569444444444444 0.3671875 0.7638888888888888 0.3671875 0.7708333333333334 0.365234375 0.7743055555555556 0.35546875 0.7743055555555556 0.353515625 0.7708333333333334 0.34375 0.7708333333333334 0.341796875 0.7743055555555556 0.33984375 0.7708333333333334 0.33984375 0.7604166666666666 0.341796875 0.7569444444444444 0.341796875 0.7430555555555556 0.34375 0.7395833333333334 0.34375 0.71875 0.337890625 0.7048611111111112 0.326171875 0.7048611111111112 0.322265625 0.6979166666666666 0.322265625 0.6840277777777778 0.330078125 0.6736111111111112 0.3359375 0.6736111111111112 0.337890625 0.6770833333333334 0.359375 0.6736111111111112
1 0.380859375 0.3506944444444444 0.38671875 0.3506944444444444 0.390625 0.3541666666666667 0.39453125 0.3645833333333333 0.38671875 0.3923611111111111 0.38671875 0.4409722222222222 0.376953125 0.4618055555555556 0.3515625 0.4618055555555556 0.349609375 0.4583333333333333 0.34765625 0.4444444444444444 0.349609375 0.4409722222222222 0.349609375 0.4236111111111111 0.353515625 0.40625 0.34765625 0.3923611111111111 0.33984375 0.3854166666666667 0.33984375 0.375 0.345703125 0.3611111111111111 0.357421875 0.3576388888888889 0.365234375 0.375 0.373046875 0.375 0.37890625 0.3645833333333333 0.380859375 0.3541666666666667
1 0.751953125 0.3993055555555556 0.759765625 0.4201388888888889 0.75 0.4270833333333333 0.74609375 0.4340277777777778 0.74609375 0.4409722222222222 0.7578125 0.46875 0.7578125 0.4756944444444444 0.755859375 0.4791666666666667 0.755859375 0.4930555555555556 0.7578125 0.4965277777777778 0.75390625 0.4965277777777778 0.74609375 0.4895833333333333 0.73828125 0.4756944444444444 0.73828125 0.4722222222222222 0.734375 0.46875 0.732421875 0.4548611111111111 0.724609375 0.4409722222222222 0.724609375 0.4236111111111111 0.72265625 0.4201388888888889 0.72265625 0.4131944444444444 0.73046875 0.4097222222222222 0.732421875 0.4027777777777778 0.734375 0.4027777777777778 0.740234375 0.3923611111111111 0.75 0.3993055555555556
1 0.515625 0.3784722222222222 0.521484375 0.3784722222222222 0.53515625 0.3923611111111111 0.5390625 0.40625 0.5390625 0.4166666666666667 0.544921875 0.4270833333333333 0.548828125 0.4270833333333333 0.548828125 0.4444444444444444 0.546875 0.4479166666666667 0.546875 0.4548611111111111 0.53125 0.4618055555555556 0.525390625 0.46875 0.515625 0.4652777777777778 0.51171875 0.4583333333333333 0.51171875 0.4479166666666667 0.505859375 0.4375 0.50390625 0.4375 0.498046875 0.4236111111111111 0.498046875 0.4166666666666667 0.5078125 0.4166666666666667 0.515625 0.4027777777777778 0.517578125 0.3958333333333333 0.517578125 0.3854166666666667 0.515625 0.3819444444444444
1 0.634765625 0.5451388888888888 0.638671875 0.5555555555555556 0.638671875 0.5763888888888888 0.640625 0.5798611111111112 0.638671875 0.6215277777777778 0.642578125 0.6319444444444444 0.642578125 0.6423611111111112 0.646484375 0.65625 0.64453125 0.6631944444444444 0.619140625 0.6631944444444444 0.615234375 0.6597222222222222 0.615234375 0.6388888888888888 0.61328125 0.6354166666666666 0.615234375 0.6319444444444444 0.6171875 0.6111111111111112 0.626953125 0.5763888888888888 0.62109375 0.5659722222222222 0.61328125 0.5659722222222222 0.609375 0.5729166666666666 0.607421875 0.5555555555555556 0.61328125 0.5416666666666666 0.62890625 0.5381944444444444 0.6328125 0.5451388888888888
1 0.4765625 0.6006944444444444 0.478515625 0.6041666666666666 0.4921875 0.6041666666666666 0.5 0.6111111111111112 0.51171875 0.625 0.515625 0.6354166666666666 0.521484375 0.6388888888888888 0.525390625 0.6458333333333334 0.5234375 0.6493055555555556 0.52734375 0.65625 0.529296875 0.6493055555555556 0.529296875 0.6597222222222222 0.52734375 0.6597222222222222 0.521484375 0.6701388888888888 0.513671875 0.6736111111111112 0.5078125 0.6805555555555556 0.494140625 0.6770833333333334 0.484375 0.6597222222222222 0.4765625 0.6597222222222222 0.474609375 0.65625 0.474609375 0.6493055555555556 0.478515625 0.6388888888888888 0.478515625 0.6319444444444444 0.474609375 0.625 0.46875 0.625 0.4609375 0.6354166666666666 0.45703125 0.6284722222222222 0.45703125 0.6076388888888888 0.458984375 0.6041666666666666 0.466796875 0.5972222222222222 0.47265625 0.5972222222222222 0.474609375 0.6006944444444444
1 0.623046875 0.3645833333333333 0.62890625 0.3715277777777778 0.6328125 0.3854166666666667 0.623046875 0.40625 0.6171875 0.40625 0.611328125 0.4131944444444444 0.6015625 0.4027777777777778 0.58984375 0.3993055555555556 0.5859375 0.3923611111111111 0.587890625 0.3715277777777778 0.591796875 0.3715277777777778 0.595703125 0.3784722222222222 0.59765625 0.3888888888888889 0.599609375 0.3923611111111111 0.603515625 0.3923611111111111 0.611328125 0.375 0.62109375 0.3645833333333333
1 0.65625 0.4166666666666667 0.662109375 0.4201388888888889 0.673828125 0.4375 0.681640625 0.4652777777777778 0.681640625 0.4791666666666667 0.685546875 0.4895833333333333 0.68359375 0.4965277777777778 0.68359375 0.5138888888888888 0.685546875 0.5173611111111112 0.68359375 0.53125 0.6796875 0.5381944444444444 0.66796875 0.5381944444444444 0.6640625 0.5347222222222222 0.6640625 0.5243055555555556 0.669921875 0.5104166666666666 0.669921875 0.4826388888888889 0.66796875 0.4791666666666667 0.66796875 0.4722222222222222 0.6640625 0.4652777777777778 0.65625 0.4652777777777778 0.654296875 0.46875 0.654296875 0.4930555555555556 0.65625 0.4965277777777778 0.654296875 0.5034722222222222 0.650390625 0.4895833333333333 0.640625 0.46875 0.640625 0.4583333333333333 0.638671875 0.4548611111111111 0.640625 0.4444444444444444 0.650390625 0.4340277777777778 0.65625 0.4236111111111111 0.65625 0.4201388888888889
1 0.3828125 0.7326388888888888 0.388671875 0.7326388888888888 0.392578125 0.7395833333333334 0.39453125 0.7465277777777778 0.39453125 0.7569444444444444 0.380859375 0.78125 0.373046875 0.7777777777777778 0.37109375 0.7743055555555556 0.37109375 0.7673611111111112 0.365234375 0.7569444444444444 0.3671875 0.7430555555555556 0.376953125 0.7465277777777778 0.3828125 0.7361111111111112
1 0.69140625 0.24305555555555555 0.69921875 0.24305555555555555 0.70703125 0.2534722222222222 0.708984375 0.2638888888888889 0.71484375 0.2777777777777778 0.71484375 0.2951388888888889 0.71875 0.3090277777777778 0.71875 0.3159722222222222 0.708984375 0.3333333333333333 0.701171875 0.3402777777777778 0.697265625 0.3402777777777778 0.6953125 0.3368055555555556 0.693359375 0.3298611111111111 0.693359375 0.3194444444444444 0.69921875 0.3194444444444444 0.705078125 0.3090277777777778 0.708984375 0.2986111111111111 0.708984375 0.2847222222222222 0.712890625 0.2743055555555556 0.708984375 0.2673611111111111 0.705078125 0.2673611111111111 0.69921875 0.2743055555555556 0.69140625 0.2743055555555556 0.6875 0.2708333333333333 0.6875 0.2534722222222222 0.69140625 0.2465277777777778
1 0.654296875 0.24305555555555555 0.65625 0.2465277777777778 0.677734375 0.2534722222222222 0.685546875 0.2638888888888889 0.6796875 0.2847222222222222 0.6796875 0.2951388888888889 0.669921875 0.3229166666666667 0.669921875 0.3298611111111111 0.66796875 0.3333333333333333 0.66796875 0.3541666666666667 0.65234375 0.34375 0.63671875 0.34375 0.634765625 0.3472222222222222 0.6328125 0.3402777777777778 0.6328125 0.3194444444444444 0.63671875 0.3055555555555556 0.638671875 0.2638888888888889 0.640625 0.2604166666666667 0.640625 0.2534722222222222 0.646484375 0.24305555555555555 0.65234375 0.24305555555555555
2 0.44921875 0.6111111111111112 0.455078125 0.6215277777777778 0.45703125 0.6527777777777778 0.451171875 0.6701388888888888 0.4453125 0.6770833333333334 0.4375 0.6736111111111112 0.42578125 0.6597222222222222 0.404296875 0.6597222222222222 0.40234375 0.65625 0.392578125 0.65625 0.388671875 0.6597222222222222 0.384765625 0.6701388888888888 0.380859375 0.6701388888888888 0.380859375 0.6423611111111112 0.384765625 0.6388888888888888 0.400390625 0.6354166666666666 0.408203125 0.625 0.412109375 0.625 0.4140625 0.6215277777777778 0.423828125 0.6215277777777778 0.427734375 0.625 0.4296875 0.6215277777777778 0.44140625 0.6180555555555556 0.447265625 0.6111111111111112
2 0.55078125 0.53125 0.55859375 0.5381944444444444 0.560546875 0.5451388888888888 0.560546875 0.5659722222222222 0.556640625 0.5798611111111112 0.546875 0.5868055555555556 0.5390625 0.6041666666666666 0.541015625 0.6423611111111112 0.55078125 0.65625 0.55078125 0.6631944444444444 0.552734375 0.6666666666666666 0.55078125 0.6736111111111112 0.541015625 0.6736111111111112 0.541015625 0.6666666666666666 0.53125 0.6493055555555556 0.529296875 0.6354166666666666 0.5234375 0.6180555555555556 0.515625 0.625 0.513671875 0.6215277777777778 0.509765625 0.6215277777777778 0.4921875 0.6006944444444444 0.478515625 0.6006944444444444 0.47265625 0.5902777777777778 0.47265625 0.5798611111111112 0.470703125 0.5763888888888888 0.47265625 0.5694444444444444 0.48828125 0.5555555555555556 0.49609375 0.5555555555555556 0.505859375 0.5486111111111112 0.513671875 0.5486111111111112 0.515625 0.5451388888888888 0.52734375 0.5416666666666666 0.533203125 0.5347222222222222 0.548828125 0.53125
2 0.703125 0.4756944444444444 0.71484375 0.4861111111111111 0.716796875 0.5104166666666666 0.720703125 0.5173611111111112 0.732421875 0.5208333333333334 0.736328125 0.5277777777777778 0.73828125 0.5416666666666666 0.74609375 0.5555555555555556 0.751953125 0.5763888888888888 0.751953125 0.6041666666666666 0.748046875 0.6145833333333334 0.748046875 0.625 0.751953125 0.6354166666666666 0.751953125 0.6875 0.76171875 0.7048611111111112 0.763671875 0.71875 0.77734375 0.7673611111111112 0.77734375 0.78125 0.775390625 0.7847222222222222 0.76953125 0.7777777777777778 0.765625 0.7638888888888888 0.765625 0.7569444444444444 0.76171875 0.7465277777777778 0.76171875 0.7395833333333334 0.7421875 0.7013888888888888 0.73828125 0.6875 0.73828125 0.6770833333333334 0.734375 0.6701388888888888 0.732421875 0.6597222222222222 0.7265625 0.6527777777777778 0.70703125 0.6979166666666666 0.70703125 0.7222222222222222 0.708984375 0.7256944444444444 0.708984375 0.7465277777777778 0.712890625 0.7604166666666666 0.712890625 0.7777777777777778 0.703125 0.7881944444444444 0.693359375 0.7881944444444444 0.703125 0.7604166666666666 0.69921875 0.7361111111111112 0.6953125 0.7256944444444444 0.6953125 0.6701388888888888 0.701171875 0.6423611111111112 0.70703125 0.6319444444444444 0.708984375 0.6180555555555556 0.70703125 0.6145833333333334 0.70703125 0.6041666666666666 0.703125 0.5972222222222222 0.701171875 0.5798611111111112 0.697265625 0.5729166666666666 0.69140625 0.5798611111111112 0.689453125 0.6041666666666666 0.685546875 0.6041666666666666 0.68359375 0.5972222222222222 0.685546875 0.5347222222222222 0.689453125 0.5243055555555556 0.6875 0.4930555555555556 0.693359375 0.4791666666666667 0.701171875 0.4756944444444444
2 0.59375 0.3402777777777778 0.599609375 0.3333333333333333 0.609375 0.3333333333333333 0.615234375 0.34375 0.6171875 0.3576388888888889 0.62109375 0.3645833333333333 0.626953125 0.3680555555555556 0.6328125 0.3854166666666667 0.623046875 0.40625 0.623046875 0.4201388888888889 0.625 0.4236111111111111 0.626953125 0.4409722222222222 0.630859375 0.4513888888888889 0.62890625 0.4548611111111111 0.62890625 0.4618055555555556 0.626953125 0.4652777777777778 0.6171875 0.4652777777777778 0.615234375 0.46875 0.609375 0.4548611111111111 0.6015625 0.4548611111111111 0.59765625 0.4618055555555556 0.59375 0.4618055555555556 0.58984375 0.4479166666666667 0.59375 0.4409722222222222 0.599609375 0.4409722222222222 0.60546875 0.4305555555555556 0.60546875 0.4201388888888889 0.603515625 0.4131944444444444 0.59765625 0.4027777777777778 0.59375 0.4027777777777778 0.587890625 0.3958333333333333 0.58984375 0.3576388888888889 0.59375 0.34375
2 0.587890625 0.34375 0.5859375 0.3680555555555556 0.58203125 0.375 0.576171875 0.3680555555555556 0.564453125 0.3680555555555556 0.556640625 0.3819444444444444 0.552734375 0.4027777777777778 0.54296875 0.3958333333333333 0.54296875 0.3854166666666667 0.544921875 0.3819444444444444 0.544921875 0.375 0.54296875 0.3715277777777778 0.54296875 0.3506944444444444 0.55078125 0.3368055555555556 0.55078125 0.3159722222222222 0.556640625 0.3055555555555556 0.56640625 0.3055555555555556 0.5703125 0.3125 0.5703125 0.3263888888888889 0.572265625 0.3333333333333333 0.576171875 0.3402777777777778 0.583984375 0.3402777777777778 0.5859375 0.34375
2 0.873046875 0.4097222222222222 0.876953125 0.4166666666666667 0.876953125 0.4444444444444444 0.88671875 0.4618055555555556 0.88671875 0.4791666666666667 0.888671875 0.4826388888888889 0.888671875 0.5 0.890625 0.5034722222222222 0.890625 0.5625 0.87890625 0.5902777777777778 0.873046875 0.5902777777777778 0.865234375 0.6006944444444444 0.865234375 0.6076388888888888 0.87109375 0.6284722222222222 0.873046875 0.6493055555555556 0.87890625 0.6631944444444444 0.87890625 0.6701388888888888 0.880859375 0.6736111111111112 0.87890625 0.6770833333333334 0.85546875 0.6770833333333334 0.85546875 0.6736111111111112 0.865234375 0.6597222222222222 0.86328125 0.6458333333333334 0.857421875 0.6354166666666666 0.845703125 0.6458333333333334 0.83203125 0.6458333333333334 0.83203125 0.6423611111111112 0.83984375 0.6319444444444444 0.83984375 0.6111111111111112 0.833984375 0.5972222222222222 0.83203125 0.5833333333333334 0.828125 0.5729166666666666 0.828125 0.5555555555555556 0.830078125 0.5520833333333334 0.83984375 0.5416666666666666 0.853515625 0.5381944444444444 0.86328125 0.53125 0.861328125 0.5069444444444444 0.857421875 0.4930555555555556 0.857421875 0.4652777777777778 0.853515625 0.4548611111111111 0.853515625 0.4409722222222222 0.849609375 0.4270833333333333 0.8515625 0.4236111111111111 0.8515625 0.4166666666666667 0.859375 0.40625 0.869140625 0.40625 0.87109375 0.4097222222222222
2 0.380859375 0.6805555555555556 0.38671875 0.6875 0.388671875 0.6944444444444444 0.388671875 0.7152777777777778 0.392578125 0.7222222222222222 0.400390625 0.7222222222222222 0.40234375 0.71875 0.40625 0.7222222222222222 0.404296875 0.7395833333333334 0.396484375 0.75 0.396484375 0.7604166666666666 0.40234375 0.7708333333333334 0.412109375 0.8090277777777778 0.416015625 0.8159722222222222 0.431640625 0.8263888888888888 0.443359375 0.8506944444444444 0.447265625 0.8541666666666666 0.455078125 0.8541666666666666 0.458984375 0.8645833333333334 0.458984375 0.8854166666666666 0.453125 0.8819444444444444 0.4453125 0.8680555555555556 0.43359375 0.8541666666666666 0.4296875 0.8541666666666666 0.421875 0.84375 0.4140625 0.8402777777777778 0.40625 0.8298611111111112 0.40234375 0.8298611111111112 0.3828125 0.7847222222222222 0.373046875 0.7847222222222222 0.37109375 0.78125 0.37109375 0.7673611111111112 0.365234375 0.7534722222222222 0.3671875 0.7465277777777778 0.37109375 0.7430555555555556 0.37890625 0.7430555555555556 0.3828125 0.7361111111111112 0.373046875 0.7152777777777778 0.373046875 0.6875 0.37890625 0.6805555555555556
2 0.345703125 0.6284722222222222 0.353515625 0.6388888888888888 0.357421875 0.6388888888888888 0.36328125 0.6319444444444444 0.369140625 0.6354166666666666 0.365234375 0.6388888888888888 0.365234375 0.6458333333333334 0.359375 0.6388888888888888 0.35546875 0.6493055555555556 0.359375 0.6597222222222222 0.3671875 0.6597222222222222 0.3671875 0.6666666666666666 0.369140625 0.6701388888888888 0.373046875 0.6631944444444444 0.369140625 0.7118055555555556 0.380859375 0.7361111111111112 0.376953125 0.7430555555555556 0.375 0.7395833333333334 0.3671875 0.7395833333333334 0.365234375 0.7430555555555556 0.36328125 0.75 0.3671875 0.7638888888888888 0.3671875 0.7951388888888888 0.365234375 0.7986111111111112 0.365234375 0.8055555555555556 0.361328125 0.8194444444444444 0.357421875 0.8263888888888888 0.3515625 0.8263888888888888 0.337890625 0.8576388888888888 0.337890625 0.8680555555555556 0.341796875 0.8819444444444444 0.341796875 0.8923611111111112 0.345703125 0.9027777777777778 0.345703125 0.9166666666666666 0.34765625 0.9236111111111112 0.353515625 0.9305555555555556 0.353515625 0.9375 0.34765625 0.9479166666666666 0.345703125 0.9583333333333334 0.33984375 0.9652777777777778 0.328125 0.9548611111111112 0.333984375 0.9409722222222222 0.333984375 0.9166666666666666 0.32421875 0.8819444444444444 0.3203125 0.875 0.3203125 0.8333333333333334 0.322265625 0.8298611111111112 0.322265625 0.8194444444444444 0.328125 0.7986111111111112 0.328125 0.7916666666666666 0.33203125 0.7847222222222222 0.33203125 0.7534722222222222 0.328125 0.7395833333333334 0.328125 0.7083333333333334 0.322265625 0.6979166666666666 0.322265625 0.6875 0.328125 0.6736111111111112 0.328125 0.6666666666666666 0.330078125 0.6631944444444444 0.328125 0.65625 0.328125 0.6458333333333334 0.330078125 0.6388888888888888 0.337890625 0.6284722222222222 0.34375 0.6284722222222222
2 0.373046875 0.3125 0.376953125 0.3159722222222222 0.37890625 0.3229166666666667 0.380859375 0.34375 0.384765625 0.3506944444444444 0.390625 0.3541666666666667 0.39453125 0.3645833333333333 0.392578125 0.375 0.396484375 0.3888888888888889 0.396484375 0.3993055555555556 0.400390625 0.4131944444444444 0.400390625 0.4236111111111111 0.39453125 0.4409722222222222 0.39453125 0.4513888888888889 0.390625 0.4652777777777778 0.392578125 0.5173611111111112 0.380859375 0.5729166666666666 0.380859375 0.5763888888888888 0.390625 0.59375 0.392578125 0.59375 0.392578125 0.6006944444444444 0.380859375 0.6006944444444444 0.373046875 0.59375 0.365234375 0.59375 0.36328125 0.5972222222222222 0.365234375 0.6041666666666666 0.365234375 0.625 0.361328125 0.6284722222222222 0.357421875 0.6284722222222222 0.35546875 0.625 0.35546875 0.5833333333333334 0.353515625 0.5798611111111112 0.353515625 0.5381944444444444 0.35546875 0.5347222222222222 0.353515625 0.53125 0.353515625 0.5104166666666666 0.3515625 0.5069444444444444 0.3515625 0.5 0.34765625 0.4930555555555556 0.333984375 0.4895833333333333 0.330078125 0.4791666666666667 0.337890625 0.4583333333333333 0.337890625 0.4444444444444444 0.3359375 0.4409722222222222 0.3359375 0.40625 0.33984375 0.3958333333333333 0.33984375 0.375 0.345703125 0.3611111111111111 0.35546875 0.3576388888888889 0.359375 0.3506944444444444 0.359375 0.3402777777777778 0.357421875 0.3368055555555556 0.359375 0.3194444444444444 0.3671875 0.3090277777777778 0.37109375 0.3125
2 0.734375 0.3611111111111111 0.73828125 0.3680555555555556 0.740234375 0.3888888888888889 0.75390625 0.4027777777777778 0.75390625 0.40625 0.759765625 0.4166666666666667 0.763671875 0.4409722222222222 0.767578125 0.4479166666666667 0.767578125 0.4583333333333333 0.7734375 0.4791666666666667 0.7734375 0.5069444444444444 0.77734375 0.5243055555555556 0.77734375 0.5520833333333334 0.787109375 0.5729166666666666 0.79296875 0.59375 0.794921875 0.6111111111111112 0.80078125 0.625 0.80078125 0.6354166666666666 0.798828125 0.6423611111111112 0.79296875 0.6493055555555556 0.787109375 0.6493055555555556 0.78515625 0.6458333333333334 0.787109375 0.6423611111111112 0.7890625 0.6215277777777778 0.7734375 0.5763888888888888 0.76953125 0.5729166666666666 0.76953125 0.5694444444444444 0.763671875 0.5590277777777778 0.76171875 0.5520833333333334 0.76171875 0.5416666666666666 0.755859375 0.53125 0.75390625 0.53125 0.751953125 0.5243055555555556 0.748046875 0.5243055555555556 0.74609375 0.53125 0.7421875 0.5347222222222222 0.732421875 0.5173611111111112 0.73046875 0.5173611111111112 0.73046875 0.5034722222222222 0.73828125 0.4826388888888889 0.73828125 0.4756944444444444 0.734375 0.46875 0.73046875 0.4513888888888889 0.724609375 0.4375 0.72265625 0.4166666666666667 0.712890625 0.3993055555555556 0.7109375 0.3888888888888889 0.71875 0.3645833333333333 0.72265625 0.3611111111111111 0.732421875 0.3611111111111111
2 0.50390625 0.3645833333333333 0.505859375 0.3680555555555556 0.509765625 0.3680555555555556 0.517578125 0.3784722222222222 0.521484375 0.3784722222222222 0.533203125 0.3888888888888889 0.5390625 0.3993055555555556 0.54296875 0.4027777777777778 0.548828125 0.4027777777777778 0.55078125 0.40625 0.55078125 0.4305555555555556 0.548828125 0.4340277777777778 0.546875 0.4513888888888889 0.541015625 0.4618055555555556 0.54296875 0.46875 0.54296875 0.4895833333333333 0.541015625 0.4930555555555556 0.541015625 0.5034722222222222 0.533203125 0.5208333333333334 0.53125 0.53125 0.52734375 0.5381944444444444 0.5234375 0.5381944444444444 0.521484375 0.5416666666666666 0.509765625 0.5416666666666666 0.505859375 0.5347222222222222 0.505859375 0.4861111111111111 0.5078125 0.4826388888888889 0.5078125 0.4756944444444444 0.51171875 0.46875 0.51171875 0.4513888888888889 0.4921875 0.4131944444444444 0.48828125 0.3993055555555556 0.48828125 0.3854166666666667 0.498046875 0.3680555555555556 0.501953125 0.3680555555555556
2 0.595703125 0.4097222222222222 0.599609375 0.4131944444444444 0.603515625 0.4236111111111111 0.603515625 0.4305555555555556 0.599609375 0.4375 0.59375 0.4375 0.58984375 0.4444444444444444 0.58984375 0.4583333333333333 0.59765625 0.4722222222222222 0.599609375 0.4722222222222222 0.599609375 0.4791666666666667 0.6015625 0.4826388888888889 0.599609375 0.4861111111111111 0.599609375 0.5 0.59765625 0.5034722222222222 0.599609375 0.5104166666666666 0.591796875 0.53125 0.59765625 0.5381944444444444 0.6015625 0.5486111111111112 0.599609375 0.5555555555555556 0.603515625 0.5659722222222222 0.603515625 0.5763888888888888 0.599609375 0.5798611111111112 0.599609375 0.5902777777777778 0.59765625 0.59375 0.59375 0.59375 0.58984375 0.5833333333333334 0.5859375 0.5798611111111112 0.5859375 0.5729166666666666 0.583984375 0.5694444444444444 0.578125 0.5763888888888888 0.578125 0.5833333333333334 0.580078125 0.5868055555555556 0.578125 0.6284722222222222 0.580078125 0.6319444444444444 0.58203125 0.6493055555555556 0.556640625 0.6493055555555556 0.56640625 0.6354166666666666 0.56640625 0.6076388888888888 0.564453125 0.6041666666666666 0.5625 0.5763888888888888 0.560546875 0.5729166666666666 0.5625 0.5694444444444444 0.5625 0.5520833333333334 0.564453125 0.5486111111111112 0.564453125 0.5243055555555556 0.5703125 0.5069444444444444 0.5703125 0.4861111111111111 0.5625 0.4722222222222222 0.5625 0.4652777777777778 0.55859375 0.4513888888888889 0.560546875 0.4375 0.5546875 0.4097222222222222 0.5546875 0.3958333333333333 0.55859375 0.3784722222222222 0.5625 0.3715277777777778 0.56640625 0.3680555555555556 0.572265625 0.3680555555555556 0.57421875 0.3715277777777778 0.578125 0.3715277777777778 0.583984375 0.3819444444444444 0.583984375 0.3958333333333333 0.5859375 0.4027777777777778 0.58984375 0.4097222222222222 0.59375 0.4097222222222222
2 0.474609375 0.6944444444444444 0.484375 0.7048611111111112 0.4921875 0.71875 0.50390625 0.7291666666666666 0.52734375 0.7256944444444444 0.533203125 0.7326388888888888 0.533203125 0.7430555555555556 0.529296875 0.7534722222222222 0.525390625 0.7534722222222222 0.51953125 0.7638888888888888 0.51953125 0.7777777777777778 0.517578125 0.78125 0.513671875 0.7777777777777778 0.509765625 0.7604166666666666 0.494140625 0.7604166666666666 0.4921875 0.7638888888888888 0.484375 0.7638888888888888 0.482421875 0.7604166666666666 0.470703125 0.7604166666666666 0.46875 0.7569444444444444 0.462890625 0.7569444444444444 0.451171875 0.7465277777777778 0.443359375 0.7465277777777778 0.443359375 0.7291666666666666 0.4453125 0.7222222222222222 0.447265625 0.7222222222222222 0.458984375 0.7013888888888888 0.458984375 0.6979166666666666 0.466796875 0.6875 0.47265625 0.6944444444444444
2 0.453125 0.5763888888888888 0.45703125 0.5729166666666666 0.466796875 0.5729166666666666 0.47265625 0.59375 0.4765625 0.6006944444444444 0.48046875 0.6006944444444444 0.482421875 0.6041666666666666 0.4921875 0.6041666666666666 0.5078125 0.6215277777777778 0.515625 0.6354166666666666 0.51953125 0.6354166666666666 0.529296875 0.6458333333333334 0.53515625 0.6597222222222222 0.53515625 0.6701388888888888 0.533203125 0.6736111111111112 0.533203125 0.6979166666666666 0.53515625 0.7013888888888888 0.53515625 0.71875 0.537109375 0.7222222222222222 0.548828125 0.7222222222222222 0.560546875 0.7118055555555556 0.564453125 0.7118055555555556 0.572265625 0.7013888888888888 0.576171875 0.7048611111111112 0.576171875 0.7465277777777778 0.568359375 0.7291666666666666 0.560546875 0.7291666666666666 0.546875 0.7465277777777778 0.546875 0.7569444444444444 0.541015625 0.7465277777777778 0.53515625 0.7430555555555556 0.53515625 0.7361111111111112 0.533203125 0.7326388888888888 0.53515625 0.7291666666666666 0.533203125 0.7256944444444444 0.51953125 0.7222222222222222 0.517578125 0.71875 0.51171875 0.7256944444444444 0.50390625 0.7256944444444444 0.5 0.71875 0.501953125 0.6875 0.498046875 0.6805555555555556 0.4921875 0.6770833333333334 0.486328125 0.6631944444444444 0.482421875 0.6597222222222222 0.4765625 0.6597222222222222 0.47265625 0.6701388888888888 0.45703125 0.6944444444444444 0.455078125 0.7048611111111112 0.44140625 0.7222222222222222 0.439453125 0.7291666666666666 0.439453125 0.7465277777777778 0.4375 0.7465277777777778 0.435546875 0.7430555555555556 0.4375 0.71875 0.4453125 0.6944444444444444 0.447265625 0.6805555555555556 0.453125 0.6736111111111112 0.4609375 0.6493055555555556 0.4609375 0.6354166666666666 0.453125 0.6076388888888888 0.453125 0.5798611111111112
2 0.619140625 0.5 0.623046875 0.5034722222222222 0.626953125 0.5138888888888888 0.62890625 0.5381944444444444 0.634765625 0.5451388888888888 0.638671875 0.5625 0.638671875 0.6215277777777778 0.642578125 0.6319444444444444 0.642578125 0.6423611111111112 0.646484375 0.6597222222222222 0.64453125 0.6631944444444444 0.64453125 0.6701388888888888 0.638671875 0.6805555555555556 0.638671875 0.6909722222222222 0.63671875 0.6944444444444444 0.63671875 0.7152777777777778 0.634765625 0.71875 0.634765625 0.7361111111111112 0.64453125 0.7638888888888888 0.64453125 0.7743055555555556 0.65234375 0.8055555555555556 0.66015625 0.8229166666666666 0.66015625 0.8298611111111112 0.654296875 0.8368055555555556 0.6328125 0.8368055555555556 0.630859375 0.8333333333333334 0.642578125 0.8159722222222222 0.642578125 0.8055555555555556 0.638671875 0.7916666666666666 0.6328125 0.78125 0.6328125 0.7743055555555556 0.62890625 0.7673611111111112 0.619140625 0.7326388888888888 0.615234375 0.7361111111111112 0.615234375 0.7465277777777778 0.611328125 0.7638888888888888 0.611328125 0.7951388888888888 0.615234375 0.8090277777777778 0.61328125 0.8125 0.59765625 0.8125 0.58984375 0.8055555555555556 0.58984375 0.8020833333333334 0.59765625 0.7986111111111112 0.6015625 0.7881944444444444 0.6015625 0.7222222222222222 0.603515625 0.71875 0.6015625 0.7118055555555556 0.6015625 0.6944444444444444 0.603515625 0.6875 0.595703125 0.6770833333333334 0.59765625 0.6736111111111112 0.59765625 0.6597222222222222 0.599609375 0.65625 0.6015625 0.6388888888888888 0.60546875 0.6319444444444444 0.60546875 0.6145833333333334 0.607421875 0.6111111111111112 0.607421875 0.5972222222222222 0.609375 0.59375 0.609375 0.5763888888888888 0.607421875 0.5729166666666666 0.609375 0.5659722222222222 0.607421875 0.5625 0.60546875 0.5416666666666666 0.6015625 0.53125 0.6015625 0.5138888888888888 0.607421875 0.5 0.6171875 0.5
2 0.66015625 0.4166666666666667 0.67578125 0.4409722222222222 0.67578125 0.4479166666666667 0.681640625 0.4652777777777778 0.681640625 0.4791666666666667 0.685546875 0.4895833333333333 0.68359375 0.4965277777777778 0.685546875 0.5243055555555556 0.681640625 0.5347222222222222 0.6796875 0.5972222222222222 0.68359375 0.6076388888888888 0.68359375 0.6284722222222222 0.69140625 0.6458333333333334 0.69140625 0.65625 0.693359375 0.6597222222222222 0.693359375 0.6805555555555556 0.69140625 0.6875 0.6875 0.6909722222222222 0.67578125 0.6909722222222222 0.67578125 0.6805555555555556 0.681640625 0.6666666666666666 0.677734375 0.6354166666666666 0.67578125 0.6284722222222222 0.654296875 0.5902777777777778 0.654296875 0.5694444444444444 0.65625 0.5659722222222222 0.65625 0.5555555555555556 0.66015625 0.5451388888888888 0.66015625 0.5381944444444444 0.65625 0.5347222222222222 0.65234375 0.5451388888888888 0.646484375 0.5520833333333334 0.640625 0.5520833333333334 0.638671875 0.5486111111111112 0.640625 0.5381944444444444 0.64453125 0.5347222222222222 0.65234375 0.5173611111111112 0.65234375 0.4965277777777778 0.638671875 0.46875 0.63671875 0.4618055555555556 0.63671875 0.4513888888888889 0.626953125 0.4270833333333333 0.626953125 0.4027777777777778 0.634765625 0.3888888888888889 0.64453125 0.3888888888888889 0.658203125 0.4166666666666667
2 0.6953125 0.20833333333333334 0.69921875 0.21875 0.69921875 0.23958333333333334 0.7109375 0.2638888888888889 0.716796875 0.3055555555555556 0.72265625 0.3159722222222222 0.72265625 0.3229166666666667 0.724609375 0.3263888888888889 0.724609375 0.3506944444444444 0.712890625 0.3715277777777778 0.712890625 0.3784722222222222 0.708984375 0.3888888888888889 0.7109375 0.4027777777777778 0.720703125 0.4201388888888889 0.720703125 0.46875 0.71875 0.4756944444444444 0.71484375 0.4791666666666667 0.70703125 0.4722222222222222 0.70703125 0.4340277777777778 0.693359375 0.3888888888888889 0.693359375 0.3819444444444444 0.6953125 0.3784722222222222 0.6953125 0.3402777777777778 0.693359375 0.3368055555555556 0.693359375 0.3229166666666667 0.685546875 0.3090277777777778 0.685546875 0.3055555555555556 0.6875 0.3055555555555556 0.693359375 0.2951388888888889 0.6953125 0.2847222222222222 0.693359375 0.2777777777777778 0.6875 0.2708333333333333 0.6875 0.2638888888888889 0.681640625 0.2534722222222222 0.6796875 0.2534722222222222 0.677734375 0.2465277777777778 0.6796875 0.23958333333333334 0.6796875 0.21180555555555555 0.685546875 0.2048611111111111 0.69140625 0.2048611111111111 0.693359375 0.20833333333333334
2 0.66796875 0.2013888888888889 0.67578125 0.20833333333333334 0.677734375 0.2152777777777778 0.677734375 0.23958333333333334 0.67578125 0.2465277777777778 0.677734375 0.2534722222222222 0.685546875 0.2638888888888889 0.685546875 0.2708333333333333 0.681640625 0.2847222222222222 0.681640625 0.3020833333333333 0.6796875 0.3020833333333333 0.671875 0.3159722222222222 0.669921875 0.3229166666666667 0.669921875 0.3333333333333333 0.66796875 0.3368055555555556 0.66796875 0.3541666666666667 0.67578125 0.3784722222222222 0.67578125 0.3993055555555556 0.677734375 0.4027777777777778 0.677734375 0.4236111111111111 0.67578125 0.4305555555555556 0.669921875 0.4270833333333333 0.650390625 0.3888888888888889 0.63671875 0.3819444444444444 0.6328125 0.3715277777777778 0.6328125 0.3159722222222222 0.63671875 0.3020833333333333 0.63671875 0.2847222222222222 0.638671875 0.28125 0.640625 0.25 0.646484375 0.24305555555555555 0.65234375 0.24305555555555555 0.65625 0.2326388888888889 0.66015625 0.20833333333333334 0.662109375 0.2048611111111111 0.666015625 0.2048611111111111