0 0.060546875 0.4444444444444444 0.060546875 0.4479166666666667 0.064453125 0.4513888888888889 0.064453125 0.4791666666666667 0.060546875 0.4791666666666667 0.05859375 0.4756944444444444 0.05078125 0.4791666666666667 0.05078125 0.4756944444444444 0.04296875 0.4618055555555556 0.0390625 0.4618055555555556 0.041015625 0.4513888888888889 0.048828125 0.4444444444444444 0.05859375 0.4444444444444444
0 0.5510416666666667 0.4842592592592593 0.019791666666666666 0.03518518518518518
0 0.72265625 0.7708333333333334 0.728515625 0.7847222222222222 0.724609375 0.7986111111111112 0.712890625 0.7986111111111112 0.708984375 0.7881944444444444 0.7109375 0.7847222222222222 0.7109375 0.7777777777777778 0.71484375 0.7708333333333334 0.720703125 0.7708333333333334
0 0.5625 0.6770833333333334 0.56640625 0.6666666666666666 0.572265625 0.6666666666666666 0.576171875 0.6840277777777778 0.568359375 0.6770833333333334 0.564453125 0.6770833333333334
0 0.748046875 0.5173611111111112 0.75 0.5208333333333334 0.75390625 0.5208333333333334 0.7578125 0.5277777777777778 0.759765625 0.5347222222222222 0.7578125 0.5451388888888888 0.75 0.5555555555555556 0.74609375 0.5555555555555556 0.740234375 0.5451388888888888 0.73828125 0.53125 0.7421875 0.5208333333333334 0.74609375 0.5208333333333334
0 0.7890625 0.4097222222222222 0.798828125 0.4166666666666667 0.798828125 0.4201388888888889 0.7890625 0.4270833333333333 0.787109375 0.4340277777777778 0.78125 0.4340277777777778 0.77734375 0.4305555555555556 0.77734375 0.4236111111111111 0.779296875 0.4166666666666667 0.787109375 0.4131944444444444
0 0.46484375 0.6076388888888888 0.46875 0.6111111111111112 0.47265625 0.625 0.47265625 0.6458333333333334 0.466796875 0.6527777777777778 0.458984375 0.6493055555555556 0.451171875 0.6284722222222222 0.451171875 0.6180555555555556 0.453125 0.6111111111111112 0.45703125 0.6076388888888888 0.462890625 0.6076388888888888
0 0.376953125 0.6944444444444444 0.380859375 0.7013888888888888 0.3828125 0.7152777777777778 0.380859375 0.71875 0.380859375 0.7256944444444444 0.373046875 0.7326388888888888 0.365234375 0.7291666666666666 0.361328125 0.7152777777777778 0.361328125 0.7048611111111112 0.365234375 0.6944444444444444 0.375 0.6944444444444444
0 0.525390625 0.4583333333333333 0.529296875 0.4652777777777778 0.529296875 0.4756944444444444 0.517578125 0.4756944444444444 0.515625 0.4791666666666667 0.51171875 0.4791666666666667 0.509765625 0.4756944444444444 0.509765625 0.4652777777777778 0.513671875 0.4583333333333333 0.5234375 0.4583333333333333
0 0.46875 0.5763888888888888 0.47265625 0.5729166666666666 0.478515625 0.5729166666666666 0.486328125 0.5833333333333334 0.486328125 0.6041666666666666 0.478515625 0.6111111111111112 0.470703125 0.6111111111111112 0.466796875 0.6041666666666666 0.466796875 0.5833333333333334 0.46875 0.5798611111111112
0 0.580078125 0.07291666666666667 0.583984375 0.08333333333333333 0.583984375 0.09375 0.580078125 0.10416666666666667 0.57421875 0.10416666666666667 0.57421875 0.10069444444444445 0.568359375 0.09027777777777778 0.568359375 0.0798611111111111 0.572265625 0.07291666666666667 0.578125 0.07291666666666667
0 0.5192708333333333 0.4972222222222222 0.020833333333333332 0.04074074074074074
0 0.486328125 0.3854166666666667 0.490234375 0.3923611111111111 0.490234375 0.4131944444444444 0.484375 0.4201388888888889 0.47265625 0.40625 0.47265625 0.3958333333333333 0.474609375 0.3888888888888889 0.48046875 0.3819444444444444 0.484375 0.3854166666666667
0 0.435546875 0.4618055555555556 0.44140625 0.4722222222222222 0.44140625 0.4895833333333333 0.42578125 0.4861111111111111 0.42578125 0.4722222222222222 0.427734375 0.4652777777777778 0.43359375 0.4618055555555556
0 0.537109375 0.6666666666666666 0.541015625 0.6631944444444444 0.55078125 0.6631944444444444 0.5546875 0.6805555555555556 0.5546875 0.6840277777777778 0.544921875 0.7013888888888888 0.54296875 0.7013888888888888 0.53515625 0.6909722222222222 0.53515625 0.6736111111111112 0.537109375 0.6701388888888888
0 0.548828125 0.5659722222222222 0.548828125 0.5798611111111112 0.54296875 0.6006944444444444 0.537109375 0.6006944444444444 0.533203125 0.59375 0.53125 0.5868055555555556 0.53125 0.5694444444444444 0.53515625 0.5625 0.544921875 0.5625 0.546875 0.5659722222222222
0 0.587890625 0.3506944444444444 0.58984375 0.3541666666666667 0.58984375 0.3680555555555556 0.587890625 0.3680555555555556 0.580078125 0.3819444444444444 0.57421875 0.375 0.57421875 0.3576388888888889 0.58203125 0.3472222222222222 0.5859375 0.3506944444444444
0 0.685546875 0.6180555555555556 0.689453125 0.625 0.689453125 0.6354166666666666 0.677734375 0.6527777777777778 0.67578125 0.6527777777777778 0.669921875 0.6423611111111112 0.66796875 0.6284722222222222 0.669921875 0.6215277777777778 0.67578125 0.6145833333333334 0.681640625 0.6145833333333334 0.68359375 0.6180555555555556
0 0.421875 0.6493055555555556 0.42578125 0.6527777777777778 0.427734375 0.6736111111111112 0.423828125 0.6770833333333334 0.419921875 0.6875 0.4140625 0.6875 0.40625 0.6701388888888888 0.40625 0.6597222222222222 0.41015625 0.6493055555555556 0.419921875 0.6493055555555556
0 0.7799479166666666 0.412962962962963 0.0203125 0.03888888888888889
0 0.68359375 0.10069444444444445 0.6875 0.09027777777777778 0.697265625 0.09027777777777778 0.701171875 0.09722222222222222 0.701171875 0.10416666666666667 0.69921875 0.1076388888888889 0.6953125 0.1076388888888889 0.689453125 0.11458333333333333 0.685546875 0.10416666666666667
0 0.490234375 0.5104166666666666 0.49609375 0.5173611111111112 0.49609375 0.5243055555555556 0.498046875 0.5277777777777778 0.490234375 0.5451388888888888 0.486328125 0.5451388888888888 0.4765625 0.53125 0.4765625 0.5173611111111112 0.482421875 0.5104166666666666 0.48828125 0.5104166666666666
1 0.046875 0.46875 0.05078125 0.4756944444444444 0.05078125 0.4895833333333333 0.048828125 0.4965277777777778 0.041015625 0.5 0.041015625 0.4930555555555556 0.037109375 0.4861111111111111 0.025390625 0.5034722222222222 0.025390625 0.5104166666666666 0.021484375 0.5173611111111112 0.005859375 0.5138888888888888 0.00390625 0.5104166666666666 0.00390625 0.5034722222222222 0.02734375 0.4722222222222222 0.03125 0.4722222222222222 0.037109375 0.4652777777777778 0.04296875 0.4652777777777778 0.044921875 0.46875
1 0.509765625 0.4930555555555556 0.51171875 0.5034722222222222 0.51953125 0.5173611111111112 0.521484375 0.53125 0.517578125 0.5381944444444444 0.51171875 0.53125 0.5078125 0.53125 0.50390625 0.5416666666666666 0.498046875 0.5486111111111112 0.494140625 0.5451388888888888 0.498046875 0.5347222222222222 0.498046875 0.5208333333333334 0.490234375 0.5069444444444444 0.48828125 0.5069444444444444 0.48828125 0.5034722222222222 0.490234375 0.4965277777777778 0.5 0.4895833333333333 0.505859375 0.4895833333333333 0.5078125 0.4930555555555556
1 0.73828125 0.7986111111111112 0.7421875 0.8020833333333334 0.74609375 0.8125 0.74609375 0.8229166666666666 0.7421875 0.8298611111111112 0.75 0.8472222222222222 0.751953125 0.8541666666666666 0.751953125 0.8645833333333334 0.734375 0.8611111111111112 0.732421875 0.8576388888888888 0.724609375 0.8611111111111112 0.716796875 0.8368055555555556 0.716796875 0.8298611111111112 0.712890625 0.8229166666666666 0.70703125 0.8229166666666666 0.705078125 0.8194444444444444 0.705078125 0.8090277777777778 0.7109375 0.8020833333333334 0.71484375 0.8020833333333334 0.716796875 0.7986111111111112 0.720703125 0.8020833333333334 0.72265625 0.7986111111111112 0.736328125 0.7986111111111112
1 0.44921875 0.6215277777777778 0.451171875 0.6319444444444444 0.455078125 0.6388888888888888 0.45703125 0.6631944444444444 0.453125 0.6701388888888888 0.443359375 0.65625 0.439453125 0.6666666666666666 0.439453125 0.6770833333333334 0.4296875 0.6701388888888888 0.4296875 0.6597222222222222 0.421875 0.6458333333333334 0.421875 0.6388888888888888 0.435546875 0.625 0.447265625 0.6215277777777778
1 0.70703125 0.1111111111111111 0.724609375 0.13194444444444445 0.7265625 0.1423611111111111 0.71875 0.14930555555555555 0.708984375 0.14930555555555555 0.701171875 0.13194444444444445 0.6953125 0.13541666666666666 0.69140625 0.1284722222222222 0.69140625 0.11805555555555555 0.6953125 0.1111111111111111 0.705078125 0.1111111111111111
1 0.46875 0.4930555555555556 0.474609375 0.4861111111111111 0.478515625 0.4861111111111111 0.498046875 0.4722222222222222 0.5078125 0.4722222222222222 0.509765625 0.4756944444444444 0.509765625 0.4826388888888889 0.5078125 0.4861111111111111 0.501953125 0.4861111111111111 0.4921875 0.4930555555555556 0.484375 0.5069444444444444 0.478515625 0.5104166666666666 0.466796875 0.5277777777777778 0.462890625 0.5243055555555556 0.462890625 0.5173611111111112 0.46875 0.4965277777777778
1 0.404296875 0.6666666666666666 0.4140625 0.6909722222222222 0.4140625 0.7013888888888888 0.41015625 0.7152777777777778 0.40234375 0.7013888888888888 0.400390625 0.7013888888888888 0.3984375 0.7048611111111112 0.3984375 0.7222222222222222 0.39453125 0.7326388888888888 0.38671875 0.7326388888888888 0.3828125 0.7291666666666666 0.3828125 0.7013888888888888 0.376953125 0.6909722222222222 0.3671875 0.6909722222222222 0.3671875 0.6875 0.380859375 0.6736111111111112 0.390625 0.6736111111111112 0.396484375 0.6666666666666666 0.40234375 0.6666666666666666
1 0.568359375 0.6770833333333334 0.5703125 0.6805555555555556 0.57421875 0.6805555555555556 0.58203125 0.6909722222222222 0.587890625 0.6909722222222222 0.595703125 0.6979166666666666 0.6015625 0.7118055555555556 0.595703125 0.71875 0.5859375 0.71875 0.583984375 0.7152777777777778 0.58203125 0.71875 0.57421875 0.71875 0.5703125 0.7118055555555556 0.564453125 0.7118055555555556 0.560546875 0.7222222222222222 0.552734375 0.7222222222222222 0.55078125 0.71875 0.548828125 0.7013888888888888 0.556640625 0.6805555555555556 0.5625 0.6805555555555556 0.56640625 0.6770833333333334
1 0.359375 0.7118055555555556 0.3671875 0.7361111111111112 0.365234375 0.7395833333333334 0.365234375 0.7465277777777778 0.357421875 0.7534722222222222 0.353515625 0.7430555555555556 0.349609375 0.7430555555555556 0.341796875 0.7673611111111112 0.333984375 0.7638888888888888 0.33203125 0.7569444444444444 0.318359375 0.75 0.318359375 0.7395833333333334 0.322265625 0.7326388888888888 0.330078125 0.7291666666666666 0.333984375 0.7222222222222222 0.357421875 0.7118055555555556
1 0.48046875 0.4861111111111111 0.486328125 0.4791666666666667 0.490234375 0.4791666666666667 0.498046875 0.4722222222222222 0.5078125 0.4722222222222222 0.509765625 0.4756944444444444 0.509765625 0.4826388888888889 0.5078125 0.4861111111111111 0.501953125 0.4861111111111111 0.490234375 0.4965277777777778 0.486328125 0.4965277777777778 0.482421875 0.4895833333333333
1 0.474609375 0.5277777777777778 0.48828125 0.5520833333333334 0.48828125 0.5625 0.486328125 0.5694444444444444 0.484375 0.5729166666666666 0.47265625 0.5694444444444444 0.462890625 0.5798611111111112 0.453125 0.5798611111111112 0.451171875 0.5833333333333334 0.44921875 0.5833333333333334 0.44921875 0.5625 0.453125 0.5451388888888888 0.47265625 0.5277777777777778
1 0.421875 0.6284722222222222 0.421875 0.6145833333333334 0.423828125 0.6111111111111112 0.435546875 0.5972222222222222 0.455078125 0.5833333333333334 0.466796875 0.5833333333333334 0.46484375 0.5902777777777778 0.46484375 0.6041666666666666 0.458984375 0.6041666666666666 0.44921875 0.6180555555555556 0.43359375 0.6215277777777778 0.427734375 0.6284722222222222 0.423828125 0.6284722222222222
1 0.572265625 0.09722222222222222 0.576171875 0.1076388888888889 0.57421875 0.11805555555555555 0.5703125 0.12152777777777778 0.56640625 0.1111111111111111 0.5625 0.1111111111111111 0.5546875 0.125 0.5546875 0.1388888888888889 0.552734375 0.1423611111111111 0.548828125 0.1423611111111111 0.544921875 0.13541666666666666 0.546875 0.12152777777777778 0.5546875 0.1076388888888889 0.556640625 0.1076388888888889 0.5625 0.09375 0.568359375 0.09375 0.5703125 0.09722222222222222
1 0.759765625 0.5381944444444444 0.765625 0.5381944444444444 0.771484375 0.5486111111111112 0.77734375 0.5520833333333334 0.7890625 0.5729166666666666 0.787109375 0.5868055555555556 0.78125 0.59375 0.77734375 0.59375 0.775390625 0.5902777777777778 0.775390625 0.5833333333333334 0.76953125 0.5694444444444444 0.7578125 0.5798611111111112 0.75390625 0.5729166666666666 0.75390625 0.5520833333333334 0.759765625 0.5416666666666666
1 0.4765625 0.4097222222222222 0.48046875 0.4166666666666667 0.48046875 0.4375 0.4765625 0.4409722222222222 0.47265625 0.4305555555555556 0.46875 0.4305555555555556 0.46484375 0.4409722222222222 0.46484375 0.4513888888888889 0.462890625 0.4548611111111111 0.453125 0.4513888888888889 0.443359375 0.4375 0.439453125 0.4375 0.455078125 0.4131944444444444 0.46484375 0.4027777777777778 0.470703125 0.4027777777777778 0.474609375 0.4097222222222222
1 0.435546875 0.5138888888888888 0.431640625 0.5104166666666666 0.427734375 0.5173611111111112 0.427734375 0.53125 0.41796875 0.5451388888888888 0.4140625 0.5416666666666666 0.40625 0.5416666666666666 0.40234375 0.5347222222222222 0.40625 0.5208333333333334 0.40625 0.5138888888888888 0.416015625 0.4965277777777778 0.423828125 0.4895833333333333 0.43359375 0.4895833333333333 0.435546875 0.4930555555555556 0.439453125 0.4930555555555556 0.439453125 0.5104166666666666 0.4375 0.5104166666666666
1 0.591796875 0.3576388888888889 0.62109375 0.3715277777777778 0.62890625 0.3819444444444444 0.623046875 0.3923611111111111 0.623046875 0.3993055555555556 0.619140625 0.40625 0.609375 0.40625 0.603515625 0.3993055555555556 0.59765625 0.40625 0.591796875 0.40625 0.58984375 0.4027777777777778 0.58984375 0.3958333333333333 0.583984375 0.3854166666666667 0.5859375 0.3715277777777778 0.587890625 0.3715277777777778 0.591796875 0.3611111111111111
1 0.578125 0.5868055555555556 0.580078125 0.5902777777777778 0.58984375 0.59375 0.595703125 0.6006944444444444 0.59765625 0.6076388888888888 0.595703125 0.6041666666666666 0.583984375 0.6076388888888888 0.572265625 0.6215277777777778 0.556640625 0.6215277777777778 0.544921875 0.6006944444444444 0.544921875 0.59375 0.552734375 0.5763888888888888 0.568359375 0.5798611111111112 0.576171875 0.5868055555555556
1 0.587890625 0.6909722222222222 0.595703125 0.6979166666666666 0.603515625 0.7118055555555556 0.603515625 0.7361111111111112 0.599609375 0.75 0.599609375 0.7604166666666666 0.595703125 0.7708333333333334 0.595703125 0.7777777777777778 0.591796875 0.78125 0.5859375 0.7777777777777778 0.5859375 0.7638888888888888 0.58203125 0.7534722222222222 0.578125 0.7534722222222222 0.5703125 0.7604166666666666 0.55859375 0.7569444444444444 0.556640625 0.75 0.55859375 0.7465277777777778 0.560546875 0.7291666666666666 0.55078125 0.7152777777777778 0.55078125 0.6944444444444444 0.55859375 0.6805555555555556 0.572265625 0.6805555555555556 0.576171875 0.6875 0.5859375 0.6909722222222222
1 0.697265625 0.6423611111111112 0.69921875 0.6493055555555556 0.703125 0.6527777777777778 0.70703125 0.6631944444444444 0.72265625 0.6875 0.724609375 0.6944444444444444 0.724609375 0.7013888888888888 0.72265625 0.7048611111111112 0.70703125 0.7048611111111112 0.703125 0.6979166666666666 0.701171875 0.6805555555555556 0.6953125 0.6701388888888888 0.689453125 0.6701388888888888 0.6875 0.6736111111111112 0.681640625 0.6736111111111112 0.6796875 0.6701388888888888 0.6796875 0.6597222222222222 0.677734375 0.65625 0.6875 0.6388888888888888 0.693359375 0.6388888888888888 0.6953125 0.6423611111111112
1 0.56640625 0.4826388888888889 0.568359375 0.4861111111111111 0.58203125 0.4895833333333333 0.587890625 0.4965277777777778 0.595703125 0.4965277777777778 0.607421875 0.5138888888888888 0.607421875 0.5208333333333334 0.599609375 0.5208333333333334 0.58984375 0.5381944444444444 0.578125 0.5277777777777778 0.5703125 0.5277777777777778 0.56640625 0.5208333333333334 0.5625 0.5208333333333334 0.556640625 0.5138888888888888 0.5546875 0.5069444444444444 0.5546875 0.4965277777777778 0.55859375 0.4861111111111111 0.564453125 0.4826388888888889
1 0.806640625 0.4236111111111111 0.8125 0.4305555555555556 0.8125 0.4375 0.810546875 0.4409722222222222 0.802734375 0.4340277777777778 0.796875 0.4340277777777778 0.79296875 0.4444444444444444 0.7890625 0.4444444444444444 0.783203125 0.4305555555555556 0.787109375 0.4166666666666667 0.7890625 0.4131944444444444 0.794921875 0.4131944444444444 0.796875 0.4166666666666667 0.80078125 0.4166666666666667 0.8046875 0.4236111111111111
2 0.486328125 0.5104166666666666 0.494140625 0.4930555555555556 0.5078125 0.4895833333333333 0.515625 0.4791666666666667 0.525390625 0.4791666666666667 0.529296875 0.4895833333333333 0.529296875 0.5 0.521484375 0.5208333333333334 0.521484375 0.53125 0.513671875 0.5486111111111112 0.513671875 0.5763888888888888 0.51171875 0.5798611111111112 0.505859375 0.5729166666666666 0.501953125 0.5798611111111112 0.501953125 0.5972222222222222 0.498046875 0.6076388888888888 0.48828125 0.6215277777777778 0.484375 0.6215277777777778 0.490234375 0.5972222222222222 0.490234375 0.5902777777777778 0.48828125 0.5868055555555556 0.48828125 0.5659722222222222 0.490234375 0.5625 0.490234375 0.5520833333333334 0.498046875 0.53125 0.49609375 0.5173611111111112 0.48828125 0.5104166666666666
2 0.724609375 0.7743055555555556 0.7265625 0.7777777777777778 0.7265625 0.7881944444444444 0.728515625 0.7951388888888888 0.73046875 0.7986111111111112 0.73828125 0.7986111111111112 0.7421875 0.8020833333333334 0.748046875 0.8229166666666666 0.751953125 0.8263888888888888 0.7578125 0.8402777777777778 0.7578125 0.8506944444444444 0.75390625 0.8645833333333334 0.75390625 0.8888888888888888 0.763671875 0.9201388888888888 0.765625 0.9479166666666666 0.76953125 0.9548611111111112 0.76953125 0.9722222222222222 0.765625 0.9722222222222222 0.763671875 0.96875 0.76171875 0.9618055555555556 0.76171875 0.9513888888888888 0.751953125 0.9201388888888888 0.751953125 0.9097222222222222 0.75 0.9027777777777778 0.740234375 0.8854166666666666 0.732421875 0.8819444444444444 0.7109375 0.9131944444444444 0.705078125 0.9513888888888888 0.701171875 0.9618055555555556 0.701171875 0.9791666666666666 0.6953125 0.9791666666666666 0.6875 0.96875 0.69140625 0.96875 0.697265625 0.9548611111111112 0.69921875 0.9236111111111112 0.708984375 0.8784722222222222 0.708984375 0.8715277777777778 0.70703125 0.8680555555555556 0.708984375 0.8298611111111112 0.705078125 0.8229166666666666 0.705078125 0.8090277777777778 0.7109375 0.7951388888888888 0.7109375 0.7777777777777778 0.71484375 0.7708333333333334 0.720703125 0.7708333333333334 0.72265625 0.7743055555555556
2 0.46484375 0.6076388888888888 0.470703125 0.6180555555555556 0.474609375 0.6527777777777778 0.46875 0.6597222222222222 0.4609375 0.6597222222222222 0.455078125 0.6701388888888888 0.453125 0.6805555555555556 0.45703125 0.6875 0.45703125 0.7048611111111112 0.466796875 0.7152777777777778 0.466796875 0.7256944444444444 0.462890625 0.7256944444444444 0.45703125 0.7152777777777778 0.451171875 0.7152777777777778 0.443359375 0.7013888888888888 0.44140625 0.7013888888888888 0.43359375 0.7222222222222222 0.43359375 0.7326388888888888 0.435546875 0.7395833333333334 0.439453125 0.7430555555555556 0.439453125 0.7465277777777778 0.4296875 0.7465277777777778 0.421875 0.7395833333333334 0.419921875 0.7222222222222222 0.427734375 0.6979166666666666 0.4296875 0.6631944444444444 0.427734375 0.65625 0.41796875 0.6423611111111112 0.41796875 0.6388888888888888 0.421875 0.6388888888888888 0.435546875 0.625 0.44921875 0.6215277777777778 0.453125 0.6111111111111112 0.45703125 0.6076388888888888 0.462890625 0.6076388888888888
2 0.75390625 0.5208333333333334 0.759765625 0.5347222222222222 0.77734375 0.5520833333333334 0.794921875 0.5798611111111112 0.794921875 0.5902777777777778 0.796875 0.5972222222222222 0.787109375 0.6319444444444444 0.787109375 0.6423611111111112 0.794921875 0.6597222222222222 0.802734375 0.6666666666666666 0.802734375 0.6770833333333334 0.80078125 0.6805555555555556 0.802734375 0.6840277777777778 0.802734375 0.6944444444444444 0.791015625 0.7083333333333334 0.78515625 0.7083333333333334 0.7890625 0.6979166666666666 0.7890625 0.6840277777777778 0.7734375 0.65625 0.765625 0.6284722222222222 0.76171875 0.6284722222222222 0.75390625 0.6388888888888888 0.75 0.6388888888888888 0.748046875 0.6354166666666666 0.748046875 0.625 0.759765625 0.6111111111111112 0.76171875 0.5902777777777778 0.75390625 0.5729166666666666 0.75390625 0.5659722222222222 0.7421875 0.5520833333333334 0.73828125 0.5347222222222222 0.7421875 0.5208333333333334 0.751953125 0.5208333333333334
2 0.55078125 0.6631944444444444 0.55859375 0.6805555555555556 0.5625 0.6770833333333334 0.5703125 0.6770833333333334 0.58203125 0.6909722222222222 0.587890625 0.6909722222222222 0.595703125 0.6979166666666666 0.603515625 0.7118055555555556 0.60546875 0.7256944444444444 0.603515625 0.7291666666666666 0.603515625 0.7430555555555556 0.599609375 0.7569444444444444 0.599609375 0.7673611111111112 0.6015625 0.7708333333333334 0.609375 0.7708333333333334 0.611328125 0.7743055555555556 0.625 0.7777777777777778 0.6328125 0.7847222222222222 0.6328125 0.7951388888888888 0.62890625 0.8055555555555556 0.626953125 0.8055555555555556 0.619140625 0.7881944444444444 0.61328125 0.7881944444444444 0.611328125 0.7847222222222222 0.58984375 0.7847222222222222 0.5859375 0.78125 0.583984375 0.7743055555555556 0.583984375 0.7569444444444444 0.58203125 0.7534722222222222 0.578125 0.7534722222222222 0.572265625 0.7604166666666666 0.572265625 0.7673611111111112 0.583984375 0.8125 0.587890625 0.8194444444444444 0.587890625 0.8229166666666666 0.58203125 0.8298611111111112 0.572265625 0.8298611111111112 0.568359375 0.8263888888888888 0.568359375 0.8229166666666666 0.57421875 0.8125 0.57421875 0.8055555555555556 0.560546875 0.7708333333333334 0.5546875 0.7743055555555556 0.55078125 0.78125 0.55078125 0.7916666666666666 0.548828125 0.7881944444444444 0.548828125 0.7743055555555556 0.546875 0.7708333333333334 0.556640625 0.7534722222222222 0.556640625 0.7465277777777778 0.55859375 0.7430555555555556 0.55859375 0.7256944444444444 0.544921875 0.7048611111111112 0.54296875 0.7048611111111112 0.53515625 0.6875 0.53515625 0.6736111111111112 0.54296875 0.6631944444444444 0.548828125 0.6631944444444444
2 0.376953125 0.6944444444444444 0.380859375 0.7013888888888888 0.380859375 0.7256944444444444 0.376953125 0.7326388888888888 0.37109375 0.7361111111111112 0.35546875 0.7604166666666666 0.353515625 0.7986111111111112 0.349609375 0.7986111111111112 0.345703125 0.8055555555555556 0.345703125 0.8125 0.34375 0.8159722222222222 0.34375 0.8194444444444444 0.349609375 0.8298611111111112 0.34765625 0.8333333333333334 0.333984375 0.8333333333333334 0.330078125 0.84375 0.330078125 0.8541666666666666 0.3359375 0.8680555555555556 0.3203125 0.8680555555555556 0.3203125 0.8541666666666666 0.326171875 0.8368055555555556 0.326171875 0.8194444444444444 0.330078125 0.8020833333333334 0.314453125 0.7673611111111112 0.3125 0.7604166666666666 0.314453125 0.7465277777777778 0.3203125 0.7326388888888888 0.330078125 0.7291666666666666 0.337890625 0.71875 0.34375 0.71875 0.345703125 0.7152777777777778 0.357421875 0.7118055555555556 0.365234375 0.6944444444444444 0.375 0.6944444444444444
2 0.525390625 0.4583333333333333 0.529296875 0.4652777777777778 0.529296875 0.4756944444444444 0.515625 0.4756944444444444 0.5078125 0.4861111111111111 0.5 0.4861111111111111 0.4921875 0.4930555555555556 0.484375 0.5069444444444444 0.48046875 0.5069444444444444 0.470703125 0.5243055555555556 0.4609375 0.53125 0.45703125 0.53125 0.453125 0.5208333333333334 0.462890625 0.4965277777777778 0.470703125 0.4930555555555556 0.474609375 0.4861111111111111 0.48046875 0.4861111111111111 0.498046875 0.4722222222222222 0.505859375 0.4722222222222222 0.513671875 0.4583333333333333 0.5234375 0.4583333333333333
2 0.490234375 0.5104166666666666 0.494140625 0.5138888888888888 0.49609375 0.5208333333333334 0.49609375 0.5347222222222222 0.48828125 0.5555555555555556 0.486328125 0.5763888888888888 0.474609375 0.5694444444444444 0.47265625 0.5729166666666666 0.46875 0.5729166666666666 0.46484375 0.5798611111111112 0.45703125 0.5798611111111112 0.455078125 0.5833333333333334 0.43359375 0.59375 0.427734375 0.6041666666666666 0.421875 0.6041666666666666 0.421875 0.5972222222222222 0.435546875 0.5694444444444444 0.447265625 0.5590277777777778 0.455078125 0.5416666666666666 0.47265625 0.5277777777777778 0.4765625 0.5173611111111112 0.482421875 0.5104166666666666 0.48828125 0.5104166666666666
2 0.421875 0.6111111111111112 0.431640625 0.6041666666666666 0.439453125 0.59375 0.443359375 0.59375 0.45703125 0.5833333333333334 0.46484375 0.5833333333333334 0.46875 0.5763888888888888 0.4765625 0.5729166666666666 0.478515625 0.5763888888888888 0.482421875 0.5763888888888888 0.486328125 0.5833333333333334 0.486328125 0.6041666666666666 0.482421875 0.6145833333333334 0.482421875 0.6284722222222222 0.48828125 0.6388888888888888 0.484375 0.6493055555555556 0.478515625 0.6493055555555556 0.4765625 0.6458333333333334 0.47265625 0.6180555555555556 0.46484375 0.6041666666666666 0.45703125 0.6041666666666666 0.44921875 0.6180555555555556 0.435546875 0.6215277777777778 0.427734375 0.6319444444444444 0.419921875 0.6319444444444444 0.419921875 0.6215277777777778 0.421875 0.6145833333333334
2 0.421875 0.6493055555555556 0.427734375 0.6631944444444444 0.427734375 0.6736111111111112 0.42578125 0.6805555555555556 0.416015625 0.6944444444444444 0.412109375 0.7118055555555556 0.412109375 0.7465277777777778 0.416015625 0.7569444444444444 0.41796875 0.7708333333333334 0.4140625 0.7777777777777778 0.40234375 0.7777777777777778 0.400390625 0.7743055555555556 0.396484375 0.7743055555555556 0.3984375 0.7638888888888888 0.40234375 0.7569444444444444 0.400390625 0.7395833333333334 0.396484375 0.7326388888888888 0.388671875 0.7465277777777778 0.388671875 0.7604166666666666 0.3828125 0.7743055555555556 0.3828125 0.7847222222222222 0.373046875 0.7847222222222222 0.365234375 0.7951388888888888 0.36328125 0.8020833333333334 0.365234375 0.8159722222222222 0.357421875 0.8159722222222222 0.353515625 0.8055555555555556 0.36328125 0.78125 0.375 0.7604166666666666 0.369140625 0.7430555555555556 0.373046875 0.7361111111111112 0.37890625 0.7361111111111112 0.380859375 0.7326388888888888 0.3828125 0.7256944444444444 0.3828125 0.7048611111111112 0.375 0.6909722222222222 0.365234375 0.6909722222222222 0.361328125 0.7048611111111112 0.359375 0.7048611111111112 0.359375 0.7013888888888888 0.361328125 0.7013888888888888 0.3671875 0.6875 0.380859375 0.6736111111111112 0.390625 0.6736111111111112 0.396484375 0.6666666666666666 0.40234375 0.6666666666666666 0.41015625 0.6493055555555556 0.419921875 0.6493055555555556
2 0.48046875 0.3819444444444444 0.482421875 0.3854166666666667 0.486328125 0.3854166666666667 0.490234375 0.3923611111111111 0.490234375 0.4131944444444444 0.486328125 0.4201388888888889 0.482421875 0.4201388888888889 0.48046875 0.4236111111111111 0.48046875 0.4375 0.474609375 0.4479166666666667 0.474609375 0.4722222222222222 0.478515625 0.4791666666666667 0.462890625 0.4930555555555556 0.44921875 0.4930555555555556 0.447265625 0.4965277777777778 0.443359375 0.4965277777777778 0.443359375 0.4722222222222222 0.43359375 0.4548611111111111 0.43359375 0.4444444444444444 0.435546875 0.4375 0.44140625 0.4305555555555556 0.4453125 0.4305555555555556 0.4609375 0.40625 0.46875 0.4027777777777778 0.474609375 0.3923611111111111 0.474609375 0.3888888888888889 0.478515625 0.3854166666666667
2 0.435546875 0.4618055555555556 0.44140625 0.4722222222222222 0.439453125 0.5104166666666666 0.435546875 0.5173611111111112 0.435546875 0.53125 0.44140625 0.5416666666666666 0.44140625 0.5451388888888888 0.4453125 0.5486111111111112 0.4453125 0.5520833333333334 0.42578125 0.5833333333333334 0.421875 0.5833333333333334 0.419921875 0.5763888888888888 0.4140625 0.5729166666666666 0.41015625 0.5659722222222222 0.404296875 0.5659722222222222 0.400390625 0.5625 0.396484375 0.5555555555555556 0.396484375 0.5451388888888888 0.40625 0.5138888888888888 0.42578125 0.4826388888888889 0.42578125 0.4722222222222222 0.427734375 0.4652777777777778 0.43359375 0.4618055555555556
2 0.060546875 0.4444444444444444 0.064453125 0.4548611111111111 0.064453125 0.4791666666666667 0.0546875 0.4791666666666667 0.05078125 0.4861111111111111 0.048828125 0.4965277777777778 0.03515625 0.5138888888888888 0.03515625 0.5208333333333334 0.033203125 0.5243055555555556 0.033203125 0.5416666666666666 0.03515625 0.5451388888888888 0.02734375 0.5798611111111112 0.02734375 0.6006944444444444 0.033203125 0.6111111111111112 0.029296875 0.6180555555555556 0.02734375 0.6284722222222222 0.01953125 0.6388888888888888 0.017578125 0.6354166666666666 0.013671875 0.6354166666666666 0.013671875 0.5833333333333334 0.015625 0.5798611111111112 0.015625 0.5625 0.0078125 0.5451388888888888 0.00390625 0.53125 0.00390625 0.5208333333333334 0 0.5173611111111112 0 0.5069444444444444 0.02734375 0.4722222222222222 0.03515625 0.46875 0.0390625 0.4618055555555556 0.0390625 0.4548611111111111 0.044921875 0.4479166666666667 0.048828125 0.4444444444444444 0.05859375 0.4444444444444444
2 0.70703125 0.1111111111111111 0.720703125 0.125 0.728515625 0.14583333333333334 0.728515625 0.15625 0.7265625 0.16319444444444445 0.712890625 0.1840277777777778 0.716796875 0.2222222222222222 0.7109375 0.22916666666666666 0.7109375 0.23958333333333334 0.708984375 0.24305555555555555 0.701171875 0.24305555555555555 0.69921875 0.23958333333333334 0.703125 0.22916666666666666 0.703125 0.2222222222222222 0.701171875 0.21875 0.69921875 0.2013888888888889 0.6953125 0.19444444444444445 0.69140625 0.19444444444444445 0.69140625 0.1875 0.6953125 0.17708333333333334 0.69921875 0.14930555555555555 0.6953125 0.1423611111111111 0.685546875 0.1076388888888889 0.685546875 0.09375 0.6875 0.09027777777777778 0.697265625 0.09027777777777778 0.705078125 0.1111111111111111
2 0.603515625 0.3611111111111111 0.6171875 0.3715277777777778 0.623046875 0.3715277777777778 0.630859375 0.3819444444444444 0.634765625 0.3958333333333333 0.63671875 0.4236111111111111 0.640625 0.4340277777777778 0.646484375 0.4340277777777778 0.654296875 0.4409722222222222 0.6640625 0.4409722222222222 0.66796875 0.4513888888888889 0.66015625 0.46875 0.654296875 0.46875 0.654296875 0.4583333333333333 0.650390625 0.4513888888888889 0.63671875 0.4479166666666667 0.62890625 0.4409722222222222 0.62109375 0.4131944444444444 0.619140625 0.4097222222222222 0.609375 0.40625 0.60546875 0.4131944444444444 0.60546875 0.4236111111111111 0.609375 0.4340277777777778 0.623046875 0.4548611111111111 0.62109375 0.4618055555555556 0.6171875 0.4618055555555556 0.609375 0.46875 0.60546875 0.4756944444444444 0.60546875 0.4826388888888889 0.6015625 0.4861111111111111 0.59765625 0.4826388888888889 0.599609375 0.4756944444444444 0.599609375 0.4375 0.59765625 0.4340277777777778 0.59765625 0.4236111111111111 0.595703125 0.4201388888888889 0.591796875 0.4236111111111111 0.587890625 0.4201388888888889 0.58984375 0.3993055555555556 0.57421875 0.375 0.57421875 0.3576388888888889 0.578125 0.3506944444444444 0.587890625 0.3506944444444444 0.591796875 0.3576388888888889 0.6015625 0.3611111111111111
2 0.568359375 0.4826388888888889 0.5703125 0.4861111111111111 0.578125 0.4861111111111111 0.587890625 0.4965277777777778 0.595703125 0.4965277777777778 0.609375 0.5173611111111112 0.609375 0.5381944444444444 0.60546875 0.5520833333333334 0.60546875 0.5659722222222222 0.6171875 0.5763888888888888 0.630859375 0.5798611111111112 0.6328125 0.5868055555555556 0.6328125 0.6076388888888888 0.630859375 0.6111111111111112 0.623046875 0.5902777777777778 0.61328125 0.5902777777777778 0.609375 0.5972222222222222 0.599609375 0.5972222222222222 0.59765625 0.59375 0.59765625 0.5868055555555556 0.591796875 0.5798611111111112 0.58984375 0.5659722222222222 0.583984375 0.5555555555555556 0.578125 0.5659722222222222 0.580078125 0.5729166666666666 0.578125 0.5798611111111112 0.57421875 0.5729166666666666 0.57421875 0.5520833333333334 0.572265625 0.5486111111111112 0.572265625 0.5381944444444444 0.5703125 0.53125 0.564453125 0.5208333333333334 0.55859375 0.5173611111111112 0.552734375 0.5034722222222222 0.54296875 0.4930555555555556 0.54296875 0.4756944444444444 0.546875 0.46875 0.556640625 0.46875 0.556640625 0.4722222222222222 0.5625 0.4826388888888889 0.56640625 0.4826388888888889
2 0.787109375 0.3993055555555556 0.787109375 0.4027777777777778 0.79296875 0.4131944444444444 0.80078125 0.4166666666666667 0.806640625 0.4270833333333333 0.818359375 0.4375 0.82421875 0.4375 0.833984375 0.4583333333333333 0.833984375 0.4652777777777778 0.830078125 0.46875 0.822265625 0.4861111111111111 0.822265625 0.5 0.82421875 0.5034722222222222 0.826171875 0.5208333333333334 0.8359375 0.5451388888888888 0.833984375 0.5520833333333334 0.828125 0.5590277777777778 0.822265625 0.5590277777777778 0.82421875 0.5520833333333334 0.82421875 0.5416666666666666 0.818359375 0.5347222222222222 0.814453125 0.5381944444444444 0.814453125 0.5277777777777778 0.798828125 0.5 0.802734375 0.46875 0.796875 0.4583333333333333 0.7890625 0.4618055555555556 0.783203125 0.46875 0.779296875 0.4791666666666667 0.77734375 0.4791666666666667 0.77734375 0.46875 0.779296875 0.46875 0.7890625 0.4513888888888889 0.7890625 0.4444444444444444 0.783203125 0.4340277777777778 0.7734375 0.4270833333333333 0.771484375 0.4201388888888889 0.771484375 0.4027777777777778 0.77734375 0.3958333333333333 0.783203125 0.3958333333333333 0.78515625 0.3993055555555556
2 0.548828125 0.5659722222222222 0.552734375 0.5763888888888888 0.560546875 0.5763888888888888 0.5625 0.5798611111111112 0.576171875 0.5833333333333334 0.5859375 0.59375 0.59375 0.5972222222222222 0.599609375 0.6076388888888888 0.603515625 0.625 0.603515625 0.6354166666666666 0.59765625 0.6493055555555556 0.59765625 0.6631944444444444 0.609375 0.6736111111111112 0.61328125 0.6736111111111112 0.62109375 0.6805555555555556 0.626953125 0.6805555555555556 0.62890625 0.6840277777777778 0.62890625 0.7048611111111112 0.626953125 0.7083333333333334 0.625 0.7083333333333334 0.615234375 0.6875 0.611328125 0.6840277777777778 0.6015625 0.6840277777777778 0.599609375 0.6805555555555556 0.587890625 0.6805555555555556 0.576171875 0.6631944444444444 0.5703125 0.6631944444444444 0.564453125 0.6736111111111112 0.55859375 0.6736111111111112 0.552734375 0.6597222222222222 0.5546875 0.65625 0.5546875 0.6493055555555556 0.552734375 0.6458333333333334 0.552734375 0.6319444444444444 0.548828125 0.6145833333333334 0.544921875 0.6076388888888888 0.5390625 0.6041666666666666 0.53125 0.5868055555555556 0.53125 0.5694444444444444 0.53515625 0.5625 0.544921875 0.5625 0.546875 0.5659722222222222
2 0.578125 0.07291666666666667 0.58203125 0.0763888888888889 0.583984375 0.09027777777777778 0.58203125 0.09375 0.58203125 0.10069444444444445 0.576171875 0.1111111111111111 0.576171875 0.11805555555555555 0.580078125 0.125 0.591796875 0.12152777777777778 0.591796875 0.1284722222222222 0.58984375 0.13194444444444445 0.5703125 0.13194444444444445 0.56640625 0.1388888888888889 0.568359375 0.15625 0.576171875 0.16666666666666666 0.576171875 0.18055555555555555 0.568359375 0.20833333333333334 0.568359375 0.2152777777777778 0.576171875 0.2222222222222222 0.576171875 0.22916666666666666 0.564453125 0.22916666666666666 0.5625 0.22569444444444445 0.5625 0.2152777777777778 0.564453125 0.21180555555555555 0.564453125 0.2013888888888889 0.56640625 0.19791666666666666 0.568359375 0.17708333333333334 0.5546875 0.16319444444444445 0.55078125 0.16666666666666666 0.546875 0.1875 0.54296875 0.19444444444444445 0.533203125 0.2013888888888889 0.525390625 0.2152777777777778 0.525390625 0.2222222222222222 0.5234375 0.22569444444444445 0.51953125 0.22569444444444445 0.515625 0.21875 0.515625 0.21180555555555555 0.5390625 0.1840277777777778 0.541015625 0.1388888888888889 0.546875 0.12152777777777778 0.568359375 0.08680555555555555 0.568359375 0.0798611111111111 0.5703125 0.0763888888888889 0.576171875 0.07291666666666667
2 0.685546875 0.6180555555555556 0.689453125 0.625 0.689453125 0.6319444444444444 0.724609375 0.6909722222222222 0.724609375 0.7152777777777778 0.720703125 0.7326388888888888 0.71484375 0.7465277777777778 0.71484375 0.7673611111111112 0.708984375 0.7777777777777778 0.70703125 0.7986111111111112 0.703125 0.7951388888888888 0.69921875 0.7673611111111112 0.693359375 0.7569444444444444 0.693359375 0.7465277777777778 0.6953125 0.7430555555555556 0.6953125 0.7013888888888888 0.6796875 0.6701388888888888 0.677734375 0.65625 0.671875 0.6493055555555556 0.669921875 0.6423611111111112 0.669921875 0.6215277777777778 0.67578125 0.6145833333333334 0.681640625 0.6145833333333334 0.68359375 0.6180555555555556