0 0.33541666666666664 0.37083333333333335 0.011458333333333333 0.02314814814814815
0 0.4453125 0.2986111111111111 0.443359375 0.3159722222222222 0.439453125 0.3159722222222222 0.435546875 0.3090277777777778 0.4375 0.3020833333333333 0.443359375 0.2986111111111111
0 0.45703125 0.3194444444444444 0.45703125 0.3055555555555556 0.4609375 0.2986111111111111 0.46484375 0.3020833333333333 0.46484375 0.3159722222222222 0.462890625 0.3194444444444444 0.458984375 0.3194444444444444
0 0.5 0.3333333333333333 0.501953125 0.34375 0.498046875 0.3506944444444444 0.48828125 0.3506944444444444 0.484375 0.3472222222222222 0.484375 0.3368055555555556 0.48828125 0.3333333333333333 0.498046875 0.3333333333333333
0 0.474609375 0.3298611111111111 0.478515625 0.34375 0.4765625 0.3472222222222222 0.46875 0.3472222222222222 0.4609375 0.3402777777777778 0.466796875 0.3298611111111111 0.47265625 0.3298611111111111
0 0.51171875 0.3506944444444444 0.515625 0.3541666666666667 0.513671875 0.3680555555555556 0.505859375 0.3680555555555556 0.50390625 0.3611111111111111 0.505859375 0.3541666666666667 0.509765625 0.3541666666666667
0 0.52734375 0.3958333333333333 0.52734375 0.4027777777777778 0.5234375 0.4027777777777778 0.521484375 0.40625 0.51953125 0.40625 0.517578125 0.3993055555555556 0.521484375 0.3923611111111111 0.525390625 0.3958333333333333
0 0.474609375 0.3541666666666667 0.482421875 0.3541666666666667 0.486328125 0.3645833333333333 0.484375 0.3715277777777778 0.48046875 0.3680555555555556 0.474609375 0.3680555555555556 0.474609375 0.3576388888888889
0 0.623046875 0.6215277777777778 0.626953125 0.6319444444444444 0.6171875 0.6458333333333334 0.61328125 0.6458333333333334 0.61328125 0.6319444444444444 0.619140625 0.6215277777777778 0.62109375 0.6215277777777778
0 0.890625 0.1875 0.896484375 0.1840277777777778 0.900390625 0.1909722222222222 0.896484375 0.2013888888888889 0.890625 0.2013888888888889 0.888671875 0.19791666666666666 0.890625 0.1909722222222222
0 0.9140625 0.19444444444444445 0.919921875 0.19444444444444445 0.919921875 0.20833333333333334 0.9140625 0.20833333333333334 0.912109375 0.2048611111111111 0.9140625 0.19791666666666666
0 0.8721354166666666 0.3032407407407407 0.015104166666666667 0.02314814814814815
0 0.822265625 0.4166666666666667 0.822265625 0.4340277777777778 0.810546875 0.4340277777777778 0.810546875 0.4236111111111111 0.814453125 0.4166666666666667 0.8203125 0.4166666666666667
0 0.865234375 0.4479166666666667 0.865234375 0.4375 0.869140625 0.4305555555555556 0.875 0.4305555555555556 0.876953125 0.4340277777777778 0.876953125 0.4444444444444444 0.875 0.4479166666666667 0.8671875 0.4479166666666667
0 0.83984375 0.6736111111111112 0.837890625 0.6631944444444444 0.845703125 0.6527777777777778 0.8515625 0.6597222222222222 0.8515625 0.6701388888888888 0.845703125 0.6770833333333334 0.841796875 0.6736111111111112
0 0.87109375 0.7847222222222222 0.880859375 0.7847222222222222 0.884765625 0.7916666666666666 0.884765625 0.8020833333333334 0.8828125 0.8090277777777778 0.876953125 0.8125 0.87109375 0.8020833333333334 0.87109375 0.7881944444444444
1 0.486328125 0.4097222222222222 0.48828125 0.4131944444444444 0.48828125 0.4236111111111111 0.484375 0.4340277777777778 0.482421875 0.4375 0.47265625 0.4375 0.470703125 0.4409722222222222 0.462890625 0.4340277777777778 0.462890625 0.4236111111111111 0.46875 0.4131944444444444 0.4765625 0.40625 0.484375 0.4097222222222222
1 0.88671875 0.8055555555555556 0.900390625 0.8333333333333334 0.900390625 0.8402777777777778 0.90625 0.8506944444444444 0.89453125 0.8645833333333334 0.88671875 0.8541666666666666 0.884765625 0.8402777777777778 0.87890625 0.8333333333333334 0.875 0.8229166666666666 0.875 0.8125 0.87890625 0.8055555555555556 0.884765625 0.8055555555555556
1 0.51171875 0.3680555555555556 0.515625 0.375 0.517578125 0.3958333333333333 0.51171875 0.4027777777777778 0.509765625 0.4097222222222222 0.51171875 0.4201388888888889 0.505859375 0.4305555555555556 0.498046875 0.4236111111111111 0.498046875 0.3784722222222222 0.5 0.3715277777777778 0.50390625 0.3680555555555556 0.509765625 0.3680555555555556
1 0.8828125 0.2013888888888889 0.88671875 0.19791666666666666 0.892578125 0.19791666666666666 0.89453125 0.2013888888888889 0.90234375 0.2013888888888889 0.904296875 0.2048611111111111 0.904296875 0.21875 0.900390625 0.2326388888888889 0.88671875 0.2326388888888889 0.88671875 0.2222222222222222 0.8828125 0.2048611111111111
1 0.427734375 0.3125 0.435546875 0.3125 0.447265625 0.3229166666666667 0.447265625 0.3333333333333333 0.4375 0.3576388888888889 0.421875 0.3576388888888889 0.421875 0.3472222222222222 0.42578125 0.3368055555555556 0.42578125 0.3194444444444444 0.427734375 0.3159722222222222
1 0.87890625 0.4479166666666667 0.8828125 0.4548611111111111 0.8828125 0.4722222222222222 0.88671875 0.4826388888888889 0.88671875 0.4895833333333333 0.87890625 0.4965277777777778 0.873046875 0.4965277777777778 0.869140625 0.4895833333333333 0.8671875 0.46875 0.865234375 0.4652777777777778 0.865234375 0.4513888888888889 0.876953125 0.4479166666666667
1 0.45703125 0.3680555555555556 0.45703125 0.3506944444444444 0.46484375 0.3402777777777778 0.470703125 0.3402777777777778 0.474609375 0.3472222222222222 0.474609375 0.3541666666666667 0.470703125 0.3611111111111111 0.466796875 0.3611111111111111 0.462890625 0.3680555555555556 0.458984375 0.3680555555555556
1 0.474609375 0.3611111111111111 0.478515625 0.3680555555555556 0.48046875 0.3819444444444444 0.4765625 0.3993055555555556 0.470703125 0.4097222222222222 0.462890625 0.4097222222222222 0.458984375 0.3993055555555556 0.458984375 0.3923611111111111 0.462890625 0.375 0.470703125 0.3611111111111111 0.47265625 0.3611111111111111
1 0.328125 0.375 0.345703125 0.3819444444444444 0.345703125 0.3993055555555556 0.333984375 0.4131944444444444 0.33203125 0.4097222222222222 0.33203125 0.3993055555555556 0.328125 0.3923611111111111 0.328125 0.3784722222222222
1 0.884765625 0.3125 0.892578125 0.3298611111111111 0.892578125 0.3368055555555556 0.888671875 0.3402777777777778 0.880859375 0.3368055555555556 0.875 0.3263888888888889 0.8671875 0.3263888888888889 0.86328125 0.3298611111111111 0.86328125 0.3263888888888889 0.87109375 0.3125 0.876953125 0.3125 0.87890625 0.3090277777777778 0.8828125 0.3125
1 0.828125 0.4305555555555556 0.83203125 0.4375 0.83203125 0.4444444444444444 0.837890625 0.4618055555555556 0.8359375 0.4756944444444444 0.822265625 0.4756944444444444 0.818359375 0.4583333333333333 0.8125 0.4479166666666667 0.814453125 0.4375 0.8203125 0.4305555555555556 0.826171875 0.4305555555555556
1 0.521484375 0.3923611111111111 0.5234375 0.3958333333333333 0.529296875 0.3958333333333333 0.533203125 0.3993055555555556 0.541015625 0.4131944444444444 0.54296875 0.4201388888888889 0.54296875 0.4340277777777778 0.541015625 0.4375 0.533203125 0.4375 0.525390625 0.4444444444444444 0.521484375 0.4340277777777778 0.515625 0.4236111111111111 0.513671875 0.4236111111111111 0.513671875 0.4027777777777778 0.51953125 0.3958333333333333
1 0.462890625 0.3055555555555556 0.470703125 0.3194444444444444 0.47265625 0.3298611111111111 0.46875 0.3298611111111111 0.46484375 0.3368055555555556 0.45703125 0.3368055555555556 0.45703125 0.3333333333333333 0.451171875 0.3229166666666667 0.4453125 0.3194444444444444 0.443359375 0.3159722222222222 0.4453125 0.3090277777777778 0.451171875 0.3090277777777778 0.453125 0.3055555555555556 0.458984375 0.3055555555555556 0.4609375 0.3090277777777778
1 0.9169270833333333 0.22592592592592592 0.018229166666666668 0.03888888888888889
1 0.861328125 0.6736111111111112 0.86328125 0.6770833333333334 0.865234375 0.7083333333333334 0.857421875 0.7048611111111112 0.84765625 0.7118055555555556 0.841796875 0.7118055555555556 0.841796875 0.7013888888888888 0.837890625 0.6909722222222222 0.837890625 0.6770833333333334 0.841796875 0.6736111111111112 0.845703125 0.6770833333333334 0.8515625 0.6701388888888888 0.857421875 0.6701388888888888 0.859375 0.6736111111111112
1 0.625 0.6423611111111112 0.630859375 0.65625 0.630859375 0.6770833333333334 0.634765625 0.6875 0.6328125 0.6944444444444444 0.61328125 0.6909722222222222 0.61328125 0.6458333333333334 0.619140625 0.6388888888888888 0.623046875 0.6423611111111112
1 0.49557291666666664 0.36712962962962964 0.0171875 0.03240740740740741
2 0.48046875 0.40625 0.482421875 0.4097222222222222 0.48828125 0.4097222222222222 0.48828125 0.4236111111111111 0.484375 0.4340277777777778 0.48828125 0.4444444444444444 0.48828125 0.4513888888888889 0.484375 0.4583333333333333 0.482421875 0.4652777777777778 0.482421875 0.4756944444444444 0.48046875 0.4791666666666667 0.48046875 0.4895833333333333 0.482421875 0.4965277777777778 0.478515625 0.5 0.474609375 0.5 0.47265625 0.4965277777777778 0.4765625 0.4826388888888889 0.4765625 0.4618055555555556 0.47265625 0.4548611111111111 0.46875 0.4548611111111111 0.46484375 0.4618055555555556 0.462890625 0.4756944444444444 0.458984375 0.4756944444444444 0.455078125 0.4618055555555556 0.455078125 0.4375 0.458984375 0.4236111111111111 0.462890625 0.4166666666666667 0.466796875 0.4166666666666667 0.478515625 0.40625
2 0.90625 0.8472222222222222 0.908203125 0.8506944444444444 0.908203125 0.8923611111111112 0.91015625 0.8958333333333334 0.91796875 0.8923611111111112 0.91796875 0.9236111111111112 0.92578125 0.9409722222222222 0.92578125 0.9444444444444444 0.919921875 0.9513888888888888 0.916015625 0.9513888888888888 0.9140625 0.9479166666666666 0.91796875 0.9409722222222222 0.91796875 0.9340277777777778 0.9140625 0.9305555555555556 0.90625 0.9131944444444444 0.904296875 0.9131944444444444 0.8984375 0.9027777777777778 0.888671875 0.9027777777777778 0.88671875 0.8993055555555556 0.884765625 0.8888888888888888 0.88671875 0.8854166666666666 0.888671875 0.8611111111111112 0.884765625 0.8541666666666666 0.87890625 0.8541666666666666 0.873046875 0.8645833333333334 0.87109375 0.8611111111111112 0.87890625 0.8402777777777778 0.875 0.8125 0.869140625 0.7986111111111112 0.869140625 0.7881944444444444 0.875 0.78125 0.880859375 0.78125 0.884765625 0.7881944444444444 0.884765625 0.7986111111111112 0.88671875 0.8055555555555556 0.89453125 0.8194444444444444 0.89453125 0.8229166666666666 0.900390625 0.8333333333333334 0.900390625 0.8402777777777778 0.904296875 0.8472222222222222
2 0.427734375 0.3125 0.435546875 0.3125 0.447265625 0.3229166666666667 0.447265625 0.3333333333333333 0.439453125 0.3541666666666667 0.451171875 0.3854166666666667 0.451171875 0.3923611111111111 0.44921875 0.3958333333333333 0.44921875 0.4201388888888889 0.443359375 0.4270833333333333 0.4453125 0.3958333333333333 0.439453125 0.3819444444444444 0.431640625 0.375 0.42578125 0.375 0.416015625 0.3958333333333333 0.416015625 0.4027777777777778 0.412109375 0.4166666666666667 0.408203125 0.4166666666666667 0.412109375 0.4027777777777778 0.4140625 0.3854166666666667 0.419921875 0.3680555555555556 0.419921875 0.3576388888888889 0.42578125 0.3368055555555556 0.42578125 0.3194444444444444 0.427734375 0.3159722222222222
2 0.515625 0.4270833333333333 0.51953125 0.4409722222222222 0.51953125 0.4479166666666667 0.515625 0.4548611111111111 0.515625 0.4791666666666667 0.517578125 0.4826388888888889 0.517578125 0.4895833333333333 0.513671875 0.4895833333333333 0.51171875 0.4861111111111111 0.5078125 0.4375 0.505859375 0.4340277777777778 0.501953125 0.4340277777777778 0.498046875 0.4270833333333333 0.498046875 0.3819444444444444 0.49609375 0.3784722222222222 0.49609375 0.3576388888888889 0.498046875 0.3541666666666667 0.51171875 0.3541666666666667 0.51171875 0.3645833333333333 0.517578125 0.3854166666666667 0.517578125 0.3958333333333333 0.51171875 0.4027777777777778 0.51171875 0.4236111111111111 0.513671875 0.4270833333333333
2 0.494140625 0.3298611111111111 0.498046875 0.3368055555555556 0.498046875 0.34375 0.5 0.3472222222222222 0.5 0.3541666666666667 0.49609375 0.3611111111111111 0.49609375 0.3715277777777778 0.498046875 0.375 0.490234375 0.3715277777777778 0.484375 0.3541666666666667 0.484375 0.34375 0.48828125 0.3333333333333333 0.4921875 0.3298611111111111
2 0.89453125 0.1840277777777778 0.904296875 0.2013888888888889 0.904296875 0.20833333333333334 0.90625 0.21180555555555555 0.90234375 0.22916666666666666 0.90234375 0.2673611111111111 0.8984375 0.2743055555555556 0.8984375 0.2986111111111111 0.89453125 0.2951388888888889 0.89453125 0.28125 0.88671875 0.2673611111111111 0.88671875 0.2222222222222222 0.8828125 0.20833333333333334 0.8828125 0.2013888888888889 0.88671875 0.19791666666666666 0.890625 0.1875 0.892578125 0.1875
2 0.470703125 0.3333333333333333 0.474609375 0.34375 0.474609375 0.3541666666666667 0.46484375 0.3680555555555556 0.462890625 0.3819444444444444 0.455078125 0.4027777777777778 0.453125 0.4270833333333333 0.4453125 0.4270833333333333 0.443359375 0.4305555555555556 0.443359375 0.4236111111111111 0.451171875 0.40625 0.453125 0.3784722222222222 0.45703125 0.3680555555555556 0.45703125 0.3506944444444444 0.46875 0.3368055555555556
2 0.87109375 0.4305555555555556 0.87890625 0.4409722222222222 0.8828125 0.4548611111111111 0.8828125 0.4722222222222222 0.888671875 0.4895833333333333 0.888671875 0.5069444444444444 0.890625 0.5104166666666666 0.890625 0.5173611111111112 0.900390625 0.5381944444444444 0.900390625 0.5486111111111112 0.896484375 0.5486111111111112 0.884765625 0.5243055555555556 0.873046875 0.5243055555555556 0.869140625 0.5104166666666666 0.869140625 0.4826388888888889 0.8671875 0.4791666666666667 0.8671875 0.46875 0.86328125 0.4513888888888889 0.86328125 0.4375 0.869140625 0.4305555555555556
2 0.33203125 0.3611111111111111 0.337890625 0.3611111111111111 0.33984375 0.3715277777777778 0.345703125 0.3819444444444444 0.345703125 0.3993055555555556 0.349609375 0.4131944444444444 0.349609375 0.4340277777777778 0.3515625 0.4375 0.3515625 0.4479166666666667 0.3671875 0.4756944444444444 0.3671875 0.4861111111111111 0.365234375 0.4895833333333333 0.359375 0.4722222222222222 0.34375 0.4479166666666667 0.34375 0.4409722222222222 0.341796875 0.4375 0.3359375 0.4375 0.328125 0.4479166666666667 0.326171875 0.4548611111111111 0.326171875 0.46875 0.322265625 0.4756944444444444 0.318359375 0.4756944444444444 0.31640625 0.4722222222222222 0.32421875 0.4583333333333333 0.322265625 0.4513888888888889 0.32421875 0.4479166666666667 0.32421875 0.4409722222222222 0.33203125 0.4201388888888889 0.33203125 0.4131944444444444 0.330078125 0.4097222222222222 0.326171875 0.4097222222222222 0.330078125 0.3993055555555556 0.326171875 0.3854166666666667 0.33203125 0.3645833333333333
2 0.876953125 0.2951388888888889 0.880859375 0.2986111111111111 0.880859375 0.3055555555555556 0.892578125 0.3263888888888889 0.892578125 0.3333333333333333 0.89453125 0.3368055555555556 0.888671875 0.3645833333333333 0.896484375 0.3784722222222222 0.896484375 0.3854166666666667 0.888671875 0.3854166666666667 0.8828125 0.40625 0.876953125 0.4027777777777778 0.876953125 0.3958333333333333 0.880859375 0.3888888888888889 0.880859375 0.375 0.87890625 0.3715277777777778 0.87890625 0.34375 0.880859375 0.3368055555555556 0.875 0.3263888888888889 0.8671875 0.3263888888888889 0.861328125 0.3333333333333333 0.861328125 0.3298611111111111 0.869140625 0.3159722222222222 0.869140625 0.3020833333333333 0.875 0.2951388888888889
2 0.822265625 0.4166666666666667 0.82421875 0.4270833333333333 0.83203125 0.4375 0.83203125 0.4444444444444444 0.83984375 0.4652777777777778 0.83984375 0.4722222222222222 0.841796875 0.4756944444444444 0.841796875 0.4965277777777778 0.8515625 0.5104166666666666 0.8515625 0.5173611111111112 0.84765625 0.5173611111111112 0.833984375 0.4965277777777778 0.830078125 0.4930555555555556 0.82421875 0.4930555555555556 0.822265625 0.4965277777777778 0.82421875 0.5208333333333334 0.826171875 0.5243055555555556 0.82421875 0.53125 0.818359375 0.53125 0.81640625 0.5277777777777778 0.818359375 0.5243055555555556 0.818359375 0.5104166666666666 0.810546875 0.4895833333333333 0.810546875 0.4861111111111111 0.814453125 0.4861111111111111 0.8203125 0.4756944444444444 0.8203125 0.4652777777777778 0.8125 0.4444444444444444 0.814453125 0.4409722222222222 0.8125 0.4340277777777778 0.8125 0.4201388888888889 0.814453125 0.4166666666666667 0.8203125 0.4166666666666667
2 0.51171875 0.4097222222222222 0.515625 0.3993055555555556 0.5234375 0.3923611111111111 0.525390625 0.3958333333333333 0.53515625 0.3993055555555556 0.53515625 0.4027777777777778 0.54296875 0.4166666666666667 0.54296875 0.4513888888888889 0.544921875 0.4548611111111111 0.544921875 0.4652777777777778 0.552734375 0.4826388888888889 0.55078125 0.4861111111111111 0.537109375 0.4722222222222222 0.533203125 0.4791666666666667 0.53515625 0.5138888888888888 0.53125 0.5138888888888888 0.529296875 0.4965277777777778 0.521484375 0.4756944444444444 0.5234375 0.4479166666666667 0.515625 0.4340277777777778 0.509765625 0.4305555555555556 0.513671875 0.4201388888888889 0.513671875 0.4131944444444444
2 0.4609375 0.2986111111111111 0.46484375 0.3020833333333333 0.466796875 0.3125 0.47265625 0.3263888888888889 0.47265625 0.3333333333333333 0.466796875 0.3333333333333333 0.45703125 0.34375 0.453125 0.34375 0.455078125 0.3402777777777778 0.455078125 0.3298611111111111 0.447265625 0.3194444444444444 0.4375 0.3125 0.4375 0.3020833333333333 0.443359375 0.3020833333333333 0.44921875 0.3090277777777778 0.458984375 0.3020833333333333
2 0.91796875 0.19444444444444445 0.923828125 0.21180555555555555 0.92578125 0.23958333333333334 0.923828125 0.24305555555555555 0.923828125 0.2569444444444444 0.919921875 0.2708333333333333 0.916015625 0.2743055555555556 0.908203125 0.2916666666666667 0.90625 0.2847222222222222 0.90625 0.2604166666666667 0.91015625 0.2465277777777778 0.908203125 0.21875 0.91015625 0.2152777777777778 0.91015625 0.2013888888888889 0.916015625 0.19444444444444445
2 0.83984375 0.6527777777777778 0.84765625 0.6527777777777778 0.86328125 0.6770833333333334 0.86328125 0.6944444444444444 0.865234375 0.6979166666666666 0.865234375 0.7048611111111112 0.87890625 0.7326388888888888 0.87890625 0.7708333333333334 0.880859375 0.7743055555555556 0.87890625 0.7777777777777778 0.875 0.7743055555555556 0.87109375 0.7604166666666666 0.87109375 0.7465277777777778 0.869140625 0.7430555555555556 0.86328125 0.7395833333333334 0.857421875 0.75 0.859375 0.7569444444444444 0.85546875 0.75 0.849609375 0.7465277777777778 0.84765625 0.7395833333333334 0.841796875 0.7326388888888888 0.841796875 0.7013888888888888 0.8359375 0.6875 0.837890625 0.6597222222222222 0.83984375 0.65625
2 0.46458333333333335 0.4083333333333333 0.04791666666666666 0.11666666666666667
2 0.623046875 0.625 0.625 0.6388888888888888 0.630859375 0.65625 0.630859375 0.6736111111111112 0.634765625 0.6875 0.634765625 0.7118055555555556 0.6328125 0.7152777777777778 0.630859375 0.7430555555555556 0.634765625 0.7534722222222222 0.634765625 0.78125 0.63671875 0.7847222222222222 0.63671875 0.7951388888888888 0.6328125 0.7986111111111112 0.62890625 0.7986111111111112 0.630859375 0.7916666666666666 0.630859375 0.7777777777777778 0.62890625 0.7708333333333334 0.625 0.7673611111111112 0.626953125 0.7604166666666666 0.62109375 0.7361111111111112 0.619140625 0.7083333333333334 0.615234375 0.6979166666666666 0.611328125 0.6979166666666666 0.609375 0.7013888888888888 0.60546875 0.6979166666666666 0.60546875 0.6944444444444444 0.61328125 0.6840277777777778 0.61328125 0.6423611111111112 0.611328125 0.6354166666666666 0.615234375 0.625 0.62109375 0.625