0 0.265625 0.5590277777777778 0.26171875 0.5486111111111112 0.26171875 0.5347222222222222 0.265625 0.5277777777777778 0.275390625 0.5277777777777778 0.28125 0.5381944444444444 0.28125 0.5520833333333334 0.27734375 0.5625 0.26953125 0.5625 0.267578125 0.5590277777777778
0 0.59375 0.6736111111111112 0.599609375 0.6944444444444444 0.599609375 0.7013888888888888 0.59765625 0.7048611111111112 0.58984375 0.7048611111111112 0.583984375 0.6979166666666666 0.58203125 0.6909722222222222 0.58203125 0.6805555555555556 0.5859375 0.6736111111111112 0.591796875 0.6736111111111112
0 0.646875 0.4842592592592593 0.019791666666666666 0.02962962962962963
0 0.8872395833333333 0.46064814814814814 0.024479166666666666 0.030555555555555558
0 0.5783854166666667 0.33287037037037037 0.01614583333333333 0.026851851851851852
0 0.583984375 0.1597222222222222 0.591796875 0.1701388888888889 0.587890625 0.18055555555555555 0.583984375 0.18055555555555555 0.578125 0.1701388888888889 0.578125 0.16319444444444445 0.58203125 0.1597222222222222
0 0.61328125 0.04861111111111111 0.6171875 0.05555555555555555 0.6171875 0.06597222222222222 0.615234375 0.06944444444444445 0.609375 0.06944444444444445 0.60546875 0.06597222222222222 0.607421875 0.052083333333333336 0.611328125 0.04861111111111111
0 0.716796875 0.020833333333333332 0.71875 0.024305555555555556 0.71875 0.034722222222222224 0.71484375 0.03819444444444445 0.708984375 0.03819444444444445 0.70703125 0.034722222222222224 0.70703125 0.027777777777777776 0.71484375 0.020833333333333332
0 0.734375 0.017361111111111112 0.740234375 0.024305555555555556 0.740234375 0.03125 0.73828125 0.034722222222222224 0.7265625 0.034722222222222224 0.7265625 0.017361111111111112 0.728515625 0.013888888888888888 0.732421875 0.017361111111111112
0 0.140625 0.09027777777777778 0.15234375 0.10069444444444445 0.15234375 0.11805555555555555 0.1484375 0.125 0.14453125 0.125 0.14453125 0.12152777777777778 0.13671875 0.1076388888888889 0.13671875 0.09375 0.138671875 0.09375
0 0.07421875 0.09027777777777778 0.07421875 0.09375 0.078125 0.09722222222222222 0.078125 0.1076388888888889 0.068359375 0.1076388888888889 0.06640625 0.10416666666666667 0.06640625 0.09722222222222222 0.072265625 0.09027777777777778
0 0 0.09375 0.005859375 0.09375 0.009765625 0.09027777777777778 0.013671875 0.09375 0.015625 0.10069444444444445 0.015625 0.11458333333333333 0.013671875 0.11805555555555555 0.0078125 0.11805555555555555 0.001953125 0.1076388888888889 0 0.1076388888888889 0 0.09722222222222222
1 0.591796875 0.1736111111111111 0.599609375 0.1840277777777778 0.599609375 0.20833333333333334 0.59765625 0.21180555555555555 0.59765625 0.22569444444444445 0.595703125 0.22916666666666666 0.59375 0.22569444444444445 0.5859375 0.22569444444444445 0.583984375 0.2222222222222222 0.57421875 0.22569444444444445 0.5703125 0.21180555555555555 0.5703125 0.19444444444444445 0.568359375 0.1909722222222222 0.5703125 0.17708333333333334 0.57421875 0.17708333333333334 0.576171875 0.1736111111111111 0.58984375 0.1736111111111111
1 0.08203125 0.1076388888888889 0.087890625 0.1284722222222222 0.087890625 0.15625 0.08203125 0.15625 0.0625 0.1284722222222222 0.046875 0.1284722222222222 0.044921875 0.13194444444444445 0.037109375 0.13194444444444445 0.03515625 0.1284722222222222 0.03515625 0.12152777777777778 0.037109375 0.11805555555555555 0.046875 0.11458333333333333 0.060546875 0.10416666666666667 0.080078125 0.1076388888888889
1 0.275390625 0.5625 0.28515625 0.5729166666666666 0.28515625 0.5798611111111112 0.279296875 0.59375 0.283203125 0.6041666666666666 0.283203125 0.6180555555555556 0.275390625 0.6354166666666666 0.263671875 0.6319444444444444 0.26171875 0.6354166666666666 0.25390625 0.6354166666666666 0.251953125 0.6388888888888888 0.248046875 0.6145833333333334 0.2421875 0.5972222222222222 0.244140625 0.59375 0.244140625 0.5868055555555556 0.248046875 0.5798611111111112 0.25 0.5659722222222222 0.25390625 0.5590277777777778 0.267578125 0.5590277777777778 0.26953125 0.5625 0.2734375 0.5625
1 0 0.19444444444444445 0.01171875 0.2048611111111111 0.015625 0.2222222222222222 0.015625 0.25 0.01171875 0.2569444444444444 0.009765625 0.2673611111111111 0 0.2673611111111111 0 0.19791666666666666
1 0 0.1076388888888889 0.013671875 0.1076388888888889 0.015625 0.1111111111111111 0.015625 0.1284722222222222 0.01171875 0.14583333333333334 0.01171875 0.1597222222222222 0.005859375 0.1597222222222222 0.00390625 0.16319444444444445 0 0.16319444444444445 0 0.1111111111111111
1 0.90234375 0.46875 0.919921875 0.4930555555555556 0.921875 0.5 0.921875 0.5069444444444444 0.919921875 0.5104166666666666 0.896484375 0.5104166666666666 0.89453125 0.5034722222222222 0.8828125 0.4861111111111111 0.8828125 0.4756944444444444 0.884765625 0.4722222222222222 0.888671875 0.4722222222222222 0.890625 0.46875 0.900390625 0.46875
1 0.154296875 0.11805555555555555 0.158203125 0.12152777777777778 0.162109375 0.13194444444444445 0.162109375 0.14583333333333334 0.158203125 0.15625 0.158203125 0.1840277777777778 0.140625 0.1840277777777778 0.134765625 0.1736111111111111 0.134765625 0.16319444444444445 0.13671875 0.1597222222222222 0.134765625 0.1284722222222222 0.13671875 0.12152777777777778 0.138671875 0.11805555555555555 0.15234375 0.11805555555555555
1 0.6015625 0.08680555555555555 0.6015625 0.06944444444444445 0.60546875 0.059027777777777776 0.619140625 0.059027777777777776 0.626953125 0.0798611111111111 0.626953125 0.09027777777777778 0.625 0.09375 0.625 0.1076388888888889 0.623046875 0.1111111111111111 0.615234375 0.1111111111111111 0.61328125 0.1076388888888889 0.609375 0.1076388888888889 0.603515625 0.08680555555555555
1 0.70703125 0.034722222222222224 0.71484375 0.041666666666666664 0.716796875 0.04861111111111111 0.716796875 0.0625 0.71484375 0.06944444444444445 0.70703125 0.0763888888888889 0.689453125 0.0763888888888889 0.689453125 0.06597222222222222 0.693359375 0.052083333333333336 0.701171875 0.03819444444444445 0.705078125 0.03819444444444445
1 0.57421875 0.3263888888888889 0.578125 0.3298611111111111 0.580078125 0.3263888888888889 0.583984375 0.3263888888888889 0.591796875 0.3402777777777778 0.591796875 0.3506944444444444 0.583984375 0.3680555555555556 0.58203125 0.3923611111111111 0.580078125 0.3958333333333333 0.5703125 0.3993055555555556 0.560546875 0.3923611111111111 0.560546875 0.3854166666666667 0.564453125 0.375 0.5625 0.3472222222222222 0.57421875 0.3298611111111111
1 0.595703125 0.7013888888888888 0.59765625 0.7256944444444444 0.591796875 0.7326388888888888 0.578125 0.7604166666666666 0.576171875 0.7569444444444444 0.5703125 0.7569444444444444 0.55859375 0.7430555555555556 0.5625 0.7326388888888888 0.5625 0.71875 0.576171875 0.6944444444444444 0.5859375 0.6944444444444444 0.59375 0.7013888888888888
1 0.662109375 0.4895833333333333 0.666015625 0.4930555555555556 0.66796875 0.5416666666666666 0.6640625 0.5486111111111112 0.654296875 0.5486111111111112 0.65234375 0.5520833333333334 0.646484375 0.5486111111111112 0.64453125 0.5416666666666666 0.64453125 0.53125 0.638671875 0.5069444444444444 0.640625 0.5 0.646484375 0.4930555555555556 0.65625 0.4930555555555556 0.66015625 0.4895833333333333
1 0.73828125 0.03125 0.7421875 0.041666666666666664 0.7421875 0.0625 0.740234375 0.0625 0.736328125 0.06944444444444445 0.734375 0.0798611111111111 0.73046875 0.08333333333333333 0.728515625 0.0798611111111111 0.72265625 0.0798611111111111 0.71875 0.07291666666666667 0.71875 0.04861111111111111 0.7265625 0.03125 0.736328125 0.03125
1 0.158203125 0.2361111111111111 0.166015625 0.2361111111111111 0.173828125 0.25 0.177734375 0.2638888888888889 0.177734375 0.28125 0.173828125 0.2881944444444444 0.162109375 0.2881944444444444 0.16015625 0.2847222222222222 0.15625 0.2916666666666667 0.150390625 0.2881944444444444 0.1484375 0.2847222222222222 0.1484375 0.2708333333333333 0.14453125 0.2569444444444444 0.146484375 0.25 0.158203125 0.23958333333333334
2 0.583984375 0.1597222222222222 0.587890625 0.1597222222222222 0.599609375 0.1840277777777778 0.599609375 0.2222222222222222 0.59765625 0.22569444444444445 0.59765625 0.3020833333333333 0.595703125 0.3020833333333333 0.591796875 0.2916666666666667 0.587890625 0.2916666666666667 0.5859375 0.2951388888888889 0.58203125 0.2951388888888889 0.580078125 0.2916666666666667 0.580078125 0.2777777777777778 0.572265625 0.2569444444444444 0.572265625 0.2465277777777778 0.5703125 0.23958333333333334 0.56640625 0.2326388888888889 0.5625 0.2326388888888889 0.560546875 0.22569444444444445 0.5625 0.21875 0.5625 0.2013888888888889 0.568359375 0.1875 0.5703125 0.17708333333333334 0.57421875 0.1736111111111111 0.580078125 0.1736111111111111 0.583984375 0.16319444444444445
2 0.25 0.7361111111111112 0.25 0.6805555555555556 0.251953125 0.6770833333333334 0.251953125 0.6701388888888888 0.25 0.6666666666666666 0.25 0.6493055555555556 0.248046875 0.6458333333333334 0.248046875 0.6319444444444444 0.24609375 0.6284722222222222 0.24609375 0.6111111111111112 0.2421875 0.6041666666666666 0.2421875 0.5902777777777778 0.248046875 0.5798611111111112 0.25 0.5659722222222222 0.263671875 0.5486111111111112 0.263671875 0.5381944444444444 0.265625 0.5347222222222222 0.275390625 0.5347222222222222 0.27734375 0.5381944444444444 0.279296875 0.5451388888888888 0.279296875 0.5625 0.28515625 0.5729166666666666 0.28515625 0.5798611111111112 0.28125 0.59375 0.283203125 0.6006944444444444 0.283203125 0.6979166666666666 0.28125 0.7013888888888888 0.279296875 0.7256944444444444 0.27734375 0.7291666666666666 0.27734375 0.7395833333333334 0.28125 0.7465277777777778 0.271484375 0.7465277777777778 0.267578125 0.7430555555555556 0.26171875 0.7291666666666666 0.2578125 0.7395833333333334 0.25390625 0.7395833333333334 0.251953125 0.7361111111111112
2 0 0.19444444444444445 0.00390625 0.19444444444444445 0.017578125 0.21180555555555555 0.017578125 0.2534722222222222 0.013671875 0.2638888888888889 0.01171875 0.3090277777777778 0.009765625 0.3125 0 0.3125 0 0.19791666666666666
2 0.044921875 0.13541666666666666 0.048828125 0.13194444444444445 0.0625 0.13194444444444445 0.072265625 0.1423611111111111 0.080078125 0.1597222222222222 0.080078125 0.16666666666666666 0.072265625 0.1875 0.072265625 0.19791666666666666 0.0703125 0.2013888888888889 0.072265625 0.2048611111111111 0.0703125 0.21180555555555555 0.064453125 0.21180555555555555 0.060546875 0.2013888888888889 0.060546875 0.18055555555555555 0.05859375 0.17708333333333334 0.05859375 0.1701388888888889 0.044921875 0.14930555555555555 0.044921875 0.1388888888888889
2 0.0078125 0.09027777777777778 0.015625 0.10069444444444445 0.017578125 0.12152777777777778 0.013671875 0.13541666666666666 0.013671875 0.15625 0.005859375 0.1736111111111111 0.005859375 0.1840277777777778 0 0.1875 0 0.09722222222222222 0.005859375 0.09375
2 0.89453125 0.4479166666666667 0.8984375 0.4513888888888889 0.900390625 0.4652777777777778 0.91796875 0.4930555555555556 0.919921875 0.4930555555555556 0.921875 0.5 0.921875 0.5104166666666666 0.91796875 0.5243055555555556 0.91796875 0.5381944444444444 0.921875 0.5486111111111112 0.921875 0.5625 0.9140625 0.5729166666666666 0.904296875 0.5729166666666666 0.900390625 0.5694444444444444 0.888671875 0.5486111111111112 0.888671875 0.5381944444444444 0.88671875 0.5347222222222222 0.888671875 0.53125 0.888671875 0.5243055555555556 0.89453125 0.5104166666666666 0.89453125 0.5034722222222222 0.890625 0.4965277777777778 0.884765625 0.4965277777777778 0.8828125 0.4930555555555556 0.87890625 0.4548611111111111 0.8828125 0.4479166666666667 0.88671875 0.4479166666666667 0.888671875 0.4444444444444444 0.892578125 0.4479166666666667
2 0.14453125 0.10416666666666667 0.15234375 0.10416666666666667 0.15625 0.1111111111111111 0.162109375 0.13194444444444445 0.162109375 0.14930555555555555 0.158203125 0.1597222222222222 0.16015625 0.16666666666666666 0.158203125 0.1701388888888889 0.158203125 0.2013888888888889 0.154296875 0.21180555555555555 0.154296875 0.21875 0.150390625 0.2326388888888889 0.150390625 0.2465277777777778 0.134765625 0.24305555555555555 0.130859375 0.25 0.12890625 0.22569444444444445 0.130859375 0.2222222222222222 0.1328125 0.1736111111111111 0.12890625 0.16666666666666666 0.123046875 0.16319444444444445 0.123046875 0.15625 0.12109375 0.1527777777777778 0.123046875 0.14583333333333334 0.12890625 0.13541666666666666 0.130859375 0.13541666666666666 0.14453125 0.1076388888888889
2 0.076171875 0.09027777777777778 0.080078125 0.09722222222222222 0.087890625 0.125 0.087890625 0.17708333333333334 0.08203125 0.1840277777777778 0.07421875 0.21180555555555555 0.068359375 0.21180555555555555 0.06640625 0.20833333333333334 0.06640625 0.1909722222222222 0.068359375 0.1875 0.068359375 0.18055555555555555 0.076171875 0.1701388888888889 0.078125 0.1527777777777778 0.072265625 0.1423611111111111 0.0703125 0.1423611111111111 0.068359375 0.13541666666666666 0.060546875 0.1284722222222222 0.048828125 0.1284722222222222 0.046875 0.13194444444444445 0.03515625 0.13194444444444445 0.033203125 0.1284722222222222 0.03125 0.13194444444444445 0.0234375 0.13194444444444445 0.021484375 0.1284722222222222 0.02734375 0.12152777777777778 0.033203125 0.12152777777777778 0.03515625 0.11805555555555555 0.0625 0.10416666666666667 0.068359375 0.09027777777777778 0.07421875 0.09027777777777778
2 0.037109375 0.14583333333333334 0.041015625 0.1527777777777778 0.044921875 0.1527777777777778 0.0546875 0.16319444444444445 0.05859375 0.17708333333333334 0.05859375 0.1840277777777778 0.056640625 0.1875 0.05859375 0.1909722222222222 0.05859375 0.2048611111111111 0.060546875 0.20833333333333334 0.060546875 0.22569444444444445 0.052734375 0.24305555555555555 0.0546875 0.2465277777777778 0.0546875 0.2534722222222222 0.05859375 0.2604166666666667 0.05859375 0.2673611111111111 0.056640625 0.2743055555555556 0.05078125 0.28125 0.044921875 0.28125 0.033203125 0.2708333333333333 0.03125 0.2569444444444444 0.021484375 0.23958333333333334 0.0234375 0.2152777777777778 0.017578125 0.2048611111111111 0.017578125 0.19791666666666666 0.015625 0.19444444444444445 0.015625 0.17708333333333334 0.017578125 0.1736111111111111 0.017578125 0.16666666666666666 0.02734375 0.1597222222222222 0.03125 0.1423611111111111 0.03515625 0.14583333333333334
2 0.716796875 0.020833333333333332 0.716796875 0.06944444444444445 0.7109375 0.0798611111111111 0.7109375 0.09375 0.716796875 0.11458333333333333 0.71875 0.1527777777777778 0.724609375 0.1701388888888889 0.716796875 0.1701388888888889 0.716796875 0.16319444444444445 0.7109375 0.1423611111111111 0.7109375 0.13194444444444445 0.703125 0.11458333333333333 0.69921875 0.1111111111111111 0.689453125 0.1284722222222222 0.685546875 0.1284722222222222 0.671875 0.1111111111111111 0.671875 0.10416666666666667 0.67578125 0.10416666666666667 0.6796875 0.1111111111111111 0.68359375 0.1111111111111111 0.685546875 0.1076388888888889 0.685546875 0.08333333333333333 0.69140625 0.05555555555555555 0.6953125 0.04513888888888889 0.71484375 0.020833333333333332
2 0.732421875 0.013888888888888888 0.736328125 0.020833333333333332 0.748046875 0.06944444444444445 0.748046875 0.09375 0.74609375 0.09027777777777778 0.744140625 0.07291666666666667 0.740234375 0.06597222222222222 0.736328125 0.07291666666666667 0.736328125 0.0798611111111111 0.734375 0.08333333333333333 0.734375 0.10416666666666667 0.732421875 0.1076388888888889 0.732421875 0.1527777777777778 0.736328125 0.16319444444444445 0.734375 0.16666666666666666 0.732421875 0.16666666666666666 0.7265625 0.1527777777777778 0.724609375 0.125 0.72265625 0.12152777777777778 0.720703125 0.09722222222222222 0.71875 0.09375 0.71875 0.04861111111111111 0.7265625 0.024305555555555556 0.7265625 0.017361111111111112 0.73046875 0.013888888888888888
2 0.646484375 0.6319444444444444 0.646484375 0.6215277777777778 0.65234375 0.6111111111111112 0.658203125 0.5868055555555556 0.654296875 0.5798611111111112 0.6484375 0.5798611111111112 0.642578125 0.5902777777777778 0.642578125 0.5972222222222222 0.640625 0.6006944444444444 0.640625 0.6215277777777778 0.642578125 0.6284722222222222 0.638671875 0.6354166666666666 0.634765625 0.6354166666666666 0.6328125 0.6319444444444444 0.630859375 0.5833333333333334 0.638671875 0.5555555555555556 0.642578125 0.5486111111111112 0.642578125 0.5347222222222222 0.634765625 0.5277777777777778 0.625 0.5104166666666666 0.625 0.5 0.626953125 0.4965277777777778 0.6328125 0.5034722222222222 0.63671875 0.5 0.640625 0.4826388888888889 0.650390625 0.46875 0.65234375 0.46875 0.66796875 0.4965277777777778 0.666015625 0.5208333333333334 0.66796875 0.5243055555555556 0.66796875 0.5451388888888888 0.669921875 0.5486111111111112 0.669921875 0.5798611111111112 0.66796875 0.5833333333333334 0.66796875 0.59375 0.662109375 0.6076388888888888 0.658203125 0.625 0.654296875 0.6319444444444444 0.6484375 0.6319444444444444
2 0.58203125 0.3194444444444444 0.58203125 0.3229166666666667 0.5859375 0.3263888888888889 0.59375 0.34375 0.607421875 0.3541666666666667 0.61328125 0.3645833333333333 0.61328125 0.3680555555555556 0.607421875 0.3680555555555556 0.603515625 0.3576388888888889 0.595703125 0.3506944444444444 0.591796875 0.3506944444444444 0.58984375 0.3541666666666667 0.583984375 0.3715277777777778 0.583984375 0.4166666666666667 0.580078125 0.4270833333333333 0.578125 0.4444444444444444 0.572265625 0.4583333333333333 0.568359375 0.4756944444444444 0.5625 0.4756944444444444 0.560546875 0.4722222222222222 0.560546875 0.4618055555555556 0.568359375 0.4444444444444444 0.568359375 0.4375 0.5703125 0.4340277777777778 0.5703125 0.4131944444444444 0.564453125 0.40625 0.55859375 0.4166666666666667 0.55859375 0.4201388888888889 0.552734375 0.4270833333333333 0.54296875 0.4305555555555556 0.54296875 0.4236111111111111 0.55078125 0.4131944444444444 0.552734375 0.40625 0.552734375 0.3958333333333333 0.560546875 0.3819444444444444 0.560546875 0.375 0.5625 0.3715277777777778 0.5625 0.3472222222222222 0.5703125 0.3333333333333333 0.57421875 0.3194444444444444 0.580078125 0.3194444444444444
2 0.59375 0.6736111111111112 0.595703125 0.6770833333333334 0.595703125 0.7118055555555556 0.59765625 0.7152777777777778 0.59765625 0.7291666666666666 0.595703125 0.7326388888888888 0.59765625 0.7395833333333334 0.59765625 0.7638888888888888 0.591796875 0.7569444444444444 0.591796875 0.7465277777777778 0.58984375 0.7430555555555556 0.587890625 0.7430555555555556 0.580078125 0.7569444444444444 0.580078125 0.7743055555555556 0.583984375 0.7881944444444444 0.583984375 0.8194444444444444 0.564453125 0.8506944444444444 0.55859375 0.8506944444444444 0.5546875 0.8472222222222222 0.5546875 0.84375 0.560546875 0.8402777777777778 0.56640625 0.8298611111111112 0.5703125 0.8159722222222222 0.5703125 0.8055555555555556 0.564453125 0.7986111111111112 0.556640625 0.8125 0.546875 0.84375 0.544921875 0.8402777777777778 0.544921875 0.8263888888888888 0.546875 0.8229166666666666 0.546875 0.8090277777777778 0.55078125 0.7986111111111112 0.55078125 0.78125 0.546875 0.7743055555555556 0.541015625 0.7708333333333334 0.541015625 0.7604166666666666 0.546875 0.7569444444444444 0.552734375 0.7465277777777778 0.5546875 0.7291666666666666 0.560546875 0.71875 0.560546875 0.7152777777777778 0.572265625 0.7013888888888888 0.5859375 0.6736111111111112 0.591796875 0.6736111111111112
2 0.59375 0.09375 0.59375 0.09027777777777778 0.6015625 0.0763888888888889 0.603515625 0.0625 0.609375 0.04861111111111111 0.615234375 0.04861111111111111 0.619140625 0.05555555555555555 0.623046875 0.07291666666666667 0.634765625 0.09375 0.634765625 0.10416666666666667 0.6328125 0.1111111111111111 0.6328125 0.10416666666666667 0.630859375 0.10069444444444445 0.626953125 0.10416666666666667 0.626953125 0.11805555555555555 0.62890625 0.12152777777777778 0.623046875 0.1388888888888889 0.623046875 0.14930555555555555 0.625 0.1527777777777778 0.625 0.1701388888888889 0.623046875 0.1736111111111111 0.62109375 0.1736111111111111 0.615234375 0.15625 0.609375 0.14930555555555555 0.60546875 0.13541666666666666 0.60546875 0.1076388888888889 0.607421875 0.10416666666666667 0.60546875 0.09375 0.603515625 0.09027777777777778 0.59765625 0.09027777777777778 0.595703125 0.09375
2 0.130859375 0.2465277777777778 0.142578125 0.2465277777777778 0.14453125 0.25 0.1484375 0.25 0.15625 0.23958333333333334 0.166015625 0.23958333333333334 0.17578125 0.2465277777777778 0.177734375 0.2569444444444444 0.181640625 0.2638888888888889 0.177734375 0.2743055555555556 0.177734375 0.2847222222222222 0.17578125 0.2916666666666667 0.173828125 0.2951388888888889 0.1640625 0.2986111111111111 0.158203125 0.3229166666666667 0.150390625 0.3263888888888889 0.1484375 0.3229166666666667 0.1484375 0.3159722222222222 0.150390625 0.3125 0.150390625 0.2951388888888889 0.146484375 0.2881944444444444 0.13671875 0.2847222222222222 0.126953125 0.2986111111111111 0.12109375 0.2951388888888889 0.12109375 0.2881944444444444 0.130859375 0.2673611111111111 0.130859375 0.25