0 0.8596354166666667 0.24398148148148147 0.022395833333333334 0.045370370370370366
0 0.576171875 0.17708333333333334 0.58203125 0.1840277777777778 0.58203125 0.21180555555555555 0.580078125 0.21180555555555555 0.57421875 0.2222222222222222 0.5703125 0.2222222222222222 0.564453125 0.21180555555555555 0.564453125 0.1875 0.568359375 0.18055555555555555 0.57421875 0.17708333333333334
0 0.23984375 0.18287037037037035 0.0234375 0.045370370370370366
0 0.3372395833333333 0.2486111111111111 0.024479166666666666 0.05092592592592592
0 0.83203125 0.5277777777777778 0.833984375 0.53125 0.833984375 0.5416666666666666 0.83203125 0.5451388888888888 0.814453125 0.5381944444444444 0.814453125 0.53125 0.81640625 0.5277777777777778 0.8203125 0.5277777777777778 0.822265625 0.5243055555555556 0.830078125 0.5277777777777778
0 0.365234375 0.3993055555555556 0.369140625 0.40625 0.369140625 0.4305555555555556 0.357421875 0.4513888888888889 0.3515625 0.4513888888888889 0.34375 0.4375 0.34375 0.4305555555555556 0.341796875 0.4270833333333333 0.34375 0.4236111111111111 0.34375 0.4131944444444444 0.349609375 0.3993055555555556 0.36328125 0.3993055555555556
0 0.462890625 0.2881944444444444 0.46875 0.2986111111111111 0.47265625 0.3159722222222222 0.46875 0.3298611111111111 0.453125 0.3298611111111111 0.44921875 0.3229166666666667 0.44921875 0.3159722222222222 0.447265625 0.3125 0.44921875 0.2986111111111111 0.455078125 0.2881944444444444 0.4609375 0.2881944444444444
0 0.3828125 0.3784722222222222 0.392578125 0.3784722222222222 0.400390625 0.3888888888888889 0.404296875 0.4027777777777778 0.40234375 0.4097222222222222 0.40234375 0.4201388888888889 0.400390625 0.4236111111111111 0.396484375 0.4270833333333333 0.39453125 0.4236111111111111 0.388671875 0.4236111111111111 0.380859375 0.4097222222222222 0.380859375 0.4027777777777778 0.37890625 0.3993055555555556 0.37890625 0.3888888888888889 0.3828125 0.3819444444444444
0 0.330078125 0.2916666666666667 0.333984375 0.3055555555555556 0.333984375 0.3229166666666667 0.330078125 0.3333333333333333 0.322265625 0.3333333333333333 0.3125 0.3090277777777778 0.3125 0.2986111111111111 0.31640625 0.2881944444444444 0.326171875 0.2881944444444444 0.328125 0.2916666666666667
0 0.560546875 0.2708333333333333 0.560546875 0.24305555555555555 0.568359375 0.2326388888888889 0.57421875 0.2326388888888889 0.578125 0.23958333333333334 0.580078125 0.2465277777777778 0.580078125 0.2569444444444444 0.572265625 0.2743055555555556 0.56640625 0.2743055555555556 0.5625 0.2708333333333333
0 0.38671875 0.1597222222222222 0.392578125 0.1701388888888889 0.392578125 0.1909722222222222 0.388671875 0.2013888888888889 0.380859375 0.2013888888888889 0.373046875 0.1909722222222222 0.373046875 0.1701388888888889 0.37890625 0.1597222222222222 0.384765625 0.1597222222222222
0 0.591796875 0.4652777777777778 0.599609375 0.4756944444444444 0.599609375 0.4930555555555556 0.583984375 0.5069444444444444 0.580078125 0.5069444444444444 0.576171875 0.5 0.576171875 0.4895833333333333 0.57421875 0.4826388888888889 0.578125 0.46875 0.58984375 0.4652777777777778
0 0.595703125 0.5833333333333334 0.599609375 0.5902777777777778 0.599609375 0.6145833333333334 0.6015625 0.6180555555555556 0.599609375 0.6215277777777778 0.5859375 0.6215277777777778 0.583984375 0.6180555555555556 0.5859375 0.59375 0.591796875 0.5833333333333334 0.59375 0.5833333333333334
0 0.41796875 0.4965277777777778 0.421875 0.5034722222222222 0.423828125 0.5173611111111112 0.427734375 0.5277777777777778 0.42578125 0.5347222222222222 0.404296875 0.53125 0.40234375 0.5277777777777778 0.404296875 0.5069444444444444 0.41015625 0.4965277777777778 0.416015625 0.4965277777777778
0 0.470703125 0.4027777777777778 0.474609375 0.4097222222222222 0.474609375 0.4166666666666667 0.4765625 0.4201388888888889 0.474609375 0.4375 0.470703125 0.4479166666666667 0.462890625 0.4479166666666667 0.455078125 0.4340277777777778 0.455078125 0.4131944444444444 0.462890625 0.4027777777777778 0.46875 0.4027777777777778
0 0.53125 0.12152777777777778 0.533203125 0.125 0.533203125 0.1388888888888889 0.53515625 0.1423611111111111 0.53515625 0.15625 0.533203125 0.1597222222222222 0.51953125 0.15625 0.513671875 0.1423611111111111 0.513671875 0.13194444444444445 0.517578125 0.11805555555555555 0.52734375 0.11805555555555555 0.529296875 0.12152777777777778
0 0.5890625 0.42407407407407405 0.026041666666666668 0.053703703703703705
0 0.33984375 0.3680555555555556 0.33984375 0.3576388888888889 0.34765625 0.3402777777777778 0.361328125 0.3402777777777778 0.365234375 0.3472222222222222 0.3671875 0.3576388888888889 0.35546875 0.3715277777777778 0.353515625 0.3784722222222222 0.349609375 0.3784722222222222 0.341796875 0.3680555555555556
1 0.849609375 0.2604166666666667 0.85546875 0.2673611111111111 0.859375 0.2673611111111111 0.869140625 0.2569444444444444 0.87890625 0.2569444444444444 0.884765625 0.2673611111111111 0.884765625 0.28125 0.87890625 0.2881944444444444 0.87890625 0.3159722222222222 0.876953125 0.3194444444444444 0.87890625 0.3229166666666667 0.87890625 0.3402777777777778 0.8671875 0.34375 0.865234375 0.3472222222222222 0.859375 0.3472222222222222 0.857421875 0.3506944444444444 0.849609375 0.3506944444444444 0.84375 0.3402777777777778 0.841796875 0.3402777777777778 0.841796875 0.2673611111111111 0.84765625 0.2604166666666667
1 0.556640625 0.24305555555555555 0.556640625 0.21875 0.55859375 0.2152777777777778 0.564453125 0.2152777777777778 0.568359375 0.2222222222222222 0.57421875 0.2222222222222222 0.58203125 0.21180555555555555 0.595703125 0.21180555555555555 0.599609375 0.21875 0.599609375 0.22916666666666666 0.595703125 0.2361111111111111 0.595703125 0.2534722222222222 0.599609375 0.2604166666666667 0.59765625 0.2673611111111111 0.58984375 0.2604166666666667 0.583984375 0.2604166666666667 0.58203125 0.2465277777777778 0.578125 0.2361111111111111 0.572265625 0.22916666666666666 0.5625 0.2361111111111111 0.560546875 0.24305555555555555 0.55859375 0.24305555555555555
1 0.390625 0.6041666666666666 0.390625 0.59375 0.392578125 0.5902777777777778 0.392578125 0.5694444444444444 0.388671875 0.5555555555555556 0.390625 0.5520833333333334 0.390625 0.5451388888888888 0.396484375 0.5347222222222222 0.427734375 0.5381944444444444 0.43359375 0.5555555555555556 0.43359375 0.5625 0.431640625 0.5659722222222222 0.431640625 0.5833333333333334 0.4296875 0.5833333333333334 0.421875 0.5972222222222222 0.421875 0.6180555555555556 0.412109375 0.6076388888888888 0.40625 0.6076388888888888 0.404296875 0.6041666666666666 0.392578125 0.6041666666666666
1 0.240234375 0.2013888888888889 0.2421875 0.2048611111111111 0.248046875 0.2048611111111111 0.251953125 0.2013888888888889 0.255859375 0.21180555555555555 0.25390625 0.2777777777777778 0.248046875 0.2777777777777778 0.240234375 0.2708333333333333 0.234375 0.2604166666666667 0.234375 0.23958333333333334 0.23046875 0.2222222222222222 0.2265625 0.22569444444444445 0.21875 0.22569444444444445 0.21875 0.2152777777777778 0.224609375 0.2048611111111111 0.234375 0.19791666666666666 0.23828125 0.2013888888888889
1 0.447265625 0.3194444444444444 0.455078125 0.3333333333333333 0.46484375 0.3333333333333333 0.466796875 0.3298611111111111 0.470703125 0.3298611111111111 0.470703125 0.3402777777777778 0.466796875 0.3506944444444444 0.466796875 0.3680555555555556 0.46484375 0.3715277777777778 0.46484375 0.3888888888888889 0.466796875 0.3958333333333333 0.46484375 0.3993055555555556 0.4609375 0.3993055555555556 0.455078125 0.4097222222222222 0.44921875 0.4097222222222222 0.447265625 0.40625 0.443359375 0.4097222222222222 0.435546875 0.4097222222222222 0.427734375 0.3784722222222222 0.4296875 0.3576388888888889 0.431640625 0.3541666666666667 0.431640625 0.3333333333333333 0.439453125 0.3194444444444444 0.4453125 0.3194444444444444
1 0.345703125 0.3368055555555556 0.34375 0.3263888888888889 0.3359375 0.3159722222222222 0.33203125 0.2916666666666667 0.326171875 0.2847222222222222 0.318359375 0.2847222222222222 0.314453125 0.2881944444444444 0.3125 0.2847222222222222 0.3125 0.2743055555555556 0.322265625 0.2604166666666667 0.328125 0.2604166666666667 0.3359375 0.2743055555555556 0.341796875 0.2743055555555556 0.34765625 0.2673611111111111 0.34765625 0.2569444444444444 0.349609375 0.2534722222222222 0.35546875 0.2604166666666667 0.357421875 0.2743055555555556 0.35546875 0.2777777777777778 0.35546875 0.3159722222222222 0.353515625 0.3194444444444444 0.353515625 0.3368055555555556 0.34765625 0.3368055555555556
1 0.80078125 0.5590277777777778 0.818359375 0.5868055555555556 0.81640625 0.59375 0.8125 0.59375 0.810546875 0.5972222222222222 0.796875 0.5972222222222222 0.79296875 0.6041666666666666 0.7890625 0.6041666666666666 0.7890625 0.5902777777777778 0.791015625 0.5902777777777778 0.796875 0.5763888888888888 0.79296875 0.5729166666666666 0.79296875 0.5659722222222222 0.798828125 0.5590277777777778
1 0.5546875 0.5208333333333334 0.564453125 0.5277777777777778 0.564453125 0.53125 0.57421875 0.5451388888888888 0.580078125 0.5451388888888888 0.58203125 0.5416666666666666 0.587890625 0.5625 0.591796875 0.5694444444444444 0.591796875 0.5798611111111112 0.583984375 0.5972222222222222 0.58203125 0.6180555555555556 0.55859375 0.6180555555555556 0.556640625 0.6145833333333334 0.552734375 0.6145833333333334 0.54296875 0.6006944444444444 0.54296875 0.59375 0.541015625 0.5902777777777778 0.52734375 0.5729166666666666 0.525390625 0.5659722222222222 0.525390625 0.5520833333333334 0.529296875 0.5347222222222222 0.5390625 0.5208333333333334 0.552734375 0.5208333333333334
1 0.404296875 0.4027777777777778 0.408203125 0.40625 0.41015625 0.4131944444444444 0.41015625 0.4305555555555556 0.40625 0.4340277777777778 0.40234375 0.4444444444444444 0.40234375 0.46875 0.39453125 0.4791666666666667 0.375 0.4791666666666667 0.37109375 0.4756944444444444 0.37109375 0.4027777777777778 0.376953125 0.3958333333333333 0.384765625 0.4201388888888889 0.390625 0.4270833333333333 0.3984375 0.4270833333333333 0.40234375 0.4201388888888889 0.404296875 0.40625
1 0.341796875 0.4340277777777778 0.3515625 0.4409722222222222 0.353515625 0.4479166666666667 0.353515625 0.4652777777777778 0.3515625 0.46875 0.34765625 0.4618055555555556 0.341796875 0.4618055555555556 0.337890625 0.46875 0.33203125 0.4965277777777778 0.33203125 0.5277777777777778 0.330078125 0.53125 0.31640625 0.53125 0.314453125 0.5277777777777778 0.310546875 0.5277777777777778 0.3125 0.5243055555555556 0.310546875 0.5208333333333334 0.3125 0.5243055555555556 0.31640625 0.5208333333333334 0.31640625 0.5138888888888888 0.3125 0.5069444444444444 0.3125 0.4930555555555556 0.31640625 0.4826388888888889 0.31640625 0.4756944444444444 0.3203125 0.4618055555555556 0.328125 0.4479166666666667 0.328125 0.4444444444444444 0.33984375 0.4340277777777778
1 0.615234375 0.9513888888888888 0.623046875 0.9583333333333334 0.62890625 0.9583333333333334 0.62890625 0.9895833333333334 0.626953125 0.9965277777777778 0.58984375 0.9965277777777778 0.58984375 0.9722222222222222 0.587890625 0.96875 0.587890625 0.9548611111111112 0.5859375 0.9479166666666666 0.587890625 0.9444444444444444 0.60546875 0.9444444444444444 0.61328125 0.9513888888888888
1 0.31640625 0.3229166666666667 0.32421875 0.3368055555555556 0.330078125 0.3333333333333333 0.333984375 0.3263888888888889 0.33984375 0.3263888888888889 0.341796875 0.3298611111111111 0.341796875 0.34375 0.3359375 0.3611111111111111 0.3359375 0.3715277777777778 0.333984375 0.375 0.333984375 0.4131944444444444 0.328125 0.4201388888888889 0.3125 0.4131944444444444 0.3046875 0.40625 0.302734375 0.3993055555555556 0.30859375 0.3923611111111111 0.302734375 0.3819444444444444 0.3046875 0.3541666666666667 0.296875 0.3472222222222222 0.294921875 0.3402777777777778 0.296875 0.3333333333333333 0.30078125 0.3298611111111111 0.306640625 0.3298611111111111 0.314453125 0.3229166666666667
1 0.580078125 0.2638888888888889 0.58984375 0.2638888888888889 0.59375 0.2673611111111111 0.59765625 0.2777777777777778 0.595703125 0.2847222222222222 0.59765625 0.2916666666666667 0.591796875 0.3055555555555556 0.591796875 0.3576388888888889 0.58984375 0.3645833333333333 0.5859375 0.3680555555555556 0.578125 0.3680555555555556 0.576171875 0.3715277777777778 0.560546875 0.3680555555555556 0.560546875 0.3576388888888889 0.55859375 0.3541666666666667 0.55859375 0.3125 0.55078125 0.2986111111111111 0.55078125 0.28125 0.556640625 0.2708333333333333 0.560546875 0.2743055555555556 0.56640625 0.2743055555555556 0.568359375 0.2777777777777778 0.5703125 0.2743055555555556 0.576171875 0.2743055555555556 0.580078125 0.2673611111111111
1 0.39453125 0.1909722222222222 0.400390625 0.19791666666666666 0.400390625 0.24305555555555555 0.3984375 0.2465277777777778 0.396484375 0.2708333333333333 0.39453125 0.2708333333333333 0.388671875 0.28125 0.388671875 0.2847222222222222 0.375 0.2847222222222222 0.373046875 0.28125 0.369140625 0.28125 0.369140625 0.2777777777777778 0.376953125 0.28125 0.380859375 0.2743055555555556 0.37109375 0.2604166666666667 0.373046875 0.22916666666666666 0.37109375 0.22569444444444445 0.36328125 0.22569444444444445 0.361328125 0.2222222222222222 0.36328125 0.21875 0.36328125 0.20833333333333334 0.3671875 0.2013888888888889 0.373046875 0.2013888888888889 0.376953125 0.19791666666666666 0.3828125 0.2048611111111111 0.38671875 0.2048611111111111 0.392578125 0.19444444444444445
1 0.4765625 0.4097222222222222 0.484375 0.4097222222222222 0.4921875 0.4166666666666667 0.498046875 0.4270833333333333 0.498046875 0.4340277777777778 0.5 0.4375 0.494140625 0.4479166666666667 0.494140625 0.4618055555555556 0.5 0.4756944444444444 0.498046875 0.4826388888888889 0.486328125 0.4826388888888889 0.484375 0.4791666666666667 0.478515625 0.4791666666666667 0.474609375 0.4756944444444444 0.47265625 0.4444444444444444 0.4765625 0.4340277777777778 0.4765625 0.4131944444444444
1 0.525390625 0.1597222222222222 0.52734375 0.16319444444444445 0.53125 0.16319444444444445 0.533203125 0.1597222222222222 0.5390625 0.16666666666666666 0.537109375 0.1736111111111111 0.537109375 0.1840277777777778 0.5390625 0.1875 0.5390625 0.19791666666666666 0.541015625 0.2048611111111111 0.5390625 0.20833333333333334 0.517578125 0.20833333333333334 0.515625 0.2048611111111111 0.51171875 0.21180555555555555 0.51171875 0.21875 0.521484375 0.22569444444444445 0.529296875 0.22569444444444445 0.53125 0.2326388888888889 0.5078125 0.2326388888888889 0.501953125 0.2222222222222222 0.494140625 0.2152777777777778 0.494140625 0.2048611111111111 0.49609375 0.2013888888888889 0.49609375 0.1909722222222222 0.5 0.17708333333333334 0.5 0.16319444444444445 0.501953125 0.15625 0.5078125 0.14930555555555555 0.513671875 0.14930555555555555 0.51953125 0.1597222222222222 0.5234375 0.1597222222222222
1 0.611328125 0.4166666666666667 0.619140625 0.4305555555555556 0.62109375 0.4375 0.62109375 0.4479166666666667 0.615234375 0.4583333333333333 0.615234375 0.4722222222222222 0.6171875 0.4791666666666667 0.611328125 0.5034722222222222 0.607421875 0.5104166666666666 0.603515625 0.5104166666666666 0.599609375 0.5034722222222222 0.6015625 0.4826388888888889 0.59375 0.4652777777777778 0.5859375 0.4618055555555556 0.583984375 0.4652777777777778 0.580078125 0.4652777777777778 0.57421875 0.4756944444444444 0.5703125 0.46875 0.5703125 0.4583333333333333 0.568359375 0.4513888888888889 0.5703125 0.4479166666666667 0.5703125 0.4409722222222222 0.576171875 0.4340277777777778 0.578125 0.4340277777777778 0.578125 0.4375 0.583984375 0.4479166666666667 0.591796875 0.4513888888888889 0.599609375 0.4375 0.599609375 0.4270833333333333 0.6015625 0.4201388888888889 0.603515625 0.4166666666666667 0.609375 0.4166666666666667
2 0.431640625 0.5451388888888888 0.435546875 0.5451388888888888 0.4453125 0.5555555555555556 0.44921875 0.5694444444444444 0.44921875 0.5763888888888888 0.45703125 0.59375 0.45703125 0.6006944444444444 0.458984375 0.6041666666666666 0.46484375 0.6041666666666666 0.46875 0.5972222222222222 0.46875 0.5868055555555556 0.47265625 0.5798611111111112 0.478515625 0.5833333333333334 0.484375 0.59375 0.486328125 0.59375 0.490234375 0.6041666666666666 0.490234375 0.6111111111111112 0.48828125 0.6145833333333334 0.4765625 0.6041666666666666 0.47265625 0.6111111111111112 0.470703125 0.6215277777777778 0.46484375 0.6319444444444444 0.4609375 0.6319444444444444 0.458984375 0.6354166666666666 0.44921875 0.6354166666666666 0.44140625 0.6284722222222222 0.439453125 0.6319444444444444 0.439453125 0.6493055555555556 0.44140625 0.6527777777777778 0.439453125 0.6597222222222222 0.43359375 0.6458333333333334 0.4296875 0.6319444444444444 0.4296875 0.625 0.42578125 0.6180555555555556 0.427734375 0.5972222222222222 0.431640625 0.5972222222222222 0.435546875 0.5902777777777778 0.435546875 0.5729166666666666 0.43359375 0.5694444444444444 0.435546875 0.5555555555555556 0.43359375 0.5486111111111112
2 0.4080729166666667 0.6268518518518519 0.05572916666666666 0.26481481481481484
2 0.259765625 0.2847222222222222 0.26171875 0.2881944444444444 0.2578125 0.3020833333333333 0.259765625 0.3055555555555556 0.259765625 0.3506944444444444 0.2578125 0.3541666666666667 0.2578125 0.3645833333333333 0.25390625 0.3819444444444444 0.25390625 0.3958333333333333 0.251953125 0.3993055555555556 0.25390625 0.4131944444444444 0.259765625 0.4236111111111111 0.26171875 0.4236111111111111 0.26171875 0.4270833333333333 0.2578125 0.4305555555555556 0.23828125 0.4305555555555556 0.23828125 0.4201388888888889 0.2421875 0.4097222222222222 0.244140625 0.3888888888888889 0.24609375 0.3854166666666667 0.24609375 0.3680555555555556 0.244140625 0.3645833333333333 0.240234375 0.3645833333333333 0.23046875 0.3784722222222222 0.224609375 0.3819444444444444 0.220703125 0.3923611111111111 0.216796875 0.3958333333333333 0.212890625 0.4201388888888889 0.208984375 0.4201388888888889 0.205078125 0.4027777777777778 0.205078125 0.3854166666666667 0.21484375 0.3784722222222222 0.23046875 0.3506944444444444 0.23046875 0.3333333333333333 0.2265625 0.3229166666666667 0.2265625 0.3159722222222222 0.216796875 0.3020833333333333 0.216796875 0.2881944444444444 0.22265625 0.28125 0.22265625 0.25 0.21875 0.2361111111111111 0.21875 0.2152777777777778 0.23046875 0.19791666666666666 0.23046875 0.1701388888888889 0.234375 0.16319444444444445 0.244140625 0.16319444444444445 0.24609375 0.16666666666666666 0.25 0.18055555555555555 0.25 0.1909722222222222 0.255859375 0.20833333333333334 0.255859375 0.2361111111111111 0.26953125 0.2604166666666667 0.267578125 0.2673611111111111 0.263671875 0.2673611111111111 0.259765625 0.2604166666666667 0.25390625 0.2673611111111111 0.25390625 0.2777777777777778 0.2578125 0.2847222222222222
2 0.595703125 0.3993055555555556 0.603515625 0.4166666666666667 0.611328125 0.4166666666666667 0.623046875 0.4375 0.630859375 0.4444444444444444 0.634765625 0.4583333333333333 0.634765625 0.46875 0.640625 0.4791666666666667 0.640625 0.5034722222222222 0.64453125 0.5138888888888888 0.64453125 0.5208333333333334 0.654296875 0.5555555555555556 0.66015625 0.5659722222222222 0.658203125 0.5729166666666666 0.6484375 0.5729166666666666 0.64453125 0.5590277777777778 0.64453125 0.5520833333333334 0.630859375 0.5173611111111112 0.623046875 0.5173611111111112 0.61328125 0.5243055555555556 0.60546875 0.5173611111111112 0.599609375 0.5034722222222222 0.599609375 0.4826388888888889 0.591796875 0.4652777777777778 0.58203125 0.4652777777777778 0.576171875 0.4756944444444444 0.57421875 0.4756944444444444 0.5703125 0.4652777777777778 0.5703125 0.4548611111111111 0.568359375 0.4513888888888889 0.5703125 0.4479166666666667 0.5703125 0.4409722222222222 0.57421875 0.4375 0.578125 0.4236111111111111 0.578125 0.4131944444444444 0.583984375 0.4027777777777778 0.587890625 0.3993055555555556 0.59375 0.3993055555555556
2 0.46484375 0.2916666666666667 0.470703125 0.3055555555555556 0.470703125 0.3125 0.47265625 0.3159722222222222 0.47265625 0.3298611111111111 0.470703125 0.3368055555555556 0.474609375 0.3541666666666667 0.478515625 0.3611111111111111 0.48046875 0.3819444444444444 0.484375 0.3958333333333333 0.484375 0.40625 0.48046875 0.4027777777777778 0.478515625 0.3993055555555556 0.478515625 0.3888888888888889 0.47265625 0.3784722222222222 0.47265625 0.375 0.470703125 0.3715277777777778 0.466796875 0.3715277777777778 0.46484375 0.375 0.466796875 0.3993055555555556 0.462890625 0.3993055555555556 0.453125 0.4166666666666667 0.453125 0.4340277777777778 0.462890625 0.4548611111111111 0.462890625 0.4618055555555556 0.46484375 0.4652777777777778 0.462890625 0.5347222222222222 0.470703125 0.5486111111111112 0.47265625 0.5590277777777778 0.462890625 0.5590277777777778 0.458984375 0.5451388888888888 0.458984375 0.5277777777777778 0.451171875 0.5 0.451171875 0.4722222222222222 0.44921875 0.46875 0.44921875 0.4618055555555556 0.4453125 0.4548611111111111 0.439453125 0.4201388888888889 0.427734375 0.3854166666666667 0.427734375 0.3645833333333333 0.431640625 0.3506944444444444 0.431640625 0.3333333333333333 0.447265625 0.3090277777777778 0.44921875 0.2986111111111111 0.455078125 0.2881944444444444 0.4609375 0.2881944444444444 0.462890625 0.2916666666666667
2 0.32421875 0.2847222222222222 0.330078125 0.2916666666666667 0.3359375 0.3194444444444444 0.341796875 0.3263888888888889 0.341796875 0.34375 0.337890625 0.3541666666666667 0.3359375 0.375 0.333984375 0.3784722222222222 0.333984375 0.4305555555555556 0.33203125 0.4375 0.330078125 0.4375 0.32421875 0.4479166666666667 0.32421875 0.4513888888888889 0.318359375 0.4583333333333333 0.314453125 0.4722222222222222 0.314453125 0.4826388888888889 0.306640625 0.5104166666666666 0.306640625 0.5451388888888888 0.3046875 0.5486111111111112 0.3046875 0.5694444444444444 0.302734375 0.5729166666666666 0.298828125 0.5729166666666666 0.296875 0.5694444444444444 0.296875 0.5590277777777778 0.298828125 0.5555555555555556 0.298828125 0.5104166666666666 0.302734375 0.4930555555555556 0.302734375 0.4027777777777778 0.298828125 0.3958333333333333 0.29296875 0.3923611111111111 0.291015625 0.3854166666666667 0.291015625 0.3715277777777778 0.294921875 0.3576388888888889 0.294921875 0.3402777777777778 0.296875 0.3333333333333333 0.30078125 0.3263888888888889 0.306640625 0.3263888888888889 0.310546875 0.3194444444444444 0.3125 0.3125 0.3125 0.2951388888888889 0.31640625 0.2881944444444444 0.322265625 0.2847222222222222
2 0.830078125 0.5277777777777778 0.833984375 0.5347222222222222 0.833984375 0.5451388888888888 0.83203125 0.5486111111111112 0.83203125 0.5590277777777778 0.828125 0.5694444444444444 0.826171875 0.5868055555555556 0.822265625 0.59375 0.818359375 0.59375 0.8125 0.6006944444444444 0.80859375 0.5972222222222222 0.796875 0.5972222222222222 0.787109375 0.6111111111111112 0.783203125 0.625 0.775390625 0.625 0.7734375 0.6284722222222222 0.767578125 0.6284722222222222 0.759765625 0.6145833333333334 0.7578125 0.6145833333333334 0.748046875 0.5902777777777778 0.7109375 0.5902777777777778 0.703125 0.5833333333333334 0.703125 0.5729166666666666 0.701171875 0.5694444444444444 0.703125 0.5659722222222222 0.71484375 0.5659722222222222 0.716796875 0.5625 0.720703125 0.5625 0.7265625 0.5520833333333334 0.7421875 0.5381944444444444 0.748046875 0.5381944444444444 0.75 0.5347222222222222 0.755859375 0.5347222222222222 0.76171875 0.5486111111111112 0.767578125 0.5486111111111112 0.76953125 0.5520833333333334 0.78125 0.5520833333333334 0.783203125 0.5486111111111112 0.787109375 0.5486111111111112 0.794921875 0.53125 0.802734375 0.5381944444444444 0.810546875 0.5381944444444444 0.818359375 0.5277777777777778 0.828125 0.5277777777777778
2 0.361328125 0.3402777777777778 0.365234375 0.34375 0.3671875 0.3541666666666667 0.373046875 0.3645833333333333 0.373046875 0.3715277777777778 0.376953125 0.3854166666666667 0.375 0.3923611111111111 0.369140625 0.3993055555555556 0.3671875 0.3958333333333333 0.349609375 0.3958333333333333 0.341796875 0.40625 0.341796875 0.4166666666666667 0.33984375 0.4166666666666667 0.337890625 0.4097222222222222 0.337890625 0.4027777777777778 0.33984375 0.3993055555555556 0.33984375 0.3819444444444444 0.341796875 0.3784722222222222 0.33984375 0.3715277777777778 0.33984375 0.3576388888888889 0.345703125 0.3402777777777778 0.359375 0.3402777777777778
2 0.341796875 0.22569444444444445 0.345703125 0.2326388888888889 0.34765625 0.2465277777777778 0.35546875 0.2604166666666667 0.359375 0.2777777777777778 0.359375 0.2916666666666667 0.353515625 0.3194444444444444 0.353515625 0.3298611111111111 0.35546875 0.3333333333333333 0.353515625 0.3368055555555556 0.345703125 0.3368055555555556 0.34375 0.3263888888888889 0.3359375 0.3159722222222222 0.333984375 0.3090277777777778 0.333984375 0.2986111111111111 0.328125 0.2847222222222222 0.31640625 0.2847222222222222 0.3125 0.2881944444444444 0.310546875 0.2916666666666667 0.30859375 0.3159722222222222 0.3046875 0.3229166666666667 0.30078125 0.3194444444444444 0.3125 0.2881944444444444 0.3125 0.2743055555555556 0.326171875 0.2534722222222222 0.326171875 0.23958333333333334 0.328125 0.2326388888888889 0.333984375 0.22569444444444445 0.33984375 0.22569444444444445
2 0.5546875 0.5208333333333334 0.564453125 0.5277777777777778 0.57421875 0.5416666666666666 0.576171875 0.5381944444444444 0.58203125 0.5381944444444444 0.5859375 0.5451388888888888 0.595703125 0.5798611111111112 0.599609375 0.5868055555555556 0.599609375 0.5972222222222222 0.6015625 0.6006944444444444 0.599609375 0.6076388888888888 0.6015625 0.6111111111111112 0.6015625 0.6180555555555556 0.599609375 0.6215277777777778 0.583984375 0.6215277777777778 0.58203125 0.6180555555555556 0.580078125 0.6215277777777778 0.5703125 0.6215277777777778 0.568359375 0.6180555555555556 0.556640625 0.6180555555555556 0.5546875 0.6145833333333334 0.55078125 0.6145833333333334 0.54296875 0.6041666666666666 0.541015625 0.59375 0.53125 0.5763888888888888 0.525390625 0.5729166666666666 0.525390625 0.5451388888888888 0.52734375 0.5381944444444444 0.5390625 0.5208333333333334 0.54296875 0.5208333333333334 0.544921875 0.5173611111111112 0.552734375 0.5208333333333334
2 0.390625 0.3784722222222222 0.400390625 0.3923611111111111 0.41015625 0.4166666666666667 0.412109375 0.4895833333333333 0.404296875 0.5 0.400390625 0.5173611111111112 0.400390625 0.5277777777777778 0.396484375 0.53125 0.390625 0.5173611111111112 0.38671875 0.5243055555555556 0.384765625 0.53125 0.384765625 0.5555555555555556 0.380859375 0.5625 0.380859375 0.5868055555555556 0.37890625 0.5902777777777778 0.37890625 0.6076388888888888 0.376953125 0.6111111111111112 0.37109375 0.6111111111111112 0.37109375 0.59375 0.373046875 0.5902777777777778 0.373046875 0.5520833333333334 0.3671875 0.53125 0.3671875 0.4861111111111111 0.37109375 0.46875 0.37109375 0.4583333333333333 0.369140625 0.4513888888888889 0.37109375 0.4479166666666667 0.37109375 0.4097222222222222 0.373046875 0.40625 0.373046875 0.3993055555555556 0.3828125 0.3784722222222222 0.388671875 0.3784722222222222
2 0.3671875 0.4027777777777778 0.369140625 0.4097222222222222 0.369140625 0.4270833333333333 0.36328125 0.4479166666666667 0.361328125 0.4479166666666667 0.353515625 0.4618055555555556 0.353515625 0.4722222222222222 0.349609375 0.4791666666666667 0.349609375 0.5 0.353515625 0.5069444444444444 0.35546875 0.5173611111111112 0.361328125 0.5277777777777778 0.365234375 0.5416666666666666 0.365234375 0.5486111111111112 0.359375 0.5486111111111112 0.3515625 0.5347222222222222 0.34765625 0.5347222222222222 0.345703125 0.5381944444444444 0.34765625 0.5729166666666666 0.345703125 0.5763888888888888 0.345703125 0.59375 0.341796875 0.6041666666666666 0.341796875 0.6180555555555556 0.337890625 0.6319444444444444 0.337890625 0.6458333333333334 0.34375 0.65625 0.3515625 0.6631944444444444 0.34765625 0.6666666666666666 0.337890625 0.6666666666666666 0.3359375 0.6701388888888888 0.328125 0.6701388888888888 0.326171875 0.6631944444444444 0.330078125 0.6458333333333334 0.330078125 0.6319444444444444 0.322265625 0.6041666666666666 0.32421875 0.6006944444444444 0.32421875 0.5763888888888888 0.318359375 0.5659722222222222 0.314453125 0.5486111111111112 0.310546875 0.5416666666666666 0.310546875 0.5347222222222222 0.30859375 0.53125 0.30859375 0.5104166666666666 0.314453125 0.4930555555555556 0.314453125 0.4861111111111111 0.318359375 0.4756944444444444 0.3203125 0.4618055555555556 0.328125 0.4479166666666667 0.328125 0.4444444444444444 0.330078125 0.4444444444444444 0.341796875 0.4236111111111111 0.34375 0.4097222222222222 0.349609375 0.3993055555555556 0.36328125 0.3993055555555556 0.365234375 0.4027777777777778
2 0.572265625 0.2326388888888889 0.580078125 0.24305555555555555 0.580078125 0.25 0.5859375 0.2638888888888889 0.595703125 0.2673611111111111 0.59765625 0.2743055555555556 0.59765625 0.2916666666666667 0.603515625 0.2986111111111111 0.607421875 0.3159722222222222 0.60546875 0.3229166666666667 0.60546875 0.34375 0.59765625 0.3541666666666667 0.599609375 0.3576388888888889 0.599609375 0.3715277777777778 0.603515625 0.3888888888888889 0.6015625 0.3958333333333333 0.59765625 0.3993055555555556 0.59375 0.3958333333333333 0.587890625 0.3958333333333333 0.583984375 0.3993055555555556 0.580078125 0.40625 0.578125 0.4201388888888889 0.576171875 0.4201388888888889 0.57421875 0.4097222222222222 0.5703125 0.4027777777777778 0.56640625 0.3819444444444444 0.560546875 0.3715277777777778 0.560546875 0.3576388888888889 0.55859375 0.3541666666666667 0.55859375 0.3229166666666667 0.556640625 0.3194444444444444 0.5546875 0.3194444444444444 0.544921875 0.3402777777777778 0.541015625 0.34375 0.533203125 0.34375 0.537109375 0.3229166666666667 0.54296875 0.3159722222222222 0.548828125 0.3020833333333333 0.552734375 0.2743055555555556 0.55859375 0.2673611111111111 0.55859375 0.25 0.560546875 0.24305555555555555 0.564453125 0.2361111111111111 0.5703125 0.2326388888888889
2 0.38671875 0.1597222222222222 0.392578125 0.1736111111111111 0.392578125 0.1840277777777778 0.400390625 0.19791666666666666 0.400390625 0.22916666666666666 0.404296875 0.24305555555555555 0.404296875 0.2534722222222222 0.40625 0.2569444444444444 0.408203125 0.2743055555555556 0.416015625 0.2951388888888889 0.416015625 0.3090277777777778 0.412109375 0.3090277777777778 0.404296875 0.2881944444444444 0.400390625 0.2951388888888889 0.40234375 0.3159722222222222 0.404296875 0.3194444444444444 0.404296875 0.34375 0.40625 0.3472222222222222 0.40625 0.3576388888888889 0.408203125 0.3611111111111111 0.408203125 0.3715277777777778 0.412109375 0.3888888888888889 0.412109375 0.40625 0.41015625 0.40625 0.40234375 0.3923611111111111 0.3984375 0.3784722222222222 0.396484375 0.3576388888888889 0.390625 0.3472222222222222 0.380859375 0.375 0.376953125 0.3784722222222222 0.375 0.3576388888888889 0.37109375 0.3472222222222222 0.37109375 0.3402777777777778 0.3671875 0.3263888888888889 0.3671875 0.3125 0.365234375 0.3090277777777778 0.365234375 0.2777777777777778 0.359375 0.2604166666666667 0.359375 0.23958333333333334 0.361328125 0.2361111111111111 0.361328125 0.21875 0.36328125 0.2152777777777778 0.36328125 0.20833333333333334 0.373046875 0.19444444444444445 0.373046875 0.1736111111111111 0.375 0.16666666666666666 0.37890625 0.1597222222222222 0.384765625 0.1597222222222222
2 0.8515625 0.22916666666666666 0.857421875 0.2222222222222222 0.86328125 0.2222222222222222 0.869140625 0.2361111111111111 0.869140625 0.25 0.873046875 0.2569444444444444 0.87890625 0.2569444444444444 0.884765625 0.2673611111111111 0.884765625 0.28125 0.888671875 0.2951388888888889 0.888671875 0.3125 0.880859375 0.3263888888888889 0.880859375 0.3611111111111111 0.890625 0.3923611111111111 0.890625 0.3993055555555556 0.88671875 0.4097222222222222 0.88671875 0.4722222222222222 0.884765625 0.4756944444444444 0.880859375 0.4756944444444444 0.880859375 0.4409722222222222 0.87890625 0.4375 0.87890625 0.4270833333333333 0.8671875 0.3854166666666667 0.86328125 0.3888888888888889 0.86328125 0.4236111111111111 0.865234375 0.4270833333333333 0.865234375 0.4444444444444444 0.861328125 0.4548611111111111 0.857421875 0.4548611111111111 0.859375 0.4305555555555556 0.8515625 0.4097222222222222 0.8515625 0.3958333333333333 0.849609375 0.3923611111111111 0.849609375 0.3645833333333333 0.84765625 0.3611111111111111 0.84765625 0.3541666666666667 0.845703125 0.3506944444444444 0.841796875 0.3576388888888889 0.841796875 0.3645833333333333 0.83984375 0.3680555555555556 0.841796875 0.2673611111111111 0.849609375 0.2534722222222222 0.849609375 0.2361111111111111 0.8515625 0.2326388888888889
2 0.470703125 0.4027777777777778 0.474609375 0.4097222222222222 0.484375 0.4097222222222222 0.4921875 0.4166666666666667 0.498046875 0.4270833333333333 0.5 0.4375 0.50390625 0.4444444444444444 0.50390625 0.4513888888888889 0.5078125 0.4652777777777778 0.509765625 0.53125 0.50390625 0.5347222222222222 0.5 0.5416666666666666 0.5 0.5520833333333334 0.50390625 0.5659722222222222 0.505859375 0.6284722222222222 0.49609375 0.6423611111111112 0.4921875 0.6423611111111112 0.490234375 0.6388888888888888 0.49609375 0.6180555555555556 0.49609375 0.5972222222222222 0.486328125 0.5625 0.46484375 0.5347222222222222 0.46484375 0.5034722222222222 0.46875 0.4895833333333333 0.46875 0.4583333333333333 0.45703125 0.4409722222222222 0.455078125 0.4340277777777778 0.455078125 0.4166666666666667 0.45703125 0.4097222222222222 0.462890625 0.4027777777777778 0.46875 0.4027777777777778
2 0.52734375 0.11805555555555555 0.533203125 0.125 0.533203125 0.1423611111111111 0.5390625 0.16666666666666666 0.537109375 0.1736111111111111 0.5390625 0.18055555555555555 0.5390625 0.19444444444444445 0.546875 0.21180555555555555 0.546875 0.2222222222222222 0.544921875 0.22569444444444445 0.54296875 0.22569444444444445 0.54296875 0.2222222222222222 0.537109375 0.21180555555555555 0.533203125 0.21875 0.533203125 0.2361111111111111 0.54296875 0.2708333333333333 0.54296875 0.3090277777777778 0.53515625 0.3159722222222222 0.529296875 0.2951388888888889 0.521484375 0.3159722222222222 0.517578125 0.3194444444444444 0.51171875 0.3194444444444444 0.509765625 0.3229166666666667 0.501953125 0.3229166666666667 0.494140625 0.34375 0.490234375 0.3402777777777778 0.4921875 0.3159722222222222 0.498046875 0.3090277777777778 0.509765625 0.3055555555555556 0.513671875 0.2986111111111111 0.513671875 0.2881944444444444 0.5078125 0.2604166666666667 0.505859375 0.2326388888888889 0.5 0.2222222222222222 0.494140625 0.21875 0.4921875 0.21180555555555555 0.5 0.17708333333333334 0.5 0.16319444444444445 0.501953125 0.15625 0.513671875 0.14583333333333334 0.515625 0.12152777777777778 0.51953125 0.11805555555555555 0.525390625 0.11805555555555555
2 0.595703125 0.46875 0.599609375 0.4791666666666667 0.599609375 0.5034722222222222 0.6015625 0.5104166666666666 0.61328125 0.5277777777777778 0.61328125 0.5347222222222222 0.615234375 0.5381944444444444 0.61328125 0.5416666666666666 0.61328125 0.5555555555555556 0.615234375 0.5590277777777778 0.62109375 0.5590277777777778 0.623046875 0.5555555555555556 0.623046875 0.5486111111111112 0.626953125 0.5486111111111112 0.623046875 0.5590277777777778 0.623046875 0.5659722222222222 0.615234375 0.5763888888888888 0.615234375 0.5833333333333334 0.609375 0.5972222222222222 0.6015625 0.59375 0.6015625 0.5902777777777778 0.595703125 0.5798611111111112 0.595703125 0.5729166666666666 0.591796875 0.5590277777777778 0.58203125 0.5381944444444444 0.578125 0.5347222222222222 0.57421875 0.5381944444444444 0.56640625 0.5243055555555556 0.57421875 0.5069444444444444 0.57421875 0.4756944444444444 0.5859375 0.4652777777777778 0.59375 0.46875
2 0.576171875 0.17708333333333334 0.58203125 0.1840277777777778 0.58203125 0.19791666666666666 0.583984375 0.2048611111111111 0.5859375 0.20833333333333334 0.591796875 0.20833333333333334 0.595703125 0.21180555555555555 0.599609375 0.21875 0.6015625 0.2326388888888889 0.615234375 0.2604166666666667 0.61328125 0.2743055555555556 0.603515625 0.2951388888888889 0.59765625 0.2881944444444444 0.599609375 0.2743055555555556 0.59375 0.2638888888888889 0.58984375 0.2604166666666667 0.583984375 0.2604166666666667 0.58203125 0.2465277777777778 0.578125 0.2361111111111111 0.572265625 0.22916666666666666 0.564453125 0.2326388888888889 0.55859375 0.24305555555555555 0.556640625 0.25 0.556640625 0.2604166666666667 0.5546875 0.2604166666666667 0.552734375 0.2534722222222222 0.556640625 0.24305555555555555 0.556640625 0.21875 0.5625 0.21180555555555555 0.5625 0.2048611111111111 0.564453125 0.2013888888888889 0.564453125 0.1875 0.568359375 0.18055555555555555 0.57421875 0.17708333333333334