0 0.9765625 0.04861111111111111 0.982421875 0.03819444444444445 0.98828125 0.03819444444444445 0.990234375 0.041666666666666664 0.990234375 0.052083333333333336 0.978515625 0.052083333333333336
0 0.623046875 0.23958333333333334 0.625 0.24305555555555555 0.625 0.2569444444444444 0.619140625 0.2638888888888889 0.611328125 0.2638888888888889 0.609375 0.2569444444444444 0.609375 0.2465277777777778 0.615234375 0.23958333333333334 0.62109375 0.23958333333333334
0 0.66796875 0.4131944444444444 0.671875 0.4097222222222222 0.677734375 0.4097222222222222 0.68359375 0.4201388888888889 0.681640625 0.4340277777777778 0.67578125 0.4444444444444444 0.6640625 0.4305555555555556 0.6640625 0.4236111111111111 0.66796875 0.4166666666666667
0 0.34375 0.4444444444444444 0.34765625 0.4479166666666667 0.34765625 0.4583333333333333 0.345703125 0.4618055555555556 0.345703125 0.46875 0.341796875 0.4756944444444444 0.3359375 0.4756944444444444 0.33203125 0.4722222222222222 0.33203125 0.4513888888888889 0.3359375 0.4444444444444444 0.341796875 0.4444444444444444
0 0.396484375 0.1701388888888889 0.396484375 0.14930555555555555 0.400390625 0.1423611111111111 0.40625 0.1423611111111111 0.41015625 0.14930555555555555 0.41015625 0.16666666666666666 0.404296875 0.1736111111111111 0.400390625 0.1736111111111111 0.3984375 0.1701388888888889
0 0.435546875 0.13541666666666666 0.439453125 0.13194444444444445 0.4453125 0.13194444444444445 0.44921875 0.1423611111111111 0.44921875 0.14930555555555555 0.439453125 0.16319444444444445 0.435546875 0.15625 0.435546875 0.14930555555555555 0.43359375 0.14583333333333334 0.435546875 0.1388888888888889
0 0.42578125 0.2222222222222222 0.431640625 0.20833333333333334 0.4375 0.20833333333333334 0.44140625 0.21875 0.44140625 0.22916666666666666 0.435546875 0.2326388888888889 0.427734375 0.22569444444444445
0 0.12109375 0.3784722222222222 0.125 0.3854166666666667 0.125 0.3993055555555556 0.1171875 0.4097222222222222 0.11328125 0.4097222222222222 0.109375 0.3993055555555556 0.109375 0.3819444444444444 0.115234375 0.375 0.119140625 0.3784722222222222
0 0.619140625 0.3402777777777778 0.626953125 0.3506944444444444 0.626953125 0.3680555555555556 0.62109375 0.375 0.61328125 0.3715277777777778 0.611328125 0.3506944444444444 0.6171875 0.34375
0 0.484375 0.2743055555555556 0.486328125 0.28125 0.486328125 0.2916666666666667 0.48046875 0.2986111111111111 0.474609375 0.2986111111111111 0.470703125 0.2847222222222222 0.47265625 0.2777777777777778 0.4765625 0.2743055555555556 0.482421875 0.2743055555555556
0 0.45703125 0.17708333333333334 0.458984375 0.18055555555555555 0.458984375 0.1875 0.451171875 0.19791666666666666 0.4453125 0.19791666666666666 0.443359375 0.1840277777777778 0.451171875 0.1736111111111111 0.455078125 0.17708333333333334
0 0.609375 0.3402777777777778 0.609375 0.3298611111111111 0.611328125 0.3263888888888889 0.62109375 0.3263888888888889 0.623046875 0.3298611111111111 0.623046875 0.3402777777777778 0.611328125 0.3402777777777778
0 0.421875 0.19444444444444445 0.42578125 0.2048611111111111 0.42578125 0.21180555555555555 0.421875 0.2222222222222222 0.412109375 0.2222222222222222 0.408203125 0.21875 0.408203125 0.20833333333333334 0.41015625 0.2013888888888889 0.4140625 0.19444444444444445 0.419921875 0.19444444444444445
0 0.44947916666666665 0.30648148148148147 0.016666666666666666 0.024074074074074074
0 0.015625 0 0.03125 0 0.033203125 0.003472222222222222 0.033203125 0.006944444444444444 0.029296875 0.010416666666666666 0.025390625 0.020833333333333332 0.017578125 0.017361111111111112 0.015625 0.003472222222222222
1 0.689453125 0.4270833333333333 0.693359375 0.4305555555555556 0.6953125 0.4375 0.693359375 0.4479166666666667 0.69921875 0.4548611111111111 0.703125 0.4652777777777778 0.703125 0.4722222222222222 0.69921875 0.4791666666666667 0.68359375 0.4791666666666667 0.666015625 0.4479166666666667 0.666015625 0.4409722222222222 0.67578125 0.4444444444444444 0.685546875 0.4270833333333333 0.6875 0.4270833333333333
1 0.443359375 0.1875 0.44140625 0.1840277777777778 0.44140625 0.16319444444444445 0.447265625 0.1527777777777778 0.453125 0.1527777777777778 0.458984375 0.16319444444444445 0.458984375 0.1701388888888889 0.462890625 0.18055555555555555 0.462890625 0.1840277777777778 0.4609375 0.1840277777777778 0.455078125 0.1736111111111111 0.44921875 0.1736111111111111 0.443359375 0.1840277777777778
1 0.41015625 0.1736111111111111 0.416015625 0.1840277777777778 0.416015625 0.1909722222222222 0.4140625 0.1909722222222222 0.408203125 0.2013888888888889 0.404296875 0.2152777777777778 0.400390625 0.2152777777777778 0.3984375 0.21180555555555555 0.396484375 0.17708333333333334 0.3984375 0.1736111111111111 0.408203125 0.1736111111111111
1 0.126953125 0.40625 0.126953125 0.4201388888888889 0.123046875 0.4270833333333333 0.12109375 0.4375 0.1171875 0.4409722222222222 0.111328125 0.4513888888888889 0.111328125 0.4548611111111111 0.095703125 0.4513888888888889 0.095703125 0.4409722222222222 0.09765625 0.4375 0.09765625 0.4097222222222222 0.10546875 0.3993055555555556 0.107421875 0.3993055555555556 0.11328125 0.4131944444444444 0.1171875 0.4131944444444444 0.125 0.40625
1 0.421875 0.2326388888888889 0.4375 0.2326388888888889 0.439453125 0.2361111111111111 0.44140625 0.2326388888888889 0.44921875 0.2326388888888889 0.453125 0.23958333333333334 0.453125 0.2465277777777778 0.447265625 0.2638888888888889 0.44921875 0.2847222222222222 0.427734375 0.2881944444444444 0.427734375 0.28125 0.423828125 0.2673611111111111 0.423828125 0.2569444444444444 0.421875 0.2534722222222222 0.421875 0.2361111111111111
1 0.62890625 0.2638888888888889 0.630859375 0.2673611111111111 0.630859375 0.2986111111111111 0.62890625 0.3020833333333333 0.62890625 0.3229166666666667 0.626953125 0.3263888888888889 0.609375 0.3229166666666667 0.607421875 0.3159722222222222 0.609375 0.3125 0.611328125 0.2916666666666667 0.60546875 0.28125 0.607421875 0.2743055555555556 0.61328125 0.2673611111111111 0.626953125 0.2638888888888889
1 0.609375 0.3576388888888889 0.6171875 0.375 0.619140625 0.3715277777777778 0.626953125 0.3715277777777778 0.62890625 0.375 0.62890625 0.3958333333333333 0.623046875 0.4027777777777778 0.62109375 0.4097222222222222 0.62109375 0.4201388888888889 0.619140625 0.4236111111111111 0.615234375 0.4236111111111111 0.61328125 0.4201388888888889 0.603515625 0.4201388888888889 0.6015625 0.4166666666666667 0.6015625 0.40625 0.59765625 0.3923611111111111 0.59765625 0.3715277777777778 0.6015625 0.3611111111111111 0.607421875 0.3576388888888889
1 0.015625 0.006944444444444444 0.0234375 0.017361111111111112 0.029296875 0.006944444444444444 0.03515625 0.006944444444444444 0.03515625 0.020833333333333332 0.033203125 0.027777777777777776 0.025390625 0.03819444444444445 0.009765625 0.03819444444444445 0.0078125 0.034722222222222224 0.0078125 0.013888888888888888 0.013671875 0.006944444444444444
1 0.486328125 0.2777777777777778 0.4921875 0.2847222222222222 0.49609375 0.3125 0.50390625 0.3298611111111111 0.501953125 0.3368055555555556 0.490234375 0.3506944444444444 0.482421875 0.3506944444444444 0.482421875 0.3333333333333333 0.484375 0.3263888888888889 0.48046875 0.3194444444444444 0.4765625 0.3229166666666667 0.474609375 0.3090277777777778 0.4765625 0.3020833333333333 0.482421875 0.2986111111111111 0.486328125 0.2916666666666667 0.486328125 0.28125
1 0.4640625 0.2212962962962963 0.035416666666666666 0.06481481481481483
1 0.41015625 0.2222222222222222 0.4140625 0.22916666666666666 0.419921875 0.22916666666666666 0.419921875 0.23958333333333334 0.416015625 0.2569444444444444 0.416015625 0.2847222222222222 0.412109375 0.28125 0.404296875 0.28125 0.3984375 0.2743055555555556 0.3984375 0.24305555555555555 0.400390625 0.23958333333333334 0.400390625 0.22569444444444445 0.40234375 0.2222222222222222 0.408203125 0.2222222222222222
1 0.33984375 0.4791666666666667 0.341796875 0.4861111111111111 0.345703125 0.4861111111111111 0.34765625 0.4895833333333333 0.34765625 0.4965277777777778 0.345703125 0.5 0.33984375 0.5 0.33203125 0.5173611111111112 0.32421875 0.5173611111111112 0.3203125 0.5104166666666666 0.32421875 0.5 0.32421875 0.4791666666666667 0.326171875 0.4756944444444444 0.337890625 0.4791666666666667
2 0.00390625 0.08680555555555555 0.009765625 0.06944444444444445 0.009765625 0.052083333333333336 0.0078125 0.04861111111111111 0.0078125 0.013888888888888888 0.013671875 0 0.03125 0 0.03515625 0.006944444444444444 0.03515625 0.03819444444444445 0.037109375 0.041666666666666664 0.037109375 0.04861111111111111 0.033203125 0.04861111111111111 0.029296875 0.03819444444444445 0.025390625 0.04513888888888889 0.025390625 0.059027777777777776 0.021484375 0.07291666666666667 0.01953125 0.0763888888888889 0.013671875 0.0763888888888889 0.009765625 0.08333333333333333 0.009765625 0.09375 0.005859375 0.09375 0.005859375 0.09027777777777778
2 0.443359375 0.2986111111111111 0.451171875 0.2916666666666667 0.45703125 0.3020833333333333 0.45703125 0.3368055555555556 0.462890625 0.3472222222222222 0.462890625 0.3576388888888889 0.458984375 0.3541666666666667 0.44921875 0.3541666666666667 0.439453125 0.3715277777777778 0.439453125 0.3923611111111111 0.443359375 0.4027777777777778 0.443359375 0.4166666666666667 0.435546875 0.4270833333333333 0.4296875 0.4305555555555556 0.423828125 0.4409722222222222 0.423828125 0.4513888888888889 0.419921875 0.4513888888888889 0.412109375 0.4375 0.412109375 0.4340277777777778 0.423828125 0.4236111111111111 0.431640625 0.4097222222222222 0.42578125 0.3993055555555556 0.421875 0.40625 0.408203125 0.4131944444444444 0.404296875 0.4201388888888889 0.400390625 0.4201388888888889 0.3984375 0.4236111111111111 0.392578125 0.4236111111111111 0.388671875 0.4270833333333333 0.384765625 0.4201388888888889 0.38671875 0.4131944444444444 0.39453125 0.4131944444444444 0.404296875 0.4027777777777778 0.408203125 0.4027777777777778 0.4140625 0.3923611111111111 0.4140625 0.3854166666666667 0.41796875 0.375 0.416015625 0.3680555555555556 0.41796875 0.3576388888888889 0.435546875 0.3368055555555556 0.443359375 0.3090277777777778 0.443359375 0.3020833333333333
2 0.419921875 0.3020833333333333 0.42578125 0.2916666666666667 0.421875 0.2743055555555556 0.421875 0.2326388888888889 0.431640625 0.20833333333333334 0.4375 0.20833333333333334 0.44140625 0.21875 0.44140625 0.22569444444444445 0.453125 0.23958333333333334 0.453125 0.2465277777777778 0.451171875 0.25 0.451171875 0.2777777777777778 0.44921875 0.28125 0.451171875 0.2916666666666667 0.447265625 0.2916666666666667 0.44140625 0.3020833333333333 0.44140625 0.3090277777777778 0.435546875 0.3333333333333333 0.423828125 0.3472222222222222 0.419921875 0.3472222222222222 0.421875 0.3402777777777778 0.421875 0.3055555555555556
2 0.66796875 0.4131944444444444 0.671875 0.4097222222222222 0.677734375 0.4097222222222222 0.685546875 0.4236111111111111 0.69140625 0.4270833333333333 0.701171875 0.4479166666666667 0.7109375 0.4479166666666667 0.712890625 0.4513888888888889 0.72265625 0.4513888888888889 0.724609375 0.4548611111111111 0.724609375 0.4618055555555556 0.708984375 0.4618055555555556 0.70703125 0.4583333333333333 0.703125 0.46875 0.708984375 0.4930555555555556 0.708984375 0.5104166666666666 0.7109375 0.5138888888888888 0.708984375 0.5277777777777778 0.712890625 0.5381944444444444 0.7109375 0.5451388888888888 0.705078125 0.5555555555555556 0.703125 0.5555555555555556 0.701171875 0.5520833333333334 0.703125 0.5451388888888888 0.697265625 0.5347222222222222 0.6875 0.5277777777777778 0.685546875 0.5138888888888888 0.681640625 0.5034722222222222 0.67578125 0.5104166666666666 0.671875 0.5104166666666666 0.669921875 0.5034722222222222 0.673828125 0.4930555555555556 0.6796875 0.4930555555555556 0.681640625 0.4895833333333333 0.681640625 0.4756944444444444 0.666015625 0.4444444444444444 0.6640625 0.4270833333333333 0.66796875 0.4166666666666667
2 0.12109375 0.3784722222222222 0.125 0.3854166666666667 0.126953125 0.4270833333333333 0.12890625 0.4305555555555556 0.12890625 0.4513888888888889 0.126953125 0.4548611111111111 0.1328125 0.4618055555555556 0.134765625 0.4791666666666667 0.130859375 0.4756944444444444 0.130859375 0.4652777777777778 0.12890625 0.4583333333333333 0.126953125 0.4548611111111111 0.123046875 0.4583333333333333 0.12109375 0.4618055555555556 0.12109375 0.5 0.119140625 0.5034722222222222 0.111328125 0.5034722222222222 0.109375 0.5 0.10546875 0.5069444444444444 0.103515625 0.5138888888888888 0.103515625 0.5347222222222222 0.099609375 0.53125 0.099609375 0.5243055555555556 0.09765625 0.5208333333333334 0.09765625 0.4895833333333333 0.095703125 0.4861111111111111 0.095703125 0.46875 0.09375 0.4652777777777778 0.095703125 0.4409722222222222 0.09765625 0.4375 0.09765625 0.4097222222222222 0.099609375 0.4027777777777778 0.10546875 0.3993055555555556 0.109375 0.3923611111111111 0.109375 0.3854166666666667 0.115234375 0.375 0.119140625 0.3784722222222222
2 0.419921875 0.2604166666666667 0.421875 0.2569444444444444 0.421875 0.2326388888888889 0.431640625 0.20833333333333334 0.4375 0.20833333333333334 0.44140625 0.21875 0.44140625 0.22569444444444445 0.453125 0.23958333333333334 0.453125 0.2465277777777778 0.451171875 0.25 0.451171875 0.28125 0.44921875 0.2881944444444444 0.447265625 0.2881944444444444 0.44140625 0.2986111111111111 0.439453125 0.3055555555555556 0.439453125 0.3159722222222222 0.435546875 0.3298611111111111 0.4296875 0.3402777777777778 0.421875 0.34375 0.421875 0.3194444444444444 0.423828125 0.3159722222222222 0.423828125 0.3020833333333333 0.42578125 0.2986111111111111 0.42578125 0.2847222222222222 0.423828125 0.28125 0.421875 0.2638888888888889
2 0.42578125 0.15625 0.42578125 0.16666666666666666 0.419921875 0.17708333333333334 0.41796875 0.1909722222222222 0.4140625 0.1909722222222222 0.412109375 0.19444444444444445 0.408203125 0.20833333333333334 0.396484375 0.22916666666666666 0.396484375 0.2326388888888889 0.396484375 0.2222222222222222 0.3984375 0.21875 0.3984375 0.19791666666666666 0.396484375 0.19444444444444445 0.396484375 0.14930555555555555 0.400390625 0.1423611111111111 0.40625 0.1423611111111111 0.41015625 0.14930555555555555 0.41015625 0.16319444444444445 0.4140625 0.1736111111111111 0.416015625 0.1736111111111111 0.423828125 0.1597222222222222
2 0.623046875 0.23958333333333334 0.625 0.2465277777777778 0.625 0.2604166666666667 0.630859375 0.2673611111111111 0.62890625 0.3402777777777778 0.626953125 0.34375 0.625 0.3402777777777778 0.625 0.3333333333333333 0.62109375 0.3263888888888889 0.6171875 0.3263888888888889 0.615234375 0.3229166666666667 0.609375 0.3263888888888889 0.607421875 0.3229166666666667 0.607421875 0.3125 0.6015625 0.3020833333333333 0.6015625 0.2916666666666667 0.599609375 0.2881944444444444 0.599609375 0.2777777777777778 0.6015625 0.28125 0.60546875 0.2777777777777778 0.609375 0.2673611111111111 0.609375 0.2465277777777778 0.615234375 0.23958333333333334 0.62109375 0.23958333333333334
2 0.484375 0.2743055555555556 0.4921875 0.2847222222222222 0.49609375 0.3125 0.505859375 0.3333333333333333 0.505859375 0.3541666666666667 0.498046875 0.375 0.498046875 0.3819444444444444 0.501953125 0.3888888888888889 0.50390625 0.40625 0.5078125 0.4131944444444444 0.509765625 0.4340277777777778 0.501953125 0.4444444444444444 0.498046875 0.4340277777777778 0.498046875 0.4270833333333333 0.478515625 0.3958333333333333 0.478515625 0.3784722222222222 0.482421875 0.3645833333333333 0.482421875 0.3506944444444444 0.4765625 0.3402777777777778 0.474609375 0.3402777777777778 0.474609375 0.3020833333333333 0.470703125 0.2916666666666667 0.470703125 0.2847222222222222 0.47265625 0.2777777777777778 0.4765625 0.2743055555555556 0.482421875 0.2743055555555556
2 0.42578125 0.15625 0.42578125 0.16666666666666666 0.421875 0.1736111111111111 0.419921875 0.1875 0.41796875 0.1909722222222222 0.4140625 0.1909722222222222 0.408203125 0.2013888888888889 0.408203125 0.2048611111111111 0.40234375 0.2152777777777778 0.400390625 0.2152777777777778 0.3984375 0.21180555555555555 0.3984375 0.19791666666666666 0.396484375 0.19444444444444445 0.396484375 0.14930555555555555 0.400390625 0.1423611111111111 0.40625 0.1423611111111111 0.41015625 0.14930555555555555 0.41015625 0.16319444444444445 0.4140625 0.1736111111111111 0.416015625 0.1736111111111111 0.421875 0.16319444444444445 0.421875 0.1597222222222222 0.423828125 0.1597222222222222
2 0.623046875 0.34375 0.626953125 0.3506944444444444 0.62890625 0.3923611111111111 0.625 0.3958333333333333 0.62109375 0.40625 0.62109375 0.4201388888888889 0.619140625 0.4236111111111111 0.62109375 0.4305555555555556 0.619140625 0.4375 0.623046875 0.4479166666666667 0.623046875 0.4583333333333333 0.626953125 0.4722222222222222 0.62890625 0.5138888888888888 0.630859375 0.5173611111111112 0.6328125 0.5347222222222222 0.62890625 0.5347222222222222 0.625 0.5277777777777778 0.625 0.5173611111111112 0.623046875 0.5138888888888888 0.62109375 0.4965277777777778 0.6171875 0.4895833333333333 0.61328125 0.4930555555555556 0.615234375 0.5173611111111112 0.61328125 0.5208333333333334 0.609375 0.5173611111111112 0.609375 0.5104166666666666 0.607421875 0.5069444444444444 0.607421875 0.4895833333333333 0.60546875 0.4861111111111111 0.60546875 0.4722222222222222 0.6015625 0.4618055555555556 0.6015625 0.4548611111111111 0.59765625 0.4409722222222222 0.59765625 0.4340277777777778 0.599609375 0.4305555555555556 0.599609375 0.3819444444444444 0.59765625 0.3784722222222222 0.59765625 0.3715277777777778 0.60546875 0.3541666666666667 0.609375 0.3541666666666667 0.615234375 0.34375 0.62109375 0.34375
2 0.4453125 0.21180555555555555 0.447265625 0.20833333333333334 0.447265625 0.2013888888888889 0.4453125 0.19791666666666666 0.4453125 0.18055555555555555 0.447265625 0.17708333333333334 0.45703125 0.17708333333333334 0.466796875 0.19444444444444445 0.474609375 0.22569444444444445 0.482421875 0.24305555555555555 0.482421875 0.2708333333333333 0.4765625 0.2708333333333333 0.47265625 0.2743055555555556 0.470703125 0.2777777777777778 0.470703125 0.2847222222222222 0.462890625 0.2986111111111111 0.453125 0.2881944444444444 0.453125 0.2777777777777778 0.45703125 0.2673611111111111 0.45703125 0.24305555555555555 0.447265625 0.22569444444444445 0.447265625 0.2152777777777778
2 0.435546875 0.13541666666666666 0.439453125 0.13194444444444445 0.4453125 0.13194444444444445 0.44921875 0.1388888888888889 0.44921875 0.14583333333333334 0.458984375 0.16319444444444445 0.458984375 0.1701388888888889 0.462890625 0.18055555555555555 0.462890625 0.1840277777777778 0.4609375 0.1840277777777778 0.455078125 0.1736111111111111 0.44921875 0.1736111111111111 0.4453125 0.17708333333333334 0.443359375 0.18055555555555555 0.443359375 0.1909722222222222 0.4453125 0.19791666666666666 0.44140625 0.1840277777777778 0.44140625 0.1736111111111111 0.435546875 0.1597222222222222 0.435546875 0.14930555555555555 0.43359375 0.14583333333333334 0.435546875 0.1388888888888889
2 0.623046875 0.3298611111111111 0.623046875 0.3402777777777778 0.6171875 0.3402777777777778 0.6015625 0.3576388888888889 0.595703125 0.375 0.599609375 0.3923611111111111 0.599609375 0.4131944444444444 0.59765625 0.4166666666666667 0.595703125 0.4444444444444444 0.587890625 0.4583333333333333 0.5859375 0.4583333333333333 0.5859375 0.4513888888888889 0.587890625 0.4479166666666667 0.587890625 0.4236111111111111 0.591796875 0.40625 0.595703125 0.3993055555555556 0.595703125 0.3888888888888889 0.591796875 0.3784722222222222 0.591796875 0.3506944444444444 0.60546875 0.3298611111111111 0.611328125 0.3298611111111111 0.61328125 0.3263888888888889 0.62109375 0.3298611111111111
2 0.421875 0.19444444444444445 0.42578125 0.2048611111111111 0.42578125 0.21180555555555555 0.419921875 0.2326388888888889 0.419921875 0.25 0.41796875 0.2534722222222222 0.419921875 0.2951388888888889 0.41796875 0.2986111111111111 0.40625 0.2951388888888889 0.40234375 0.3055555555555556 0.40234375 0.3159722222222222 0.396484375 0.3263888888888889 0.390625 0.3263888888888889 0.38671875 0.3298611111111111 0.380859375 0.3472222222222222 0.376953125 0.3472222222222222 0.376953125 0.3298611111111111 0.3828125 0.3194444444444444 0.388671875 0.3159722222222222 0.39453125 0.3020833333333333 0.39453125 0.2777777777777778 0.392578125 0.2743055555555556 0.392578125 0.2673611111111111 0.396484375 0.2569444444444444 0.3984375 0.2326388888888889 0.404296875 0.2152777777777778 0.408203125 0.21180555555555555 0.41015625 0.2013888888888889 0.4140625 0.19444444444444445 0.419921875 0.19444444444444445
2 0.3515625 0.5 0.3515625 0.5034722222222222 0.33984375 0.5 0.3359375 0.5069444444444444 0.3359375 0.5138888888888888 0.34375 0.5486111111111112 0.34375 0.5590277777777778 0.337890625 0.5729166666666666 0.333984375 0.5729166666666666 0.32421875 0.5590277777777778 0.3203125 0.5590277777777778 0.318359375 0.5555555555555556 0.318359375 0.5416666666666666 0.31640625 0.5381944444444444 0.314453125 0.5138888888888888 0.322265625 0.4930555555555556 0.32421875 0.4791666666666667 0.33203125 0.4618055555555556 0.33203125 0.4513888888888889 0.337890625 0.4444444444444444 0.34375 0.4444444444444444 0.34765625 0.4513888888888889 0.341796875 0.4861111111111111 0.349609375 0.5