0 0.5234375 0.2604166666666667 0.52734375 0.2708333333333333 0.52734375 0.2847222222222222 0.525390625 0.2881944444444444 0.525390625 0.2951388888888889 0.521484375 0.2986111111111111 0.517578125 0.2986111111111111 0.51171875 0.2881944444444444 0.51171875 0.2708333333333333 0.513671875 0.2638888888888889 0.515625 0.2604166666666667 0.521484375 0.2604166666666667
0 0.40625 0.03819444444444445 0.41015625 0.034722222222222224 0.416015625 0.034722222222222224 0.419921875 0.041666666666666664 0.419921875 0.05555555555555555 0.416015625 0.06597222222222222 0.408203125 0.06597222222222222 0.40625 0.0625 0.404296875 0.05555555555555555 0.404296875 0.04513888888888889 0.40625 0.041666666666666664
0 0.4609375 0.3472222222222222 0.46484375 0.3576388888888889 0.46484375 0.3645833333333333 0.458984375 0.3784722222222222 0.455078125 0.3784722222222222 0.453125 0.3819444444444444 0.4453125 0.3715277777777778 0.4453125 0.3576388888888889 0.44921875 0.3472222222222222 0.458984375 0.3472222222222222
0 0.712890625 0.3125 0.716796875 0.3298611111111111 0.7109375 0.3402777777777778 0.69921875 0.3402777777777778 0.69921875 0.3194444444444444 0.705078125 0.3125 0.7109375 0.3125
0 0.45651041666666664 0.2064814814814815 0.0171875 0.03518518518518518
0 0.255859375 0.22569444444444445 0.26171875 0.2326388888888889 0.263671875 0.2534722222222222 0.265625 0.2569444444444444 0.259765625 0.2638888888888889 0.255859375 0.2638888888888889 0.25 0.2534722222222222 0.25 0.25 0.24609375 0.2465277777777778 0.24609375 0.2361111111111111 0.248046875 0.22916666666666666 0.25390625 0.22569444444444445
0 0.42578125 0.3576388888888889 0.431640625 0.3680555555555556 0.431640625 0.3819444444444444 0.427734375 0.3888888888888889 0.4140625 0.3854166666666667 0.4140625 0.3645833333333333 0.41796875 0.3576388888888889 0.423828125 0.3576388888888889
0 0.283203125 0.2465277777777778 0.287109375 0.2569444444444444 0.287109375 0.2708333333333333 0.28515625 0.2777777777777778 0.279296875 0.2847222222222222 0.27734375 0.2847222222222222 0.271484375 0.2743055555555556 0.271484375 0.2569444444444444 0.275390625 0.2465277777777778 0.28125 0.2465277777777778
0 0.623046875 0.28125 0.625 0.2847222222222222 0.630859375 0.2847222222222222 0.6328125 0.2916666666666667 0.6328125 0.2986111111111111 0.634765625 0.3020833333333333 0.630859375 0.3125 0.626953125 0.3159722222222222 0.62109375 0.3159722222222222 0.6171875 0.3090277777777778 0.6171875 0.2881944444444444 0.62109375 0.2847222222222222
0 0.46875 0.2881944444444444 0.474609375 0.2951388888888889 0.474609375 0.3125 0.47265625 0.3159722222222222 0.4609375 0.3159722222222222 0.45703125 0.3055555555555556 0.458984375 0.3020833333333333 0.458984375 0.2951388888888889 0.466796875 0.2881944444444444
0 0.6015625 0.2152777777777778 0.611328125 0.2152777777777778 0.615234375 0.2222222222222222 0.615234375 0.22916666666666666 0.6171875 0.2326388888888889 0.6171875 0.2361111111111111 0.611328125 0.2465277777777778 0.60546875 0.2465277777777778 0.599609375 0.23958333333333334 0.599609375 0.2222222222222222 0.6015625 0.21875
0 0.259765625 0.3541666666666667 0.265625 0.3680555555555556 0.265625 0.3784722222222222 0.263671875 0.3854166666666667 0.2578125 0.3923611111111111 0.25 0.3923611111111111 0.24609375 0.3784722222222222 0.248046875 0.3611111111111111 0.251953125 0.3541666666666667 0.2578125 0.3541666666666667
0 0.5234375 0.4270833333333333 0.53125 0.4375 0.53125 0.4652777777777778 0.529296875 0.46875 0.5234375 0.46875 0.515625 0.4548611111111111 0.513671875 0.4548611111111111 0.513671875 0.4444444444444444 0.515625 0.4409722222222222 0.513671875 0.4375 0.515625 0.4305555555555556 0.521484375 0.4270833333333333
0 0.5177083333333333 0.4782407407407407 0.020833333333333332 0.02314814814814815
0 0.443359375 0.3055555555555556 0.44921875 0.3263888888888889 0.4453125 0.3298611111111111 0.439453125 0.3229166666666667 0.435546875 0.3125 0.4375 0.3090277777777778 0.44140625 0.3090277777777778
0 0.990234375 0.06597222222222222 0.994140625 0.0763888888888889 0.998046875 0.0763888888888889 0.998046875 0.09027777777777778 0.990234375 0.10069444444444445 0.984375 0.10069444444444445 0.98046875 0.09375 0.98046875 0.07291666666666667 0.98828125 0.06597222222222222
0 0.439453125 0.18055555555555555 0.4453125 0.1875 0.443359375 0.2152777777777778 0.43359375 0.2152777777777778 0.427734375 0.20833333333333334 0.427734375 0.19444444444444445 0.435546875 0.18055555555555555 0.4375 0.18055555555555555
1 0.5 0.2881944444444444 0.505859375 0.28125 0.51171875 0.28125 0.51171875 0.2881944444444444 0.515625 0.2986111111111111 0.5234375 0.2986111111111111 0.52734375 0.2916666666666667 0.52734375 0.2777777777777778 0.529296875 0.2743055555555556 0.53515625 0.2743055555555556 0.541015625 0.2881944444444444 0.537109375 0.2951388888888889 0.529296875 0.3229166666666667 0.52734375 0.3368055555555556 0.5234375 0.34375 0.513671875 0.3506944444444444 0.5078125 0.3506944444444444 0.505859375 0.3472222222222222 0.5078125 0.3159722222222222 0.5 0.3055555555555556 0.498046875 0.2986111111111111 0.5 0.2916666666666667
1 0.97265625 0.09375 0.978515625 0.09375 0.984375 0.10069444444444445 0.98828125 0.10069444444444445 0.9921875 0.09375 0.998046875 0.09375 0.998046875 0.14930555555555555 0.990234375 0.15625 0.98046875 0.15625 0.9765625 0.1527777777777778 0.9765625 0.14930555555555555 0.970703125 0.1388888888888889 0.96875 0.13194444444444445 0.96875 0.11805555555555555 0.970703125 0.11458333333333333 0.970703125 0.10416666666666667 0.97265625 0.09722222222222222
1 0.4609375 0.3194444444444444 0.47265625 0.3194444444444444 0.478515625 0.3298611111111111 0.490234375 0.3715277777777778 0.490234375 0.3784722222222222 0.486328125 0.3854166666666667 0.48046875 0.3819444444444444 0.474609375 0.3715277777777778 0.470703125 0.3715277777777778 0.466796875 0.3645833333333333 0.466796875 0.3576388888888889 0.462890625 0.3472222222222222 0.4609375 0.3229166666666667
1 0.2265625 0.2881944444444444 0.228515625 0.2916666666666667 0.2421875 0.2916666666666667 0.2421875 0.2986111111111111 0.24609375 0.3125 0.244140625 0.3229166666666667 0.240234375 0.3229166666666667 0.236328125 0.3159722222222222 0.22265625 0.3125 0.220703125 0.3055555555555556 0.224609375 0.2916666666666667
1 0.404296875 0.04513888888888889 0.404296875 0.059027777777777776 0.412109375 0.06944444444444445 0.4140625 0.06944444444444445 0.421875 0.052083333333333336 0.42578125 0.059027777777777776 0.42578125 0.0798611111111111 0.423828125 0.08333333333333333 0.423828125 0.09027777777777778 0.41796875 0.10069444444444445 0.4140625 0.10416666666666667 0.408203125 0.10416666666666667 0.40625 0.1076388888888889 0.40234375 0.10416666666666667 0.388671875 0.1076388888888889 0.38671875 0.10416666666666667 0.38671875 0.08333333333333333 0.396484375 0.052083333333333336 0.40234375 0.04861111111111111
1 0.716796875 0.3333333333333333 0.734375 0.3541666666666667 0.734375 0.3611111111111111 0.73046875 0.3715277777777778 0.73046875 0.4027777777777778 0.70703125 0.4027777777777778 0.705078125 0.3993055555555556 0.70703125 0.3958333333333333 0.705078125 0.375 0.697265625 0.3680555555555556 0.697265625 0.3472222222222222 0.69921875 0.34375 0.708984375 0.34375 0.71484375 0.3368055555555556
1 0.470703125 0.2152777777777778 0.474609375 0.21875 0.474609375 0.2361111111111111 0.470703125 0.2465277777777778 0.46875 0.2604166666666667 0.45703125 0.2777777777777778 0.453125 0.2777777777777778 0.451171875 0.2708333333333333 0.451171875 0.2604166666666667 0.4453125 0.2465277777777778 0.4453125 0.21875 0.458984375 0.2222222222222222 0.462890625 0.2152777777777778 0.46875 0.2152777777777778
1 0.037109375 0 0.05859375 0 0.060546875 0.006944444444444444 0.060546875 0.024305555555555556 0.0625 0.027777777777777776 0.052734375 0.03819444444444445 0.04296875 0.03125 0.037109375 0.017361111111111112 0.037109375 0.003472222222222222
1 0.244140625 0.3958333333333333 0.251953125 0.4027777777777778 0.251953125 0.4131944444444444 0.255859375 0.4270833333333333 0.25 0.4479166666666667 0.24609375 0.4548611111111111 0.232421875 0.4513888888888889 0.228515625 0.4375 0.228515625 0.4305555555555556 0.234375 0.4201388888888889 0.23828125 0.4027777777777778 0.2421875 0.3993055555555556
1 0.421875 0.3888888888888889 0.427734375 0.3993055555555556 0.427734375 0.4131944444444444 0.42578125 0.4166666666666667 0.42578125 0.4270833333333333 0.419921875 0.4409722222222222 0.419921875 0.4652777777777778 0.4140625 0.4652777777777778 0.408203125 0.4548611111111111 0.400390625 0.4513888888888889 0.39453125 0.4444444444444444 0.396484375 0.4270833333333333 0.40234375 0.4131944444444444 0.404296875 0.3993055555555556 0.41015625 0.3888888888888889 0.419921875 0.3888888888888889
1 0.287109375 0.2708333333333333 0.29296875 0.2708333333333333 0.298828125 0.28125 0.298828125 0.2847222222222222 0.296875 0.2916666666666667 0.291015625 0.2986111111111111 0.2890625 0.3368055555555556 0.283203125 0.3368055555555556 0.28125 0.3402777777777778 0.26953125 0.3402777777777778 0.2578125 0.3229166666666667 0.259765625 0.2916666666666667 0.255859375 0.28125 0.255859375 0.2743055555555556 0.263671875 0.2638888888888889 0.26953125 0.2638888888888889 0.271484375 0.2673611111111111 0.271484375 0.2743055555555556 0.27734375 0.2847222222222222 0.28125 0.2847222222222222 0.287109375 0.2743055555555556
1 0.63671875 0.3020833333333333 0.646484375 0.3159722222222222 0.646484375 0.3229166666666667 0.642578125 0.3333333333333333 0.646484375 0.3472222222222222 0.646484375 0.3611111111111111 0.63671875 0.3715277777777778 0.625 0.3715277777777778 0.623046875 0.3645833333333333 0.6171875 0.3229166666666667 0.619140625 0.3194444444444444 0.626953125 0.3194444444444444 0.6328125 0.3090277777777778 0.6328125 0.3055555555555556 0.634765625 0.3055555555555556
1 0.435546875 0.2152777777777778 0.44140625 0.2222222222222222 0.439453125 0.2361111111111111 0.43359375 0.2361111111111111 0.427734375 0.22916666666666666 0.421875 0.22916666666666666 0.419921875 0.2326388888888889 0.421875 0.24305555555555555 0.4296875 0.2604166666666667 0.427734375 0.2673611111111111 0.4140625 0.2638888888888889 0.408203125 0.2569444444444444 0.404296875 0.2465277777777778 0.419921875 0.21180555555555555 0.423828125 0.20833333333333334 0.4296875 0.20833333333333334 0.43359375 0.2152777777777778
1 0.50390625 0.3819444444444444 0.51953125 0.3784722222222222 0.5234375 0.3854166666666667 0.529296875 0.4131944444444444 0.529296875 0.4305555555555556 0.515625 0.4305555555555556 0.513671875 0.4340277777777778 0.509765625 0.4340277777777778 0.50390625 0.4201388888888889 0.50390625 0.3854166666666667
1 0.453125 0.4097222222222222 0.453125 0.3993055555555556 0.451171875 0.3958333333333333 0.451171875 0.3888888888888889 0.453125 0.3854166666666667 0.4609375 0.3784722222222222 0.474609375 0.3784722222222222 0.4765625 0.3854166666666667 0.474609375 0.3854166666666667 0.470703125 0.3958333333333333 0.47265625 0.3993055555555556 0.47265625 0.40625 0.474609375 0.4131944444444444 0.486328125 0.4305555555555556 0.484375 0.4375 0.4765625 0.4444444444444444 0.46875 0.4444444444444444 0.458984375 0.4375 0.45703125 0.4305555555555556 0.458984375 0.4270833333333333 0.458984375 0.4201388888888889 0.455078125 0.4097222222222222
1 0.533203125 0.4791666666666667 0.53515625 0.4895833333333333 0.541015625 0.5 0.541015625 0.5069444444444444 0.546875 0.5208333333333334 0.546875 0.5277777777777778 0.55078125 0.5416666666666666 0.55078125 0.5520833333333334 0.548828125 0.5555555555555556 0.529296875 0.5555555555555556 0.529296875 0.5486111111111112 0.521484375 0.5277777777777778 0.517578125 0.5 0.5234375 0.4895833333333333 0.525390625 0.4895833333333333 0.529296875 0.4791666666666667 0.53125 0.4791666666666667
1 0.490234375 0.2604166666666667 0.486328125 0.2916666666666667 0.48046875 0.2986111111111111 0.4765625 0.2986111111111111 0.47265625 0.2881944444444444 0.46875 0.2881944444444444 0.466796875 0.2847222222222222 0.45703125 0.2916666666666667 0.45703125 0.2777777777777778 0.47265625 0.2569444444444444 0.482421875 0.2569444444444444 0.484375 0.2604166666666667 0.48828125 0.2604166666666667
1 0.619140625 0.23958333333333334 0.6171875 0.28125 0.61328125 0.2881944444444444 0.61328125 0.3055555555555556 0.607421875 0.3125 0.595703125 0.3125 0.59375 0.3090277777777778 0.59375 0.2569444444444444 0.599609375 0.24305555555555555 0.611328125 0.2465277777777778 0.6171875 0.23958333333333334
2 0.4140625 0.3645833333333333 0.419921875 0.3576388888888889 0.427734375 0.3611111111111111 0.431640625 0.375 0.431640625 0.3819444444444444 0.4296875 0.3854166666666667 0.431640625 0.40625 0.443359375 0.4166666666666667 0.4375 0.4270833333333333 0.4296875 0.4305555555555556 0.423828125 0.4409722222222222 0.423828125 0.4513888888888889 0.419921875 0.46875 0.419921875 0.4826388888888889 0.416015625 0.5 0.416015625 0.5208333333333334 0.392578125 0.5590277777777778 0.392578125 0.5625 0.3984375 0.5694444444444444 0.3984375 0.5729166666666666 0.396484375 0.5763888888888888 0.392578125 0.5763888888888888 0.390625 0.5729166666666666 0.384765625 0.5729166666666666 0.380859375 0.5694444444444444 0.380859375 0.5555555555555556 0.376953125 0.5451388888888888 0.376953125 0.53125 0.380859375 0.5243055555555556 0.388671875 0.5208333333333334 0.396484375 0.5069444444444444 0.38671875 0.4861111111111111 0.38671875 0.4548611111111111 0.390625 0.4444444444444444 0.39453125 0.4409722222222222 0.39453125 0.4340277777777778 0.3984375 0.4201388888888889 0.40234375 0.4131944444444444 0.40625 0.3958333333333333 0.412109375 0.3854166666666667 0.4140625 0.3784722222222222 0.4140625 0.3680555555555556
2 0.037109375 0 0.05859375 0 0.060546875 0.003472222222222222 0.060546875 0.020833333333333332 0.064453125 0.027777777777777776 0.064453125 0.03125 0.060546875 0.03125 0.056640625 0.03819444444444445 0.0625 0.059027777777777776 0.060546875 0.0625 0.05859375 0.059027777777777776 0.0546875 0.059027777777777776 0.05078125 0.06944444444444445 0.05078125 0.0798611111111111 0.046875 0.09722222222222222 0.046875 0.1076388888888889 0.05078125 0.11458333333333333 0.048828125 0.11805555555555555 0.04296875 0.11805555555555555 0.03515625 0.1284722222222222 0.037109375 0.13541666666666666 0.037109375 0.14583333333333334 0.029296875 0.1388888888888889 0.0234375 0.1284722222222222 0.025390625 0.12152777777777778 0.03125 0.11458333333333333 0.0390625 0.08333333333333333 0.0390625 0.059027777777777776 0.033203125 0.03819444444444445 0.033203125 0.03125 0.037109375 0.020833333333333332 0.037109375 0.003472222222222222
2 0.466796875 0.2881944444444444 0.46875 0.2916666666666667 0.47265625 0.2916666666666667 0.474609375 0.2986111111111111 0.474609375 0.3229166666666667 0.478515625 0.3298611111111111 0.478515625 0.3368055555555556 0.48828125 0.3576388888888889 0.490234375 0.3784722222222222 0.48828125 0.3819444444444444 0.48046875 0.3819444444444444 0.474609375 0.3715277777777778 0.46875 0.3680555555555556 0.462890625 0.3472222222222222 0.45703125 0.3402777777777778 0.45703125 0.3020833333333333 0.4609375 0.2916666666666667 0.46484375 0.2916666666666667
2 0.435546875 0.3125 0.44140625 0.3194444444444444 0.44140625 0.3263888888888889 0.443359375 0.3298611111111111 0.443359375 0.375 0.439453125 0.375 0.43359375 0.3854166666666667 0.431640625 0.3819444444444444 0.431640625 0.3680555555555556 0.423828125 0.3541666666666667 0.419921875 0.3541666666666667 0.419921875 0.3402777777777778 0.42578125 0.3298611111111111 0.427734375 0.3194444444444444 0.43359375 0.3125
2 0.2421875 0.3958333333333333 0.2421875 0.3784722222222222 0.244140625 0.375 0.244140625 0.3680555555555556 0.25 0.3576388888888889 0.259765625 0.3576388888888889 0.265625 0.3715277777777778 0.263671875 0.3993055555555556 0.26171875 0.4027777777777778 0.26171875 0.4097222222222222 0.255859375 0.4166666666666667 0.25390625 0.4131944444444444 0.25390625 0.40625 0.248046875 0.3958333333333333 0.244140625 0.3958333333333333
2 0.7109375 0.3125 0.71875 0.3333333333333333 0.728515625 0.34375 0.73828125 0.3611111111111111 0.740234375 0.3611111111111111 0.7421875 0.3680555555555556 0.744140625 0.3680555555555556 0.74609375 0.3819444444444444 0.75 0.3923611111111111 0.75 0.3993055555555556 0.74609375 0.4027777777777778 0.744140625 0.3993055555555556 0.744140625 0.3819444444444444 0.736328125 0.3680555555555556 0.732421875 0.3680555555555556 0.73046875 0.3715277777777778 0.728515625 0.4305555555555556 0.7265625 0.4340277777777778 0.7265625 0.4444444444444444 0.720703125 0.4583333333333333 0.720703125 0.4652777777777778 0.716796875 0.4791666666666667 0.716796875 0.4965277777777778 0.712890625 0.5069444444444444 0.708984375 0.5069444444444444 0.7109375 0.4548611111111111 0.70703125 0.4444444444444444 0.70703125 0.4375 0.703125 0.4236111111111111 0.705078125 0.3923611111111111 0.70703125 0.3888888888888889 0.701171875 0.3819444444444444 0.6953125 0.4097222222222222 0.69140625 0.4097222222222222 0.69140625 0.3993055555555556 0.6953125 0.3819444444444444 0.6953125 0.3576388888888889 0.697265625 0.3541666666666667 0.69921875 0.3229166666666667 0.703125 0.3159722222222222 0.708984375 0.3125
2 0.248046875 0.3611111111111111 0.259765625 0.3611111111111111 0.26171875 0.3645833333333333 0.26171875 0.3715277777777778 0.263671875 0.375 0.263671875 0.3923611111111111 0.2578125 0.4027777777777778 0.25390625 0.4166666666666667 0.255859375 0.4201388888888889 0.255859375 0.4270833333333333 0.26171875 0.4375 0.265625 0.4513888888888889 0.26171875 0.4652777777777778 0.259765625 0.4618055555555556 0.255859375 0.4618055555555556 0.25390625 0.4652777777777778 0.25390625 0.4756944444444444 0.255859375 0.4791666666666667 0.255859375 0.5034722222222222 0.248046875 0.5277777777777778 0.240234375 0.5416666666666666 0.240234375 0.5451388888888888 0.24609375 0.5555555555555556 0.248046875 0.5555555555555556 0.248046875 0.5590277777777778 0.23828125 0.5590277777777778 0.228515625 0.5520833333333334 0.2421875 0.5069444444444444 0.2421875 0.5 0.23828125 0.4930555555555556 0.236328125 0.4965277777777778 0.234375 0.5138888888888888 0.2265625 0.5173611111111112 0.22265625 0.5104166666666666 0.216796875 0.5069444444444444 0.208984375 0.4895833333333333 0.19921875 0.4895833333333333 0.201171875 0.4826388888888889 0.205078125 0.4826388888888889 0.20703125 0.4791666666666667 0.21875 0.4791666666666667 0.22265625 0.4722222222222222 0.22265625 0.4375 0.23046875 0.4236111111111111 0.232421875 0.4236111111111111 0.23828125 0.4097222222222222 0.23828125 0.4027777777777778 0.244140625 0.3888888888888889 0.244140625 0.3715277777777778 0.248046875 0.3645833333333333
2 0.623046875 0.28125 0.625 0.2847222222222222 0.630859375 0.2847222222222222 0.6328125 0.2951388888888889 0.638671875 0.3055555555555556 0.64453125 0.3090277777777778 0.654296875 0.3368055555555556 0.654296875 0.3506944444444444 0.646484375 0.3819444444444444 0.646484375 0.3888888888888889 0.6484375 0.3923611111111111 0.646484375 0.3958333333333333 0.646484375 0.4131944444444444 0.654296875 0.4305555555555556 0.654296875 0.4375 0.658203125 0.4444444444444444 0.658203125 0.4513888888888889 0.6640625 0.4618055555555556 0.6640625 0.4791666666666667 0.662109375 0.4826388888888889 0.65234375 0.4826388888888889 0.65234375 0.4791666666666667 0.65625 0.4756944444444444 0.65625 0.4652777777777778 0.65234375 0.4513888888888889 0.63671875 0.4201388888888889 0.634765625 0.4201388888888889 0.62890625 0.4340277777777778 0.626953125 0.4340277777777778 0.62109375 0.4236111111111111 0.62109375 0.3784722222222222 0.623046875 0.375 0.62109375 0.3715277777777778 0.62109375 0.3576388888888889 0.6171875 0.3541666666666667 0.61328125 0.34375 0.615234375 0.3229166666666667 0.6171875 0.3194444444444444 0.6171875 0.2916666666666667 0.619140625 0.2847222222222222 0.62109375 0.2847222222222222
2 0.38671875 0.3229166666666667 0.38671875 0.3159722222222222 0.390625 0.3020833333333333 0.40234375 0.3020833333333333 0.404296875 0.2986111111111111 0.404296875 0.2708333333333333 0.40234375 0.2673611111111111 0.40234375 0.2534722222222222 0.412109375 0.22916666666666666 0.4140625 0.21875 0.41796875 0.21180555555555555 0.423828125 0.20833333333333334 0.43359375 0.1840277777777778 0.439453125 0.1840277777777778 0.443359375 0.19444444444444445 0.443359375 0.21180555555555555 0.44140625 0.2152777777777778 0.443359375 0.22569444444444445 0.439453125 0.2361111111111111 0.439453125 0.2465277777777778 0.43359375 0.2534722222222222 0.4296875 0.2638888888888889 0.4296875 0.2708333333333333 0.431640625 0.2743055555555556 0.431640625 0.2986111111111111 0.43359375 0.3055555555555556 0.42578125 0.3194444444444444 0.42578125 0.3229166666666667 0.41796875 0.3333333333333333 0.4140625 0.3333333333333333 0.400390625 0.3125 0.39453125 0.3125 0.392578125 0.3194444444444444 0.38671875 0.3263888888888889
2 0.255859375 0.22569444444444445 0.26171875 0.2326388888888889 0.263671875 0.2534722222222222 0.265625 0.2569444444444444 0.25390625 0.2743055555555556 0.25390625 0.28125 0.248046875 0.2847222222222222 0.2421875 0.2951388888888889 0.24609375 0.3090277777777778 0.244140625 0.3506944444444444 0.23828125 0.3645833333333333 0.23828125 0.3854166666666667 0.236328125 0.3888888888888889 0.23828125 0.3923611111111111 0.23828125 0.3993055555555556 0.23046875 0.4201388888888889 0.228515625 0.4201388888888889 0.228515625 0.4131944444444444 0.21484375 0.3923611111111111 0.21484375 0.3819444444444444 0.216796875 0.3819444444444444 0.2265625 0.3611111111111111 0.2265625 0.3402777777777778 0.22265625 0.3263888888888889 0.220703125 0.3020833333333333 0.2265625 0.2881944444444444 0.2265625 0.2743055555555556 0.234375 0.2534722222222222 0.244140625 0.24305555555555555 0.248046875 0.22916666666666666 0.25390625 0.22569444444444445
2 0.6015625 0.2152777777777778 0.611328125 0.2152777777777778 0.619140625 0.2361111111111111 0.6328125 0.2361111111111111 0.634765625 0.2326388888888889 0.642578125 0.2326388888888889 0.64453125 0.22916666666666666 0.650390625 0.22916666666666666 0.65234375 0.2326388888888889 0.65234375 0.23958333333333334 0.650390625 0.24305555555555555 0.6328125 0.24305555555555555 0.630859375 0.2465277777777778 0.623046875 0.2465277777777778 0.62109375 0.25 0.619140625 0.2569444444444444 0.619140625 0.2777777777777778 0.615234375 0.2881944444444444 0.615234375 0.3020833333333333 0.61328125 0.3055555555555556 0.61328125 0.3506944444444444 0.6171875 0.3576388888888889 0.6171875 0.3645833333333333 0.607421875 0.3854166666666667 0.6015625 0.3854166666666667 0.609375 0.3611111111111111 0.609375 0.3472222222222222 0.59375 0.3159722222222222 0.59375 0.2534722222222222 0.599609375 0.23958333333333334 0.599609375 0.2222222222222222 0.6015625 0.21875
2 0.515625 0.3541666666666667 0.517578125 0.3576388888888889 0.517578125 0.3680555555555556 0.52734375 0.3958333333333333 0.52734375 0.40625 0.529296875 0.4097222222222222 0.529296875 0.4340277777777778 0.515625 0.4340277777777778 0.509765625 0.4479166666666667 0.5078125 0.4444444444444444 0.5078125 0.4305555555555556 0.501953125 0.4097222222222222 0.49609375 0.4027777777777778 0.49609375 0.3958333333333333 0.494140625 0.3923611111111111 0.50390625 0.3715277777777778 0.50390625 0.3611111111111111 0.5078125 0.3541666666666667 0.513671875 0.3541666666666667
2 0.396484375 0.052083333333333336 0.41015625 0.034722222222222224 0.416015625 0.034722222222222224 0.419921875 0.041666666666666664 0.419921875 0.04861111111111111 0.42578125 0.05555555555555555 0.42578125 0.125 0.416015625 0.1388888888888889 0.4140625 0.16666666666666666 0.41015625 0.17708333333333334 0.408203125 0.2013888888888889 0.40625 0.2048611111111111 0.40234375 0.2048611111111111 0.400390625 0.2013888888888889 0.40234375 0.18055555555555555 0.404296875 0.17708333333333334 0.404296875 0.16319444444444445 0.40625 0.1597222222222222 0.40625 0.1423611111111111 0.400390625 0.13541666666666666 0.39453125 0.14930555555555555 0.390625 0.14930555555555555 0.390625 0.11458333333333333 0.38671875 0.10416666666666667 0.38671875 0.08333333333333333 0.396484375 0.05555555555555555
2 0.9921875 0.06944444444444445 0.994140625 0.0763888888888889 0.994140625 0.08680555555555555 0.998046875 0.09375 0.998046875 0.15625 0.99609375 0.1597222222222222 0.99609375 0.1736111111111111 0.9921875 0.1875 0.990234375 0.21180555555555555 0.98046875 0.2465277777777778 0.9765625 0.2465277777777778 0.9765625 0.2361111111111111 0.98046875 0.22916666666666666 0.982421875 0.19444444444444445 0.9765625 0.18055555555555555 0.9765625 0.1527777777777778 0.96875 0.13194444444444445 0.96875 0.11458333333333333 0.97265625 0.10416666666666667 0.97265625 0.09375 0.978515625 0.08680555555555555 0.98046875 0.0763888888888889 0.984375 0.06944444444444445 0.990234375 0.06944444444444445
2 0.44921875 0.3472222222222222 0.458984375 0.3472222222222222 0.46484375 0.3576388888888889 0.46484375 0.3645833333333333 0.46875 0.3715277777777778 0.4765625 0.375 0.48046875 0.3854166666666667 0.486328125 0.3888888888888889 0.490234375 0.3958333333333333 0.490234375 0.4097222222222222 0.486328125 0.4201388888888889 0.486328125 0.4340277777777778 0.482421875 0.4409722222222222 0.482421875 0.4479166666666667 0.48046875 0.4513888888888889 0.48046875 0.4618055555555556 0.484375 0.4791666666666667 0.49609375 0.4965277777777778 0.49609375 0.5138888888888888 0.494140625 0.5138888888888888 0.474609375 0.4895833333333333 0.47265625 0.4722222222222222 0.46875 0.4652777777777778 0.4609375 0.4652777777777778 0.451171875 0.4791666666666667 0.451171875 0.4861111111111111 0.455078125 0.5 0.455078125 0.5104166666666666 0.453125 0.5173611111111112 0.44921875 0.5208333333333334 0.447265625 0.5173611111111112 0.4453125 0.5 0.439453125 0.4826388888888889 0.439453125 0.46875 0.443359375 0.4548611111111111 0.45703125 0.4305555555555556 0.45703125 0.4201388888888889 0.44921875 0.4027777777777778 0.44921875 0.3819444444444444 0.447265625 0.3784722222222222 0.447265625 0.3541666666666667 0.44921875 0.3506944444444444
2 0.458984375 0.2916666666666667 0.462890625 0.2881944444444444 0.46875 0.2881944444444444 0.474609375 0.2951388888888889 0.4765625 0.3020833333333333 0.474609375 0.3159722222222222 0.478515625 0.3263888888888889 0.478515625 0.3333333333333333 0.482421875 0.3402777777777778 0.490234375 0.3680555555555556 0.490234375 0.3784722222222222 0.48828125 0.3854166666666667 0.482421875 0.3854166666666667 0.474609375 0.3715277777777778 0.470703125 0.3715277777777778 0.466796875 0.3645833333333333 0.466796875 0.3576388888888889 0.45703125 0.3402777777777778 0.45703125 0.3020833333333333 0.458984375 0.2951388888888889
2 0.515625 0.4409722222222222 0.521484375 0.4513888888888889 0.525390625 0.4513888888888889 0.52734375 0.4548611111111111 0.52734375 0.4722222222222222 0.529296875 0.4756944444444444 0.533203125 0.4756944444444444 0.53515625 0.4722222222222222 0.53515625 0.4791666666666667 0.541015625 0.4930555555555556 0.541015625 0.5034722222222222 0.546875 0.5208333333333334 0.546875 0.5277777777777778 0.55078125 0.5416666666666666 0.55078125 0.5590277777777778 0.548828125 0.5625 0.544921875 0.6006944444444444 0.572265625 0.6354166666666666 0.5703125 0.6423611111111112 0.556640625 0.6458333333333334 0.556640625 0.6388888888888888 0.55859375 0.6354166666666666 0.548828125 0.6215277777777778 0.544921875 0.6215277777777778 0.541015625 0.6145833333333334 0.529296875 0.6145833333333334 0.52734375 0.6180555555555556 0.52734375 0.6388888888888888 0.525390625 0.6423611111111112 0.525390625 0.6493055555555556 0.52734375 0.6527777777777778 0.52734375 0.6701388888888888 0.525390625 0.6736111111111112 0.51171875 0.6701388888888888 0.51171875 0.6666666666666666 0.51953125 0.65625 0.517578125 0.6076388888888888 0.5234375 0.5868055555555556 0.525390625 0.5694444444444444 0.529296875 0.5625 0.52734375 0.5416666666666666 0.521484375 0.53125 0.51953125 0.53125 0.513671875 0.5173611111111112 0.509765625 0.5173611111111112 0.509765625 0.5 0.5078125 0.4965277777777778 0.517578125 0.4756944444444444 0.51171875 0.4618055555555556 0.51171875 0.4513888888888889 0.515625 0.4444444444444444
2 0.48828125 0.21875 0.494140625 0.2326388888888889 0.49609375 0.2569444444444444 0.490234375 0.2708333333333333 0.490234375 0.2881944444444444 0.4921875 0.2916666666666667 0.486328125 0.2986111111111111 0.486328125 0.34375 0.484375 0.34375 0.48046875 0.3368055555555556 0.48046875 0.3298611111111111 0.4765625 0.3263888888888889 0.4765625 0.3194444444444444 0.474609375 0.3159722222222222 0.4765625 0.3125 0.4765625 0.2986111111111111 0.470703125 0.2881944444444444 0.462890625 0.2881944444444444 0.45703125 0.2986111111111111 0.45703125 0.2777777777777778 0.46875 0.2604166666666667 0.470703125 0.2465277777777778 0.4765625 0.2326388888888889 0.4765625 0.2222222222222222 0.482421875 0.2152777777777778 0.486328125 0.21875
2 0.453125 0.3020833333333333 0.453125 0.2743055555555556 0.44921875 0.2569444444444444 0.443359375 0.2465277777777778 0.4453125 0.23958333333333334 0.4453125 0.21875 0.44921875 0.21180555555555555 0.44921875 0.2013888888888889 0.455078125 0.1909722222222222 0.4609375 0.1909722222222222 0.46484375 0.19791666666666666 0.46484375 0.20833333333333334 0.46875 0.2152777777777778 0.47265625 0.2152777777777778 0.474609375 0.21875 0.474609375 0.2361111111111111 0.470703125 0.2465277777777778 0.470703125 0.2534722222222222 0.466796875 0.2638888888888889 0.45703125 0.2777777777777778 0.455078125 0.3020833333333333 0.453125 0.3055555555555556
2 0.525390625 0.2638888888888889 0.529296875 0.2743055555555556 0.53515625 0.2743055555555556 0.537109375 0.2777777777777778 0.552734375 0.2777777777777778 0.5546875 0.2847222222222222 0.55078125 0.3020833333333333 0.544921875 0.3020833333333333 0.5390625 0.2951388888888889 0.529296875 0.3229166666666667 0.529296875 0.3333333333333333 0.52734375 0.3368055555555556 0.52734375 0.34375 0.529296875 0.3472222222222222 0.529296875 0.3923611111111111 0.5234375 0.3819444444444444 0.51953125 0.3715277777777778 0.51953125 0.3611111111111111 0.513671875 0.3506944444444444 0.5078125 0.3506944444444444 0.501953125 0.3611111111111111 0.5 0.3611111111111111 0.494140625 0.3472222222222222 0.49609375 0.3402777777777778 0.49609375 0.3298611111111111 0.498046875 0.3263888888888889 0.498046875 0.3159722222222222 0.5 0.3125 0.5 0.3055555555555556 0.498046875 0.3020833333333333 0.5 0.2881944444444444 0.509765625 0.2777777777777778 0.515625 0.2604166666666667 0.521484375 0.2604166666666667 0.5234375 0.2638888888888889
2 0.517578125 0.5208333333333334 0.51953125 0.5243055555555556 0.51953125 0.53125 0.5234375 0.5347222222222222 0.52734375 0.5451388888888888 0.52734375 0.5625 0.5234375 0.5694444444444444 0.51953125 0.5694444444444444 0.51171875 0.5625 0.50390625 0.5381944444444444 0.50390625 0.5138888888888888 0.501953125 0.5104166666666666 0.501953125 0.4861111111111111 0.5 0.4826388888888889 0.501953125 0.46875 0.509765625 0.4548611111111111 0.51171875 0.4409722222222222 0.517578125 0.4340277777777778 0.52734375 0.4340277777777778 0.533203125 0.4444444444444444 0.533203125 0.4583333333333333 0.5390625 0.4756944444444444 0.5390625 0.4826388888888889 0.54296875 0.4965277777777778 0.541015625 0.4965277777777778 0.53125 0.4756944444444444 0.52734375 0.4756944444444444 0.51953125 0.4930555555555556 0.515625 0.4930555555555556 0.51171875 0.5 0.51171875 0.5138888888888888 0.515625 0.5208333333333334
2 0.2578125 0.2673611111111111 0.26953125 0.2604166666666667 0.271484375 0.2534722222222222 0.27734375 0.2465277777777778 0.283203125 0.2465277777777778 0.287109375 0.2569444444444444 0.287109375 0.2638888888888889 0.291015625 0.2708333333333333 0.296875 0.2777777777777778 0.3046875 0.2777777777777778 0.314453125 0.2847222222222222 0.3203125 0.3020833333333333 0.3203125 0.3055555555555556 0.31640625 0.3055555555555556 0.3046875 0.2951388888888889 0.296875 0.2951388888888889 0.291015625 0.3020833333333333 0.291015625 0.3194444444444444 0.2890625 0.3229166666666667 0.291015625 0.3333333333333333 0.2890625 0.3368055555555556 0.291015625 0.3402777777777778 0.291015625 0.3645833333333333 0.29296875 0.3680555555555556 0.291015625 0.3715277777777778 0.291015625 0.3854166666666667 0.283203125 0.4027777777777778 0.283203125 0.4201388888888889 0.28125 0.4270833333333333 0.27734375 0.4305555555555556 0.275390625 0.4270833333333333 0.275390625 0.3993055555555556 0.279296875 0.3854166666666667 0.279296875 0.3715277777777778 0.275390625 0.3645833333333333 0.271484375 0.3645833333333333 0.267578125 0.375 0.265625 0.3715277777777778 0.265625 0.3680555555555556 0.2578125 0.3541666666666667 0.2578125 0.3472222222222222 0.255859375 0.34375 0.255859375 0.3125 0.25390625 0.3090277777777778 0.248046875 0.3090277777777778 0.24609375 0.3020833333333333 0.24609375 0.2916666666666667 0.25 0.2881944444444444 0.2578125 0.2708333333333333