0 0.392578125 0.6215277777777778 0.396484375 0.6354166666666666 0.39453125 0.6354166666666666 0.38671875 0.6493055555555556 0.37890625 0.6458333333333334 0.373046875 0.6354166666666666 0.373046875 0.6284722222222222 0.37890625 0.6180555555555556 0.388671875 0.6180555555555556 0.390625 0.6215277777777778
0 0.9177083333333333 0.23055555555555557 0.022916666666666665 0.02037037037037037
0 0.2734375 0.034722222222222224 0.27734375 0.03819444444444445 0.27734375 0.059027777777777776 0.2734375 0.0625 0.265625 0.0625 0.26171875 0.059027777777777776 0.26171875 0.03819444444444445 0.265625 0.034722222222222224 0.271484375 0.034722222222222224
0 0.96875 0.5416666666666666 0.982421875 0.5416666666666666 0.986328125 0.5486111111111112 0.986328125 0.5590277777777778 0.982421875 0.5659722222222222 0.978515625 0.5694444444444444 0.96875 0.5694444444444444 0.966796875 0.5659722222222222 0.966796875 0.5486111111111112 0.96875 0.5451388888888888
0 0.17578125 0.53125 0.177734375 0.5347222222222222 0.177734375 0.5416666666666666 0.173828125 0.5486111111111112 0.16015625 0.5486111111111112 0.158203125 0.5451388888888888 0.158203125 0.5347222222222222 0.162109375 0.5277777777777778 0.171875 0.5277777777777778 0.173828125 0.53125
0 0.681640625 0.1736111111111111 0.6953125 0.1736111111111111 0.697265625 0.17708333333333334 0.697265625 0.1875 0.6953125 0.1909722222222222 0.68359375 0.1909722222222222 0.681640625 0.1875 0.681640625 0.17708333333333334
0 0.775390625 0.1284722222222222 0.775390625 0.1423611111111111 0.76953125 0.14930555555555555 0.755859375 0.14930555555555555 0.755859375 0.13541666666666666 0.759765625 0.1284722222222222 0.7734375 0.1284722222222222
0 0.3203125 0.03819444444444445 0.32421875 0.041666666666666664 0.32421875 0.05555555555555555 0.3203125 0.059027777777777776 0.314453125 0.059027777777777776 0.310546875 0.052083333333333336 0.310546875 0.04513888888888889 0.318359375 0.03819444444444445
0 0.72890625 0.18564814814814815 0.019270833333333334 0.025
0 0.287109375 0.4791666666666667 0.291015625 0.4826388888888889 0.291015625 0.4895833333333333 0.28515625 0.4965277777777778 0.271484375 0.4965277777777778 0.271484375 0.4826388888888889 0.275390625 0.4791666666666667 0.28515625 0.4791666666666667
0 0.8606770833333334 0.26944444444444443 0.0171875 0.022222222222222223
0 0.70703125 0.5590277777777778 0.712890625 0.5659722222222222 0.712890625 0.5798611111111112 0.708984375 0.5833333333333334 0.69921875 0.5833333333333334 0.697265625 0.5798611111111112 0.701171875 0.5625 0.705078125 0.5590277777777778
1 0.390625 0.6388888888888888 0.40234375 0.6388888888888888 0.408203125 0.6458333333333334 0.41015625 0.6527777777777778 0.41015625 0.6736111111111112 0.412109375 0.6770833333333334 0.412109375 0.6875 0.41015625 0.6909722222222222 0.408203125 0.7083333333333334 0.40234375 0.7083333333333334 0.400390625 0.7048611111111112 0.3828125 0.7048611111111112 0.380859375 0.7013888888888888 0.380859375 0.6909722222222222 0.37890625 0.6840277777777778 0.37109375 0.6736111111111112 0.369140625 0.6597222222222222 0.373046875 0.6527777777777778 0.384765625 0.6527777777777778 0.390625 0.6423611111111112
1 0.734375 0.2013888888888889 0.73828125 0.2048611111111111 0.740234375 0.21180555555555555 0.740234375 0.21875 0.73828125 0.2222222222222222 0.73828125 0.24305555555555555 0.740234375 0.2465277777777778 0.740234375 0.2534722222222222 0.734375 0.2604166666666667 0.716796875 0.2604166666666667 0.703125 0.22569444444444445 0.70703125 0.2152777777777778 0.716796875 0.2048611111111111 0.720703125 0.2048611111111111 0.72265625 0.2013888888888889 0.732421875 0.2013888888888889
1 0.283203125 0.06597222222222222 0.2890625 0.08680555555555555 0.287109375 0.09027777777777778 0.287109375 0.10069444444444445 0.279296875 0.1076388888888889 0.267578125 0.1076388888888889 0.265625 0.10416666666666667 0.26171875 0.10416666666666667 0.2578125 0.09722222222222222 0.2578125 0.06944444444444445 0.26171875 0.0625 0.279296875 0.0625 0.28125 0.06597222222222222
1 0.98828125 0.5694444444444444 0.994140625 0.5763888888888888 0.99609375 0.5833333333333334 0.99609375 0.5972222222222222 0.998046875 0.6006944444444444 0.998046875 0.6319444444444444 0.9921875 0.6319444444444444 0.990234375 0.6284722222222222 0.974609375 0.6284722222222222 0.970703125 0.6215277777777778 0.966796875 0.6215277777777778 0.958984375 0.6145833333333334 0.958984375 0.6111111111111112 0.955078125 0.6076388888888888 0.953125 0.6006944444444444 0.95703125 0.5868055555555556 0.96484375 0.5833333333333334 0.97265625 0.5729166666666666 0.986328125 0.5694444444444444
1 0.1796875 0.5416666666666666 0.185546875 0.5520833333333334 0.1875 0.5763888888888888 0.189453125 0.5798611111111112 0.1875 0.5833333333333334 0.1875 0.59375 0.18359375 0.6041666666666666 0.162109375 0.6041666666666666 0.158203125 0.5972222222222222 0.158203125 0.5902777777777778 0.15625 0.5868055555555556 0.158203125 0.5486111111111112 0.169921875 0.5486111111111112 0.177734375 0.5416666666666666
1 0.294921875 0.4965277777777778 0.298828125 0.5034722222222222 0.302734375 0.5208333333333334 0.30078125 0.5451388888888888 0.294921875 0.5520833333333334 0.27734375 0.5520833333333334 0.271484375 0.5451388888888888 0.271484375 0.5381944444444444 0.26953125 0.5347222222222222 0.26953125 0.5138888888888888 0.2734375 0.4965277777777778 0.279296875 0.4965277777777778 0.28125 0.4930555555555556 0.291015625 0.4930555555555556 0.29296875 0.4965277777777778
1 0.33203125 0.059027777777777776 0.333984375 0.0625 0.333984375 0.0763888888888889 0.33203125 0.0798611111111111 0.33203125 0.1076388888888889 0.328125 0.1111111111111111 0.3125 0.1111111111111111 0.30859375 0.1076388888888889 0.3046875 0.09722222222222222 0.302734375 0.06597222222222222 0.306640625 0.0625 0.322265625 0.0625 0.32421875 0.059027777777777776 0.330078125 0.059027777777777776
1 0.94140625 0.2638888888888889 0.943359375 0.2708333333333333 0.943359375 0.2881944444444444 0.94140625 0.2916666666666667 0.94140625 0.3159722222222222 0.939453125 0.3229166666666667 0.919921875 0.3229166666666667 0.91796875 0.3194444444444444 0.91796875 0.2951388888888889 0.916015625 0.2916666666666667 0.916015625 0.2743055555555556 0.921875 0.2638888888888889 0.939453125 0.2638888888888889
1 0.72265625 0.5694444444444444 0.73046875 0.5798611111111112 0.73828125 0.6076388888888888 0.73828125 0.6180555555555556 0.740234375 0.625 0.736328125 0.6354166666666666 0.712890625 0.6354166666666666 0.70703125 0.625 0.70703125 0.6215277777777778 0.701171875 0.6145833333333334 0.701171875 0.6076388888888888 0.69921875 0.6041666666666666 0.69921875 0.5833333333333334 0.697265625 0.5798611111111112 0.69921875 0.5694444444444444 0.701171875 0.5659722222222222 0.71875 0.5659722222222222 0.720703125 0.5694444444444444
1 0.6924479166666666 0.2175925925925926 0.0234375 0.05925925925925926
1 0.767578125 0.19444444444444445 0.783203125 0.20833333333333334 0.78515625 0.2152777777777778 0.78515625 0.22569444444444445 0.791015625 0.24305555555555555 0.791015625 0.2465277777777778 0.787109375 0.2465277777777778 0.78515625 0.25 0.771484375 0.25 0.76953125 0.2534722222222222 0.763671875 0.2534722222222222 0.7578125 0.2465277777777778 0.7578125 0.22916666666666666 0.75390625 0.2152777777777778 0.75390625 0.20833333333333334 0.759765625 0.19791666666666666 0.765625 0.19444444444444445
1 0.767578125 0.14930555555555555 0.76953125 0.1527777777777778 0.78125 0.1527777777777778 0.787109375 0.1597222222222222 0.787109375 0.1701388888888889 0.783203125 0.18055555555555555 0.783203125 0.19444444444444445 0.78125 0.2013888888888889 0.77734375 0.2013888888888889 0.76953125 0.19444444444444445 0.759765625 0.19444444444444445 0.7578125 0.18055555555555555 0.75 0.16666666666666666 0.751953125 0.1527777777777778 0.765625 0.14930555555555555
2 0.390625 0.6215277777777778 0.400390625 0.6388888888888888 0.408203125 0.6458333333333334 0.419921875 0.6701388888888888 0.43359375 0.6736111111111112 0.431640625 0.6805555555555556 0.4296875 0.6770833333333334 0.419921875 0.6770833333333334 0.41796875 0.6736111111111112 0.412109375 0.6840277777777778 0.4140625 0.6875 0.4140625 0.6979166666666666 0.419921875 0.7256944444444444 0.419921875 0.7465277777777778 0.4140625 0.7673611111111112 0.4140625 0.7916666666666666 0.412109375 0.7986111111111112 0.40625 0.7986111111111112 0.3984375 0.7847222222222222 0.3984375 0.7743055555555556 0.384765625 0.7465277777777778 0.37890625 0.71875 0.37890625 0.6909722222222222 0.369140625 0.6701388888888888 0.369140625 0.6597222222222222 0.376953125 0.6458333333333334 0.375 0.6388888888888888 0.375 0.625 0.380859375 0.6180555555555556 0.38671875 0.6180555555555556 0.388671875 0.6215277777777778
2 0.982421875 0.5416666666666666 0.986328125 0.5520833333333334 0.986328125 0.5659722222222222 0.990234375 0.5694444444444444 0.99609375 0.5833333333333334 0.99609375 0.6006944444444444 0.998046875 0.6041666666666666 0.998046875 0.6770833333333334 0.994140625 0.6840277777777778 0.994140625 0.6979166666666666 0.99609375 0.7013888888888888 0.99609375 0.7118055555555556 0.998046875 0.71875 0.990234375 0.71875 0.986328125 0.7152777777777778 0.9765625 0.6979166666666666 0.974609375 0.6770833333333334 0.96875 0.6631944444444444 0.966796875 0.6284722222222222 0.955078125 0.6076388888888888 0.953125 0.6076388888888888 0.953125 0.59375 0.95703125 0.5798611111111112 0.96484375 0.5729166666666666 0.96484375 0.5625 0.96875 0.5520833333333334 0.96875 0.5451388888888888 0.970703125 0.5416666666666666 0.98046875 0.5416666666666666
2 0.732421875 0.17708333333333334 0.7421875 0.21180555555555555 0.740234375 0.2465277777777778 0.744140625 0.2569444444444444 0.744140625 0.2673611111111111 0.74609375 0.2708333333333333 0.744140625 0.2743055555555556 0.744140625 0.2916666666666667 0.74609375 0.2986111111111111 0.7578125 0.3159722222222222 0.7578125 0.3229166666666667 0.748046875 0.3229166666666667 0.7421875 0.3090277777777778 0.732421875 0.3020833333333333 0.72265625 0.3194444444444444 0.724609375 0.3333333333333333 0.73046875 0.34375 0.73046875 0.3541666666666667 0.732421875 0.3611111111111111 0.728515625 0.3680555555555556 0.724609375 0.3680555555555556 0.72265625 0.3715277777777778 0.716796875 0.3715277777777778 0.71484375 0.3680555555555556 0.716796875 0.3645833333333333 0.71484375 0.3402777777777778 0.70703125 0.3229166666666667 0.70703125 0.3020833333333333 0.708984375 0.2986111111111111 0.708984375 0.28125 0.7109375 0.2777777777777778 0.7109375 0.2638888888888889 0.712890625 0.2604166666666667 0.703125 0.2222222222222222 0.708984375 0.20833333333333334 0.70703125 0.19444444444444445 0.7109375 0.1875 0.71875 0.1875 0.73046875 0.17708333333333334
2 0.26171875 0.03819444444444445 0.265625 0.034722222222222224 0.271484375 0.034722222222222224 0.275390625 0.03819444444444445 0.279296875 0.05555555555555555 0.2890625 0.0798611111111111 0.2890625 0.09375 0.283203125 0.11458333333333333 0.283203125 0.13194444444444445 0.279296875 0.1388888888888889 0.2734375 0.1388888888888889 0.267578125 0.1284722222222222 0.263671875 0.1111111111111111 0.255859375 0.09722222222222222 0.255859375 0.0798611111111111 0.2578125 0.0763888888888889 0.2578125 0.06597222222222222 0.259765625 0.0625 0.26171875 0.041666666666666664
2 0.171875 0.5277777777777778 0.181640625 0.5381944444444444 0.1875 0.5555555555555556 0.1875 0.5659722222222222 0.189453125 0.5694444444444444 0.189453125 0.59375 0.185546875 0.6041666666666666 0.18359375 0.6284722222222222 0.181640625 0.6319444444444444 0.181640625 0.6493055555555556 0.18359375 0.6527777777777778 0.18359375 0.6666666666666666 0.181640625 0.6701388888888888 0.173828125 0.6701388888888888 0.169921875 0.6631944444444444 0.1640625 0.6423611111111112 0.162109375 0.6145833333333334 0.15625 0.59375 0.15625 0.5486111111111112 0.158203125 0.5451388888888888 0.158203125 0.5347222222222222 0.1640625 0.5277777777777778 0.169921875 0.5277777777777778
2 0.28515625 0.4791666666666667 0.287109375 0.4826388888888889 0.291015625 0.4826388888888889 0.291015625 0.4861111111111111 0.298828125 0.5 0.3046875 0.5277777777777778 0.302734375 0.5347222222222222 0.302734375 0.5451388888888888 0.30078125 0.5486111111111112 0.30078125 0.5763888888888888 0.302734375 0.5798611111111112 0.302734375 0.5902777777777778 0.30859375 0.6076388888888888 0.30859375 0.6180555555555556 0.30078125 0.6180555555555556 0.2890625 0.6006944444444444 0.2890625 0.5972222222222222 0.283203125 0.5868055555555556 0.283203125 0.5798611111111112 0.279296875 0.5659722222222222 0.26953125 0.5451388888888888 0.26953125 0.4965277777777778 0.271484375 0.4930555555555556 0.271484375 0.4826388888888889 0.283203125 0.4791666666666667
2 0.876953125 0.2569444444444444 0.880859375 0.2604166666666667 0.880859375 0.2708333333333333 0.87109375 0.2986111111111111 0.87109375 0.3159722222222222 0.869140625 0.3194444444444444 0.87109375 0.3229166666666667 0.87109375 0.3298611111111111 0.865234375 0.3402777777777778 0.865234375 0.3715277777777778 0.86328125 0.375 0.86328125 0.3819444444444444 0.857421875 0.3888888888888889 0.845703125 0.3888888888888889 0.84375 0.3923611111111111 0.8359375 0.3923611111111111 0.826171875 0.3854166666666667 0.830078125 0.3819444444444444 0.84375 0.3541666666666667 0.84375 0.2881944444444444 0.84765625 0.28125 0.849609375 0.2743055555555556 0.849609375 0.2638888888888889 0.8515625 0.2604166666666667 0.87109375 0.2604166666666667 0.875 0.2569444444444444
2 0.3125 0.041666666666666664 0.322265625 0.041666666666666664 0.32421875 0.04513888888888889 0.32421875 0.052083333333333336 0.328125 0.059027777777777776 0.3359375 0.0625 0.33203125 0.08680555555555555 0.3359375 0.09375 0.341796875 0.09375 0.345703125 0.10069444444444445 0.345703125 0.10416666666666667 0.33984375 0.10416666666666667 0.333984375 0.1111111111111111 0.333984375 0.11805555555555555 0.3359375 0.12152777777777778 0.3359375 0.14583333333333334 0.326171875 0.1597222222222222 0.326171875 0.1840277777777778 0.330078125 0.1909722222222222 0.333984375 0.1909722222222222 0.333984375 0.2013888888888889 0.328125 0.2013888888888889 0.32421875 0.19444444444444445 0.3203125 0.1597222222222222 0.3125 0.14583333333333334 0.310546875 0.14583333333333334 0.310546875 0.1388888888888889 0.30859375 0.13541666666666666 0.30859375 0.11805555555555555 0.3046875 0.10069444444444445 0.302734375 0.06597222222222222 0.310546875 0.05555555555555555 0.310546875 0.04861111111111111 0.3125 0.04513888888888889
2 0.8984375 0.3611111111111111 0.896484375 0.3472222222222222 0.900390625 0.3333333333333333 0.908203125 0.3229166666666667 0.908203125 0.3020833333333333 0.91015625 0.2986111111111111 0.90625 0.2916666666666667 0.90625 0.28125 0.9140625 0.2569444444444444 0.912109375 0.25 0.921875 0.2361111111111111 0.92578125 0.2361111111111111 0.927734375 0.2326388888888889 0.935546875 0.2361111111111111 0.9375 0.25 0.943359375 0.2673611111111111 0.943359375 0.2916666666666667 0.94140625 0.2951388888888889 0.94140625 0.3159722222222222 0.939453125 0.3194444444444444 0.939453125 0.3263888888888889 0.943359375 0.3368055555555556 0.9453125 0.3645833333333333 0.947265625 0.3680555555555556 0.947265625 0.3784722222222222 0.94921875 0.3819444444444444 0.951171875 0.3993055555555556 0.9609375 0.4236111111111111 0.958984375 0.4270833333333333 0.94921875 0.4270833333333333 0.9453125 0.4201388888888889 0.9453125 0.4027777777777778 0.943359375 0.3958333333333333 0.92578125 0.3680555555555556 0.921875 0.3645833333333333 0.90234375 0.3645833333333333 0.900390625 0.3611111111111111
2 0.720703125 0.5659722222222222 0.73046875 0.5798611111111112 0.740234375 0.6180555555555556 0.740234375 0.6319444444444444 0.73828125 0.6354166666666666 0.73828125 0.6701388888888888 0.724609375 0.6909722222222222 0.73046875 0.6979166666666666 0.724609375 0.6979166666666666 0.720703125 0.6944444444444444 0.703125 0.6597222222222222 0.705078125 0.6284722222222222 0.69921875 0.6111111111111112 0.697265625 0.5694444444444444 0.703125 0.5625 0.712890625 0.5625 0.71484375 0.5659722222222222 0.71875 0.5659722222222222
2 0.697265625 0.17708333333333334 0.697265625 0.18055555555555555 0.705078125 0.19444444444444445 0.705078125 0.21180555555555555 0.701171875 0.2222222222222222 0.701171875 0.22916666666666666 0.708984375 0.25 0.708984375 0.2708333333333333 0.705078125 0.2847222222222222 0.705078125 0.2951388888888889 0.701171875 0.3020833333333333 0.693359375 0.2951388888888889 0.689453125 0.2951388888888889 0.677734375 0.3125 0.67578125 0.3229166666666667 0.669921875 0.3229166666666667 0.66796875 0.3125 0.671875 0.2986111111111111 0.67578125 0.2951388888888889 0.681640625 0.2777777777777778 0.681640625 0.2638888888888889 0.6796875 0.2604166666666667 0.6796875 0.24305555555555555 0.681640625 0.23958333333333334 0.681640625 0.2152777777777778 0.6796875 0.21180555555555555 0.6796875 0.2013888888888889 0.681640625 0.19791666666666666 0.681640625 0.17708333333333334 0.68359375 0.1736111111111111 0.693359375 0.1736111111111111 0.6953125 0.17708333333333334
2 0.767578125 0.1909722222222222 0.77734375 0.19791666666666666 0.787109375 0.21180555555555555 0.791015625 0.23958333333333334 0.798828125 0.2569444444444444 0.798828125 0.2673611111111111 0.802734375 0.28125 0.818359375 0.3125 0.81640625 0.3194444444444444 0.80859375 0.3194444444444444 0.8046875 0.3159722222222222 0.794921875 0.2951388888888889 0.791015625 0.2916666666666667 0.77734375 0.2916666666666667 0.771484375 0.3020833333333333 0.771484375 0.3194444444444444 0.775390625 0.3298611111111111 0.775390625 0.3333333333333333 0.771484375 0.3368055555555556 0.759765625 0.3368055555555556 0.7578125 0.3333333333333333 0.7578125 0.3263888888888889 0.759765625 0.3263888888888889 0.763671875 0.3159722222222222 0.751953125 0.2847222222222222 0.755859375 0.2743055555555556 0.755859375 0.2604166666666667 0.7578125 0.2569444444444444 0.7578125 0.23958333333333334 0.75390625 0.2222222222222222 0.75390625 0.2048611111111111 0.759765625 0.19444444444444445 0.765625 0.1909722222222222
2 0.7734375 0.1284722222222222 0.775390625 0.13194444444444445 0.775390625 0.14583333333333334 0.787109375 0.1597222222222222 0.787109375 0.1736111111111111 0.783203125 0.18055555555555555 0.783203125 0.2048611111111111 0.76953125 0.19444444444444445 0.759765625 0.19444444444444445 0.7578125 0.19791666666666666 0.75390625 0.19791666666666666 0.751953125 0.19444444444444445 0.75 0.1527777777777778 0.755859375 0.1423611111111111 0.755859375 0.13541666666666666 0.7578125 0.13194444444444445 0.76171875 0.1284722222222222 0.771484375 0.1284722222222222