0 0.845703125 0.14930555555555555 0.84765625 0.15625 0.84765625 0.1736111111111111 0.84375 0.1840277777777778 0.8359375 0.1840277777777778 0.830078125 0.1736111111111111 0.83203125 0.1597222222222222 0.837890625 0.14930555555555555 0.84375 0.14930555555555555
0 0.171875 0.2326388888888889 0.17578125 0.22916666666666666 0.185546875 0.22916666666666666 0.189453125 0.23958333333333334 0.189453125 0.2638888888888889 0.18359375 0.2638888888888889 0.181640625 0.2604166666666667 0.17578125 0.2604166666666667 0.171875 0.2569444444444444 0.171875 0.2361111111111111
0 0.544921875 0.4375 0.548828125 0.4444444444444444 0.55078125 0.4583333333333333 0.548828125 0.4652777777777778 0.5390625 0.4791666666666667 0.53515625 0.4791666666666667 0.529296875 0.4722222222222222 0.529296875 0.4513888888888889 0.533203125 0.4409722222222222 0.537109375 0.4375 0.54296875 0.4375
0 0.447265625 0.4270833333333333 0.453125 0.4340277777777778 0.453125 0.4409722222222222 0.45703125 0.4513888888888889 0.45703125 0.4548611111111111 0.451171875 0.4618055555555556 0.443359375 0.4583333333333333 0.4375 0.4375 0.4375 0.4305555555555556 0.4453125 0.4270833333333333
0 0.404296875 0.5173611111111112 0.40234375 0.5104166666666666 0.40234375 0.4965277777777778 0.408203125 0.4826388888888889 0.41796875 0.4826388888888889 0.423828125 0.4930555555555556 0.423828125 0.5034722222222222 0.42578125 0.5104166666666666 0.41796875 0.5208333333333334 0.408203125 0.5208333333333334 0.40625 0.5173611111111112
0 0.501953125 0.3298611111111111 0.509765625 0.3402777777777778 0.509765625 0.3472222222222222 0.501953125 0.3472222222222222 0.48828125 0.3576388888888889 0.48828125 0.3472222222222222 0.490234375 0.3402777777777778 0.494140625 0.3333333333333333 0.5 0.3298611111111111
0 0.384765625 0.3159722222222222 0.38671875 0.3194444444444444 0.38671875 0.3368055555555556 0.373046875 0.3333333333333333 0.373046875 0.3229166666666667 0.376953125 0.3159722222222222 0.3828125 0.3159722222222222
0 0.359375 0.09375 0.36328125 0.10416666666666667 0.36328125 0.125 0.357421875 0.13194444444444445 0.3515625 0.1284722222222222 0.34765625 0.11458333333333333 0.34765625 0.10416666666666667 0.349609375 0.09722222222222222 0.3515625 0.09375 0.357421875 0.09375
0 0.390625 0.4826388888888889 0.388671875 0.4756944444444444 0.390625 0.4652777777777778 0.39453125 0.4583333333333333 0.3984375 0.4583333333333333 0.400390625 0.4548611111111111 0.408203125 0.4583333333333333 0.41015625 0.4652777777777778 0.41015625 0.4791666666666667 0.400390625 0.4930555555555556 0.392578125 0.4826388888888889
0 0.30078125 0.2222222222222222 0.3046875 0.21875 0.310546875 0.21875 0.31640625 0.2326388888888889 0.31640625 0.25 0.314453125 0.2569444444444444 0.306640625 0.2569444444444444 0.302734375 0.2534722222222222 0.298828125 0.24305555555555555 0.298828125 0.22916666666666666 0.30078125 0.22569444444444445
0 0.419921875 0.3715277777777778 0.421875 0.3784722222222222 0.419921875 0.3958333333333333 0.41015625 0.3958333333333333 0.40234375 0.3888888888888889 0.404296875 0.3784722222222222 0.408203125 0.3715277777777778 0.41796875 0.3715277777777778
0 0.431640625 0.3541666666666667 0.435546875 0.3645833333333333 0.431640625 0.3645833333333333 0.423828125 0.3715277777777778 0.419921875 0.3680555555555556 0.419921875 0.3611111111111111 0.423828125 0.3541666666666667 0.4296875 0.3541666666666667
0 0.5127604166666666 0.3625 0.0109375 0.025
0 0.380859375 0.4166666666666667 0.38671875 0.4270833333333333 0.38671875 0.4513888888888889 0.384765625 0.4548611111111111 0.373046875 0.4548611111111111 0.369140625 0.4444444444444444 0.369140625 0.4340277777777778 0.3671875 0.4270833333333333 0.373046875 0.4166666666666667 0.37890625 0.4166666666666667
0 0.490234375 0.3715277777777778 0.4921875 0.375 0.49609375 0.375 0.498046875 0.3819444444444444 0.498046875 0.4097222222222222 0.49609375 0.4131944444444444 0.490234375 0.4131944444444444 0.484375 0.40625 0.484375 0.4027777777777778 0.478515625 0.3923611111111111 0.48046875 0.3784722222222222 0.48828125 0.3715277777777778
0 0.259765625 0.2951388888888889 0.263671875 0.3020833333333333 0.263671875 0.3125 0.265625 0.3159722222222222 0.265625 0.3263888888888889 0.259765625 0.3333333333333333 0.25 0.3298611111111111 0.244140625 0.3159722222222222 0.24609375 0.2986111111111111 0.25390625 0.2916666666666667 0.2578125 0.2951388888888889
0 0.134765625 0.9548611111111112 0.140625 0.96875 0.140625 0.9791666666666666 0.13671875 0.9895833333333334 0.12890625 0.9895833333333334 0.125 0.9826388888888888 0.12109375 0.9826388888888888 0.119140625 0.9791666666666666 0.119140625 0.9618055555555556 0.123046875 0.9548611111111112 0.1328125 0.9548611111111112
0 0.435546875 0.3645833333333333 0.443359375 0.375 0.443359375 0.3888888888888889 0.439453125 0.4027777777777778 0.43359375 0.4097222222222222 0.4296875 0.40625 0.421875 0.3888888888888889 0.421875 0.375 0.427734375 0.3680555555555556 0.43359375 0.3680555555555556
0 0.439453125 0.2534722222222222 0.443359375 0.2638888888888889 0.443359375 0.2881944444444444 0.439453125 0.2916666666666667 0.43359375 0.2916666666666667 0.4296875 0.2881944444444444 0.42578125 0.2777777777777778 0.42578125 0.2673611111111111 0.427734375 0.2604166666666667 0.431640625 0.2534722222222222 0.4375 0.2534722222222222
0 0.505859375 0.3333333333333333 0.509765625 0.3402777777777778 0.51171875 0.3576388888888889 0.50390625 0.3680555555555556 0.4921875 0.3680555555555556 0.48828125 0.3611111111111111 0.48828125 0.3472222222222222 0.490234375 0.3402777777777778 0.494140625 0.3333333333333333 0.50390625 0.3333333333333333
0 0.529296875 0.22916666666666666 0.537109375 0.2361111111111111 0.537109375 0.2465277777777778 0.5390625 0.25 0.537109375 0.2604166666666667 0.53125 0.2708333333333333 0.52734375 0.2708333333333333 0.521484375 0.2604166666666667 0.521484375 0.23958333333333334 0.52734375 0.2326388888888889
0 0.369140625 0.2986111111111111 0.376953125 0.3159722222222222 0.375 0.3194444444444444 0.375 0.3298611111111111 0.373046875 0.3368055555555556 0.3671875 0.34375 0.35546875 0.3298611111111111 0.357421875 0.3055555555555556 0.361328125 0.2986111111111111 0.3671875 0.2986111111111111
1 0.849609375 0.1736111111111111 0.853515625 0.17708333333333334 0.85546875 0.1840277777777778 0.85546875 0.19791666666666666 0.849609375 0.20833333333333334 0.849609375 0.2152777777777778 0.845703125 0.22916666666666666 0.84765625 0.2326388888888889 0.845703125 0.23958333333333334 0.845703125 0.25 0.8359375 0.2569444444444444 0.82421875 0.2569444444444444 0.8203125 0.2534722222222222 0.8203125 0.2465277777777778 0.82421875 0.2361111111111111 0.818359375 0.22569444444444445 0.81640625 0.22569444444444445 0.814453125 0.21180555555555555 0.818359375 0.2013888888888889 0.818359375 0.1909722222222222 0.82421875 0.17708333333333334 0.830078125 0.17708333333333334 0.8359375 0.1875 0.841796875 0.1875 0.84765625 0.17708333333333334
1 0.17578125 0.2604166666666667 0.177734375 0.2638888888888889 0.185546875 0.2638888888888889 0.19140625 0.2708333333333333 0.189453125 0.3090277777777778 0.185546875 0.3194444444444444 0.185546875 0.3402777777777778 0.1796875 0.3472222222222222 0.177734375 0.3472222222222222 0.177734375 0.3402777777777778 0.171875 0.3333333333333333 0.16015625 0.3090277777777778 0.162109375 0.2986111111111111 0.16796875 0.2881944444444444 0.16796875 0.28125 0.166015625 0.2777777777777778 0.158203125 0.2777777777777778 0.158203125 0.2708333333333333 0.1640625 0.2604166666666667 0.173828125 0.2604166666666667
1 0.55859375 0.4618055555555556 0.564453125 0.4722222222222222 0.560546875 0.4895833333333333 0.56640625 0.5 0.568359375 0.5 0.572265625 0.5104166666666666 0.572265625 0.5208333333333334 0.568359375 0.5208333333333334 0.56640625 0.5243055555555556 0.5546875 0.5243055555555556 0.552734375 0.5277777777777778 0.544921875 0.5277777777777778 0.544921875 0.5173611111111112 0.53125 0.4895833333333333 0.53125 0.4791666666666667 0.541015625 0.4791666666666667 0.552734375 0.4583333333333333 0.556640625 0.4618055555555556
1 0.384765625 0.5243055555555556 0.38671875 0.5104166666666666 0.390625 0.5034722222222222 0.38671875 0.4930555555555556 0.380859375 0.4930555555555556 0.37890625 0.4965277777777778 0.37890625 0.5034722222222222 0.375 0.5104166666666666 0.375 0.5347222222222222 0.38671875 0.5486111111111112 0.380859375 0.5729166666666666 0.376953125 0.5729166666666666 0.37109375 0.5798611111111112 0.36328125 0.5798611111111112 0.35546875 0.5659722222222222 0.35546875 0.5590277777777778 0.36328125 0.5451388888888888 0.369140625 0.5104166666666666 0.380859375 0.4826388888888889 0.38671875 0.4826388888888889 0.388671875 0.4861111111111111 0.388671875 0.4930555555555556 0.39453125 0.5104166666666666 0.39453125 0.5173611111111112 0.384765625 0.5277777777777778
1 0.443359375 0.3715277777777778 0.4453125 0.3680555555555556 0.455078125 0.3680555555555556 0.46484375 0.3888888888888889 0.46484375 0.3958333333333333 0.451171875 0.4270833333333333 0.447265625 0.4305555555555556 0.4375 0.4270833333333333 0.4375 0.4131944444444444 0.44140625 0.4027777777777778 0.4453125 0.375
1 0.31640625 0.25 0.322265625 0.25 0.32421875 0.2569444444444444 0.32421875 0.2777777777777778 0.31640625 0.3125 0.31640625 0.3229166666666667 0.3125 0.3298611111111111 0.302734375 0.3298611111111111 0.296875 0.3229166666666667 0.30078125 0.3229166666666667 0.302734375 0.3194444444444444 0.30078125 0.3125 0.294921875 0.3055555555555556 0.294921875 0.2881944444444444 0.287109375 0.2777777777777778 0.2890625 0.2638888888888889 0.294921875 0.2569444444444444 0.30859375 0.2569444444444444 0.310546875 0.2604166666666667 0.31640625 0.2534722222222222
1 0.42578125 0.4861111111111111 0.41796875 0.4583333333333333 0.41796875 0.4444444444444444 0.42578125 0.4340277777777778 0.435546875 0.4340277777777778 0.443359375 0.4513888888888889 0.447265625 0.4513888888888889 0.447265625 0.4583333333333333 0.44921875 0.4618055555555556 0.447265625 0.4756944444444444 0.451171875 0.4861111111111111 0.447265625 0.4965277777777778 0.4453125 0.4965277777777778 0.4453125 0.4930555555555556 0.439453125 0.4826388888888889 0.427734375 0.4861111111111111
1 0.408203125 0.5208333333333334 0.4140625 0.53125 0.421875 0.5347222222222222 0.427734375 0.5416666666666666 0.427734375 0.5520833333333334 0.4296875 0.5555555555555556 0.4296875 0.5868055555555556 0.431640625 0.5902777777777778 0.427734375 0.5972222222222222 0.423828125 0.5972222222222222 0.421875 0.6006944444444444 0.40625 0.6006944444444444 0.40234375 0.59375 0.40234375 0.5833333333333334 0.404296875 0.5763888888888888 0.3984375 0.5486111111111112 0.396484375 0.5208333333333334 0.3984375 0.5173611111111112 0.404296875 0.5173611111111112 0.40625 0.5208333333333334
1 0.41796875 0.3715277777777778 0.419921875 0.3784722222222222 0.419921875 0.3923611111111111 0.423828125 0.4027777777777778 0.421875 0.40625 0.419921875 0.4236111111111111 0.416015625 0.4305555555555556 0.412109375 0.4305555555555556 0.41015625 0.4340277777777778 0.40234375 0.4340277777777778 0.39453125 0.4236111111111111 0.390625 0.4236111111111111 0.388671875 0.4201388888888889 0.388671875 0.4097222222222222 0.390625 0.4027777777777778 0.40625 0.3784722222222222 0.40625 0.375 0.41015625 0.3715277777777778 0.416015625 0.3715277777777778
1 0.365234375 0.4270833333333333 0.369140625 0.4375 0.369140625 0.4479166666666667 0.373046875 0.4548611111111111 0.37109375 0.4652777777777778 0.365234375 0.46875 0.361328125 0.4756944444444444 0.357421875 0.4756944444444444 0.353515625 0.4826388888888889 0.34375 0.4826388888888889 0.341796875 0.4791666666666667 0.3359375 0.4791666666666667 0.330078125 0.4722222222222222 0.330078125 0.4652777777777778 0.3359375 0.4513888888888889 0.341796875 0.4479166666666667 0.349609375 0.4375 0.35546875 0.4375 0.359375 0.4305555555555556 0.36328125 0.4305555555555556
1 0.265625 0.3263888888888889 0.26953125 0.3333333333333333 0.26953125 0.3402777777777778 0.267578125 0.34375 0.265625 0.3645833333333333 0.259765625 0.3854166666666667 0.259765625 0.4131944444444444 0.2578125 0.4166666666666667 0.25390625 0.4166666666666667 0.251953125 0.4131944444444444 0.228515625 0.4131944444444444 0.228515625 0.3958333333333333 0.23046875 0.3888888888888889 0.236328125 0.3888888888888889 0.244140625 0.4027777777777778 0.25 0.3958333333333333 0.24609375 0.3854166666666667 0.23828125 0.3819444444444444 0.236328125 0.375 0.236328125 0.3645833333333333 0.240234375 0.3506944444444444 0.234375 0.3402777777777778 0.232421875 0.3402777777777778 0.232421875 0.3333333333333333 0.236328125 0.3263888888888889 0.240234375 0.3263888888888889 0.2421875 0.3229166666666667 0.251953125 0.3333333333333333 0.26171875 0.3333333333333333 0.263671875 0.3298611111111111
1 0.345703125 0.11458333333333333 0.3515625 0.13194444444444445 0.359375 0.13194444444444445 0.365234375 0.12152777777777778 0.37109375 0.1284722222222222 0.37109375 0.14930555555555555 0.376953125 0.17708333333333334 0.376953125 0.1875 0.373046875 0.1909722222222222 0.369140625 0.18055555555555555 0.369140625 0.1736111111111111 0.365234375 0.16666666666666666 0.361328125 0.1736111111111111 0.361328125 0.1875 0.357421875 0.19444444444444445 0.353515625 0.1909722222222222 0.34375 0.1909722222222222 0.337890625 0.1840277777777778 0.330078125 0.1840277777777778 0.328125 0.1875 0.326171875 0.1840277777777778 0.32421875 0.1701388888888889 0.326171875 0.16666666666666666 0.328125 0.14930555555555555 0.33203125 0.1423611111111111 0.3359375 0.125 0.34375 0.11805555555555555
1 0.470703125 0.3958333333333333 0.48046875 0.4027777777777778 0.490234375 0.4201388888888889 0.490234375 0.4375 0.4765625 0.4652777777777778 0.46484375 0.4618055555555556 0.458984375 0.4548611111111111 0.458984375 0.4513888888888889 0.451171875 0.4375 0.451171875 0.4270833333333333 0.458984375 0.4131944444444444 0.4609375 0.4027777777777778 0.46875 0.3958333333333333
1 0.4453125 0.2777777777777778 0.451171875 0.2847222222222222 0.453125 0.2916666666666667 0.453125 0.3055555555555556 0.447265625 0.3263888888888889 0.443359375 0.3333333333333333 0.439453125 0.3576388888888889 0.435546875 0.3576388888888889 0.43359375 0.3541666666666667 0.423828125 0.3541666666666667 0.41796875 0.3611111111111111 0.41015625 0.3611111111111111 0.41015625 0.3472222222222222 0.4140625 0.3368055555555556 0.4140625 0.3298611111111111 0.41796875 0.3229166666666667 0.41796875 0.3090277777777778 0.412109375 0.3020833333333333 0.412109375 0.2916666666666667 0.416015625 0.2847222222222222 0.419921875 0.2847222222222222 0.421875 0.28125 0.42578125 0.28125 0.43359375 0.2916666666666667 0.44140625 0.2916666666666667 0.4453125 0.28125
1 0.501953125 0.3958333333333333 0.5 0.3923611111111111 0.5 0.3819444444444444 0.50390625 0.375 0.5078125 0.3715277777777778 0.513671875 0.3715277777777778 0.515625 0.375 0.517578125 0.3958333333333333 0.51953125 0.3993055555555556 0.51953125 0.4131944444444444 0.521484375 0.4166666666666667 0.51953125 0.4236111111111111 0.51953125 0.4375 0.515625 0.4409722222222222 0.513671875 0.4375 0.501953125 0.4375 0.5078125 0.4305555555555556 0.51171875 0.4131944444444444 0.509765625 0.3958333333333333 0.5078125 0.3923611111111111 0.50390625 0.3923611111111111
1 0.51953125 0.2569444444444444 0.529296875 0.2743055555555556 0.533203125 0.2708333333333333 0.5390625 0.2569444444444444 0.546875 0.2569444444444444 0.548828125 0.2604166666666667 0.548828125 0.2708333333333333 0.55078125 0.2743055555555556 0.544921875 0.2986111111111111 0.544921875 0.3125 0.546875 0.3159722222222222 0.541015625 0.3333333333333333 0.537109375 0.3368055555555556 0.5234375 0.3368055555555556 0.51953125 0.3298611111111111 0.521484375 0.3194444444444444 0.515625 0.3125 0.515625 0.2916666666666667 0.509765625 0.2743055555555556 0.51171875 0.2604166666666667 0.517578125 0.2604166666666667
1 0.373046875 0.3333333333333333 0.384765625 0.3333333333333333 0.384765625 0.3402777777777778 0.38671875 0.34375 0.384765625 0.3472222222222222 0.384765625 0.3576388888888889 0.380859375 0.3680555555555556 0.380859375 0.3819444444444444 0.37890625 0.3888888888888889 0.37109375 0.3888888888888889 0.3671875 0.3854166666666667 0.35546875 0.3645833333333333 0.34765625 0.3576388888888889 0.34765625 0.3472222222222222 0.353515625 0.3333333333333333 0.365234375 0.34375 0.369140625 0.34375 0.373046875 0.3368055555555556
2 0.853515625 0.17708333333333334 0.85546875 0.1840277777777778 0.85546875 0.2048611111111111 0.857421875 0.20833333333333334 0.857421875 0.2465277777777778 0.85546875 0.2465277777777778 0.85546875 0.2361111111111111 0.853515625 0.22916666666666666 0.8515625 0.22569444444444445 0.84765625 0.22916666666666666 0.84765625 0.23958333333333334 0.845703125 0.24305555555555555 0.845703125 0.2604166666666667 0.84765625 0.2638888888888889 0.84765625 0.2743055555555556 0.845703125 0.2777777777777778 0.845703125 0.3229166666666667 0.841796875 0.3333333333333333 0.841796875 0.3506944444444444 0.84375 0.3576388888888889 0.83984375 0.3611111111111111 0.8359375 0.3611111111111111 0.833984375 0.3576388888888889 0.833984375 0.3472222222222222 0.8359375 0.34375 0.8359375 0.3020833333333333 0.837890625 0.2986111111111111 0.8359375 0.2916666666666667 0.83203125 0.2881944444444444 0.82421875 0.3090277777777778 0.82421875 0.3229166666666667 0.822265625 0.3263888888888889 0.818359375 0.3229166666666667 0.818359375 0.3159722222222222 0.8203125 0.3125 0.8203125 0.2465277777777778 0.822265625 0.24305555555555555 0.822265625 0.2326388888888889 0.814453125 0.2222222222222222 0.814453125 0.20833333333333334 0.818359375 0.19791666666666666 0.8203125 0.1840277777777778 0.83203125 0.16666666666666666 0.83203125 0.1597222222222222 0.837890625 0.14930555555555555 0.84375 0.14930555555555555 0.84765625 0.15625 0.84765625 0.1701388888888889 0.8515625 0.17708333333333334
2 0.18359375 0.22916666666666666 0.189453125 0.24305555555555555 0.189453125 0.2569444444444444 0.19140625 0.2604166666666667 0.189453125 0.3090277777777778 0.193359375 0.3194444444444444 0.185546875 0.3263888888888889 0.185546875 0.34375 0.189453125 0.3506944444444444 0.189453125 0.3576388888888889 0.19140625 0.3611111111111111 0.19140625 0.3958333333333333 0.189453125 0.3993055555555556 0.189453125 0.40625 0.18359375 0.4166666666666667 0.1796875 0.4340277777777778 0.1796875 0.4444444444444444 0.18359375 0.4583333333333333 0.17578125 0.4583333333333333 0.166015625 0.4444444444444444 0.171875 0.4236111111111111 0.17578125 0.4166666666666667 0.17578125 0.4097222222222222 0.1796875 0.3958333333333333 0.1796875 0.3888888888888889 0.17578125 0.3819444444444444 0.169921875 0.3888888888888889 0.166015625 0.40625 0.158203125 0.4270833333333333 0.158203125 0.4340277777777778 0.15625 0.4375 0.158203125 0.4583333333333333 0.15625 0.4618055555555556 0.15234375 0.4618055555555556 0.146484375 0.4513888888888889 0.146484375 0.4409722222222222 0.15234375 0.4201388888888889 0.15234375 0.4097222222222222 0.15625 0.3958333333333333 0.15625 0.3715277777777778 0.15234375 0.3645833333333333 0.15234375 0.3298611111111111 0.154296875 0.3229166666666667 0.1484375 0.3125 0.1484375 0.3055555555555556 0.15234375 0.2916666666666667 0.158203125 0.28125 0.158203125 0.2708333333333333 0.169921875 0.2534722222222222 0.171875 0.2465277777777778 0.171875 0.2361111111111111 0.17578125 0.22916666666666666 0.181640625 0.22916666666666666
2 0.548828125 0.4444444444444444 0.548828125 0.4479166666666667 0.5546875 0.4583333333333333 0.556640625 0.4583333333333333 0.5625 0.46875 0.576171875 0.4791666666666667 0.58203125 0.4895833333333333 0.58203125 0.5069444444444444 0.587890625 0.5173611111111112 0.591796875 0.53125 0.591796875 0.5451388888888888 0.587890625 0.5451388888888888 0.5859375 0.5381944444444444 0.5859375 0.5243055555555556 0.58203125 0.5069444444444444 0.57421875 0.5 0.572265625 0.5034722222222222 0.572265625 0.5416666666666666 0.5703125 0.5451388888888888 0.5703125 0.5590277777777778 0.572265625 0.5625 0.572265625 0.5729166666666666 0.58203125 0.5902777777777778 0.58984375 0.6180555555555556 0.595703125 0.625 0.59765625 0.6354166666666666 0.59375 0.6423611111111112 0.58984375 0.6423611111111112 0.587890625 0.6388888888888888 0.5859375 0.625 0.5703125 0.59375 0.564453125 0.6006944444444444 0.5625 0.6145833333333334 0.556640625 0.6215277777777778 0.5546875 0.6180555555555556 0.556640625 0.6006944444444444 0.55078125 0.5902777777777778 0.544921875 0.5868055555555556 0.53515625 0.5729166666666666 0.53515625 0.5381944444444444 0.533203125 0.5347222222222222 0.533203125 0.5173611111111112 0.537109375 0.5069444444444444 0.529296875 0.4826388888888889 0.529296875 0.4513888888888889 0.53125 0.4444444444444444 0.537109375 0.4375 0.54296875 0.4375 0.546875 0.4444444444444444
2 0.45703125 0.3680555555555556 0.46484375 0.3854166666666667 0.46484375 0.3958333333333333 0.458984375 0.40625 0.45703125 0.4166666666666667 0.451171875 0.4270833333333333 0.451171875 0.4305555555555556 0.439453125 0.4305555555555556 0.435546875 0.4270833333333333 0.43359375 0.3854166666666667 0.435546875 0.3819444444444444 0.435546875 0.3854166666666667 0.439453125 0.3888888888888889 0.4453125 0.3680555555555556 0.455078125 0.3680555555555556
2 0.431640625 0.4305555555555556 0.435546875 0.4340277777777778 0.447265625 0.4583333333333333 0.447265625 0.4756944444444444 0.451171875 0.4861111111111111 0.451171875 0.4930555555555556 0.44921875 0.4965277777777778 0.451171875 0.53125 0.462890625 0.5694444444444444 0.462890625 0.5972222222222222 0.46484375 0.6006944444444444 0.46484375 0.6076388888888888 0.4609375 0.6111111111111112 0.45703125 0.6041666666666666 0.45703125 0.5972222222222222 0.455078125 0.59375 0.451171875 0.59375 0.447265625 0.6006944444444444 0.447265625 0.6076388888888888 0.443359375 0.6180555555555556 0.439453125 0.6180555555555556 0.4375 0.6111111111111112 0.4375 0.5902777777777778 0.439453125 0.5902777777777778 0.447265625 0.5763888888888888 0.443359375 0.5659722222222222 0.439453125 0.5625 0.43359375 0.5625 0.4296875 0.5520833333333334 0.431640625 0.5208333333333334 0.427734375 0.5104166666666666 0.42578125 0.4861111111111111 0.419921875 0.4756944444444444 0.419921875 0.4652777777777778 0.41796875 0.4618055555555556 0.41796875 0.4479166666666667 0.419921875 0.4409722222222222 0.42578125 0.4340277777777778 0.4296875 0.4340277777777778
2 0.41796875 0.4826388888888889 0.421875 0.4861111111111111 0.423828125 0.4930555555555556 0.423828125 0.5034722222222222 0.427734375 0.5208333333333334 0.427734375 0.5347222222222222 0.42578125 0.5381944444444444 0.4296875 0.5555555555555556 0.4296875 0.5833333333333334 0.43359375 0.6006944444444444 0.43359375 0.625 0.435546875 0.6284722222222222 0.435546875 0.6388888888888888 0.439453125 0.6458333333333334 0.443359375 0.6631944444444444 0.443359375 0.6736111111111112 0.44921875 0.6875 0.44921875 0.6944444444444444 0.4453125 0.6944444444444444 0.44140625 0.6875 0.439453125 0.6770833333333334 0.435546875 0.6701388888888888 0.435546875 0.6631944444444444 0.431640625 0.6493055555555556 0.421875 0.6354166666666666 0.41796875 0.6458333333333334 0.41796875 0.6736111111111112 0.42578125 0.6875 0.42578125 0.6944444444444444 0.427734375 0.6979166666666666 0.427734375 0.7083333333333334 0.42578125 0.7118055555555556 0.421875 0.6979166666666666 0.408203125 0.6736111111111112 0.408203125 0.65625 0.40625 0.6527777777777778 0.40625 0.6041666666666666 0.40234375 0.59375 0.40234375 0.5833333333333334 0.404296875 0.5763888888888888 0.40234375 0.5729166666666666 0.40234375 0.5625 0.3984375 0.5520833333333334 0.3984375 0.5416666666666666 0.396484375 0.5381944444444444 0.396484375 0.5208333333333334 0.40234375 0.5104166666666666 0.40234375 0.5 0.40625 0.4861111111111111 0.41015625 0.4826388888888889 0.416015625 0.4826388888888889
2 0.224609375 0.3819444444444444 0.220703125 0.3680555555555556 0.220703125 0.3576388888888889 0.23046875 0.34375 0.232421875 0.3333333333333333 0.236328125 0.3263888888888889 0.240234375 0.3263888888888889 0.244140625 0.3194444444444444 0.244140625 0.3090277777777778 0.25 0.2951388888888889 0.259765625 0.2951388888888889 0.26171875 0.2986111111111111 0.265625 0.3229166666666667 0.26953125 0.3333333333333333 0.26953125 0.3541666666666667 0.27734375 0.3680555555555556 0.27734375 0.3784722222222222 0.275390625 0.3819444444444444 0.265625 0.375 0.259765625 0.3888888888888889 0.26171875 0.46875 0.23828125 0.5069444444444444 0.236328125 0.5138888888888888 0.236328125 0.53125 0.234375 0.5347222222222222 0.2265625 0.5277777777777778 0.22265625 0.5138888888888888 0.22265625 0.4965277777777778 0.2421875 0.4548611111111111 0.2421875 0.4479166666666667 0.228515625 0.4131944444444444 0.228515625 0.3958333333333333 0.23046875 0.3888888888888889 0.2265625 0.3819444444444444
2 0.390625 0.4826388888888889 0.396484375 0.4930555555555556 0.3984375 0.5069444444444444 0.392578125 0.5208333333333334 0.392578125 0.5347222222222222 0.39453125 0.5381944444444444 0.392578125 0.5451388888888888 0.390625 0.5451388888888888 0.384765625 0.5555555555555556 0.384765625 0.5625 0.380859375 0.5694444444444444 0.38671875 0.5868055555555556 0.38671875 0.59375 0.390625 0.6041666666666666 0.390625 0.6145833333333334 0.392578125 0.6180555555555556 0.388671875 0.6354166666666666 0.375 0.6701388888888888 0.375 0.6805555555555556 0.380859375 0.6909722222222222 0.380859375 0.6979166666666666 0.3671875 0.6909722222222222 0.365234375 0.6840277777777778 0.365234375 0.6736111111111112 0.373046875 0.65625 0.375 0.6493055555555556 0.375 0.6388888888888888 0.37890625 0.6284722222222222 0.37890625 0.6215277777777778 0.373046875 0.6111111111111112 0.3515625 0.6458333333333334 0.34375 0.6527777777777778 0.337890625 0.6631944444444444 0.326171875 0.6666666666666666 0.32421875 0.6597222222222222 0.330078125 0.65625 0.337890625 0.6423611111111112 0.337890625 0.6388888888888888 0.34765625 0.6284722222222222 0.349609375 0.6215277777777778 0.349609375 0.6006944444444444 0.3515625 0.5972222222222222 0.3515625 0.5833333333333334 0.34765625 0.5763888888888888 0.34765625 0.5694444444444444 0.36328125 0.5451388888888888 0.365234375 0.5277777777777778 0.375 0.4965277777777778 0.375 0.4895833333333333 0.37890625 0.4826388888888889 0.388671875 0.4826388888888889
2 0.30859375 0.21875 0.314453125 0.22569444444444445 0.31640625 0.2326388888888889 0.31640625 0.24305555555555555 0.322265625 0.25 0.32421875 0.2569444444444444 0.32421875 0.2847222222222222 0.330078125 0.2916666666666667 0.330078125 0.2986111111111111 0.326171875 0.2986111111111111 0.32421875 0.2951388888888889 0.3203125 0.2986111111111111 0.31640625 0.3125 0.31640625 0.3368055555555556 0.3203125 0.3541666666666667 0.3203125 0.3854166666666667 0.318359375 0.3923611111111111 0.314453125 0.3958333333333333 0.30078125 0.3958333333333333 0.298828125 0.3923611111111111 0.294921875 0.3923611111111111 0.291015625 0.3993055555555556 0.28515625 0.4201388888888889 0.279296875 0.4305555555555556 0.279296875 0.4479166666666667 0.2734375 0.4479166666666667 0.271484375 0.4444444444444444 0.271484375 0.4305555555555556 0.279296875 0.40625 0.28125 0.3923611111111111 0.287109375 0.3784722222222222 0.287109375 0.3194444444444444 0.283203125 0.3125 0.283203125 0.3055555555555556 0.287109375 0.2951388888888889 0.287109375 0.2708333333333333 0.291015625 0.2604166666666667 0.296875 0.2569444444444444 0.30078125 0.25 0.298828125 0.2326388888888889 0.30078125 0.22916666666666666 0.30078125 0.2222222222222222 0.306640625 0.21875
2 0.3828125 0.4201388888888889 0.38671875 0.4270833333333333 0.38671875 0.4548611111111111 0.3828125 0.4583333333333333 0.375 0.4583333333333333 0.361328125 0.4791666666666667 0.365234375 0.4895833333333333 0.37109375 0.4895833333333333 0.361328125 0.5034722222222222 0.361328125 0.5243055555555556 0.345703125 0.5555555555555556 0.345703125 0.5590277777777778 0.341796875 0.5625 0.341796875 0.5729166666666666 0.33984375 0.5763888888888888 0.3359375 0.5763888888888888 0.33203125 0.5659722222222222 0.33203125 0.5590277777777778 0.3359375 0.5486111111111112 0.3359375 0.5416666666666666 0.33203125 0.5347222222222222 0.328125 0.5347222222222222 0.3203125 0.5277777777777778 0.3125 0.5277777777777778 0.30859375 0.5381944444444444 0.30859375 0.5451388888888888 0.306640625 0.5416666666666666 0.306640625 0.5243055555555556 0.310546875 0.5104166666666666 0.32421875 0.5138888888888888 0.326171875 0.5173611111111112 0.33203125 0.5173611111111112 0.3359375 0.5104166666666666 0.3359375 0.5034722222222222 0.330078125 0.4826388888888889 0.330078125 0.4618055555555556 0.3359375 0.4513888888888889 0.341796875 0.4479166666666667 0.349609375 0.4375 0.35546875 0.4375 0.359375 0.4305555555555556 0.3671875 0.4270833333333333 0.373046875 0.4166666666666667 0.37890625 0.4166666666666667 0.380859375 0.4201388888888889
2 0.361328125 0.09722222222222222 0.36328125 0.10416666666666667 0.36328125 0.11458333333333333 0.37109375 0.1284722222222222 0.37109375 0.14930555555555555 0.373046875 0.1527777777777778 0.373046875 0.16319444444444445 0.376953125 0.1736111111111111 0.37890625 0.21180555555555555 0.376953125 0.2152777777777778 0.373046875 0.21180555555555555 0.373046875 0.1909722222222222 0.369140625 0.18055555555555555 0.369140625 0.1736111111111111 0.365234375 0.1701388888888889 0.361328125 0.17708333333333334 0.361328125 0.1875 0.359375 0.1909722222222222 0.359375 0.22916666666666666 0.357421875 0.2326388888888889 0.357421875 0.25 0.35546875 0.2569444444444444 0.34765625 0.2569444444444444 0.34375 0.2638888888888889 0.341796875 0.2847222222222222 0.33984375 0.2881944444444444 0.33984375 0.3090277777777778 0.341796875 0.3125 0.337890625 0.3125 0.3359375 0.3090277777777778 0.33203125 0.2916666666666667 0.333984375 0.2673611111111111 0.337890625 0.25 0.337890625 0.2361111111111111 0.333984375 0.22916666666666666 0.328125 0.22569444444444445 0.330078125 0.2222222222222222 0.330078125 0.20833333333333334 0.328125 0.2048611111111111 0.328125 0.1909722222222222 0.32421875 0.17708333333333334 0.32421875 0.16666666666666666 0.3359375 0.125 0.34765625 0.1076388888888889 0.349609375 0.09722222222222222 0.3515625 0.09375 0.357421875 0.09375 0.359375 0.09722222222222222
2 0.48828125 0.3715277777777778 0.490234375 0.375 0.494140625 0.375 0.498046875 0.3819444444444444 0.498046875 0.4027777777777778 0.494140625 0.4131944444444444 0.494140625 0.4340277777777778 0.484375 0.4513888888888889 0.48046875 0.4652777777777778 0.48046875 0.4930555555555556 0.482421875 0.4965277777777778 0.482421875 0.5104166666666666 0.484375 0.5138888888888888 0.484375 0.5347222222222222 0.478515625 0.5451388888888888 0.470703125 0.5520833333333334 0.466796875 0.5625 0.462890625 0.5625 0.4609375 0.5555555555555556 0.4609375 0.5451388888888888 0.46875 0.5243055555555556 0.455078125 0.4965277777777778 0.45703125 0.4826388888888889 0.4609375 0.4756944444444444 0.458984375 0.4722222222222222 0.458984375 0.4583333333333333 0.453125 0.4444444444444444 0.443359375 0.4375 0.443359375 0.4305555555555556 0.447265625 0.4305555555555556 0.46484375 0.3958333333333333 0.474609375 0.3958333333333333 0.478515625 0.3888888888888889 0.48046875 0.3784722222222222 0.482421875 0.375 0.486328125 0.375
2 0.423828125 0.3715277777777778 0.423828125 0.3819444444444444 0.421875 0.3854166666666667 0.423828125 0.3888888888888889 0.423828125 0.4027777777777778 0.42578125 0.40625 0.421875 0.4236111111111111 0.41796875 0.4305555555555556 0.416015625 0.4513888888888889 0.4140625 0.4548611111111111 0.390625 0.4548611111111111 0.388671875 0.4513888888888889 0.390625 0.4444444444444444 0.390625 0.4340277777777778 0.388671875 0.4305555555555556 0.388671875 0.40625 0.404296875 0.3784722222222222 0.404296875 0.375 0.408203125 0.3715277777777778 0.421875 0.3715277777777778
2 0.428125 0.30972222222222223 0.057291666666666664 0.11574074074074076
2 0.525390625 0.4479166666666667 0.525390625 0.4583333333333333 0.501953125 0.4791666666666667 0.4921875 0.4965277777777778 0.494140625 0.5104166666666666 0.498046875 0.5208333333333334 0.498046875 0.53125 0.50390625 0.5416666666666666 0.50390625 0.5486111111111112 0.494140625 0.5451388888888888 0.48828125 0.5381944444444444 0.48828125 0.5069444444444444 0.484375 0.4965277777777778 0.484375 0.4756944444444444 0.48828125 0.46875 0.490234375 0.4583333333333333 0.494140625 0.4548611111111111 0.498046875 0.4444444444444444 0.498046875 0.40625 0.5 0.4027777777777778 0.5 0.3819444444444444 0.490234375 0.3680555555555556 0.48828125 0.3611111111111111 0.48828125 0.3506944444444444 0.490234375 0.3472222222222222 0.490234375 0.3402777777777778 0.49609375 0.3333333333333333 0.505859375 0.3333333333333333 0.51171875 0.3541666666666667 0.515625 0.3611111111111111 0.515625 0.3819444444444444 0.517578125 0.3854166666666667 0.51953125 0.4131944444444444 0.521484375 0.4166666666666667 0.51953125 0.4201388888888889 0.51953125 0.4375 0.5234375 0.4479166666666667
2 0.51953125 0.3819444444444444 0.517578125 0.3784722222222222 0.517578125 0.3611111111111111 0.513671875 0.3506944444444444 0.515625 0.3229166666666667 0.5078125 0.3125 0.5078125 0.2881944444444444 0.509765625 0.2847222222222222 0.509765625 0.2673611111111111 0.521484375 0.2534722222222222 0.521484375 0.24305555555555555 0.5234375 0.2361111111111111 0.525390625 0.2326388888888889 0.53515625 0.2326388888888889 0.537109375 0.2361111111111111 0.537109375 0.2465277777777778 0.54296875 0.2569444444444444 0.546875 0.2569444444444444 0.548828125 0.2604166666666667 0.55078125 0.2743055555555556 0.560546875 0.3020833333333333 0.560546875 0.3090277777777778 0.552734375 0.3263888888888889 0.552734375 0.3333333333333333 0.546875 0.34375 0.546875 0.3541666666666667 0.548828125 0.3576388888888889 0.548828125 0.3923611111111111 0.55078125 0.3958333333333333 0.55078125 0.4166666666666667 0.552734375 0.4201388888888889 0.552734375 0.4444444444444444 0.546875 0.4375 0.544921875 0.4131944444444444 0.53515625 0.3784722222222222 0.53515625 0.3715277777777778 0.533203125 0.3680555555555556 0.529296875 0.3680555555555556 0.521484375 0.3784722222222222
2 0.3671875 0.2986111111111111 0.37109375 0.3020833333333333 0.37109375 0.3055555555555556 0.376953125 0.3159722222222222 0.3828125 0.3159722222222222 0.38671875 0.3229166666666667 0.38671875 0.3298611111111111 0.388671875 0.3333333333333333 0.388671875 0.34375 0.384765625 0.3506944444444444 0.384765625 0.3576388888888889 0.380859375 0.3680555555555556 0.380859375 0.3854166666666667 0.38671875 0.3958333333333333 0.38671875 0.4131944444444444 0.384765625 0.4166666666666667 0.373046875 0.4131944444444444 0.35546875 0.4340277777777778 0.3515625 0.4340277777777778 0.3515625 0.3715277777777778 0.34765625 0.3576388888888889 0.34765625 0.3472222222222222 0.35546875 0.3298611111111111 0.357421875 0.3055555555555556 0.365234375 0.2986111111111111