1 0.423828125 0.2673611111111111 0.427734375 0.2708333333333333 0.43359375 0.2847222222222222 0.43359375 0.2951388888888889 0.44140625 0.3229166666666667 0.44140625 0.3333333333333333 0.4375 0.3402777777777778 0.421875 0.3541666666666667 0.41015625 0.3229166666666667 0.41015625 0.3125 0.416015625 0.2986111111111111 0.41015625 0.2881944444444444 0.40625 0.2881944444444444 0.40625 0.28125 0.412109375 0.2708333333333333 0.41796875 0.2708333333333333 0.421875 0.2673611111111111
1 0.7265625 0.3263888888888889 0.734375 0.3194444444444444 0.744140625 0.3194444444444444 0.751953125 0.3402777777777778 0.75390625 0.3680555555555556 0.755859375 0.3715277777777778 0.755859375 0.3819444444444444 0.75390625 0.3854166666666667 0.75 0.3854166666666667 0.74609375 0.3923611111111111 0.734375 0.3923611111111111 0.734375 0.3888888888888889 0.728515625 0.3784722222222222 0.720703125 0.375 0.71875 0.3715277777777778 0.724609375 0.3576388888888889 0.724609375 0.3333333333333333 0.7265625 0.3298611111111111
1 0.45703125 0.21875 0.46484375 0.2326388888888889 0.470703125 0.2534722222222222 0.470703125 0.2743055555555556 0.466796875 0.2847222222222222 0.453125 0.2847222222222222 0.44921875 0.28125 0.4453125 0.2743055555555556 0.439453125 0.2534722222222222 0.44140625 0.23958333333333334 0.453125 0.21875 0.455078125 0.21875
1 0.501953125 0.2916666666666667 0.50390625 0.2986111111111111 0.501953125 0.3333333333333333 0.4921875 0.3576388888888889 0.48046875 0.3576388888888889 0.47265625 0.3506944444444444 0.474609375 0.34375 0.474609375 0.3298611111111111 0.4765625 0.3263888888888889 0.4765625 0.3194444444444444 0.48046875 0.3125 0.48046875 0.2986111111111111 0.4921875 0.2777777777777778 0.494140625 0.2777777777777778 0.5 0.2916666666666667
1 0.396484375 0.2881944444444444 0.400390625 0.2916666666666667 0.400390625 0.3020833333333333 0.3984375 0.3055555555555556 0.3984375 0.3229166666666667 0.396484375 0.3263888888888889 0.396484375 0.3402777777777778 0.39453125 0.34375 0.39453125 0.3576388888888889 0.392578125 0.3611111111111111 0.384765625 0.3611111111111111 0.3828125 0.3576388888888889 0.365234375 0.3611111111111111 0.36328125 0.3194444444444444 0.359375 0.3125 0.359375 0.3020833333333333 0.365234375 0.2881944444444444 0.380859375 0.2881944444444444 0.3828125 0.2847222222222222 0.39453125 0.2881944444444444
1 0.330078125 0.1701388888888889 0.330078125 0.13541666666666666 0.337890625 0.125 0.359375 0.125 0.36328125 0.13194444444444445 0.365234375 0.14583333333333334 0.361328125 0.16319444444444445 0.361328125 0.17708333333333334 0.359375 0.18055555555555555 0.359375 0.1875 0.35546875 0.1909722222222222 0.3359375 0.1909722222222222 0.33203125 0.18055555555555555 0.333984375 0.1736111111111111 0.33203125 0.1701388888888889
1 0.69921875 0.23958333333333334 0.705078125 0.21180555555555555 0.7109375 0.19791666666666666 0.7109375 0.1909722222222222 0.71875 0.17708333333333334 0.732421875 0.17708333333333334 0.740234375 0.1840277777777778 0.7421875 0.19444444444444445 0.736328125 0.2013888888888889 0.734375 0.22569444444444445 0.732421875 0.22569444444444445 0.72265625 0.2465277777777778 0.71484375 0.2465277777777778 0.712890625 0.24305555555555555 0.701171875 0.23958333333333334
1 0.587890625 0.2847222222222222 0.599609375 0.3020833333333333 0.60546875 0.3263888888888889 0.611328125 0.3368055555555556 0.611328125 0.3472222222222222 0.609375 0.3506944444444444 0.60546875 0.3541666666666667 0.59765625 0.3541666666666667 0.591796875 0.3611111111111111 0.587890625 0.3506944444444444 0.587890625 0.34375 0.58203125 0.3333333333333333 0.57421875 0.3333333333333333 0.5703125 0.3263888888888889 0.564453125 0.2986111111111111 0.564453125 0.2916666666666667 0.57421875 0.2916666666666667 0.580078125 0.2847222222222222 0.5859375 0.2847222222222222
1 0.54296875 0.22916666666666666 0.544921875 0.2326388888888889 0.5546875 0.2326388888888889 0.556640625 0.2361111111111111 0.5546875 0.23958333333333334 0.5546875 0.2569444444444444 0.546875 0.2743055555555556 0.546875 0.28125 0.55078125 0.2916666666666667 0.55078125 0.2986111111111111 0.546875 0.3020833333333333 0.529296875 0.3020833333333333 0.52734375 0.2986111111111111 0.52734375 0.2916666666666667 0.521484375 0.2847222222222222 0.515625 0.2708333333333333 0.515625 0.2569444444444444 0.51953125 0.2465277777777778 0.5234375 0.2465277777777778 0.53125 0.2361111111111111 0.541015625 0.22916666666666666
1 0.591796875 0.25 0.603515625 0.2743055555555556 0.6015625 0.28125 0.58984375 0.28125 0.58203125 0.2638888888888889 0.578125 0.2604166666666667 0.572265625 0.2604166666666667 0.572265625 0.2534722222222222 0.578125 0.2465277777777778 0.587890625 0.2465277777777778 0.58984375 0.25
0 0.358333333984375 0.11666666666666667 0.356770833984375 0.10555555555555556 0.352083333984375 0.09814814930555556 0.3453125 0.09722222222222222 0.341145833984375 0.10185185069444444 0.341145833984375 0.11481481597222223 0.3453125 0.11944444444444444 0.354166666015625 0.12037037152777777 0.358333333984375 0.11666666666666667
0 0.385416666015625 0.2638888888888889 0.381770833984375 0.25833333333333336 0.375520833984375 0.25833333333333336 0.36875 0.2703703715277778 0.369270833984375 0.2842592604166667 0.378125 0.28518518402777776 0.384895833984375 0.2796296284722222 0.385416666015625 0.2638888888888889
0 0.403125 0.2796296284722222 0.401041666015625 0.26481481597222223 0.397916666015625 0.2601851840277778 0.389583333984375 0.2611111111111111 0.3875 0.26481481597222223 0.388541666015625 0.28240740625 0.401041666015625 0.28518518402777776 0.403125 0.2796296284722222
0 0.425520833984375 0.24814814930555557 0.422395833984375 0.2407407395833333 0.415104166015625 0.2407407395833333 0.4109375 0.24444444444444446 0.4078125 0.25277777777777777 0.4078125 0.26481481597222223 0.410416666015625 0.26944444444444443 0.426041666015625 0.2611111111111111 0.425520833984375 0.24814814930555557
0 0.5109375 0.27129629513888887 0.509375 0.2611111111111111 0.503125 0.25277777777777777 0.497916666015625 0.25092592708333333 0.491145833984375 0.2592592604166667 0.491145833984375 0.2740740729166667 0.496354166015625 0.2870370381944445 0.5046875 0.2870370381944445 0.5109375 0.27129629513888887
0 0.571354166015625 0.24907407291666667 0.575 0.24166666666666664 0.575 0.23425926041666667 0.571354166015625 0.22685185069444444 0.561979166015625 0.22499999999999998 0.5578125 0.22777777777777775 0.55625 0.23055555555555557 0.55625 0.2462962951388889 0.560416666015625 0.25185185069444443 0.571354166015625 0.24907407291666667
0 0.741666666015625 0.3148148159722222 0.743229166015625 0.2962962951388889 0.740104166015625 0.2879629618055556 0.733333333984375 0.2842592604166667 0.725520833984375 0.29259259375 0.722916666015625 0.30000000000000004 0.728125 0.31759259375 0.734895833984375 0.3194444444444444 0.741666666015625 0.3148148159722222
0 0.779166666015625 0.18055555555555555 0.776041666015625 0.17777777777777778 0.767708333984375 0.18055555555555555 0.767708333984375 0.19629629513888888 0.7765625 0.19907407291666668 0.7796875 0.19074073958333332 0.779166666015625 0.18055555555555555
0 0.7375 0.17407407291666666 0.738020833984375 0.16481481597222222 0.734375 0.15462962847222222 0.7234375 0.15555555555555556 0.719791666015625 0.16203703819444443 0.719791666015625 0.16759259375 0.722916666015625 0.17314814930555555 0.7375 0.17407407291666666
0 0.5296875 0.2148148159722222 0.521875 0.21574073958333334 0.518229166015625 0.22037037152777778 0.51875 0.2407407395833333 0.521875 0.24351851736111108 0.536458333984375 0.22777777777777775 0.5296875 0.2148148159722222
0 0.435546875 0.2048611111111111 0.447265625 0.2048611111111111 0.447265625 0.21180555555555555 0.44921875 0.2152777777777778 0.44921875 0.2222222222222222 0.443359375 0.22916666666666666 0.44140625 0.2222222222222222 0.435546875 0.2152777777777778 0.435546875 0.20833333333333334
2 0.564453125 0.22569444444444445 0.56640625 0.22916666666666666 0.572265625 0.22916666666666666 0.57421875 0.2326388888888889 0.57421875 0.23958333333333334 0.578125 0.2465277777777778 0.591796875 0.2465277777777778 0.595703125 0.25 0.603515625 0.2777777777777778 0.6015625 0.28125 0.59375 0.28125 0.591796875 0.2847222222222222 0.58203125 0.2638888888888889 0.576171875 0.2638888888888889 0.57421875 0.2604166666666667 0.5703125 0.2673611111111111 0.568359375 0.2638888888888889 0.5625 0.2638888888888889 0.55859375 0.2604166666666667 0.55859375 0.2326388888888889 0.5625 0.22916666666666666
2 0.53515625 0.2222222222222222 0.5390625 0.22916666666666666 0.5546875 0.22916666666666666 0.556640625 0.2326388888888889 0.556640625 0.2569444444444444 0.546875 0.2777777777777778 0.548828125 0.2847222222222222 0.5625 0.3055555555555556 0.5625 0.3229166666666667 0.55859375 0.3263888888888889 0.5546875 0.3368055555555556 0.564453125 0.3576388888888889 0.564453125 0.3645833333333333 0.568359375 0.3784722222222222 0.568359375 0.3923611111111111 0.564453125 0.3888888888888889 0.564453125 0.3854166666666667 0.552734375 0.3645833333333333 0.552734375 0.34375 0.5546875 0.3402777777777778 0.55078125 0.3333333333333333 0.546875 0.3333333333333333 0.53515625 0.3472222222222222 0.533203125 0.3611111111111111 0.525390625 0.3819444444444444 0.525390625 0.3923611111111111 0.521484375 0.4027777777777778 0.513671875 0.4027777777777778 0.51171875 0.3993055555555556 0.51953125 0.3854166666666667 0.521484375 0.3506944444444444 0.525390625 0.3402777777777778 0.525390625 0.3298611111111111 0.52734375 0.3263888888888889 0.52734375 0.3159722222222222 0.51953125 0.3055555555555556 0.51953125 0.2916666666666667 0.515625 0.2777777777777778 0.515625 0.2534722222222222 0.51953125 0.24305555555555555 0.51953125 0.2326388888888889 0.517578125 0.22569444444444445 0.521484375 0.21875 0.53125 0.21875 0.533203125 0.2222222222222222
2 0.578125 0.2638888888888889 0.58203125 0.2673611111111111 0.599609375 0.3020833333333333 0.603515625 0.3194444444444444 0.615234375 0.34375 0.6171875 0.3506944444444444 0.6171875 0.3576388888888889 0.615234375 0.3611111111111111 0.615234375 0.3854166666666667 0.623046875 0.4027777777777778 0.623046875 0.4131944444444444 0.62890625 0.4340277777777778 0.6328125 0.4409722222222222 0.6328125 0.4479166666666667 0.62890625 0.4513888888888889 0.619140625 0.4513888888888889 0.6171875 0.4479166666666667 0.61328125 0.4479166666666667 0.62109375 0.4340277777777778 0.619140625 0.4236111111111111 0.607421875 0.3993055555555556 0.603515625 0.3958333333333333 0.59375 0.3958333333333333 0.587890625 0.40625 0.587890625 0.4097222222222222 0.591796875 0.4166666666666667 0.591796875 0.4270833333333333 0.595703125 0.4375 0.599609375 0.4652777777777778 0.58984375 0.4756944444444444 0.583984375 0.4756944444444444 0.583984375 0.4618055555555556 0.578125 0.4513888888888889 0.58203125 0.4479166666666667 0.583984375 0.4375 0.578125 0.4270833333333333 0.578125 0.4201388888888889 0.572265625 0.3993055555555556 0.57421875 0.3958333333333333 0.57421875 0.3888888888888889 0.58203125 0.375 0.58203125 0.3715277777777778 0.580078125 0.3680555555555556 0.57421875 0.3680555555555556 0.572265625 0.3611111111111111 0.57421875 0.3541666666666667 0.572265625 0.3506944444444444 0.57421875 0.3333333333333333 0.568359375 0.3194444444444444 0.568359375 0.3125 0.56640625 0.3090277777777778 0.56640625 0.3020833333333333 0.5625 0.2951388888888889 0.5625 0.2881944444444444 0.552734375 0.28125 0.556640625 0.2708333333333333 0.560546875 0.2708333333333333 0.5625 0.2673611111111111 0.568359375 0.2708333333333333 0.576171875 0.2638888888888889
2 0.77734375 0.18055555555555555 0.779296875 0.1840277777777778 0.779296875 0.19791666666666666 0.77734375 0.2013888888888889 0.77734375 0.22569444444444445 0.775390625 0.2326388888888889 0.787109375 0.25 0.79296875 0.2673611111111111 0.79296875 0.2743055555555556 0.77734375 0.2743055555555556 0.7734375 0.2708333333333333 0.76953125 0.2777777777777778 0.76953125 0.2916666666666667 0.763671875 0.2986111111111111 0.765625 0.3125 0.75390625 0.3125 0.75 0.3055555555555556 0.75 0.2986111111111111 0.755859375 0.2847222222222222 0.75 0.2708333333333333 0.75 0.2638888888888889 0.74609375 0.2534722222222222 0.74609375 0.23958333333333334 0.744140625 0.2326388888888889 0.751953125 0.21180555555555555 0.765625 0.19791666666666666 0.765625 0.1909722222222222 0.76953125 0.18055555555555555 0.775390625 0.18055555555555555
2 0.662109375 0.3229166666666667 0.666015625 0.3125 0.671875 0.3090277777777778 0.69140625 0.2743055555555556 0.693359375 0.2673611111111111 0.693359375 0.2569444444444444 0.6953125 0.2534722222222222 0.6953125 0.24305555555555555 0.701171875 0.2326388888888889 0.703125 0.22569444444444445 0.703125 0.2152777777777778 0.7109375 0.19791666666666666 0.7109375 0.1875 0.720703125 0.1701388888888889 0.724609375 0.15625 0.734375 0.15625 0.736328125 0.1597222222222222 0.73828125 0.16666666666666666 0.73828125 0.17708333333333334 0.744140625 0.1909722222222222 0.744140625 0.2048611111111111 0.74609375 0.20833333333333334 0.74609375 0.22569444444444445 0.744140625 0.22916666666666666 0.736328125 0.22916666666666666 0.734375 0.22569444444444445 0.73046875 0.22916666666666666 0.724609375 0.24305555555555555 0.724609375 0.2465277777777778 0.73828125 0.2708333333333333 0.73828125 0.28125 0.736328125 0.2847222222222222 0.72265625 0.2847222222222222 0.712890625 0.2743055555555556 0.705078125 0.2743055555555556 0.697265625 0.2951388888888889 0.69140625 0.2986111111111111 0.681640625 0.3125 0.673828125 0.3194444444444444 0.6640625 0.3229166666666667 0.662109375 0.3298611111111111 0.662109375 0.3263888888888889
2 0.38671875 0.19791666666666666 0.37109375 0.1840277777777778 0.3671875 0.17708333333333334 0.36328125 0.17708333333333334 0.361328125 0.18055555555555555 0.36328125 0.2048611111111111 0.373046875 0.2326388888888889 0.373046875 0.2604166666666667 0.369140625 0.2638888888888889 0.365234375 0.25 0.359375 0.24305555555555555 0.3515625 0.22569444444444445 0.34765625 0.22569444444444445 0.33984375 0.2361111111111111 0.337890625 0.25 0.32421875 0.2986111111111111 0.318359375 0.2986111111111111 0.3203125 0.2708333333333333 0.32421875 0.2638888888888889 0.326171875 0.25 0.33203125 0.23958333333333334 0.33203125 0.22569444444444445 0.3359375 0.2152777777777778 0.3359375 0.2013888888888889 0.3203125 0.17708333333333334 0.3203125 0.16319444444444445 0.328125 0.14930555555555555 0.330078125 0.13541666666666666 0.33984375 0.12152777777777778 0.341796875 0.11458333333333333 0.341796875 0.10416666666666667 0.34375 0.10069444444444445 0.353515625 0.10069444444444445 0.35546875 0.10416666666666667 0.365234375 0.1388888888888889 0.365234375 0.15625 0.3828125 0.1875 0.38671875 0.1875 0.388671875 0.19444444444444445
2 0.359375 0.3159722222222222 0.361328125 0.3194444444444444 0.361328125 0.3368055555555556 0.36328125 0.3402777777777778 0.361328125 0.34375 0.361328125 0.3506944444444444 0.36328125 0.3541666666666667 0.36328125 0.3645833333333333 0.361328125 0.3680555555555556 0.361328125 0.4131944444444444 0.3515625 0.4201388888888889 0.34765625 0.4201388888888889 0.345703125 0.4166666666666667 0.337890625 0.4236111111111111 0.32421875 0.4479166666666667 0.326171875 0.46875 0.322265625 0.46875 0.3125 0.4513888888888889 0.3125 0.4444444444444444 0.341796875 0.3958333333333333 0.34375 0.3368055555555556 0.345703125 0.3298611111111111 0.3515625 0.3229166666666667 0.3515625 0.3194444444444444 0.357421875 0.3159722222222222
2 0.384765625 0.2638888888888889 0.390625 0.2847222222222222 0.400390625 0.2881944444444444 0.3984375 0.3368055555555556 0.39453125 0.3472222222222222 0.39453125 0.3784722222222222 0.400390625 0.3923611111111111 0.40234375 0.3993055555555556 0.40234375 0.4097222222222222 0.404296875 0.4131944444444444 0.404296875 0.4722222222222222 0.412109375 0.4826388888888889 0.3984375 0.4826388888888889 0.39453125 0.4756944444444444 0.396484375 0.4305555555555556 0.390625 0.4131944444444444 0.380859375 0.4027777777777778 0.375 0.4131944444444444 0.375 0.4201388888888889 0.37109375 0.4340277777777778 0.37109375 0.4444444444444444 0.365234375 0.46875 0.36328125 0.4930555555555556 0.357421875 0.4930555555555556 0.359375 0.4444444444444444 0.36328125 0.4305555555555556 0.36328125 0.3715277777777778 0.365234375 0.3680555555555556 0.365234375 0.3576388888888889 0.36328125 0.3541666666666667 0.36328125 0.3194444444444444 0.359375 0.3125 0.359375 0.3020833333333333 0.369140625 0.28125 0.369140625 0.2743055555555556 0.375 0.2604166666666667 0.380859375 0.2604166666666667 0.3828125 0.2638888888888889
2 0.501953125 0.2534722222222222 0.51171875 0.2673611111111111 0.51171875 0.2951388888888889 0.5078125 0.2986111111111111 0.501953125 0.3333333333333333 0.498046875 0.3402777777777778 0.494140625 0.3576388888888889 0.50390625 0.3854166666666667 0.50390625 0.3993055555555556 0.49609375 0.4131944444444444 0.4921875 0.4270833333333333 0.4765625 0.4513888888888889 0.4765625 0.46875 0.478515625 0.4756944444444444 0.47265625 0.4756944444444444 0.46875 0.46875 0.46875 0.4618055555555556 0.466796875 0.4583333333333333 0.466796875 0.4479166666666667 0.482421875 0.4166666666666667 0.482421875 0.4097222222222222 0.474609375 0.3958333333333333 0.474609375 0.3888888888888889 0.46875 0.375 0.46875 0.3645833333333333 0.474609375 0.34375 0.474609375 0.3298611111111111 0.48046875 0.3090277777777778 0.48046875 0.2986111111111111 0.48828125 0.28125 0.4921875 0.2604166666666667 0.5 0.2534722222222222
2 0.447265625 0.2048611111111111 0.46484375 0.2326388888888889 0.466796875 0.24305555555555555 0.470703125 0.25 0.470703125 0.2569444444444444 0.474609375 0.2708333333333333 0.474609375 0.2951388888888889 0.46484375 0.3263888888888889 0.46484375 0.3402777777777778 0.46875 0.3472222222222222 0.466796875 0.3680555555555556 0.4609375 0.3611111111111111 0.458984375 0.3506944444444444 0.453125 0.3402777777777778 0.451171875 0.3263888888888889 0.44921875 0.3229166666666667 0.4453125 0.3263888888888889 0.44140625 0.3194444444444444 0.4375 0.3020833333333333 0.4375 0.2916666666666667 0.439453125 0.2881944444444444 0.4375 0.2847222222222222 0.439453125 0.28125 0.439453125 0.2569444444444444 0.43359375 0.24305555555555555 0.43359375 0.20833333333333334 0.435546875 0.2048611111111111 0.4453125 0.2048611111111111
2 0.73828125 0.2881944444444444 0.7421875 0.2951388888888889 0.7421875 0.3159722222222222 0.748046875 0.3263888888888889 0.751953125 0.3402777777777778 0.75390625 0.3715277777777778 0.759765625 0.3923611111111111 0.7578125 0.40625 0.748046875 0.4305555555555556 0.748046875 0.4375 0.751953125 0.4444444444444444 0.763671875 0.4861111111111111 0.759765625 0.4930555555555556 0.755859375 0.4930555555555556 0.751953125 0.46875 0.73828125 0.4375 0.734375 0.4513888888888889 0.73828125 0.4583333333333333 0.7421875 0.4756944444444444 0.74609375 0.4826388888888889 0.751953125 0.5034722222222222 0.751953125 0.5104166666666666 0.7421875 0.5173611111111112 0.73828125 0.5173611111111112 0.740234375 0.4930555555555556 0.73046875 0.4722222222222222 0.72265625 0.4479166666666667 0.72265625 0.4375 0.736328125 0.3958333333333333 0.728515625 0.3784722222222222 0.720703125 0.3784722222222222 0.71484375 0.3680555555555556 0.71484375 0.3541666666666667 0.72265625 0.3541666666666667 0.724609375 0.3506944444444444 0.724609375 0.3298611111111111 0.7265625 0.3263888888888889 0.724609375 0.2986111111111111 0.7265625 0.2916666666666667 0.73046875 0.2881944444444444 0.736328125 0.2881944444444444
2 0.421875 0.24305555555555555 0.42578125 0.25 0.42578125 0.2638888888888889 0.43359375 0.2847222222222222 0.435546875 0.3090277777777778 0.439453125 0.3159722222222222 0.44140625 0.3298611111111111 0.44921875 0.3472222222222222 0.447265625 0.3854166666666667 0.44921875 0.3888888888888889 0.44921875 0.3958333333333333 0.455078125 0.4097222222222222 0.455078125 0.4166666666666667 0.4609375 0.4409722222222222 0.4609375 0.4479166666666667 0.458984375 0.4513888888888889 0.45703125 0.4479166666666667 0.455078125 0.4513888888888889 0.45703125 0.4652777777777778 0.447265625 0.4756944444444444 0.44140625 0.4756944444444444 0.443359375 0.46875 0.443359375 0.4513888888888889 0.43359375 0.4340277777777778 0.421875 0.4201388888888889 0.421875 0.3854166666666667 0.42578125 0.3715277777777778 0.42578125 0.3611111111111111 0.41796875 0.3472222222222222 0.4140625 0.3298611111111111 0.408203125 0.3194444444444444 0.404296875 0.3194444444444444 0.40234375 0.3159722222222222 0.404296875 0.2847222222222222 0.408203125 0.2777777777777778 0.408203125 0.2534722222222222 0.4140625 0.24305555555555555 0.419921875 0.24305555555555555