0 0.365234375 0.09375 0.365234375 0.0763888888888889 0.3671875 0.07291666666666667 0.373046875 0.07291666666666667 0.376953125 0.0798611111111111 0.376953125 0.08680555555555555 0.37890625 0.09027777777777778 0.376953125 0.09722222222222222 0.369140625 0.09722222222222222 0.3671875 0.09375
0 0.3359375 0.19444444444444445 0.341796875 0.2013888888888889 0.341796875 0.20833333333333334 0.337890625 0.2222222222222222 0.330078125 0.2222222222222222 0.32421875 0.20833333333333334 0.328125 0.19791666666666666 0.333984375 0.19444444444444445
0 0.330078125 0.2777777777777778 0.33203125 0.2847222222222222 0.33203125 0.2951388888888889 0.330078125 0.2986111111111111 0.32421875 0.2986111111111111 0.318359375 0.2916666666666667 0.318359375 0.28125 0.3203125 0.2777777777777778 0.32421875 0.2743055555555556 0.328125 0.2777777777777778
0 0.361328125 0.4513888888888889 0.361328125 0.4409722222222222 0.369140625 0.4305555555555556 0.375 0.4375 0.375 0.4479166666666667 0.37109375 0.4583333333333333 0.3671875 0.4583333333333333 0.36328125 0.4513888888888889
0 0.232421875 0.6805555555555556 0.236328125 0.6909722222222222 0.236328125 0.7048611111111112 0.232421875 0.7152777777777778 0.2265625 0.7152777777777778 0.22265625 0.7118055555555556 0.220703125 0.7048611111111112 0.220703125 0.6875 0.224609375 0.6805555555555556 0.23046875 0.6805555555555556
0 0.59765625 0.6597222222222222 0.59765625 0.6631944444444444 0.6015625 0.6666666666666666 0.6015625 0.6805555555555556 0.59765625 0.6875 0.58984375 0.6875 0.5859375 0.6805555555555556 0.5859375 0.6666666666666666 0.58984375 0.6597222222222222 0.595703125 0.6597222222222222
0 0.62109375 0.4722222222222222 0.630859375 0.4722222222222222 0.63671875 0.4791666666666667 0.63671875 0.4895833333333333 0.634765625 0.4930555555555556 0.630859375 0.4965277777777778 0.623046875 0.4965277777777778 0.62109375 0.4930555555555556 0.62109375 0.4756944444444444
0 0.5 0.3993055555555556 0.505859375 0.3993055555555556 0.509765625 0.4027777777777778 0.509765625 0.4201388888888889 0.5078125 0.4236111111111111 0.5 0.4236111111111111 0.5 0.4027777777777778
0 0.861328125 0.25 0.865234375 0.2604166666666667 0.861328125 0.2743055555555556 0.8515625 0.2743055555555556 0.849609375 0.2673611111111111 0.849609375 0.2569444444444444 0.853515625 0.25 0.859375 0.25
0 0.599609375 0.13541666666666666 0.59765625 0.1284722222222222 0.59765625 0.11805555555555555 0.6015625 0.1111111111111111 0.607421875 0.1111111111111111 0.607421875 0.11805555555555555 0.609375 0.12152777777777778 0.609375 0.13194444444444445 0.607421875 0.13541666666666666 0.6015625 0.13541666666666666
0 0.5390625 0.19791666666666666 0.541015625 0.2013888888888889 0.544921875 0.19791666666666666 0.544921875 0.2048611111111111 0.5390625 0.21875 0.53515625 0.21875 0.533203125 0.2152777777777778 0.533203125 0.2013888888888889 0.537109375 0.19791666666666666
0 0.48515625 0.21481481481481482 0.013020833333333334 0.027777777777777776
0 0.494140625 0.2569444444444444 0.49609375 0.2604166666666667 0.49609375 0.2743055555555556 0.494140625 0.2777777777777778 0.48828125 0.2777777777777778 0.48828125 0.2604166666666667 0.4921875 0.2569444444444444
0 0.54296875 0.24305555555555555 0.55078125 0.24305555555555555 0.552734375 0.2465277777777778 0.55078125 0.2604166666666667 0.54296875 0.2604166666666667 0.54296875 0.2465277777777778
0 0.490234375 0.3020833333333333 0.49609375 0.2986111111111111 0.501953125 0.3055555555555556 0.501953125 0.3229166666666667 0.494140625 0.3229166666666667 0.490234375 0.3159722222222222 0.490234375 0.3055555555555556
0 0.5078125 0.2916666666666667 0.51171875 0.2881944444444444 0.517578125 0.2881944444444444 0.517578125 0.2951388888888889 0.51953125 0.2986111111111111 0.51953125 0.3055555555555556 0.517578125 0.3090277777777778 0.51171875 0.3090277777777778 0.5078125 0.3055555555555556 0.5078125 0.2951388888888889
0 0.5625 0.2569444444444444 0.572265625 0.2569444444444444 0.57421875 0.2604166666666667 0.57421875 0.2673611111111111 0.5703125 0.2743055555555556 0.5625 0.2743055555555556 0.5625 0.2604166666666667
0 0.58203125 0.3298611111111111 0.58203125 0.3506944444444444 0.580078125 0.3541666666666667 0.572265625 0.3506944444444444 0.572265625 0.3333333333333333 0.576171875 0.3263888888888889 0.580078125 0.3298611111111111
1 0.5703125 0.2743055555555556 0.57421875 0.2708333333333333 0.580078125 0.2708333333333333 0.5859375 0.2777777777777778 0.59765625 0.3020833333333333 0.595703125 0.3090277777777778 0.583984375 0.3125 0.578125 0.3194444444444444 0.56640625 0.3020833333333333 0.56640625 0.2881944444444444 0.5703125 0.2777777777777778
1 0.59765625 0.6805555555555556 0.6015625 0.6770833333333334 0.607421875 0.6770833333333334 0.611328125 0.6805555555555556 0.626953125 0.71875 0.62109375 0.7326388888888888 0.61328125 0.7326388888888888 0.609375 0.7083333333333334 0.607421875 0.7048611111111112 0.6015625 0.7083333333333334 0.59765625 0.7013888888888888 0.595703125 0.6944444444444444 0.595703125 0.6875 0.59765625 0.6840277777777778
1 0.5546875 0.2152777777777778 0.564453125 0.2222222222222222 0.568359375 0.22916666666666666 0.576171875 0.22916666666666666 0.578125 0.2326388888888889 0.578125 0.24305555555555555 0.56640625 0.2569444444444444 0.560546875 0.2569444444444444 0.55078125 0.24305555555555555 0.544921875 0.23958333333333334 0.54296875 0.2326388888888889 0.54296875 0.2222222222222222 0.552734375 0.2152777777777778
1 0.560546875 0.3055555555555556 0.572265625 0.3159722222222222 0.576171875 0.3263888888888889 0.572265625 0.3368055555555556 0.5703125 0.3506944444444444 0.564453125 0.3506944444444444 0.560546875 0.3472222222222222 0.546875 0.3298611111111111 0.544921875 0.3229166666666667 0.544921875 0.3159722222222222 0.546875 0.3125 0.552734375 0.3055555555555556 0.55859375 0.3055555555555556
1 0.63671875 0.4861111111111111 0.646484375 0.5 0.65625 0.5347222222222222 0.64453125 0.5451388888888888 0.640625 0.53125 0.640625 0.5173611111111112 0.63671875 0.5104166666666666 0.630859375 0.5173611111111112 0.626953125 0.5034722222222222 0.626953125 0.4965277777777778 0.6328125 0.4861111111111111 0.634765625 0.4861111111111111
1 0.86328125 0.2604166666666667 0.8671875 0.2604166666666667 0.888671875 0.28125 0.888671875 0.2916666666666667 0.88671875 0.2951388888888889 0.880859375 0.2951388888888889 0.873046875 0.2847222222222222 0.869140625 0.2916666666666667 0.87109375 0.2951388888888889 0.865234375 0.2951388888888889 0.859375 0.2881944444444444 0.859375 0.2708333333333333 0.86328125 0.2638888888888889
1 0.533203125 0.2847222222222222 0.5390625 0.2916666666666667 0.54296875 0.2916666666666667 0.55078125 0.2986111111111111 0.55078125 0.3055555555555556 0.54296875 0.3125 0.54296875 0.3229166666666667 0.5390625 0.3229166666666667 0.53515625 0.3090277777777778 0.529296875 0.2986111111111111 0.52734375 0.3020833333333333 0.52734375 0.3159722222222222 0.525390625 0.3194444444444444 0.521484375 0.3194444444444444 0.515625 0.3090277777777778 0.515625 0.2951388888888889 0.517578125 0.2916666666666667 0.53125 0.2847222222222222
1 0.326171875 0.20833333333333334 0.330078125 0.2152777777777778 0.33203125 0.22569444444444445 0.330078125 0.2326388888888889 0.326171875 0.2361111111111111 0.322265625 0.25 0.30078125 0.23958333333333334 0.30078125 0.2361111111111111 0.318359375 0.20833333333333334 0.32421875 0.20833333333333334
1 0.44921875 0.2222222222222222 0.453125 0.21875 0.46484375 0.21875 0.466796875 0.2152777777777778 0.47265625 0.2152777777777778 0.4765625 0.21180555555555555 0.48046875 0.22569444444444445 0.48046875 0.25 0.474609375 0.2569444444444444 0.453125 0.2569444444444444 0.447265625 0.23958333333333334 0.447265625 0.22916666666666666 0.44921875 0.22569444444444445
1 0.580078125 0.3402777777777778 0.583984375 0.3368055555555556 0.595703125 0.3402777777777778 0.61328125 0.3680555555555556 0.61328125 0.375 0.607421875 0.375 0.603515625 0.3819444444444444 0.59765625 0.3819444444444444 0.59765625 0.3715277777777778 0.595703125 0.3680555555555556 0.583984375 0.3715277777777778 0.580078125 0.3645833333333333 0.580078125 0.3576388888888889 0.578125 0.3541666666666667 0.580078125 0.34375
1 0.36328125 0.4513888888888889 0.369140625 0.4583333333333333 0.369140625 0.46875 0.36328125 0.4895833333333333 0.353515625 0.4965277777777778 0.3515625 0.4965277777777778 0.34765625 0.4861111111111111 0.341796875 0.4791666666666667 0.341796875 0.4756944444444444 0.353515625 0.4513888888888889 0.357421875 0.4479166666666667 0.361328125 0.4513888888888889
1 0.54296875 0.2048611111111111 0.560546875 0.2048611111111111 0.57421875 0.2152777777777778 0.580078125 0.22569444444444445 0.578125 0.2326388888888889 0.576171875 0.22916666666666666 0.5625 0.22569444444444445 0.55859375 0.21875 0.548828125 0.21875 0.54296875 0.22916666666666666 0.541015625 0.22916666666666666 0.5390625 0.22569444444444445 0.5390625 0.21875 0.54296875 0.20833333333333334
1 0.486328125 0.2569444444444444 0.486328125 0.2708333333333333 0.484375 0.2743055555555556 0.486328125 0.2777777777777778 0.486328125 0.2986111111111111 0.484375 0.3020833333333333 0.478515625 0.2951388888888889 0.466796875 0.2951388888888889 0.462890625 0.2916666666666667 0.45703125 0.2708333333333333 0.458984375 0.2638888888888889 0.462890625 0.2638888888888889 0.470703125 0.2569444444444444 0.484375 0.2569444444444444
1 0.220703125 0.7013888888888888 0.23046875 0.7118055555555556 0.23046875 0.7291666666666666 0.228515625 0.7326388888888888 0.22265625 0.7291666666666666 0.216796875 0.7430555555555556 0.21484375 0.7569444444444444 0.19921875 0.7569444444444444 0.1953125 0.7534722222222222 0.1953125 0.7430555555555556 0.203125 0.71875 0.212890625 0.7013888888888888 0.21875 0.7013888888888888
1 0.48828125 0.3993055555555556 0.498046875 0.40625 0.498046875 0.4201388888888889 0.490234375 0.4270833333333333 0.48828125 0.4340277777777778 0.484375 0.4375 0.4765625 0.4236111111111111 0.47265625 0.4097222222222222 0.466796875 0.4027777777777778 0.470703125 0.4027777777777778 0.47265625 0.3993055555555556 0.486328125 0.3993055555555556
1 0.6015625 0.13541666666666666 0.61328125 0.125 0.623046875 0.14583333333333334 0.623046875 0.16319444444444445 0.619140625 0.1701388888888889 0.60546875 0.1736111111111111 0.60546875 0.16319444444444445 0.6015625 0.15625 0.6015625 0.1388888888888889
1 0.548828125 0.24305555555555555 0.556640625 0.25 0.564453125 0.2673611111111111 0.564453125 0.2881944444444444 0.560546875 0.2951388888888889 0.552734375 0.2951388888888889 0.541015625 0.2534722222222222 0.54296875 0.2465277777777778 0.546875 0.24305555555555555
1 0.318359375 0.2881944444444444 0.322265625 0.2986111111111111 0.322265625 0.3125 0.31640625 0.3194444444444444 0.314453125 0.3333333333333333 0.310546875 0.3368055555555556 0.30078125 0.3298611111111111 0.30078125 0.3263888888888889 0.294921875 0.3194444444444444 0.294921875 0.3125 0.310546875 0.2881944444444444 0.31640625 0.2881944444444444
1 0.3671875 0.09027777777777778 0.373046875 0.09722222222222222 0.373046875 0.13194444444444445 0.369140625 0.1423611111111111 0.365234375 0.1388888888888889 0.36328125 0.13194444444444445 0.359375 0.13541666666666666 0.361328125 0.1423611111111111 0.35546875 0.1423611111111111 0.359375 0.09375 0.365234375 0.09027777777777778
1 0.486328125 0.3125 0.4921875 0.3229166666666667 0.4921875 0.3368055555555556 0.486328125 0.3368055555555556 0.482421875 0.34375 0.478515625 0.3541666666666667 0.478515625 0.3680555555555556 0.46484375 0.3645833333333333 0.453125 0.34375 0.453125 0.3229166666666667 0.4609375 0.3159722222222222 0.484375 0.3125
2 0.55078125 0.2048611111111111 0.564453125 0.20833333333333334 0.568359375 0.2152777777777778 0.572265625 0.2152777777777778 0.578125 0.2222222222222222 0.58203125 0.2361111111111111 0.58203125 0.2604166666666667 0.578125 0.2673611111111111 0.57421875 0.2638888888888889 0.56640625 0.2638888888888889 0.546875 0.23958333333333334 0.544921875 0.23958333333333334 0.537109375 0.2569444444444444 0.5390625 0.25 0.537109375 0.2465277777777778 0.537109375 0.23958333333333334 0.5390625 0.2361111111111111 0.5390625 0.21875 0.54296875 0.20833333333333334 0.544921875 0.21180555555555555 0.55078125 0.21180555555555555 0.552734375 0.20833333333333334
2 0.583984375 0.2743055555555556 0.59765625 0.2986111111111111 0.59765625 0.3159722222222222 0.595703125 0.3194444444444444 0.595703125 0.3263888888888889 0.591796875 0.3333333333333333 0.580078125 0.3263888888888889 0.56640625 0.3055555555555556 0.56640625 0.2847222222222222 0.568359375 0.2777777777777778 0.57421875 0.2708333333333333 0.580078125 0.2708333333333333 0.58203125 0.2743055555555556
2 0.46796875 0.23333333333333334 0.04739583333333333 0.06296296296296296
2 0.599609375 0.6631944444444444 0.599609375 0.6666666666666666 0.60546875 0.6770833333333334 0.611328125 0.6805555555555556 0.615234375 0.6875 0.623046875 0.7118055555555556 0.62890625 0.7222222222222222 0.62890625 0.7291666666666666 0.630859375 0.7326388888888888 0.630859375 0.7743055555555556 0.6328125 0.7777777777777778 0.63671875 0.7777777777777778 0.650390625 0.8020833333333334 0.6484375 0.8159722222222222 0.64453125 0.8194444444444444 0.642578125 0.8194444444444444 0.642578125 0.8020833333333334 0.625 0.7847222222222222 0.62109375 0.7743055555555556 0.62109375 0.7638888888888888 0.615234375 0.7534722222222222 0.607421875 0.7708333333333334 0.60546875 0.8090277777777778 0.59765625 0.8159722222222222 0.595703125 0.8125 0.599609375 0.7986111111111112 0.599609375 0.78125 0.6015625 0.7777777777777778 0.6015625 0.7361111111111112 0.603515625 0.7326388888888888 0.603515625 0.7152777777777778 0.587890625 0.6736111111111112 0.59375 0.6597222222222222 0.59765625 0.6631944444444444
2 0.48828125 0.3993055555555556 0.490234375 0.4027777777777778 0.505859375 0.3993055555555556 0.509765625 0.40625 0.509765625 0.4166666666666667 0.505859375 0.4236111111111111 0.498046875 0.4236111111111111 0.49609375 0.4270833333333333 0.49609375 0.4479166666666667 0.50390625 0.4652777777777778 0.50390625 0.4756944444444444 0.5 0.4756944444444444 0.498046875 0.4722222222222222 0.49609375 0.4652777777777778 0.49609375 0.4548611111111111 0.490234375 0.4479166666666667 0.478515625 0.4756944444444444 0.4765625 0.4826388888888889 0.4765625 0.4965277777777778 0.474609375 0.5 0.47265625 0.4965277777777778 0.466796875 0.4965277777777778 0.46484375 0.4895833333333333 0.46875 0.4791666666666667 0.46875 0.46875 0.47265625 0.4652777777777778 0.470703125 0.4583333333333333 0.466796875 0.4618055555555556 0.46484375 0.4583333333333333 0.44921875 0.46875 0.4453125 0.4756944444444444 0.4453125 0.4826388888888889 0.443359375 0.4861111111111111 0.439453125 0.4826388888888889 0.4375 0.46875 0.453125 0.4548611111111111 0.45703125 0.4479166666666667 0.45703125 0.4305555555555556 0.455078125 0.4270833333333333 0.455078125 0.4131944444444444 0.45703125 0.4097222222222222 0.462890625 0.4027777777777778 0.486328125 0.3993055555555556
2 0.640625 0.4895833333333333 0.646484375 0.5 0.66015625 0.5416666666666666 0.66015625 0.5763888888888888 0.6796875 0.6076388888888888 0.681640625 0.6145833333333334 0.6796875 0.6215277777777778 0.673828125 0.6215277777777778 0.671875 0.6111111111111112 0.666015625 0.6006944444444444 0.654296875 0.5902777777777778 0.6484375 0.5694444444444444 0.64453125 0.5625 0.640625 0.5659722222222222 0.63671875 0.5763888888888888 0.63671875 0.6145833333333334 0.634765625 0.6180555555555556 0.626953125 0.6180555555555556 0.630859375 0.6041666666666666 0.630859375 0.5798611111111112 0.62890625 0.5763888888888888 0.62890625 0.5694444444444444 0.63671875 0.5486111111111112 0.63671875 0.5381944444444444 0.62109375 0.4861111111111111 0.62109375 0.4791666666666667 0.625 0.4722222222222222 0.630859375 0.4722222222222222 0.638671875 0.4895833333333333
2 0.8671875 0.2604166666666667 0.873046875 0.2673611111111111 0.876953125 0.2673611111111111 0.880859375 0.2743055555555556 0.884765625 0.2743055555555556 0.892578125 0.2881944444444444 0.89453125 0.2881944444444444 0.890625 0.3125 0.87890625 0.3333333333333333 0.880859375 0.3402777777777778 0.880859375 0.3541666666666667 0.884765625 0.3645833333333333 0.884765625 0.3784722222222222 0.873046875 0.3784722222222222 0.876953125 0.3680555555555556 0.873046875 0.3576388888888889 0.869140625 0.3576388888888889 0.87109375 0.3506944444444444 0.87109375 0.3402777777777778 0.865234375 0.3263888888888889 0.8671875 0.2986111111111111 0.86328125 0.2951388888888889 0.859375 0.2881944444444444 0.859375 0.28125 0.8515625 0.2708333333333333 0.8515625 0.2604166666666667 0.85546875 0.25 0.861328125 0.25 0.865234375 0.2604166666666667
2 0.533203125 0.2847222222222222 0.5390625 0.2916666666666667 0.54296875 0.2916666666666667 0.55078125 0.2986111111111111 0.55078125 0.3055555555555556 0.544921875 0.3090277777777778 0.541015625 0.3159722222222222 0.546875 0.3333333333333333 0.544921875 0.3402777777777778 0.544921875 0.3541666666666667 0.548828125 0.3645833333333333 0.548828125 0.3784722222222222 0.55078125 0.3819444444444444 0.55078125 0.3923611111111111 0.548828125 0.3958333333333333 0.5390625 0.3958333333333333 0.541015625 0.375 0.53125 0.3506944444444444 0.53125 0.3368055555555556 0.529296875 0.3333333333333333 0.515625 0.3368055555555556 0.515625 0.3298611111111111 0.51953125 0.3263888888888889 0.51953125 0.3159722222222222 0.5078125 0.2986111111111111 0.51171875 0.2881944444444444 0.52734375 0.2881944444444444 0.53125 0.2847222222222222
2 0.333984375 0.19444444444444445 0.33984375 0.2013888888888889 0.33984375 0.2152777777777778 0.330078125 0.2326388888888889 0.328125 0.2326388888888889 0.32421875 0.24305555555555555 0.326171875 0.2708333333333333 0.3203125 0.2743055555555556 0.31640625 0.28125 0.310546875 0.28125 0.30078125 0.2569444444444444 0.298828125 0.24305555555555555 0.302734375 0.22916666666666666 0.310546875 0.2222222222222222 0.318359375 0.20833333333333334 0.32421875 0.2048611111111111 0.328125 0.19791666666666666 0.33203125 0.19791666666666666
2 0.375 0.07291666666666667 0.376953125 0.0763888888888889 0.376953125 0.09375 0.373046875 0.10416666666666667 0.373046875 0.14930555555555555 0.376953125 0.15625 0.376953125 0.16319444444444445 0.37890625 0.16666666666666666 0.376953125 0.19791666666666666 0.375 0.2013888888888889 0.376953125 0.2152777777777778 0.373046875 0.2152777777777778 0.37109375 0.21180555555555555 0.37109375 0.1909722222222222 0.369140625 0.1875 0.365234375 0.1875 0.357421875 0.19791666666666666 0.3515625 0.19791666666666666 0.3515625 0.19444444444444445 0.36328125 0.17708333333333334 0.36328125 0.16319444444444445 0.35546875 0.14583333333333334 0.357421875 0.10416666666666667 0.359375 0.10069444444444445 0.359375 0.09375 0.36328125 0.09027777777777778 0.365234375 0.0763888888888889 0.369140625 0.06944444444444445 0.373046875 0.07291666666666667
2 0.5546875 0.3020833333333333 0.572265625 0.3159722222222222 0.576171875 0.3263888888888889 0.57421875 0.3333333333333333 0.57421875 0.3506944444444444 0.580078125 0.3715277777777778 0.580078125 0.3923611111111111 0.578125 0.3958333333333333 0.578125 0.4027777777777778 0.568359375 0.4027777777777778 0.568359375 0.3854166666666667 0.56640625 0.3784722222222222 0.55859375 0.3680555555555556 0.55859375 0.3472222222222222 0.55078125 0.3333333333333333 0.548828125 0.3333333333333333 0.54296875 0.3194444444444444 0.54296875 0.3159722222222222 0.55078125 0.3020833333333333 0.552734375 0.3020833333333333
2 0.544921875 0.2013888888888889 0.546875 0.2048611111111111 0.560546875 0.2048611111111111 0.5625 0.20833333333333334 0.56640625 0.20833333333333334 0.580078125 0.2222222222222222 0.58203125 0.22916666666666666 0.580078125 0.2326388888888889 0.564453125 0.22569444444444445 0.556640625 0.2152777777777778 0.548828125 0.2152777777777778 0.54296875 0.2222222222222222 0.54296875 0.22916666666666666 0.5390625 0.22916666666666666 0.53125 0.21180555555555555 0.53125 0.2048611111111111 0.53515625 0.19791666666666666 0.541015625 0.19791666666666666 0.54296875 0.2013888888888889
2 0.48828125 0.2569444444444444 0.4921875 0.2604166666666667 0.49609375 0.2708333333333333 0.49609375 0.2743055555555556 0.48828125 0.2847222222222222 0.48828125 0.2986111111111111 0.48046875 0.3090277777777778 0.466796875 0.3090277777777778 0.45703125 0.3159722222222222 0.451171875 0.3159722222222222 0.44921875 0.3090277777777778 0.439453125 0.2951388888888889 0.4375 0.2847222222222222 0.44140625 0.2777777777777778 0.447265625 0.2777777777777778 0.451171875 0.2743055555555556 0.453125 0.2673611111111111 0.45703125 0.2638888888888889 0.462890625 0.2638888888888889 0.47265625 0.2569444444444444 0.486328125 0.2569444444444444
2 0.1953125 0.84375 0.1953125 0.8090277777777778 0.19921875 0.7916666666666666 0.193359375 0.7673611111111112 0.193359375 0.75 0.203125 0.71875 0.212890625 0.7013888888888888 0.216796875 0.7013888888888888 0.224609375 0.6840277777777778 0.23046875 0.6840277777777778 0.236328125 0.6979166666666666 0.23046875 0.7326388888888888 0.22265625 0.75 0.22265625 0.7569444444444444 0.220703125 0.7604166666666666 0.220703125 0.7951388888888888 0.216796875 0.8020833333333334 0.21875 0.8333333333333334 0.220703125 0.8402777777777778 0.228515625 0.8506944444444444 0.228515625 0.8541666666666666 0.212890625 0.8541666666666666 0.2109375 0.8159722222222222 0.20703125 0.7986111111111112 0.203125 0.8125 0.203125 0.8298611111111112 0.20703125 0.8402777777777778 0.203125 0.84375 0.197265625 0.84375
2 0.60546875 0.1111111111111111 0.62109375 0.1388888888888889 0.623046875 0.14583333333333334 0.623046875 0.16319444444444445 0.62109375 0.16666666666666666 0.62109375 0.17708333333333334 0.6171875 0.19444444444444445 0.6171875 0.21875 0.619140625 0.22569444444444445 0.61328125 0.2361111111111111 0.61328125 0.25 0.611328125 0.2534722222222222 0.607421875 0.2534722222222222 0.609375 0.24305555555555555 0.607421875 0.23958333333333334 0.607421875 0.2326388888888889 0.6015625 0.21875 0.603515625 0.1597222222222222 0.599609375 0.14583333333333334 0.599609375 0.11458333333333333 0.603515625 0.1111111111111111
2 0.33984375 0.5520833333333334 0.341796875 0.5451388888888888 0.341796875 0.5347222222222222 0.345703125 0.5243055555555556 0.34375 0.5208333333333334 0.34375 0.5138888888888888 0.333984375 0.4965277777777778 0.333984375 0.4930555555555556 0.349609375 0.4618055555555556 0.349609375 0.4583333333333333 0.3671875 0.4305555555555556 0.373046875 0.4375 0.373046875 0.4513888888888889 0.36328125 0.4861111111111111 0.36328125 0.5381944444444444 0.359375 0.5520833333333334 0.359375 0.5659722222222222 0.365234375 0.5763888888888888 0.36328125 0.5798611111111112 0.35546875 0.5798611111111112 0.3515625 0.5763888888888888 0.3515625 0.5555555555555556 0.349609375 0.5520833333333334 0.341796875 0.5520833333333334
2 0.326171875 0.2743055555555556 0.330078125 0.2777777777777778 0.33203125 0.2881944444444444 0.314453125 0.3263888888888889 0.314453125 0.3402777777777778 0.310546875 0.3506944444444444 0.30859375 0.3784722222222222 0.302734375 0.3784722222222222 0.30078125 0.3819444444444444 0.30078125 0.3923611111111111 0.3046875 0.3993055555555556 0.3046875 0.4027777777777778 0.30078125 0.40625 0.291015625 0.3993055555555556 0.294921875 0.3819444444444444 0.296875 0.3541666666666667 0.2890625 0.3402777777777778 0.287109375 0.3263888888888889 0.29296875 0.3125 0.302734375 0.3020833333333333 0.310546875 0.2881944444444444 0.31640625 0.2847222222222222 0.322265625 0.2743055555555556 0.32421875 0.2743055555555556
2 0.578125 0.3298611111111111 0.5859375 0.3333333333333333 0.591796875 0.3402777777777778 0.595703125 0.3402777777777778 0.609375 0.3611111111111111 0.611328125 0.3611111111111111 0.615234375 0.3715277777777778 0.615234375 0.3854166666666667 0.607421875 0.40625 0.607421875 0.4131944444444444 0.611328125 0.4166666666666667 0.611328125 0.4201388888888889 0.623046875 0.4409722222222222 0.623046875 0.4513888888888889 0.6171875 0.4618055555555556 0.61328125 0.4618055555555556 0.61328125 0.4513888888888889 0.615234375 0.4479166666666667 0.61328125 0.4375 0.6015625 0.4236111111111111 0.591796875 0.40625 0.58984375 0.4097222222222222 0.58984375 0.4409722222222222 0.587890625 0.4444444444444444 0.58203125 0.4444444444444444 0.578125 0.4409722222222222 0.58203125 0.4375 0.58203125 0.4305555555555556 0.583984375 0.4270833333333333 0.58203125 0.40625 0.580078125 0.4027777777777778 0.58203125 0.375 0.576171875 0.3506944444444444 0.576171875 0.3368055555555556 0.578125 0.3333333333333333
2 0.552734375 0.2465277777777778 0.560546875 0.2604166666666667 0.5625 0.2604166666666667 0.56640625 0.2708333333333333 0.564453125 0.2951388888888889 0.560546875 0.3020833333333333 0.55078125 0.2951388888888889 0.55078125 0.2847222222222222 0.544921875 0.2638888888888889 0.541015625 0.2569444444444444 0.541015625 0.2465277777777778 0.54296875 0.24305555555555555 0.548828125 0.24305555555555555 0.55078125 0.2465277777777778
2 0.49609375 0.3020833333333333 0.5 0.3090277777777778 0.5 0.3194444444444444 0.494140625 0.3333333333333333 0.494140625 0.3576388888888889 0.501953125 0.3784722222222222 0.501953125 0.3854166666666667 0.498046875 0.3854166666666667 0.49609375 0.375 0.490234375 0.3645833333333333 0.490234375 0.3611111111111111 0.486328125 0.3541666666666667 0.482421875 0.3541666666666667 0.48046875 0.3576388888888889 0.48046875 0.3680555555555556 0.478515625 0.375 0.458984375 0.40625 0.453125 0.40625 0.453125 0.3993055555555556 0.4609375 0.3819444444444444 0.458984375 0.3784722222222222 0.455078125 0.375 0.44921875 0.3784722222222222 0.4453125 0.3923611111111111 0.44140625 0.3923611111111111 0.4375 0.3854166666666667 0.4375 0.375 0.447265625 0.3680555555555556 0.453125 0.3576388888888889 0.453125 0.34375 0.451171875 0.3368055555555556 0.44921875 0.3333333333333333 0.4453125 0.3333333333333333 0.4375 0.34375 0.43359375 0.34375 0.4296875 0.3368055555555556 0.4296875 0.3298611111111111 0.435546875 0.3298611111111111 0.443359375 0.3229166666666667 0.453125 0.3229166666666667 0.458984375 0.3159722222222222 0.48828125 0.3125 0.490234375 0.3055555555555556 0.494140625 0.3020833333333333