0 0.08203125 0.6631944444444444 0.083984375 0.6701388888888888 0.083984375 0.6909722222222222 0.080078125 0.6979166666666666 0.076171875 0.6979166666666666 0.068359375 0.6875 0.068359375 0.6736111111111112 0.0703125 0.6666666666666666 0.07421875 0.6631944444444444 0.080078125 0.6631944444444444
0 0.10546875 0.1701388888888889 0.109375 0.17708333333333334 0.109375 0.1909722222222222 0.1015625 0.1909722222222222 0.09765625 0.1875 0.095703125 0.1736111111111111 0.09765625 0.1701388888888889 0.103515625 0.1701388888888889
0 0.173828125 0.06944444444444445 0.177734375 0.0763888888888889 0.177734375 0.09027777777777778 0.173828125 0.09375 0.166015625 0.09375 0.1640625 0.08680555555555555 0.1640625 0.07291666666666667 0.166015625 0.06944444444444445 0.171875 0.06944444444444445
0 0.298828125 0.3541666666666667 0.298828125 0.3784722222222222 0.296875 0.3819444444444444 0.2890625 0.3819444444444444 0.283203125 0.3715277777777778 0.283203125 0.3611111111111111 0.287109375 0.3541666666666667 0.296875 0.3541666666666667
0 0.21796875 0.5291666666666667 0.024479166666666666 0.0287037037037037
0 0.5 0.7395833333333334 0.498046875 0.7326388888888888 0.498046875 0.71875 0.50390625 0.7083333333333334 0.513671875 0.7083333333333334 0.517578125 0.7152777777777778 0.517578125 0.7291666666666666 0.513671875 0.7361111111111112 0.513671875 0.7430555555555556 0.50390625 0.7430555555555556 0.501953125 0.7395833333333334
0 0.544921875 0.5104166666666666 0.546875 0.53125 0.54296875 0.5347222222222222 0.533203125 0.5347222222222222 0.529296875 0.53125 0.529296875 0.5104166666666666 0.53125 0.5069444444444444 0.541015625 0.5069444444444444 0.54296875 0.5104166666666666
0 0.4765625 0.3888888888888889 0.482421875 0.3958333333333333 0.482421875 0.4027777777777778 0.478515625 0.4131944444444444 0.474609375 0.4131944444444444 0.46484375 0.3993055555555556 0.46875 0.3888888888888889 0.474609375 0.3888888888888889
0 0.513671875 0.3194444444444444 0.515625 0.3229166666666667 0.515625 0.3402777777777778 0.51171875 0.34375 0.5078125 0.3402777777777778 0.5078125 0.3333333333333333 0.50390625 0.3263888888888889 0.505859375 0.3194444444444444 0.51171875 0.3194444444444444
0 0.484375 0.28125 0.49609375 0.2951388888888889 0.49609375 0.3020833333333333 0.494140625 0.3055555555555556 0.48046875 0.2986111111111111 0.478515625 0.2847222222222222 0.482421875 0.28125
0 0.4765625 0.22916666666666666 0.48046875 0.22569444444444445 0.486328125 0.22569444444444445 0.494140625 0.2326388888888889 0.498046875 0.24305555555555555 0.498046875 0.2534722222222222 0.494140625 0.2604166666666667 0.490234375 0.2604166666666667 0.486328125 0.2465277777777778 0.48046875 0.2465277777777778 0.4765625 0.23958333333333334 0.4765625 0.2326388888888889
0 0.494140625 0.14930555555555555 0.49609375 0.1527777777777778 0.49609375 0.16319444444444445 0.4921875 0.1736111111111111 0.48828125 0.1736111111111111 0.48046875 0.16319444444444445 0.48046875 0.1527777777777778 0.484375 0.14583333333333334 0.490234375 0.14583333333333334 0.4921875 0.14930555555555555
0 0.541015625 0.1111111111111111 0.541015625 0.13194444444444445 0.53125 0.13194444444444445 0.529296875 0.1284722222222222 0.529296875 0.11805555555555555 0.53515625 0.1076388888888889 0.5390625 0.1111111111111111
0 0.568359375 0.2048611111111111 0.576171875 0.2152777777777778 0.572265625 0.22569444444444445 0.568359375 0.22569444444444445 0.56640625 0.22916666666666666 0.560546875 0.22916666666666666 0.55859375 0.22569444444444445 0.55859375 0.21180555555555555 0.56640625 0.2048611111111111
1 0.716796875 0.2152777777777778 0.732421875 0.2326388888888889 0.732421875 0.2361111111111111 0.740234375 0.25 0.740234375 0.2673611111111111 0.736328125 0.2708333333333333 0.71875 0.24305555555555555 0.7109375 0.24305555555555555 0.708984375 0.23958333333333334 0.708984375 0.22916666666666666 0.71484375 0.21875
1 0.58203125 0.2222222222222222 0.599609375 0.24305555555555555 0.6015625 0.25 0.6015625 0.2638888888888889 0.59375 0.2743055555555556 0.5859375 0.2673611111111111 0.58203125 0.2673611111111111 0.572265625 0.2569444444444444 0.576171875 0.2465277777777778 0.576171875 0.23958333333333334 0.57421875 0.2361111111111111 0.568359375 0.2361111111111111 0.5703125 0.2326388888888889 0.5703125 0.2222222222222222 0.572265625 0.21875 0.578125 0.21875 0.580078125 0.2222222222222222
1 0.09765625 0.1875 0.103515625 0.2048611111111111 0.095703125 0.2222222222222222 0.095703125 0.2361111111111111 0.08984375 0.2465277777777778 0.083984375 0.2465277777777778 0.08203125 0.25 0.078125 0.24305555555555555 0.078125 0.2222222222222222 0.0859375 0.19444444444444445 0.08984375 0.1875 0.095703125 0.1875
1 0.587890625 0.4027777777777778 0.599609375 0.4131944444444444 0.60546875 0.4236111111111111 0.607421875 0.4305555555555556 0.60546875 0.4375 0.609375 0.4444444444444444 0.609375 0.4548611111111111 0.60546875 0.4618055555555556 0.59765625 0.4548611111111111 0.59375 0.4548611111111111 0.591796875 0.4479166666666667 0.591796875 0.4375 0.5859375 0.4236111111111111 0.58203125 0.4270833333333333 0.578125 0.4270833333333333 0.576171875 0.4236111111111111 0.576171875 0.4131944444444444 0.5859375 0.4027777777777778
1 0.724609375 0.2569444444444444 0.736328125 0.2708333333333333 0.73828125 0.28125 0.74609375 0.2986111111111111 0.74609375 0.3125 0.724609375 0.3125 0.724609375 0.3055555555555556 0.716796875 0.2951388888888889 0.716796875 0.2743055555555556 0.71484375 0.2708333333333333 0.71875 0.2604166666666667 0.72265625 0.2604166666666667
1 0.15625 0.10787037037037037 0.027083333333333334 0.049074074074074076
1 0.470703125 0.4027777777777778 0.4765625 0.4166666666666667 0.4765625 0.4270833333333333 0.474609375 0.4305555555555556 0.466796875 0.4270833333333333 0.453125 0.4479166666666667 0.44921875 0.4444444444444444 0.447265625 0.4375 0.44140625 0.4340277777777778 0.4453125 0.4166666666666667 0.4609375 0.3993055555555556 0.466796875 0.3993055555555556 0.46875 0.4027777777777778
1 0.5078125 0.3333333333333333 0.509765625 0.3402777777777778 0.509765625 0.3506944444444444 0.501953125 0.3645833333333333 0.494140625 0.3680555555555556 0.490234375 0.375 0.482421875 0.375 0.478515625 0.3645833333333333 0.490234375 0.34375 0.490234375 0.3402777777777778 0.49609375 0.3333333333333333 0.5 0.3333333333333333 0.501953125 0.3298611111111111 0.505859375 0.3333333333333333
1 0.552734375 0.2743055555555556 0.556640625 0.2777777777777778 0.564453125 0.2951388888888889 0.560546875 0.2951388888888889 0.5546875 0.3090277777777778 0.5546875 0.2986111111111111 0.552734375 0.2951388888888889 0.548828125 0.2951388888888889 0.54296875 0.3020833333333333 0.5390625 0.2986111111111111 0.53515625 0.2847222222222222 0.53515625 0.28125 0.54296875 0.2708333333333333 0.548828125 0.2708333333333333 0.55078125 0.2743055555555556
1 0.5234375 0.7256944444444444 0.541015625 0.7430555555555556 0.55078125 0.7604166666666666 0.5546875 0.7708333333333334 0.5546875 0.7881944444444444 0.552734375 0.7916666666666666 0.546875 0.7847222222222222 0.541015625 0.7847222222222222 0.5390625 0.78125 0.53515625 0.7881944444444444 0.53125 0.7881944444444444 0.51171875 0.7569444444444444 0.51171875 0.7430555555555556 0.513671875 0.7361111111111112 0.51953125 0.7256944444444444 0.521484375 0.7256944444444444
1 0.068359375 0.6909722222222222 0.0703125 0.6944444444444444 0.07421875 0.6944444444444444 0.078125 0.7013888888888888 0.078125 0.71875 0.07421875 0.7256944444444444 0.072265625 0.71875 0.06640625 0.7256944444444444 0.06640625 0.7534722222222222 0.064453125 0.7569444444444444 0.052734375 0.7534722222222222 0.052734375 0.7395833333333334 0.0546875 0.7361111111111112 0.056640625 0.71875 0.0625 0.6979166666666666 0.06640625 0.6944444444444444
1 0.482421875 0.2361111111111111 0.484375 0.25 0.490234375 0.2604166666666667 0.490234375 0.2673611111111111 0.486328125 0.2708333333333333 0.474609375 0.2604166666666667 0.470703125 0.2673611111111111 0.46484375 0.2673611111111111 0.453125 0.25 0.453125 0.24305555555555555 0.455078125 0.23958333333333334 0.4609375 0.23958333333333334 0.462890625 0.2361111111111111 0.48046875 0.2361111111111111
1 0.546875 0.125 0.556640625 0.1388888888888889 0.5625 0.1597222222222222 0.5625 0.16666666666666666 0.560546875 0.1701388888888889 0.55859375 0.16666666666666666 0.546875 0.16666666666666666 0.544921875 0.1527777777777778 0.537109375 0.13541666666666666 0.54296875 0.125 0.544921875 0.125
1 0.203125 0.5347222222222222 0.20703125 0.53125 0.21484375 0.5347222222222222 0.21875 0.5381944444444444 0.22265625 0.5486111111111112 0.22265625 0.5555555555555556 0.212890625 0.5659722222222222 0.212890625 0.5868055555555556 0.208984375 0.59375 0.201171875 0.59375 0.19921875 0.5902777777777778 0.197265625 0.59375 0.193359375 0.59375 0.19140625 0.5902777777777778 0.193359375 0.5659722222222222 0.203125 0.5381944444444444
1 0.48046875 0.16319444444444445 0.484375 0.1701388888888889 0.486328125 0.1840277777777778 0.47265625 0.2013888888888889 0.4609375 0.2013888888888889 0.458984375 0.19791666666666666 0.458984375 0.1909722222222222 0.46875 0.1736111111111111 0.478515625 0.16319444444444445
1 0.548828125 0.5243055555555556 0.560546875 0.5381944444444444 0.568359375 0.5555555555555556 0.568359375 0.5763888888888888 0.56640625 0.5798611111111112 0.552734375 0.5798611111111112 0.55078125 0.5833333333333334 0.546875 0.5798611111111112 0.548828125 0.5729166666666666 0.546875 0.5625 0.5390625 0.5486111111111112 0.5390625 0.5381944444444444 0.54296875 0.5277777777777778 0.546875 0.5243055555555556
1 0.4666666666666667 0.30972222222222223 0.0375 0.04722222222222222
1 0.576171875 0.3159722222222222 0.580078125 0.3159722222222222 0.58984375 0.3263888888888889 0.591796875 0.3333333333333333 0.609375 0.3611111111111111 0.609375 0.375 0.607421875 0.3784722222222222 0.603515625 0.375 0.59375 0.375 0.591796875 0.3784722222222222 0.59375 0.3611111111111111 0.587890625 0.3506944444444444 0.572265625 0.3541666666666667 0.5703125 0.3506944444444444 0.5703125 0.34375 0.57421875 0.3368055555555556 0.57421875 0.3263888888888889 0.576171875 0.3194444444444444
1 0.578125 0.2638888888888889 0.59375 0.2777777777777778 0.595703125 0.2847222222222222 0.595703125 0.2951388888888889 0.58984375 0.3055555555555556 0.5859375 0.3055555555555556 0.583984375 0.3090277777777778 0.57421875 0.3090277777777778 0.5625 0.2847222222222222 0.5625 0.2673611111111111 0.564453125 0.2638888888888889 0.568359375 0.2604166666666667 0.576171875 0.2638888888888889
1 0.287109375 0.40625 0.283203125 0.3958333333333333 0.279296875 0.3958333333333333 0.275390625 0.4027777777777778 0.275390625 0.4131944444444444 0.271484375 0.4236111111111111 0.26171875 0.4236111111111111 0.259765625 0.4201388888888889 0.259765625 0.4131944444444444 0.28125 0.375 0.287109375 0.375 0.291015625 0.3819444444444444 0.29296875 0.3923611111111111 0.2890625 0.4027777777777778
2 0.71484375 0.2048611111111111 0.716796875 0.20833333333333334 0.716796875 0.2152777777777778 0.724609375 0.2222222222222222 0.740234375 0.25 0.7421875 0.2604166666666667 0.73828125 0.2743055555555556 0.728515625 0.2569444444444444 0.7265625 0.2569444444444444 0.720703125 0.24305555555555555 0.712890625 0.24305555555555555 0.708984375 0.2465277777777778 0.70703125 0.2326388888888889 0.703125 0.22916666666666666 0.703125 0.20833333333333334 0.70703125 0.2048611111111111 0.712890625 0.2048611111111111
2 0.560546875 0.20833333333333334 0.568359375 0.20833333333333334 0.57421875 0.21875 0.580078125 0.21875 0.583984375 0.2222222222222222 0.591796875 0.2361111111111111 0.595703125 0.2361111111111111 0.6015625 0.2465277777777778 0.6015625 0.2534722222222222 0.603515625 0.2569444444444444 0.595703125 0.2743055555555556 0.595703125 0.2847222222222222 0.591796875 0.2743055555555556 0.572265625 0.2604166666666667 0.568359375 0.24305555555555555 0.55859375 0.2222222222222222 0.55859375 0.2152777777777778 0.560546875 0.21180555555555555
2 0.4453125 0.4166666666666667 0.447265625 0.4166666666666667 0.453125 0.40625 0.4609375 0.3993055555555556 0.46484375 0.3993055555555556 0.46875 0.3888888888888889 0.474609375 0.3888888888888889 0.478515625 0.3958333333333333 0.478515625 0.4027777777777778 0.4765625 0.40625 0.4765625 0.4201388888888889 0.478515625 0.4236111111111111 0.47265625 0.4375 0.47265625 0.4618055555555556 0.455078125 0.4965277777777778 0.455078125 0.5069444444444444 0.458984375 0.5138888888888888 0.458984375 0.5208333333333334 0.4453125 0.5138888888888888 0.4453125 0.5034722222222222 0.443359375 0.5 0.423828125 0.5173611111111112 0.421875 0.5208333333333334 0.421875 0.5347222222222222 0.41796875 0.5347222222222222 0.41015625 0.5243055555555556 0.4140625 0.5138888888888888 0.41796875 0.5138888888888888 0.435546875 0.4895833333333333 0.435546875 0.4618055555555556 0.4296875 0.4548611111111111 0.43359375 0.4479166666666667 0.435546875 0.4375 0.4453125 0.4201388888888889
2 0.71484375 0.2048611111111111 0.716796875 0.20833333333333334 0.716796875 0.2152777777777778 0.732421875 0.2326388888888889 0.732421875 0.2361111111111111 0.740234375 0.25 0.7421875 0.2604166666666667 0.73828125 0.2743055555555556 0.728515625 0.2569444444444444 0.7265625 0.2569444444444444 0.720703125 0.24305555555555555 0.708984375 0.24305555555555555 0.708984375 0.2361111111111111 0.703125 0.22916666666666666 0.703125 0.20833333333333334 0.70703125 0.2048611111111111 0.712890625 0.2048611111111111
2 0.58203125 0.3888888888888889 0.5859375 0.4027777777777778 0.591796875 0.4097222222222222 0.59765625 0.4097222222222222 0.603515625 0.4166666666666667 0.603515625 0.4201388888888889 0.609375 0.4305555555555556 0.611328125 0.4375 0.609375 0.4826388888888889 0.6171875 0.4930555555555556 0.62109375 0.4930555555555556 0.6328125 0.5034722222222222 0.6328125 0.5104166666666666 0.626953125 0.5208333333333334 0.623046875 0.5208333333333334 0.623046875 0.5138888888888888 0.625 0.5104166666666666 0.62109375 0.5034722222222222 0.607421875 0.5 0.599609375 0.4895833333333333 0.599609375 0.4826388888888889 0.59765625 0.4791666666666667 0.58984375 0.4791666666666667 0.5859375 0.4861111111111111 0.5859375 0.5243055555555556 0.572265625 0.5243055555555556 0.572265625 0.5208333333333334 0.580078125 0.5104166666666666 0.578125 0.4583333333333333 0.58203125 0.4513888888888889 0.58203125 0.4444444444444444 0.578125 0.4270833333333333 0.56640625 0.3993055555555556 0.5703125 0.3888888888888889 0.580078125 0.3888888888888889
2 0.107421875 0.1736111111111111 0.109375 0.18055555555555555 0.109375 0.19444444444444445 0.095703125 0.2222222222222222 0.095703125 0.2604166666666667 0.091796875 0.2708333333333333 0.091796875 0.2986111111111111 0.099609375 0.3125 0.09765625 0.3159722222222222 0.091796875 0.3159722222222222 0.087890625 0.3263888888888889 0.078125 0.3263888888888889 0.078125 0.3090277777777778 0.080078125 0.3055555555555556 0.078125 0.2881944444444444 0.08203125 0.2743055555555556 0.08203125 0.2638888888888889 0.078125 0.2465277777777778 0.078125 0.2222222222222222 0.0859375 0.19444444444444445 0.095703125 0.18055555555555555 0.095703125 0.1736111111111111 0.09765625 0.1701388888888889 0.103515625 0.1701388888888889 0.10546875 0.1736111111111111
2 0.490234375 0.3402777777777778 0.498046875 0.3333333333333333 0.505859375 0.3194444444444444 0.51171875 0.3194444444444444 0.515625 0.3298611111111111 0.513671875 0.34375 0.5 0.3680555555555556 0.4921875 0.375 0.4921875 0.3819444444444444 0.498046875 0.3888888888888889 0.501953125 0.3993055555555556 0.501953125 0.40625 0.48828125 0.4270833333333333 0.48046875 0.4270833333333333 0.478515625 0.4201388888888889 0.48046875 0.4166666666666667 0.48046875 0.3993055555555556 0.47265625 0.3854166666666667 0.47265625 0.3715277777777778 0.490234375 0.34375
2 0.541015625 0.2604166666666667 0.544921875 0.2708333333333333 0.556640625 0.2777777777777778 0.5625 0.2916666666666667 0.5625 0.2986111111111111 0.556640625 0.3055555555555556 0.556640625 0.3194444444444444 0.5546875 0.3229166666666667 0.556640625 0.3298611111111111 0.556640625 0.3402777777777778 0.552734375 0.3541666666666667 0.552734375 0.3680555555555556 0.548828125 0.3854166666666667 0.537109375 0.3854166666666667 0.541015625 0.375 0.541015625 0.3680555555555556 0.544921875 0.3611111111111111 0.544921875 0.3368055555555556 0.54296875 0.3333333333333333 0.5390625 0.3333333333333333 0.537109375 0.3368055555555556 0.533203125 0.3368055555555556 0.53125 0.3333333333333333 0.53125 0.3298611111111111 0.53515625 0.3263888888888889 0.541015625 0.3263888888888889 0.54296875 0.3229166666666667 0.54296875 0.3055555555555556 0.529296875 0.2743055555555556 0.529296875 0.2673611111111111 0.533203125 0.2604166666666667 0.5390625 0.2604166666666667
2 0.720703125 0.2465277777777778 0.7265625 0.2604166666666667 0.736328125 0.2708333333333333 0.73828125 0.28125 0.748046875 0.3020833333333333 0.748046875 0.3125 0.734375 0.3402777777777778 0.734375 0.3541666666666667 0.740234375 0.375 0.740234375 0.3888888888888889 0.73828125 0.3923611111111111 0.732421875 0.3923611111111111 0.73046875 0.3888888888888889 0.732421875 0.3854166666666667 0.732421875 0.3784722222222222 0.73046875 0.375 0.720703125 0.375 0.724609375 0.3680555555555556 0.724609375 0.3472222222222222 0.72265625 0.34375 0.72265625 0.3020833333333333 0.720703125 0.2986111111111111 0.71484375 0.3055555555555556 0.703125 0.2951388888888889 0.69921875 0.2881944444444444 0.69921875 0.2777777777777778 0.712890625 0.2951388888888889 0.716796875 0.2916666666666667 0.716796875 0.2777777777777778 0.708984375 0.2569444444444444 0.712890625 0.2465277777777778 0.71875 0.2465277777777778
2 0.5390625 0.5104166666666666 0.546875 0.5243055555555556 0.552734375 0.5277777777777778 0.564453125 0.5451388888888888 0.56640625 0.5555555555555556 0.572265625 0.5659722222222222 0.572265625 0.6111111111111112 0.58203125 0.6284722222222222 0.58203125 0.6319444444444444 0.59375 0.6493055555555556 0.591796875 0.6597222222222222 0.5859375 0.6597222222222222 0.583984375 0.65625 0.583984375 0.6458333333333334 0.576171875 0.6319444444444444 0.57421875 0.6319444444444444 0.57421875 0.6284722222222222 0.5703125 0.625 0.560546875 0.6041666666666666 0.5546875 0.6041666666666666 0.55078125 0.6111111111111112 0.55078125 0.6388888888888888 0.548828125 0.6423611111111112 0.55078125 0.6493055555555556 0.55078125 0.6631944444444444 0.54296875 0.6631944444444444 0.541015625 0.6666666666666666 0.537109375 0.6631944444444444 0.537109375 0.6597222222222222 0.54296875 0.6527777777777778 0.544921875 0.6388888888888888 0.54296875 0.6354166666666666 0.54296875 0.5972222222222222 0.5390625 0.5868055555555556 0.5390625 0.5798611111111112 0.546875 0.5729166666666666 0.546875 0.5625 0.5390625 0.5486111111111112 0.5390625 0.5451388888888888 0.533203125 0.5347222222222222 0.53125 0.5347222222222222 0.529296875 0.5277777777777778 0.529296875 0.5138888888888888 0.533203125 0.5069444444444444 0.537109375 0.5104166666666666
2 0.080078125 0.6666666666666666 0.083984375 0.6770833333333334 0.083984375 0.6909722222222222 0.078125 0.7083333333333334 0.078125 0.71875 0.072265625 0.7395833333333334 0.072265625 0.7569444444444444 0.07421875 0.7604166666666666 0.07421875 0.7673611111111112 0.078125 0.7743055555555556 0.078125 0.7951388888888888 0.076171875 0.7986111111111112 0.076171875 0.8125 0.07421875 0.8159722222222222 0.07421875 0.8333333333333334 0.083984375 0.8472222222222222 0.080078125 0.8506944444444444 0.0703125 0.8506944444444444 0.068359375 0.8472222222222222 0.068359375 0.8333333333333334 0.06640625 0.8298611111111112 0.0625 0.8298611111111112 0.056640625 0.8472222222222222 0.060546875 0.8645833333333334 0.0546875 0.8645833333333334 0.046875 0.8541666666666666 0.048828125 0.84375 0.052734375 0.8368055555555556 0.056640625 0.8194444444444444 0.0625 0.8055555555555556 0.0625 0.7951388888888888 0.05078125 0.7638888888888888 0.05078125 0.75 0.0546875 0.7395833333333334 0.0546875 0.7291666666666666 0.060546875 0.7048611111111112 0.068359375 0.6875 0.068359375 0.6736111111111112 0.072265625 0.6666666666666666 0.078125 0.6666666666666666
2 0.298828125 0.3611111111111111 0.298828125 0.375 0.296875 0.3819444444444444 0.29296875 0.3854166666666667 0.291015625 0.3993055555555556 0.28515625 0.4097222222222222 0.28515625 0.4201388888888889 0.2890625 0.4305555555555556 0.2890625 0.4409722222222222 0.28515625 0.4479166666666667 0.28125 0.4722222222222222 0.287109375 0.4791666666666667 0.279296875 0.4826388888888889 0.275390625 0.4895833333333333 0.275390625 0.4930555555555556 0.283203125 0.5034722222222222 0.28125 0.5069444444444444 0.271484375 0.5069444444444444 0.267578125 0.5034722222222222 0.2734375 0.4548611111111111 0.26171875 0.4375 0.259765625 0.4131944444444444 0.28125 0.375 0.28515625 0.3715277777777778 0.28515625 0.3611111111111111 0.287109375 0.3576388888888889 0.29296875 0.3541666666666667 0.296875 0.3611111111111111
2 0.4921875 0.2326388888888889 0.494140625 0.2361111111111111 0.494140625 0.2569444444444444 0.490234375 0.2743055555555556 0.48828125 0.2777777777777778 0.482421875 0.2777777777777778 0.48046875 0.28125 0.474609375 0.28125 0.46484375 0.2881944444444444 0.4609375 0.2881944444444444 0.453125 0.28125 0.4453125 0.2604166666666667 0.439453125 0.2534722222222222 0.439453125 0.25 0.45703125 0.2326388888888889 0.462890625 0.2326388888888889 0.46484375 0.2361111111111111 0.474609375 0.2361111111111111 0.482421875 0.22916666666666666 0.48828125 0.22916666666666666 0.490234375 0.2326388888888889
2 0.203125 0.5347222222222222 0.208984375 0.53125 0.2109375 0.5277777777777778 0.2109375 0.5208333333333334 0.21484375 0.5138888888888888 0.220703125 0.5138888888888888 0.2265625 0.5243055555555556 0.2265625 0.5347222222222222 0.22265625 0.5451388888888888 0.22265625 0.5555555555555556 0.216796875 0.5694444444444444 0.212890625 0.5868055555555556 0.212890625 0.6041666666666666 0.21484375 0.6076388888888888 0.21484375 0.6458333333333334 0.216796875 0.6493055555555556 0.216796875 0.65625 0.224609375 0.6631944444444444 0.220703125 0.6701388888888888 0.208984375 0.6701388888888888 0.208984375 0.6527777777777778 0.2109375 0.6493055555555556 0.208984375 0.6458333333333334 0.208984375 0.6319444444444444 0.20703125 0.6284722222222222 0.203125 0.6354166666666666 0.203125 0.6597222222222222 0.201171875 0.6631944444444444 0.201171875 0.6701388888888888 0.205078125 0.6770833333333334 0.203125 0.6840277777777778 0.197265625 0.6840277777777778 0.197265625 0.6284722222222222 0.19140625 0.6076388888888888 0.19140625 0.5833333333333334 0.193359375 0.5798611111111112 0.193359375 0.5694444444444444 0.203125 0.5381944444444444
2 0.173828125 0.07291666666666667 0.17578125 0.0763888888888889 0.17578125 0.09375 0.173828125 0.10069444444444445 0.16796875 0.10416666666666667 0.162109375 0.11458333333333333 0.162109375 0.1284722222222222 0.166015625 0.14583333333333334 0.166015625 0.18055555555555555 0.171875 0.1909722222222222 0.1640625 0.1909722222222222 0.158203125 0.19791666666666666 0.1484375 0.19791666666666666 0.146484375 0.19444444444444445 0.146484375 0.1875 0.15234375 0.16319444444444445 0.15234375 0.1527777777777778 0.142578125 0.11805555555555555 0.14453125 0.11458333333333333 0.14453125 0.1076388888888889 0.154296875 0.09027777777777778 0.16015625 0.08680555555555555 0.16796875 0.06944444444444445 0.171875 0.07291666666666667
2 0.494140625 0.1527777777777778 0.494140625 0.1736111111111111 0.474609375 0.2013888888888889 0.474609375 0.2048611111111111 0.478515625 0.20833333333333334 0.482421875 0.21875 0.482421875 0.22569444444444445 0.474609375 0.2326388888888889 0.46484375 0.2326388888888889 0.4609375 0.22916666666666666 0.458984375 0.2222222222222222 0.458984375 0.1909722222222222 0.46875 0.1736111111111111 0.478515625 0.16319444444444445 0.484375 0.14930555555555555 0.490234375 0.14930555555555555 0.4921875 0.1527777777777778
2 0.490234375 0.2847222222222222 0.4921875 0.2916666666666667 0.48828125 0.3020833333333333 0.486328125 0.3159722222222222 0.48046875 0.3263888888888889 0.48046875 0.3402777777777778 0.4765625 0.3402777777777778 0.470703125 0.3298611111111111 0.45703125 0.3506944444444444 0.455078125 0.3680555555555556 0.451171875 0.3715277777777778 0.443359375 0.3715277777777778 0.4375 0.3784722222222222 0.439453125 0.3888888888888889 0.435546875 0.3888888888888889 0.427734375 0.3819444444444444 0.427734375 0.3715277777777778 0.431640625 0.3715277777777778 0.4453125 0.3541666666666667 0.443359375 0.3229166666666667 0.4375 0.3159722222222222 0.431640625 0.3055555555555556 0.431640625 0.3020833333333333 0.447265625 0.2881944444444444 0.451171875 0.2881944444444444 0.453125 0.2916666666666667 0.46484375 0.2916666666666667 0.466796875 0.2881944444444444 0.474609375 0.2881944444444444 0.484375 0.28125 0.48828125 0.2847222222222222
2 0.51171875 0.7118055555555556 0.51953125 0.7256944444444444 0.5234375 0.7256944444444444 0.53125 0.7361111111111112 0.537109375 0.7395833333333334 0.55078125 0.7604166666666666 0.556640625 0.7777777777777778 0.552734375 0.8229166666666666 0.5703125 0.8472222222222222 0.57421875 0.8472222222222222 0.580078125 0.8541666666666666 0.580078125 0.8645833333333334 0.57421875 0.8784722222222222 0.5703125 0.8784722222222222 0.5703125 0.8611111111111112 0.56640625 0.8541666666666666 0.560546875 0.8506944444444444 0.556640625 0.84375 0.548828125 0.8402777777777778 0.544921875 0.8333333333333334 0.54296875 0.8125 0.537109375 0.8020833333333334 0.533203125 0.8020833333333334 0.529296875 0.8090277777777778 0.529296875 0.8576388888888888 0.53125 0.8645833333333334 0.529296875 0.8680555555555556 0.513671875 0.8680555555555556 0.513671875 0.8645833333333334 0.5234375 0.8506944444444444 0.521484375 0.8090277777777778 0.517578125 0.7986111111111112 0.5234375 0.7916666666666666 0.52734375 0.78125 0.515625 0.7673611111111112 0.51171875 0.7534722222222222 0.501953125 0.7395833333333334 0.5 0.7222222222222222 0.50390625 0.7118055555555556 0.509765625 0.7118055555555556
2 0.58984375 0.3263888888888889 0.609375 0.3611111111111111 0.609375 0.3784722222222222 0.59765625 0.4027777777777778 0.59765625 0.40625 0.591796875 0.40625 0.587890625 0.4027777777777778 0.58203125 0.3854166666666667 0.57421875 0.3819444444444444 0.576171875 0.375 0.57421875 0.3715277777777778 0.576171875 0.3680555555555556 0.57421875 0.3645833333333333 0.5703125 0.3645833333333333 0.568359375 0.3576388888888889 0.568359375 0.3229166666666667 0.572265625 0.3159722222222222 0.58203125 0.3159722222222222 0.587890625 0.3263888888888889
2 0.5546875 0.25 0.560546875 0.25 0.564453125 0.2534722222222222 0.56640625 0.2604166666666667 0.58203125 0.2673611111111111 0.59375 0.2777777777777778 0.59765625 0.2916666666666667 0.595703125 0.2951388888888889 0.595703125 0.3090277777777778 0.59375 0.3055555555555556 0.587890625 0.3055555555555556 0.5859375 0.3090277777777778 0.57421875 0.3090277777777778 0.564453125 0.2916666666666667 0.560546875 0.2777777777777778 0.552734375 0.2673611111111111 0.552734375 0.2569444444444444 0.5546875 0.2534722222222222
2 0.537109375 0.1076388888888889 0.541015625 0.1111111111111111 0.541015625 0.11458333333333333 0.556640625 0.1388888888888889 0.564453125 0.16319444444444445 0.564453125 0.1840277777777778 0.56640625 0.1909722222222222 0.5703125 0.19444444444444445 0.57421875 0.2048611111111111 0.580078125 0.20833333333333334 0.58203125 0.2152777777777778 0.576171875 0.2152777777777778 0.5703125 0.2048611111111111 0.560546875 0.2013888888888889 0.560546875 0.19791666666666666 0.552734375 0.1840277777777778 0.548828125 0.1840277777777778 0.544921875 0.1909722222222222 0.54296875 0.22916666666666666 0.5390625 0.22916666666666666 0.537109375 0.22569444444444445 0.5390625 0.21875 0.5390625 0.19444444444444445 0.537109375 0.1909722222222222 0.5390625 0.1875 0.5390625 0.1736111111111111 0.544921875 0.16319444444444445 0.544921875 0.1527777777777778 0.53125 0.125 0.53125 0.11805555555555555 0.533203125 0.1111111111111111 0.53515625 0.1111111111111111
2 0.51171875 0 0.517578125 0 0.513671875 0.010416666666666666 0.509765625 0.010416666666666666 0.51171875 0.003472222222222222