0 0.08984375 0.6006944444444444 0.091796875 0.6041666666666666 0.08984375 0.6284722222222222 0.078125 0.6284722222222222 0.07421875 0.6215277777777778 0.07421875 0.6076388888888888 0.078125 0.6006944444444444 0.087890625 0.6006944444444444
0 0.185546875 0.7604166666666666 0.19140625 0.7743055555555556 0.19140625 0.7847222222222222 0.193359375 0.7881944444444444 0.193359375 0.7951388888888888 0.1875 0.8020833333333334 0.177734375 0.8020833333333334 0.17578125 0.7986111111111112 0.17578125 0.7708333333333334 0.177734375 0.7638888888888888 0.18359375 0.7604166666666666
0 0.35 0.6763888888888889 0.014583333333333334 0.03796296296296296
0 0.291015625 0.46875 0.29296875 0.4722222222222222 0.29296875 0.4791666666666667 0.28515625 0.4895833333333333 0.279296875 0.4826388888888889 0.279296875 0.46875 0.28125 0.4652777777777778 0.287109375 0.4652777777777778 0.2890625 0.46875
0 0.171875 0.4236111111111111 0.177734375 0.4305555555555556 0.177734375 0.4409722222222222 0.171875 0.4548611111111111 0.1640625 0.4548611111111111 0.15625 0.4444444444444444 0.15625 0.4305555555555556 0.16015625 0.4236111111111111 0.169921875 0.4236111111111111
0 0.02734375 0.1284722222222222 0.03125 0.1423611111111111 0.03125 0.14930555555555555 0.02734375 0.15625 0.0234375 0.15625 0.015625 0.1423611111111111 0.015625 0.13194444444444445 0.01953125 0.1284722222222222 0.025390625 0.1284722222222222
0 0.3325520833333333 0.20324074074074072 0.013020833333333334 0.030555555555555558
0 0.3671875 0.19444444444444445 0.37890625 0.19444444444444445 0.384765625 0.20833333333333334 0.384765625 0.21875 0.3828125 0.21875 0.380859375 0.22569444444444445 0.375 0.22569444444444445 0.3671875 0.2152777777777778 0.3671875 0.19791666666666666
0 0.505859375 0.22916666666666666 0.51953125 0.22916666666666666 0.521484375 0.2326388888888889 0.521484375 0.25 0.51953125 0.2534722222222222 0.5078125 0.2534722222222222 0.505859375 0.25 0.505859375 0.2326388888888889
0 0.623046875 0.22916666666666666 0.625 0.2326388888888889 0.626953125 0.22916666666666666 0.630859375 0.2326388888888889 0.630859375 0.2465277777777778 0.625 0.2569444444444444 0.62109375 0.2569444444444444 0.619140625 0.25 0.619140625 0.23958333333333334 0.6171875 0.2326388888888889 0.62109375 0.22916666666666666
0 0.7088541666666667 0.29953703703703705 0.022916666666666665 0.036111111111111115
0 0.599609375 0.3680555555555556 0.603515625 0.3680555555555556 0.607421875 0.3611111111111111 0.61328125 0.3611111111111111 0.615234375 0.3645833333333333 0.615234375 0.3715277777777778 0.607421875 0.3923611111111111 0.59765625 0.3923611111111111 0.59765625 0.375 0.599609375 0.3715277777777778
0 0.5703125 0.40625 0.576171875 0.4166666666666667 0.578125 0.4166666666666667 0.580078125 0.4270833333333333 0.578125 0.4305555555555556 0.5625 0.4305555555555556 0.560546875 0.4236111111111111 0.5625 0.4166666666666667 0.568359375 0.4097222222222222
0 0.515625 0.3333333333333333 0.515625 0.3229166666666667 0.517578125 0.3194444444444444 0.5234375 0.3194444444444444 0.525390625 0.3229166666666667 0.521484375 0.3368055555555556 0.517578125 0.3333333333333333
0 0.5234375 0.3298611111111111 0.533203125 0.3298611111111111 0.537109375 0.3333333333333333 0.537109375 0.34375 0.529296875 0.3506944444444444 0.525390625 0.3506944444444444 0.5234375 0.3472222222222222 0.525390625 0.34375 0.5234375 0.3402777777777778 0.5234375 0.3333333333333333
0 0.546875 0.2326388888888889 0.55078125 0.2465277777777778 0.5390625 0.2465277777777778 0.537109375 0.24305555555555555 0.537109375 0.2361111111111111 0.5390625 0.2326388888888889 0.544921875 0.2326388888888889
0 0.53515625 0.2986111111111111 0.5390625 0.3055555555555556 0.5390625 0.3125 0.525390625 0.3125 0.5234375 0.3090277777777778 0.5234375 0.3020833333333333 0.52734375 0.2986111111111111 0.533203125 0.2986111111111111
0 0.5390625 0.2916666666666667 0.537109375 0.2847222222222222 0.537109375 0.2708333333333333 0.541015625 0.2638888888888889 0.546875 0.2638888888888889 0.548828125 0.2673611111111111 0.548828125 0.2743055555555556 0.54296875 0.28125 0.54296875 0.2916666666666667 0.541015625 0.2916666666666667
1 0.546875 0.2534722222222222 0.552734375 0.2534722222222222 0.560546875 0.2673611111111111 0.568359375 0.2986111111111111 0.568359375 0.3090277777777778 0.572265625 0.3229166666666667 0.572265625 0.34375 0.57421875 0.3472222222222222 0.57421875 0.3506944444444444 0.5703125 0.3506944444444444 0.5703125 0.3472222222222222 0.556640625 0.3263888888888889 0.5546875 0.3194444444444444 0.5546875 0.3090277777777778 0.544921875 0.2951388888888889 0.54296875 0.28125 0.546875 0.2708333333333333 0.546875 0.2569444444444444
1 0.33984375 0.6736111111111112 0.345703125 0.6805555555555556 0.3515625 0.6805555555555556 0.35546875 0.6736111111111112 0.359375 0.6736111111111112 0.365234375 0.6805555555555556 0.365234375 0.71875 0.359375 0.7291666666666666 0.3359375 0.7256944444444444 0.3359375 0.7048611111111112 0.33203125 0.6979166666666666 0.32421875 0.7013888888888888 0.318359375 0.7152777777777778 0.314453125 0.7152777777777778 0.318359375 0.6979166666666666 0.33203125 0.6770833333333334 0.337890625 0.6736111111111112
1 0.509765625 0.2465277777777778 0.515625 0.2534722222222222 0.513671875 0.2777777777777778 0.501953125 0.3090277777777778 0.498046875 0.3020833333333333 0.490234375 0.2986111111111111 0.48828125 0.2951388888888889 0.48828125 0.2881944444444444 0.490234375 0.2847222222222222 0.490234375 0.2777777777777778 0.49609375 0.2673611111111111 0.49609375 0.2604166666666667 0.5 0.25 0.501953125 0.2465277777777778 0.5078125 0.2465277777777778
1 0.06875 0.6611111111111111 0.03229166666666666 0.07592592592592592
1 0.33203125 0.19444444444444445 0.33984375 0.2048611111111111 0.34375 0.21875 0.345703125 0.23958333333333334 0.337890625 0.23958333333333334 0.333984375 0.2361111111111111 0.333984375 0.2326388888888889 0.328125 0.2222222222222222 0.326171875 0.2152777777777778 0.326171875 0.2013888888888889 0.330078125 0.19791666666666666
1 0.296875 0.4756944444444444 0.298828125 0.4791666666666667 0.302734375 0.4791666666666667 0.310546875 0.4930555555555556 0.314453125 0.5208333333333334 0.318359375 0.53125 0.318359375 0.5381944444444444 0.314453125 0.5451388888888888 0.3046875 0.5451388888888888 0.30078125 0.5416666666666666 0.302734375 0.5381944444444444 0.302734375 0.5208333333333334 0.30078125 0.5138888888888888 0.294921875 0.5034722222222222 0.2890625 0.5034722222222222 0.28515625 0.4895833333333333 0.2890625 0.4826388888888889 0.294921875 0.4791666666666667
1 0.162109375 0.4444444444444444 0.1640625 0.4513888888888889 0.169921875 0.4513888888888889 0.169921875 0.4652777777777778 0.162109375 0.4826388888888889 0.171875 0.5034722222222222 0.16796875 0.5208333333333334 0.1640625 0.5243055555555556 0.15234375 0.5243055555555556 0.13671875 0.5 0.138671875 0.4861111111111111 0.14453125 0.4756944444444444 0.15234375 0.4513888888888889 0.16015625 0.4444444444444444
1 0.369140625 0.21180555555555555 0.369140625 0.2152777777777778 0.375 0.22569444444444445 0.373046875 0.23958333333333334 0.369140625 0.25 0.359375 0.25 0.35546875 0.2569444444444444 0.349609375 0.2569444444444444 0.349609375 0.24305555555555555 0.3515625 0.2361111111111111 0.365234375 0.21180555555555555 0.3671875 0.21180555555555555
1 0.15234375 0.4513888888888889 0.16015625 0.4444444444444444 0.1640625 0.4513888888888889 0.169921875 0.4548611111111111 0.169921875 0.4652777777777778 0.162109375 0.4826388888888889 0.16015625 0.4826388888888889 0.154296875 0.46875 0.1484375 0.4826388888888889 0.1484375 0.4930555555555556 0.14453125 0.4965277777777778 0.138671875 0.4965277777777778 0.138671875 0.4861111111111111 0.15234375 0.4548611111111111
1 0.642578125 0.25 0.642578125 0.2534722222222222 0.650390625 0.2673611111111111 0.654296875 0.2847222222222222 0.654296875 0.3090277777777778 0.650390625 0.3090277777777778 0.6484375 0.3125 0.640625 0.3090277777777778 0.640625 0.3020833333333333 0.63671875 0.2916666666666667 0.623046875 0.2708333333333333 0.623046875 0.2534722222222222 0.625 0.25 0.62890625 0.2465277777777778 0.638671875 0.2465277777777778 0.640625 0.25
1 0.703125 0.3229166666666667 0.70703125 0.3194444444444444 0.712890625 0.3194444444444444 0.71484375 0.3159722222222222 0.720703125 0.3159722222222222 0.724609375 0.3229166666666667 0.720703125 0.3819444444444444 0.70703125 0.3819444444444444 0.705078125 0.375 0.705078125 0.3576388888888889 0.701171875 0.3506944444444444 0.701171875 0.3333333333333333 0.703125 0.3263888888888889
1 0.564453125 0.4270833333333333 0.576171875 0.4375 0.576171875 0.4479166666666667 0.568359375 0.4513888888888889 0.564453125 0.4618055555555556 0.564453125 0.4756944444444444 0.56640625 0.4791666666666667 0.564453125 0.4826388888888889 0.55078125 0.4826388888888889 0.55078125 0.4409722222222222 0.556640625 0.4270833333333333 0.5625 0.4270833333333333
1 0.51953125 0.3194444444444444 0.525390625 0.3263888888888889 0.525390625 0.3576388888888889 0.52734375 0.3611111111111111 0.525390625 0.3645833333333333 0.525390625 0.3784722222222222 0.52734375 0.3819444444444444 0.52734375 0.3888888888888889 0.525390625 0.3923611111111111 0.509765625 0.3923611111111111 0.5078125 0.3888888888888889 0.5078125 0.3402777777777778 0.51171875 0.3298611111111111 0.517578125 0.3229166666666667
1 0.017578125 0.14583333333333334 0.025390625 0.15625 0.025390625 0.1701388888888889 0.01953125 0.1840277777777778 0.013671875 0.1840277777777778 0.01171875 0.1875 0.001953125 0.1875 0 0.1840277777777778 0 0.1736111111111111 0.00390625 0.1701388888888889 0.00390625 0.1597222222222222 0.009765625 0.14930555555555555 0.015625 0.14583333333333334
1 0.61328125 0.375 0.619140625 0.375 0.62109375 0.3784722222222222 0.62109375 0.3958333333333333 0.619140625 0.3993055555555556 0.6171875 0.4201388888888889 0.609375 0.4270833333333333 0.59375 0.4270833333333333 0.591796875 0.4236111111111111 0.591796875 0.3923611111111111 0.595703125 0.3854166666666667 0.6015625 0.3923611111111111 0.60546875 0.3923611111111111 0.61328125 0.3784722222222222
1 0.546875 0.2569444444444444 0.552734375 0.2569444444444444 0.55859375 0.2638888888888889 0.56640625 0.2986111111111111 0.56640625 0.3055555555555556 0.564453125 0.3090277777777778 0.556640625 0.3125 0.552734375 0.3020833333333333 0.544921875 0.2951388888888889 0.54296875 0.2881944444444444 0.54296875 0.2777777777777778 0.546875 0.2708333333333333 0.546875 0.2604166666666667
1 0.54296875 0.3020833333333333 0.548828125 0.3020833333333333 0.556640625 0.3194444444444444 0.556640625 0.3298611111111111 0.564453125 0.34375 0.564453125 0.3541666666666667 0.568359375 0.3611111111111111 0.568359375 0.3784722222222222 0.5703125 0.3819444444444444 0.5703125 0.3923611111111111 0.568359375 0.3958333333333333 0.564453125 0.3923611111111111 0.533203125 0.3263888888888889 0.53515625 0.3229166666666667 0.53515625 0.3159722222222222 0.54296875 0.3055555555555556
1 0.197265625 0.7847222222222222 0.208984375 0.7847222222222222 0.2109375 0.7881944444444444 0.21484375 0.7881944444444444 0.220703125 0.7986111111111112 0.220703125 0.8090277777777778 0.22265625 0.8159722222222222 0.228515625 0.8229166666666666 0.228515625 0.8333333333333334 0.22265625 0.8402777777777778 0.2109375 0.8402777777777778 0.208984375 0.8368055555555556 0.203125 0.8368055555555556 0.201171875 0.8298611111111112 0.19140625 0.8229166666666666 0.1875 0.8090277777777778 0.1875 0.8020833333333334 0.189453125 0.8020833333333334 0.197265625 0.7881944444444444
2 0.548828125 0.2326388888888889 0.552734375 0.25 0.560546875 0.2673611111111111 0.56640625 0.2881944444444444 0.56640625 0.2951388888888889 0.572265625 0.3194444444444444 0.572265625 0.3402777777777778 0.57421875 0.34375 0.57421875 0.3541666666666667 0.55859375 0.3298611111111111 0.55859375 0.3125 0.556640625 0.3055555555555556 0.552734375 0.2986111111111111 0.546875 0.2951388888888889 0.54296875 0.28125 0.544921875 0.2743055555555556 0.544921875 0.2638888888888889 0.54296875 0.2604166666666667 0.5390625 0.2604166666666667 0.537109375 0.2638888888888889 0.537109375 0.23958333333333334 0.541015625 0.2326388888888889 0.546875 0.2326388888888889
2 0.353515625 0.6597222222222222 0.353515625 0.6666666666666666 0.365234375 0.6805555555555556 0.365234375 0.71875 0.361328125 0.7256944444444444 0.361328125 0.7673611111111112 0.357421875 0.7777777777777778 0.357421875 0.7986111111111112 0.35546875 0.8020833333333334 0.3515625 0.8020833333333334 0.349609375 0.7986111111111112 0.3515625 0.7569444444444444 0.34765625 0.7465277777777778 0.345703125 0.7465277777777778 0.33984375 0.7604166666666666 0.33984375 0.7673611111111112 0.337890625 0.7708333333333334 0.337890625 0.7881944444444444 0.33203125 0.7986111111111112 0.326171875 0.7986111111111112 0.326171875 0.7881944444444444 0.328125 0.7847222222222222 0.330078125 0.7604166666666666 0.33203125 0.7569444444444444 0.33203125 0.7430555555555556 0.3359375 0.7291666666666666 0.3359375 0.7013888888888888 0.333984375 0.6979166666666666 0.328125 0.6979166666666666 0.322265625 0.7048611111111112 0.318359375 0.7152777777777778 0.318359375 0.7291666666666666 0.3203125 0.7326388888888888 0.318359375 0.7361111111111112 0.3125 0.7361111111111112 0.310546875 0.7326388888888888 0.310546875 0.7222222222222222 0.314453125 0.7152777777777778 0.318359375 0.6979166666666666 0.33203125 0.6770833333333334 0.337890625 0.6736111111111112 0.34375 0.6597222222222222 0.34765625 0.65625 0.3515625 0.6597222222222222
2 0.517578125 0.2326388888888889 0.51953125 0.2361111111111111 0.51953125 0.2534722222222222 0.5234375 0.2673611111111111 0.53125 0.2777777777777778 0.529296875 0.28125 0.513671875 0.28125 0.505859375 0.2986111111111111 0.501953125 0.3159722222222222 0.501953125 0.3298611111111111 0.49609375 0.3506944444444444 0.498046875 0.3576388888888889 0.501953125 0.3576388888888889 0.49609375 0.3576388888888889 0.490234375 0.3645833333333333 0.478515625 0.3645833333333333 0.474609375 0.375 0.470703125 0.375 0.46875 0.3611111111111111 0.470703125 0.3576388888888889 0.474609375 0.3576388888888889 0.48828125 0.3368055555555556 0.48828125 0.2881944444444444 0.4921875 0.2743055555555556 0.505859375 0.23958333333333334 0.505859375 0.2326388888888889 0.5078125 0.22916666666666666 0.513671875 0.22916666666666666 0.515625 0.2326388888888889
2 0.287109375 0.4618055555555556 0.291015625 0.4652777777777778 0.291015625 0.4722222222222222 0.29296875 0.4756944444444444 0.302734375 0.4791666666666667 0.310546875 0.4930555555555556 0.3125 0.5 0.3125 0.5104166666666666 0.318359375 0.5277777777777778 0.31640625 0.5590277777777778 0.322265625 0.5694444444444444 0.341796875 0.5659722222222222 0.345703125 0.5694444444444444 0.345703125 0.5763888888888888 0.34765625 0.5798611111111112 0.345703125 0.5868055555555556 0.33984375 0.5868055555555556 0.3359375 0.5798611111111112 0.330078125 0.5798611111111112 0.326171875 0.5868055555555556 0.3203125 0.5868055555555556 0.310546875 0.5798611111111112 0.30859375 0.5833333333333334 0.30859375 0.5972222222222222 0.3125 0.6041666666666666 0.3125 0.6111111111111112 0.310546875 0.6145833333333334 0.298828125 0.6145833333333334 0.296875 0.6111111111111112 0.298828125 0.6111111111111112 0.302734375 0.6006944444444444 0.296875 0.5798611111111112 0.29296875 0.5729166666666666 0.29296875 0.5208333333333334 0.287109375 0.5034722222222222 0.287109375 0.4965277777777778 0.279296875 0.4826388888888889 0.279296875 0.4652777777777778 0.28515625 0.4618055555555556
2 0.673828125 0.4548611111111111 0.673828125 0.4513888888888889 0.68359375 0.4340277777777778 0.69140625 0.4027777777777778 0.6953125 0.3958333333333333 0.6953125 0.3888888888888889 0.703125 0.375 0.703125 0.3645833333333333 0.69921875 0.3541666666666667 0.69921875 0.3263888888888889 0.703125 0.3194444444444444 0.705078125 0.2986111111111111 0.708984375 0.2916666666666667 0.71484375 0.2916666666666667 0.716796875 0.2951388888888889 0.716796875 0.3090277777777778 0.724609375 0.3229166666666667 0.724609375 0.34375 0.72265625 0.3472222222222222 0.72265625 0.3923611111111111 0.7265625 0.4097222222222222 0.736328125 0.4340277777777778 0.7421875 0.4583333333333333 0.73828125 0.4583333333333333 0.736328125 0.4548611111111111 0.734375 0.4444444444444444 0.720703125 0.4166666666666667 0.716796875 0.3993055555555556 0.712890625 0.3923611111111111 0.70703125 0.3958333333333333 0.693359375 0.4201388888888889 0.69140625 0.4305555555555556 0.685546875 0.4409722222222222 0.68359375 0.4548611111111111 0.67578125 0.4548611111111111
2 0.071875 0.6828703703703703 0.03854166666666667 0.1638888888888889
2 0.3125 0.2048611111111111 0.31640625 0.2013888888888889 0.32421875 0.2013888888888889 0.33203125 0.1875 0.333984375 0.1875 0.337890625 0.19444444444444445 0.337890625 0.2013888888888889 0.34375 0.21875 0.34375 0.22569444444444445 0.34765625 0.23958333333333334 0.345703125 0.2465277777777778 0.345703125 0.2604166666666667 0.337890625 0.2673611111111111 0.326171875 0.2881944444444444 0.322265625 0.2881944444444444 0.322265625 0.28125 0.326171875 0.2708333333333333 0.328125 0.24305555555555555 0.33203125 0.2361111111111111 0.33203125 0.22916666666666666 0.322265625 0.2048611111111111 0.314453125 0.20833333333333334
2 0.515625 0.22916666666666666 0.51953125 0.2361111111111111 0.521484375 0.2743055555555556 0.51953125 0.2777777777777778 0.515625 0.2777777777777778 0.505859375 0.2986111111111111 0.505859375 0.3055555555555556 0.501953125 0.3159722222222222 0.501953125 0.3298611111111111 0.4921875 0.3576388888888889 0.48828125 0.3645833333333333 0.478515625 0.3645833333333333 0.47265625 0.3784722222222222 0.46875 0.3680555555555556 0.46875 0.3611111111111111 0.4765625 0.3541666666666667 0.48828125 0.3368055555555556 0.48828125 0.2986111111111111 0.486328125 0.2951388888888889 0.48828125 0.2916666666666667 0.48828125 0.2847222222222222 0.50390625 0.24305555555555555 0.505859375 0.2326388888888889 0.5078125 0.22916666666666666 0.513671875 0.22916666666666666
2 0.357421875 0.3159722222222222 0.359375 0.3055555555555556 0.36328125 0.2986111111111111 0.36328125 0.2881944444444444 0.365234375 0.2847222222222222 0.357421875 0.2708333333333333 0.353515625 0.2743055555555556 0.353515625 0.28125 0.3515625 0.2847222222222222 0.34765625 0.28125 0.34765625 0.2743055555555556 0.349609375 0.2708333333333333 0.34765625 0.25 0.3515625 0.2361111111111111 0.37109375 0.19791666666666666 0.376953125 0.19791666666666666 0.380859375 0.2048611111111111 0.380859375 0.21875 0.37890625 0.22569444444444445 0.373046875 0.2326388888888889 0.373046875 0.23958333333333334 0.3671875 0.25 0.3671875 0.2534722222222222 0.375 0.2708333333333333 0.375 0.2951388888888889 0.376953125 0.2986111111111111 0.376953125 0.3055555555555556 0.380859375 0.3159722222222222 0.384765625 0.3229166666666667 0.388671875 0.3229166666666667 0.388671875 0.3263888888888889 0.380859375 0.3333333333333333 0.373046875 0.3125 0.3671875 0.3194444444444444 0.359375 0.3159722222222222
2 0.16796875 0.4236111111111111 0.173828125 0.4305555555555556 0.173828125 0.4479166666666667 0.169921875 0.4583333333333333 0.169921875 0.4652777777777778 0.162109375 0.4826388888888889 0.171875 0.5 0.171875 0.5069444444444444 0.169921875 0.5104166666666666 0.16796875 0.5277777777777778 0.162109375 0.5416666666666666 0.162109375 0.5520833333333334 0.169921875 0.5590277777777778 0.16015625 0.5590277777777778 0.158203125 0.5625 0.154296875 0.5625 0.15234375 0.5694444444444444 0.158203125 0.5798611111111112 0.146484375 0.5798611111111112 0.14453125 0.5763888888888888 0.14453125 0.5659722222222222 0.146484375 0.5625 0.1484375 0.5416666666666666 0.15234375 0.5277777777777778 0.138671875 0.5034722222222222 0.13671875 0.4930555555555556 0.15234375 0.4513888888888889 0.158203125 0.4409722222222222 0.158203125 0.4305555555555556 0.166015625 0.4236111111111111
2 0.630859375 0.2326388888888889 0.6328125 0.23958333333333334 0.63671875 0.2465277777777778 0.642578125 0.25 0.642578125 0.2534722222222222 0.654296875 0.2743055555555556 0.654296875 0.2881944444444444 0.65625 0.2916666666666667 0.65625 0.2986111111111111 0.654296875 0.3020833333333333 0.654296875 0.3194444444444444 0.66015625 0.3368055555555556 0.66796875 0.3472222222222222 0.66796875 0.3611111111111111 0.6640625 0.3611111111111111 0.658203125 0.3506944444444444 0.646484375 0.34375 0.640625 0.3333333333333333 0.640625 0.3194444444444444 0.638671875 0.3159722222222222 0.638671875 0.3020833333333333 0.63671875 0.2986111111111111 0.6328125 0.3090277777777778 0.62890625 0.3125 0.62890625 0.2847222222222222 0.62109375 0.2638888888888889 0.62109375 0.2361111111111111 0.623046875 0.2326388888888889 0.62890625 0.2326388888888889
2 0.546875 0.4375 0.544921875 0.4131944444444444 0.537109375 0.3993055555555556 0.53515625 0.3888888888888889 0.529296875 0.3784722222222222 0.529296875 0.3506944444444444 0.52734375 0.3472222222222222 0.52734375 0.3333333333333333 0.529296875 0.3298611111111111 0.53515625 0.3298611111111111 0.56640625 0.3993055555555556 0.560546875 0.4166666666666667 0.5546875 0.4236111111111111 0.546875 0.4409722222222222
2 0.537109375 0.2916666666666667 0.548828125 0.3020833333333333 0.552734375 0.3090277777777778 0.55078125 0.3125 0.5546875 0.3194444444444444 0.55859375 0.3368055555555556 0.572265625 0.3576388888888889 0.572265625 0.3958333333333333 0.576171875 0.40625 0.572265625 0.4027777777777778 0.56640625 0.4027777777777778 0.546875 0.4409722222222222 0.546875 0.4166666666666667 0.529296875 0.3784722222222222 0.529296875 0.34375 0.52734375 0.3402777777777778 0.529296875 0.3368055555555556 0.52734375 0.3298611111111111 0.529296875 0.3229166666666667 0.525390625 0.3125 0.525390625 0.3055555555555556 0.52734375 0.2986111111111111 0.53515625 0.2916666666666667
2 0.57421875 0.4097222222222222 0.578125 0.4166666666666667 0.576171875 0.4236111111111111 0.576171875 0.4479166666666667 0.578125 0.4513888888888889 0.57421875 0.4618055555555556 0.57421875 0.4930555555555556 0.58203125 0.5104166666666666 0.58203125 0.5173611111111112 0.583984375 0.5208333333333334 0.583984375 0.5416666666666666 0.580078125 0.5555555555555556 0.580078125 0.5659722222222222 0.583984375 0.5694444444444444 0.583984375 0.5763888888888888 0.57421875 0.5763888888888888 0.5703125 0.5729166666666666 0.5703125 0.5625 0.57421875 0.5590277777777778 0.57421875 0.5520833333333334 0.572265625 0.5486111111111112 0.564453125 0.5486111111111112 0.560546875 0.5451388888888888 0.560546875 0.5208333333333334 0.5625 0.5173611111111112 0.560546875 0.5104166666666666 0.556640625 0.5034722222222222 0.552734375 0.5034722222222222 0.548828125 0.4930555555555556 0.548828125 0.4756944444444444 0.55078125 0.4722222222222222 0.55078125 0.4409722222222222 0.552734375 0.4340277777777778 0.55859375 0.4270833333333333 0.56640625 0.4097222222222222 0.572265625 0.4097222222222222
2 0.02734375 0.13194444444444445 0.02734375 0.16319444444444445 0.021484375 0.18055555555555555 0.021484375 0.1909722222222222 0.025390625 0.19791666666666666 0.02734375 0.21875 0.029296875 0.2222222222222222 0.029296875 0.2361111111111111 0.03515625 0.2534722222222222 0.02734375 0.2534722222222222 0.025390625 0.25 0.025390625 0.2326388888888889 0.01953125 0.21180555555555555 0.017578125 0.21180555555555555 0.01171875 0.22569444444444445 0 0.2361111111111111 0 0.2222222222222222 0.00390625 0.21875 0.00390625 0.2013888888888889 0 0.19791666666666666 0 0.1701388888888889 0.00390625 0.1597222222222222 0.015625 0.1423611111111111 0.015625 0.13541666666666666 0.017578125 0.13194444444444445 0.021484375 0.1284722222222222 0.025390625 0.13194444444444445
2 0.494140625 0.3541666666666667 0.50390625 0.3472222222222222 0.51953125 0.3159722222222222 0.525390625 0.3159722222222222 0.52734375 0.3194444444444444 0.525390625 0.3263888888888889 0.525390625 0.3541666666666667 0.52734375 0.3576388888888889 0.525390625 0.3715277777777778 0.529296875 0.3854166666666667 0.529296875 0.40625 0.525390625 0.4166666666666667 0.525390625 0.4409722222222222 0.5234375 0.4444444444444444 0.521484375 0.4409722222222222 0.521484375 0.4236111111111111 0.515625 0.4166666666666667 0.50390625 0.4305555555555556 0.501953125 0.4409722222222222 0.49609375 0.4548611111111111 0.494140625 0.46875 0.490234375 0.46875 0.48828125 0.4618055555555556 0.501953125 0.4131944444444444 0.501953125 0.4027777777777778 0.505859375 0.3888888888888889 0.505859375 0.375 0.50390625 0.3680555555555556 0.5078125 0.3576388888888889 0.50390625 0.3506944444444444 0.5 0.3576388888888889 0.49609375 0.3576388888888889
2 0.607421875 0.3611111111111111 0.61328125 0.375 0.619140625 0.375 0.6328125 0.3958333333333333 0.630859375 0.3993055555555556 0.623046875 0.3993055555555556 0.619140625 0.40625 0.619140625 0.4236111111111111 0.626953125 0.4444444444444444 0.626953125 0.4548611111111111 0.62890625 0.4583333333333333 0.62890625 0.4930555555555556 0.6328125 0.5034722222222222 0.6328125 0.5104166666666666 0.626953125 0.5104166666666666 0.625 0.5069444444444444 0.625 0.4895833333333333 0.623046875 0.4861111111111111 0.623046875 0.46875 0.62109375 0.4618055555555556 0.61328125 0.4479166666666667 0.60546875 0.4409722222222222 0.595703125 0.4583333333333333 0.595703125 0.4652777777777778 0.59375 0.4652777777777778 0.587890625 0.4756944444444444 0.5859375 0.4895833333333333 0.583984375 0.4930555555555556 0.580078125 0.4895833333333333 0.580078125 0.4791666666666667 0.583984375 0.4652777777777778 0.583984375 0.4513888888888889 0.587890625 0.4375 0.587890625 0.4270833333333333 0.591796875 0.4097222222222222 0.591796875 0.3923611111111111 0.59765625 0.3819444444444444 0.6015625 0.3645833333333333 0.60546875 0.3611111111111111
2 0.537109375 0.2847222222222222 0.548828125 0.2951388888888889 0.556640625 0.3090277777777778 0.55859375 0.3159722222222222 0.55859375 0.3298611111111111 0.572265625 0.3541666666666667 0.57421875 0.3541666666666667 0.57421875 0.3645833333333333 0.576171875 0.3715277777777778 0.572265625 0.3854166666666667 0.572265625 0.3958333333333333 0.56640625 0.3958333333333333 0.552734375 0.3680555555555556 0.546875 0.3506944444444444 0.541015625 0.3402777777777778 0.5390625 0.3402777777777778 0.5390625 0.3333333333333333 0.53515625 0.3263888888888889 0.529296875 0.3229166666666667 0.525390625 0.3090277777777778 0.525390625 0.3020833333333333 0.53515625 0.2881944444444444
2 0.197265625 0.7777777777777778 0.203125 0.7847222222222222 0.21484375 0.7881944444444444 0.220703125 0.7986111111111112 0.22265625 0.8159722222222222 0.228515625 0.8229166666666666 0.228515625 0.8402777777777778 0.23046875 0.84375 0.232421875 0.8645833333333334 0.23828125 0.875 0.236328125 0.8784722222222222 0.2265625 0.8784722222222222 0.21484375 0.8611111111111112 0.19921875 0.8680555555555556 0.193359375 0.8784722222222222 0.185546875 0.875 0.185546875 0.8611111111111112 0.197265625 0.8472222222222222 0.201171875 0.8402777777777778 0.201171875 0.8333333333333334 0.193359375 0.8229166666666666 0.1796875 0.8263888888888888 0.1796875 0.8194444444444444 0.185546875 0.8125 0.185546875 0.8055555555555556 0.18359375 0.8020833333333334 0.17578125 0.8020833333333334 0.173828125 0.7708333333333334 0.1796875 0.7638888888888888 0.189453125 0.7638888888888888 0.1953125 0.7777777777777778