0 0.48828125 0.7881944444444444 0.498046875 0.8090277777777778 0.498046875 0.8541666666666666 0.494140625 0.8680555555555556 0.490234375 0.8715277777777778 0.484375 0.8715277777777778 0.482421875 0.875 0.462890625 0.8715277777777778 0.45703125 0.8645833333333334 0.453125 0.8506944444444444 0.453125 0.8159722222222222 0.458984375 0.7951388888888888 0.46484375 0.7881944444444444 0.46875 0.7881944444444444 0.470703125 0.7847222222222222 0.484375 0.7847222222222222 0.486328125 0.7881944444444444
0 0.333984375 0.16666666666666666 0.337890625 0.1701388888888889 0.34375 0.1840277777777778 0.35546875 0.19791666666666666 0.359375 0.2152777777777778 0.357421875 0.22569444444444445 0.345703125 0.2534722222222222 0.341796875 0.2534722222222222 0.3359375 0.2465277777777778 0.330078125 0.2465277777777778 0.328125 0.24305555555555555 0.3203125 0.24305555555555555 0.314453125 0.2326388888888889 0.310546875 0.21875 0.310546875 0.19791666666666666 0.314453125 0.1840277777777778 0.326171875 0.16666666666666666 0.33203125 0.16666666666666666
0 0.642578125 0.027777777777777776 0.650390625 0.04861111111111111 0.650390625 0.0763888888888889 0.646484375 0.09375 0.634765625 0.11805555555555555 0.62890625 0.11805555555555555 0.625 0.11458333333333333 0.6171875 0.09722222222222222 0.615234375 0.09027777777777778 0.615234375 0.06944444444444445 0.61328125 0.06597222222222222 0.61328125 0.05555555555555555 0.615234375 0.052083333333333336 0.615234375 0.041666666666666664 0.623046875 0.027777777777777776 0.626953125 0.027777777777777776 0.62890625 0.024305555555555556 0.638671875 0.024305555555555556 0.640625 0.027777777777777776
0 0.38567708333333334 0.022685185185185183 0.03697916666666667 0.045370370370370366
0 0.48828125 0.4097222222222222 0.494140625 0.4166666666666667 0.498046875 0.4305555555555556 0.49609375 0.4340277777777778 0.49609375 0.46875 0.494140625 0.4722222222222222 0.494140625 0.4791666666666667 0.484375 0.4965277777777778 0.47265625 0.4895833333333333 0.466796875 0.4791666666666667 0.46484375 0.4722222222222222 0.46484375 0.4479166666666667 0.466796875 0.4444444444444444 0.466796875 0.4340277777777778 0.47265625 0.4236111111111111 0.47265625 0.4201388888888889 0.48046875 0.4097222222222222 0.486328125 0.4097222222222222
1 0.732421875 0.5555555555555556 0.734375 0.5555555555555556 0.748046875 0.5798611111111112 0.75390625 0.5798611111111112 0.759765625 0.5694444444444444 0.76953125 0.5590277777777778 0.783203125 0.5590277777777778 0.791015625 0.5659722222222222 0.80859375 0.59375 0.80859375 0.6041666666666666 0.8046875 0.6145833333333334 0.7890625 0.625 0.7890625 0.6354166666666666 0.79296875 0.6493055555555556 0.80078125 0.6631944444444444 0.798828125 0.6944444444444444 0.79296875 0.7048611111111112 0.78125 0.7083333333333334 0.779296875 0.7118055555555556 0.755859375 0.7048611111111112 0.748046875 0.6979166666666666 0.744140625 0.6875 0.744140625 0.6770833333333334 0.7421875 0.6736111111111112 0.7421875 0.6284722222222222 0.734375 0.59375 0.732421875 0.5590277777777778
1 0.4765625 0.3715277777777778 0.486328125 0.3854166666666667 0.486328125 0.3993055555555556 0.482421875 0.40625 0.4765625 0.4097222222222222 0.466796875 0.4270833333333333 0.466796875 0.4305555555555556 0.45703125 0.4444444444444444 0.451171875 0.4444444444444444 0.455078125 0.4305555555555556 0.455078125 0.4131944444444444 0.451171875 0.40625 0.4453125 0.40625 0.439453125 0.3993055555555556 0.435546875 0.3993055555555556 0.435546875 0.3819444444444444 0.439453125 0.375 0.4453125 0.375 0.453125 0.3819444444444444 0.4609375 0.3715277777777778 0.474609375 0.3715277777777778
1 0.984375 0.7951388888888888 0.982421875 0.7881944444444444 0.982421875 0.7777777777777778 0.98046875 0.7743055555555556 0.98046875 0.7604166666666666 0.982421875 0.7569444444444444 0.982421875 0.75 0.98828125 0.7361111111111112 0.998046875 0.7361111111111112 0.998046875 0.7986111111111112 0.990234375 0.7986111111111112 0.986328125 0.7951388888888888
1 0.501953125 0.8784722222222222 0.5078125 0.8854166666666666 0.5234375 0.8888888888888888 0.53125 0.8993055555555556 0.533203125 0.9097222222222222 0.53125 0.9131944444444444 0.53125 0.9305555555555556 0.529296875 0.9340277777777778 0.490234375 0.9340277777777778 0.48828125 0.9305555555555556 0.47265625 0.9305555555555556 0.470703125 0.9340277777777778 0.42578125 0.9340277777777778 0.423828125 0.9305555555555556 0.41796875 0.9305555555555556 0.419921875 0.8993055555555556 0.431640625 0.8819444444444444 0.439453125 0.8819444444444444 0.44140625 0.8784722222222222 0.482421875 0.8819444444444444 0.48828125 0.875 0.498046875 0.875 0.5 0.8784722222222222
1 0.30078125 0.2465277777777778 0.3046875 0.2569444444444444 0.3046875 0.2638888888888889 0.30078125 0.2777777777777778 0.30078125 0.2986111111111111 0.30859375 0.3125 0.310546875 0.3263888888888889 0.314453125 0.3333333333333333 0.31640625 0.3298611111111111 0.33203125 0.3229166666666667 0.3359375 0.3125 0.3359375 0.3055555555555556 0.341796875 0.2951388888888889 0.35546875 0.3159722222222222 0.353515625 0.3368055555555556 0.349609375 0.3506944444444444 0.349609375 0.3645833333333333 0.3515625 0.3680555555555556 0.3515625 0.3958333333333333 0.34765625 0.4027777777777778 0.34375 0.4027777777777778 0.341796875 0.3993055555555556 0.30859375 0.3993055555555556 0.306640625 0.3958333333333333 0.3046875 0.3993055555555556 0.30078125 0.3993055555555556 0.296875 0.3923611111111111 0.296875 0.375 0.294921875 0.3715277777777778 0.294921875 0.3333333333333333 0.287109375 0.3194444444444444 0.287109375 0.3020833333333333 0.28125 0.2881944444444444 0.28125 0.2673611111111111 0.2890625 0.2534722222222222 0.298828125 0.2465277777777778
1 0.376953125 0.2361111111111111 0.384765625 0.25 0.38671875 0.25 0.388671875 0.2569444444444444 0.400390625 0.2673611111111111 0.421875 0.3125 0.421875 0.3263888888888889 0.41796875 0.3402777777777778 0.412109375 0.3506944444444444 0.412109375 0.3541666666666667 0.408203125 0.3576388888888889 0.404296875 0.3541666666666667 0.388671875 0.3506944444444444 0.3828125 0.34375 0.380859375 0.3333333333333333 0.375 0.3229166666666667 0.373046875 0.3159722222222222 0.373046875 0.3055555555555556 0.37109375 0.3020833333333333 0.3671875 0.3020833333333333 0.361328125 0.3125 0.359375 0.3125 0.353515625 0.3263888888888889 0.3515625 0.3263888888888889 0.3515625 0.3194444444444444 0.34765625 0.3125 0.34765625 0.3055555555555556 0.34375 0.2951388888888889 0.34375 0.2673611111111111 0.349609375 0.2534722222222222 0.3515625 0.24305555555555555 0.359375 0.22569444444444445 0.369140625 0.22569444444444445 0.375 0.2361111111111111
1 0.36328125 0.003472222222222222 0.369140625 0.013888888888888888 0.373046875 0.03125 0.380859375 0.04513888888888889 0.38671875 0.04513888888888889 0.390625 0.041666666666666664 0.396484375 0.03125 0.396484375 0.020833333333333332 0.400390625 0.013888888888888888 0.40625 0.013888888888888888 0.419921875 0.027777777777777776 0.419921875 0.03819444444444445 0.423828125 0.052083333333333336 0.423828125 0.07291666666666667 0.4140625 0.07291666666666667 0.404296875 0.09375 0.404296875 0.10416666666666667 0.40234375 0.1076388888888889 0.40234375 0.13194444444444445 0.400390625 0.13541666666666666 0.400390625 0.1423611111111111 0.40234375 0.14583333333333334 0.400390625 0.1527777777777778 0.400390625 0.16319444444444445 0.396484375 0.16666666666666666 0.390625 0.16666666666666666 0.388671875 0.1701388888888889 0.375 0.1701388888888889 0.373046875 0.1736111111111111 0.369140625 0.1736111111111111 0.3671875 0.1701388888888889 0.3515625 0.1701388888888889 0.34765625 0.1736111111111111 0.34375 0.16666666666666666 0.345703125 0.13194444444444445 0.3515625 0.1076388888888889 0.3515625 0.059027777777777776 0.34765625 0.041666666666666664 0.34375 0.034722222222222224 0.34375 0.024305555555555556 0.353515625 0.006944444444444444 0.361328125 0.003472222222222222
1 0.501953125 0.4409722222222222 0.5078125 0.4479166666666667 0.517578125 0.46875 0.51953125 0.4965277777777778 0.513671875 0.5069444444444444 0.509765625 0.5069444444444444 0.5078125 0.5034722222222222 0.4921875 0.5034722222222222 0.48828125 0.5 0.48828125 0.4930555555555556 0.494140625 0.4826388888888889 0.494140625 0.4722222222222222 0.498046875 0.4583333333333333 0.498046875 0.4444444444444444 0.5 0.4444444444444444
1 0.650390625 0.09375 0.65234375 0.09722222222222222 0.66015625 0.09722222222222222 0.669921875 0.1111111111111111 0.673828125 0.125 0.673828125 0.1388888888888889 0.6640625 0.1527777777777778 0.662109375 0.16666666666666666 0.650390625 0.19444444444444445 0.650390625 0.2048611111111111 0.646484375 0.21875 0.646484375 0.25 0.64453125 0.2534722222222222 0.64453125 0.2638888888888889 0.623046875 0.2638888888888889 0.62109375 0.2604166666666667 0.607421875 0.2569444444444444 0.59375 0.2465277777777778 0.587890625 0.2361111111111111 0.591796875 0.2222222222222222 0.591796875 0.20833333333333334 0.59375 0.2048611111111111 0.59375 0.1909722222222222 0.595703125 0.1875 0.595703125 0.16319444444444445 0.5859375 0.1423611111111111 0.5859375 0.11458333333333333 0.58984375 0.1076388888888889 0.591796875 0.09722222222222222 0.595703125 0.09375 0.61328125 0.09375 0.625 0.11805555555555555 0.62890625 0.12152777777777778 0.634765625 0.12152777777777778 0.64453125 0.10416666666666667 0.64453125 0.09722222222222222 0.6484375 0.09722222222222222
2 0.759765625 0.4722222222222222 0.775390625 0.4861111111111111 0.779296875 0.5034722222222222 0.78515625 0.5138888888888888 0.78515625 0.5173611111111112 0.8046875 0.5486111111111112 0.80859375 0.5625 0.80859375 0.5833333333333334 0.806640625 0.5868055555555556 0.80859375 0.59375 0.80859375 0.6076388888888888 0.806640625 0.6111111111111112 0.82421875 0.6458333333333334 0.83203125 0.6736111111111112 0.830078125 0.6979166666666666 0.822265625 0.7256944444444444 0.81640625 0.7361111111111112 0.81640625 0.7465277777777778 0.8125 0.7638888888888888 0.8046875 0.7777777777777778 0.791015625 0.7777777777777778 0.7890625 0.78125 0.791015625 0.7847222222222222 0.791015625 0.7951388888888888 0.79296875 0.8020833333333334 0.791015625 0.8055555555555556 0.791015625 0.8229166666666666 0.787109375 0.8333333333333334 0.787109375 0.8576388888888888 0.779296875 0.8576388888888888 0.77734375 0.8541666666666666 0.77734375 0.8472222222222222 0.779296875 0.84375 0.779296875 0.8229166666666666 0.77734375 0.8194444444444444 0.775390625 0.8020833333333334 0.771484375 0.7951388888888888 0.755859375 0.7881944444444444 0.75390625 0.7847222222222222 0.75390625 0.7708333333333334 0.751953125 0.7673611111111112 0.74609375 0.7673611111111112 0.740234375 0.7777777777777778 0.740234375 0.78125 0.74609375 0.7881944444444444 0.74609375 0.7951388888888888 0.748046875 0.7986111111111112 0.748046875 0.8055555555555556 0.74609375 0.8090277777777778 0.732421875 0.8020833333333334 0.72265625 0.7881944444444444 0.712890625 0.78125 0.708984375 0.7673611111111112 0.708984375 0.7465277777777778 0.7109375 0.7430555555555556 0.7109375 0.7361111111111112 0.716796875 0.7256944444444444 0.72265625 0.7083333333333334 0.734375 0.6875 0.736328125 0.6875 0.7421875 0.6736111111111112 0.7421875 0.6666666666666666 0.740234375 0.6631944444444444 0.7421875 0.6423611111111112 0.740234375 0.6388888888888888 0.740234375 0.6180555555555556 0.734375 0.59375 0.732421875 0.5451388888888888 0.73046875 0.5416666666666666 0.73046875 0.5173611111111112 0.736328125 0.5034722222222222 0.740234375 0.4861111111111111 0.744140625 0.4791666666666667 0.751953125 0.4722222222222222 0.7578125 0.4722222222222222
2 0.37109375 0.22916666666666666 0.388671875 0.2569444444444444 0.400390625 0.2673611111111111 0.4296875 0.3298611111111111 0.431640625 0.3368055555555556 0.431640625 0.3472222222222222 0.435546875 0.3611111111111111 0.435546875 0.3819444444444444 0.42578125 0.3888888888888889 0.43359375 0.3958333333333333 0.43359375 0.4131944444444444 0.431640625 0.4166666666666667 0.43359375 0.4201388888888889 0.43359375 0.4375 0.435546875 0.4409722222222222 0.435546875 0.4618055555555556 0.439453125 0.4722222222222222 0.4453125 0.4826388888888889 0.44921875 0.4826388888888889 0.4609375 0.4930555555555556 0.47265625 0.4930555555555556 0.474609375 0.4965277777777778 0.484375 0.4965277777777778 0.486328125 0.5 0.5 0.5 0.505859375 0.5069444444444444 0.509765625 0.5069444444444444 0.51171875 0.5138888888888888 0.51171875 0.53125 0.5078125 0.5416666666666666 0.505859375 0.5590277777777778 0.5 0.5694444444444444 0.49609375 0.5694444444444444 0.494140625 0.5659722222222222 0.49609375 0.5625 0.49609375 0.5520833333333334 0.494140625 0.5486111111111112 0.494140625 0.5416666666666666 0.48828125 0.5277777777777778 0.482421875 0.5277777777777778 0.48046875 0.53125 0.46875 0.5208333333333334 0.453125 0.5208333333333334 0.451171875 0.5173611111111112 0.44140625 0.5173611111111112 0.439453125 0.5208333333333334 0.421875 0.5208333333333334 0.41796875 0.5138888888888888 0.41796875 0.5069444444444444 0.412109375 0.4930555555555556 0.412109375 0.4826388888888889 0.404296875 0.4583333333333333 0.404296875 0.4513888888888889 0.39453125 0.4166666666666667 0.390625 0.4131944444444444 0.388671875 0.3923611111111111 0.3828125 0.3854166666666667 0.376953125 0.3715277777777778 0.375 0.3715277777777778 0.376953125 0.3680555555555556 0.38671875 0.3819444444444444 0.400390625 0.3854166666666667 0.40234375 0.3888888888888889 0.421875 0.3854166666666667 0.42578125 0.375 0.419921875 0.3645833333333333 0.416015625 0.3645833333333333 0.408203125 0.3576388888888889 0.3984375 0.3576388888888889 0.390625 0.3506944444444444 0.384765625 0.3506944444444444 0.380859375 0.34375 0.380859375 0.3368055555555556 0.376953125 0.3263888888888889 0.359375 0.3229166666666667 0.35546875 0.3125 0.34765625 0.3090277777777778 0.34765625 0.3020833333333333 0.34375 0.2951388888888889 0.34375 0.2708333333333333 0.3515625 0.2534722222222222 0.3515625 0.2465277777777778 0.35546875 0.2361111111111111 0.361328125 0.22569444444444445 0.3671875 0.22569444444444445 0.369140625 0.22916666666666666
2 0.98828125 0.9826388888888888 0.994140625 0.9826388888888888 0.998046875 0.9930555555555556 0.99609375 0.9965277777777778 0.98828125 0.9965277777777778 0.98828125 0.9861111111111112
2 0.494140625 0.3958333333333333 0.498046875 0.3993055555555556 0.498046875 0.4027777777777778 0.501953125 0.40625 0.501953125 0.4097222222222222 0.509765625 0.4236111111111111 0.509765625 0.4479166666666667 0.515625 0.4618055555555556 0.517578125 0.46875 0.517578125 0.4791666666666667 0.51953125 0.4826388888888889 0.51953125 0.4965277777777778 0.517578125 0.5034722222222222 0.51171875 0.5104166666666666 0.5078125 0.5034722222222222 0.49609375 0.5034722222222222 0.48828125 0.4965277777777778 0.47265625 0.4930555555555556 0.470703125 0.4895833333333333 0.45703125 0.4895833333333333 0.4453125 0.4791666666666667 0.439453125 0.4652777777777778 0.439453125 0.4583333333333333 0.44140625 0.4548611111111111 0.44921875 0.4513888888888889 0.45703125 0.4375 0.45703125 0.4340277777777778 0.470703125 0.4131944444444444 0.484375 0.4097222222222222 0.490234375 0.3993055555555556 0.4921875 0.3993055555555556
2 0.48828125 0.7881944444444444 0.49609375 0.8020833333333334 0.49609375 0.8090277777777778 0.498046875 0.8125 0.498046875 0.8541666666666666 0.494140625 0.8680555555555556 0.505859375 0.8819444444444444 0.51953125 0.8854166666666666 0.53125 0.8993055555555556 0.53125 0.9305555555555556 0.529296875 0.9340277777777778 0.48046875 0.9340277777777778 0.478515625 0.9305555555555556 0.470703125 0.9305555555555556 0.46875 0.9340277777777778 0.427734375 0.9340277777777778 0.42578125 0.9305555555555556 0.41796875 0.9305555555555556 0.416015625 0.9270833333333334 0.41796875 0.9236111111111112 0.419921875 0.8993055555555556 0.4296875 0.8819444444444444 0.455078125 0.8784722222222222 0.458984375 0.8715277777777778 0.453125 0.8506944444444444 0.453125 0.8159722222222222 0.45703125 0.8090277777777778 0.45703125 0.8020833333333334 0.4609375 0.7916666666666666 0.470703125 0.7847222222222222 0.484375 0.7847222222222222 0.486328125 0.7881944444444444
2 0.484375 0.3402777777777778 0.486328125 0.34375 0.486328125 0.3680555555555556 0.484375 0.3715277777777778 0.484375 0.3819444444444444 0.48828125 0.3888888888888889 0.48828125 0.3993055555555556 0.466796875 0.4201388888888889 0.455078125 0.4444444444444444 0.44140625 0.4548611111111111 0.439453125 0.4548611111111111 0.4375 0.4479166666666667 0.4375 0.4375 0.435546875 0.4340277777777778 0.435546875 0.3854166666666667 0.4375 0.3819444444444444 0.4375 0.375 0.439453125 0.375 0.447265625 0.3576388888888889 0.462890625 0.34375 0.470703125 0.3298611111111111 0.47265625 0.3298611111111111 0.478515625 0.3402777777777778 0.482421875 0.3402777777777778
2 0.33203125 0.16666666666666666 0.337890625 0.1736111111111111 0.337890625 0.18055555555555555 0.33984375 0.1840277777777778 0.34765625 0.1875 0.357421875 0.20833333333333334 0.357421875 0.22916666666666666 0.349609375 0.2465277777777778 0.345703125 0.2604166666666667 0.345703125 0.2673611111111111 0.34765625 0.2708333333333333 0.341796875 0.2847222222222222 0.34375 0.2881944444444444 0.34375 0.2951388888888889 0.34765625 0.3020833333333333 0.357421875 0.3020833333333333 0.365234375 0.3159722222222222 0.369140625 0.3159722222222222 0.37109375 0.3229166666666667 0.376953125 0.3298611111111111 0.380859375 0.3472222222222222 0.384765625 0.3541666666666667 0.392578125 0.3541666666666667 0.400390625 0.3611111111111111 0.408203125 0.3611111111111111 0.416015625 0.3680555555555556 0.421875 0.3680555555555556 0.42578125 0.375 0.423828125 0.3784722222222222 0.4140625 0.3784722222222222 0.412109375 0.3819444444444444 0.38671875 0.3819444444444444 0.359375 0.34375 0.35546875 0.34375 0.353515625 0.3472222222222222 0.353515625 0.3645833333333333 0.3515625 0.3680555555555556 0.353515625 0.375 0.353515625 0.3819444444444444 0.3515625 0.3854166666666667 0.3515625 0.4097222222222222 0.353515625 0.4131944444444444 0.353515625 0.5069444444444444 0.3515625 0.5104166666666666 0.3515625 0.53125 0.349609375 0.5347222222222222 0.3515625 0.59375 0.349609375 0.5972222222222222 0.349609375 0.6180555555555556 0.34765625 0.6215277777777778 0.34765625 0.6354166666666666 0.345703125 0.6388888888888888 0.345703125 0.6527777777777778 0.34375 0.65625 0.34375 0.6631944444444444 0.349609375 0.6736111111111112 0.3515625 0.6840277777777778 0.345703125 0.6944444444444444 0.333984375 0.6979166666666666 0.330078125 0.6909722222222222 0.330078125 0.6840277777777778 0.328125 0.6805555555555556 0.33203125 0.6701388888888888 0.33203125 0.6597222222222222 0.333984375 0.65625 0.333984375 0.6145833333333334 0.33203125 0.6111111111111112 0.333984375 0.5486111111111112 0.33203125 0.5451388888888888 0.33203125 0.5277777777777778 0.330078125 0.5243055555555556 0.330078125 0.5034722222222222 0.32421875 0.4930555555555556 0.318359375 0.5104166666666666 0.318359375 0.5416666666666666 0.314453125 0.5520833333333334 0.314453125 0.6041666666666666 0.3125 0.6076388888888888 0.3125 0.625 0.310546875 0.6284722222222222 0.310546875 0.6770833333333334 0.314453125 0.6944444444444444 0.30859375 0.7048611111111112 0.302734375 0.7048611111111112 0.294921875 0.6944444444444444 0.294921875 0.6805555555555556 0.298828125 0.6701388888888888 0.298828125 0.6493055555555556 0.296875 0.6458333333333334 0.296875 0.6284722222222222 0.294921875 0.625 0.294921875 0.5625 0.296875 0.5590277777777778 0.296875 0.4930555555555556 0.294921875 0.4895833333333333 0.294921875 0.4791666666666667 0.296875 0.4756944444444444 0.296875 0.4305555555555556 0.298828125 0.4270833333333333 0.298828125 0.3993055555555556 0.296875 0.3958333333333333 0.296875 0.3784722222222222 0.294921875 0.375 0.294921875 0.3298611111111111 0.287109375 0.3229166666666667 0.287109375 0.3159722222222222 0.283203125 0.3055555555555556 0.279296875 0.3090277777777778 0.2734375 0.3020833333333333 0.263671875 0.3020833333333333 0.26171875 0.2986111111111111 0.2578125 0.2986111111111111 0.255859375 0.2951388888888889 0.255859375 0.2743055555555556 0.26171875 0.2569444444444444 0.27734375 0.22916666666666666 0.27734375 0.22569444444444445 0.283203125 0.21875 0.2890625 0.21875 0.29296875 0.2222222222222222 0.29296875 0.2361111111111111 0.2890625 0.24305555555555555 0.283203125 0.24305555555555555 0.275390625 0.2569444444444444 0.275390625 0.2638888888888889 0.279296875 0.2708333333333333 0.28125 0.2638888888888889 0.294921875 0.2465277777777778 0.306640625 0.2465277777777778 0.3125 0.2326388888888889 0.3125 0.2222222222222222 0.310546875 0.21875 0.310546875 0.19791666666666666 0.3125 0.1909722222222222 0.318359375 0.17708333333333334 0.322265625 0.17708333333333334 0.328125 0.16666666666666666 0.330078125 0.16666666666666666
2 0.63671875 0.024305555555555556 0.638671875 0.027777777777777776 0.642578125 0.027777777777777776 0.650390625 0.04861111111111111 0.650390625 0.0763888888888889 0.6484375 0.0798611111111111 0.6484375 0.08680555555555555 0.654296875 0.09722222222222222 0.66015625 0.09722222222222222 0.666015625 0.10416666666666667 0.669921875 0.1111111111111111 0.67578125 0.1388888888888889 0.701171875 0.18055555555555555 0.701171875 0.19791666666666666 0.697265625 0.2048611111111111 0.67578125 0.2013888888888889 0.669921875 0.19444444444444445 0.669921875 0.1875 0.671875 0.1840277777777778 0.669921875 0.1736111111111111 0.666015625 0.16666666666666666 0.662109375 0.16666666666666666 0.65234375 0.1909722222222222 0.646484375 0.2152777777777778 0.646484375 0.2638888888888889 0.64453125 0.2673611111111111 0.642578125 0.3194444444444444 0.640625 0.3229166666666667 0.638671875 0.3541666666666667 0.630859375 0.3888888888888889 0.630859375 0.4305555555555556 0.62890625 0.4340277777777778 0.626953125 0.4618055555555556 0.623046875 0.4756944444444444 0.623046875 0.4861111111111111 0.62109375 0.4895833333333333 0.62109375 0.5 0.638671875 0.5347222222222222 0.63671875 0.5416666666666666 0.630859375 0.5416666666666666 0.62890625 0.5381944444444444 0.6171875 0.5347222222222222 0.607421875 0.5208333333333334 0.607421875 0.4965277777777778 0.609375 0.4930555555555556 0.609375 0.4791666666666667 0.611328125 0.4756944444444444 0.611328125 0.4375 0.61328125 0.4340277777777778 0.61328125 0.3680555555555556 0.611328125 0.3645833333333333 0.609375 0.3402777777777778 0.60546875 0.3298611111111111 0.603515625 0.3298611111111111 0.595703125 0.3472222222222222 0.591796875 0.3611111111111111 0.591796875 0.3680555555555556 0.583984375 0.3923611111111111 0.583984375 0.4236111111111111 0.58203125 0.4270833333333333 0.58203125 0.4548611111111111 0.580078125 0.4618055555555556 0.5859375 0.4826388888888889 0.5859375 0.4930555555555556 0.576171875 0.5104166666666666 0.572265625 0.5277777777777778 0.568359375 0.53125 0.560546875 0.53125 0.55859375 0.5277777777777778 0.556640625 0.5208333333333334 0.55859375 0.5173611111111112 0.55859375 0.5104166666666666 0.564453125 0.4965277777777778 0.56640625 0.4826388888888889 0.5703125 0.4756944444444444 0.5703125 0.46875 0.568359375 0.4652777777777778 0.568359375 0.4375 0.56640625 0.4340277777777778 0.568359375 0.4201388888888889 0.56640625 0.4131944444444444 0.568359375 0.4097222222222222 0.568359375 0.3854166666666667 0.572265625 0.3680555555555556 0.57421875 0.3055555555555556 0.576171875 0.3020833333333333 0.578125 0.2847222222222222 0.58203125 0.2743055555555556 0.58203125 0.2534722222222222 0.583984375 0.25 0.583984375 0.24305555555555555 0.591796875 0.2222222222222222 0.59375 0.19444444444444445 0.591796875 0.1909722222222222 0.587890625 0.19444444444444445 0.58203125 0.2048611111111111 0.576171875 0.22569444444444445 0.572265625 0.22916666666666666 0.56640625 0.22916666666666666 0.556640625 0.25 0.552734375 0.2534722222222222 0.546875 0.25 0.546875 0.22569444444444445 0.548828125 0.2222222222222222 0.548828125 0.2152777777777778 0.55078125 0.21180555555555555 0.55859375 0.21180555555555555 0.564453125 0.2048611111111111 0.5703125 0.1909722222222222 0.5703125 0.1840277777777778 0.578125 0.15625 0.583984375 0.1423611111111111 0.5859375 0.11458333333333333 0.58984375 0.10416666666666667 0.595703125 0.09375 0.611328125 0.09375 0.615234375 0.08680555555555555 0.615234375 0.041666666666666664 0.62109375 0.03125 0.62890625 0.024305555555555556 0.634765625 0.024305555555555556
2 0.40234375 0 0.40234375 0.010416666666666666 0.404296875 0.013888888888888888 0.419921875 0.027777777777777776 0.419921875 0.03819444444444445 0.423828125 0.052083333333333336 0.423828125 0.09027777777777778 0.42578125 0.09375 0.42578125 0.1284722222222222 0.421875 0.14583333333333334 0.421875 0.16319444444444445 0.4140625 0.1875 0.412109375 0.20833333333333334 0.41015625 0.21180555555555555 0.408203125 0.22916666666666666 0.404296875 0.23958333333333334 0.404296875 0.2708333333333333 0.3984375 0.2604166666666667 0.3828125 0.24305555555555555 0.369140625 0.21875 0.36328125 0.21875 0.35546875 0.1909722222222222 0.3515625 0.1875 0.34375 0.1701388888888889 0.341796875 0.16319444444444445 0.34375 0.1597222222222222 0.345703125 0.1284722222222222 0.349609375 0.11805555555555555 0.349609375 0.1076388888888889 0.3515625 0.10416666666666667 0.349609375 0.09722222222222222 0.3515625 0.08333333333333333 0.349609375 0.0798611111111111 0.34765625 0.0798611111111111 0.341796875 0.09027777777777778 0.333984375 0.11805555555555555 0.326171875 0.13541666666666666 0.32421875 0.1527777777777778 0.3203125 0.1597222222222222 0.31640625 0.1597222222222222 0.314453125 0.16319444444444445 0.310546875 0.1597222222222222 0.30859375 0.1527777777777778 0.3203125 0.11805555555555555 0.3203125 0.1111111111111111 0.326171875 0.09375 0.328125 0.0798611111111111 0.33203125 0.07291666666666667 0.3359375 0.05555555555555555 0.341796875 0.041666666666666664 0.34375 0.020833333333333332 0.34765625 0.010416666666666666 0.359375 0 0.400390625 0