0 0.72265625 0.2777777777777778 0.73046875 0.2777777777777778 0.732421875 0.28125 0.732421875 0.2881944444444444 0.728515625 0.2951388888888889 0.724609375 0.2951388888888889 0.720703125 0.2881944444444444 0.72265625 0.28125
0 0.5859375 0.4583333333333333 0.595703125 0.4583333333333333 0.59765625 0.4652777777777778 0.595703125 0.4722222222222222 0.587890625 0.4756944444444444 0.583984375 0.4652777777777778 0.5859375 0.4618055555555556
0 0.615234375 0.3368055555555556 0.619140625 0.3506944444444444 0.619140625 0.3541666666666667 0.615234375 0.3576388888888889 0.609375 0.3576388888888889 0.60546875 0.3541666666666667 0.60546875 0.34375 0.603515625 0.3402777777777778 0.607421875 0.3368055555555556 0.61328125 0.3368055555555556
0 0.630859375 0.3784722222222222 0.634765625 0.3854166666666667 0.634765625 0.3958333333333333 0.623046875 0.3958333333333333 0.623046875 0.3854166666666667 0.62890625 0.3784722222222222
0 0.58203125 0.3611111111111111 0.587890625 0.3715277777777778 0.587890625 0.375 0.58203125 0.3854166666666667 0.578125 0.3854166666666667 0.576171875 0.3680555555555556 0.580078125 0.3645833333333333
0 0.52734375 0.2847222222222222 0.53125 0.2916666666666667 0.52734375 0.3055555555555556 0.51953125 0.2986111111111111 0.51953125 0.2881944444444444 0.525390625 0.2847222222222222
0 0.69921875 0.3298611111111111 0.701171875 0.3333333333333333 0.701171875 0.3402777777777778 0.6953125 0.3472222222222222 0.69140625 0.3472222222222222 0.689453125 0.34375 0.689453125 0.3333333333333333 0.69140625 0.3298611111111111 0.697265625 0.3298611111111111
0 0.8059895833333334 0.15231481481481482 0.009895833333333333 0.01574074074074074
0 0.59765625 0.3541666666666667 0.599609375 0.3611111111111111 0.59375 0.3680555555555556 0.58984375 0.3680555555555556 0.587890625 0.3645833333333333 0.587890625 0.3576388888888889 0.58984375 0.3541666666666667 0.595703125 0.3541666666666667
0 0.2934895833333333 0.6231481481481481 0.01614583333333333 0.02962962962962963
0 0.14088541666666665 0.25555555555555554 0.013020833333333334 0.022222222222222223
0 0.8671875 0.3958333333333333 0.87109375 0.4097222222222222 0.865234375 0.4166666666666667 0.857421875 0.4166666666666667 0.857421875 0.4097222222222222 0.85546875 0.40625 0.859375 0.3958333333333333 0.865234375 0.3958333333333333
0 0.568359375 0.3680555555555556 0.5703125 0.3715277777777778 0.57421875 0.3715277777777778 0.57421875 0.3784722222222222 0.576171875 0.3819444444444444 0.57421875 0.3923611111111111 0.564453125 0.3923611111111111 0.560546875 0.3819444444444444 0.560546875 0.375 0.56640625 0.3680555555555556
0 0.4036458333333333 0.6356481481481482 0.015625 0.026851851851851852
0 0.7216145833333333 0.34398148148148144 0.0140625 0.02314814814814815
0 0.6018229166666667 0.34861111111111115 0.013020833333333334 0.02314814814814815
0 0.484375 0.3680555555555556 0.48828125 0.375 0.48828125 0.3854166666666667 0.484375 0.3888888888888889 0.4765625 0.3819444444444444 0.4765625 0.375 0.482421875 0.3680555555555556
0 0.89921875 0.15462962962962962 0.011979166666666666 0.02037037037037037
0 0.67578125 0.3784722222222222 0.6796875 0.3819444444444444 0.6796875 0.3923611111111111 0.677734375 0.3958333333333333 0.669921875 0.3958333333333333 0.66796875 0.3923611111111111 0.66796875 0.3854166666666667 0.673828125 0.3784722222222222
0 0.6244791666666667 0.33240740740740743 0.017708333333333333 0.03148148148148148
0 0.623046875 0.4097222222222222 0.630859375 0.4097222222222222 0.6328125 0.4131944444444444 0.6328125 0.4201388888888889 0.62890625 0.4305555555555556 0.623046875 0.4236111111111111 0.623046875 0.4131944444444444
1 0.560546875 0.3854166666666667 0.56640625 0.3993055555555556 0.56640625 0.4131944444444444 0.560546875 0.4340277777777778 0.55078125 0.4340277777777778 0.546875 0.4270833333333333 0.54296875 0.4305555555555556 0.537109375 0.4305555555555556 0.53515625 0.4236111111111111 0.541015625 0.3993055555555556 0.546875 0.3958333333333333 0.55078125 0.3888888888888889 0.55859375 0.3854166666666667
1 0.412109375 0.6423611111111112 0.423828125 0.6527777777777778 0.439453125 0.6840277777777778 0.435546875 0.6875 0.4296875 0.6875 0.427734375 0.6909722222222222 0.421875 0.6909722222222222 0.404296875 0.6770833333333334 0.3984375 0.6597222222222222 0.3984375 0.6527777777777778 0.40625 0.6458333333333334 0.41015625 0.6458333333333334
1 0.12890625 0.2638888888888889 0.138671875 0.2638888888888889 0.140625 0.2673611111111111 0.14453125 0.2673611111111111 0.14453125 0.3020833333333333 0.142578125 0.3055555555555556 0.13671875 0.3020833333333333 0.12890625 0.3090277777777778 0.125 0.3090277777777778 0.12109375 0.3020833333333333 0.12109375 0.2916666666666667 0.125 0.28125 0.125 0.2743055555555556 0.12890625 0.2673611111111111
1 0.904296875 0.15625 0.921875 0.17708333333333334 0.923828125 0.18055555555555555 0.923828125 0.1875 0.9140625 0.1875 0.912109375 0.1909722222222222 0.904296875 0.1875 0.896484375 0.1736111111111111 0.896484375 0.16666666666666666 0.90234375 0.1597222222222222
1 0.736328125 0.3680555555555556 0.740234375 0.3819444444444444 0.740234375 0.3888888888888889 0.744140625 0.3993055555555556 0.7421875 0.4027777777777778 0.734375 0.4027777777777778 0.732421875 0.40625 0.73046875 0.40625 0.73046875 0.4027777777777778 0.724609375 0.3958333333333333 0.724609375 0.3854166666666667 0.720703125 0.3784722222222222 0.720703125 0.3611111111111111 0.72265625 0.3576388888888889 0.728515625 0.3576388888888889 0.734375 0.3680555555555556
1 0.802734375 0.1527777777777778 0.806640625 0.15625 0.806640625 0.1597222222222222 0.787109375 0.1875 0.779296875 0.1840277777777778 0.77734375 0.1701388888888889 0.78515625 0.1597222222222222 0.7890625 0.1597222222222222 0.794921875 0.1527777777777778 0.80078125 0.1527777777777778
1 0.873046875 0.4166666666666667 0.87890625 0.4270833333333333 0.884765625 0.4479166666666667 0.884765625 0.4548611111111111 0.88671875 0.4583333333333333 0.884765625 0.4652777777777778 0.880859375 0.4618055555555556 0.87109375 0.4618055555555556 0.865234375 0.4444444444444444 0.857421875 0.4340277777777778 0.857421875 0.4236111111111111 0.859375 0.4201388888888889 0.87109375 0.4166666666666667
1 0.521484375 0.3020833333333333 0.52734375 0.3090277777777778 0.52734375 0.3159722222222222 0.51953125 0.3333333333333333 0.51953125 0.3472222222222222 0.515625 0.3541666666666667 0.51171875 0.3541666666666667 0.509765625 0.3506944444444444 0.5 0.3506944444444444 0.5 0.3368055555555556 0.50390625 0.3263888888888889 0.517578125 0.3020833333333333 0.51953125 0.3020833333333333
1 0.287109375 0.625 0.287109375 0.6284722222222222 0.291015625 0.6319444444444444 0.291015625 0.6458333333333334 0.283203125 0.6597222222222222 0.2734375 0.6597222222222222 0.26953125 0.6666666666666666 0.26953125 0.6736111111111112 0.267578125 0.6770833333333334 0.263671875 0.6736111111111112 0.255859375 0.6736111111111112 0.25390625 0.6701388888888888 0.25390625 0.6597222222222222 0.271484375 0.6319444444444444 0.279296875 0.625 0.28515625 0.625
1 0.70703125 0.34375 0.71875 0.3611111111111111 0.71875 0.3715277777777778 0.720703125 0.375 0.720703125 0.3923611111111111 0.71875 0.3958333333333333 0.71484375 0.3958333333333333 0.70703125 0.3888888888888889 0.703125 0.3784722222222222 0.703125 0.3715277777777778 0.6953125 0.3576388888888889 0.6953125 0.3472222222222222 0.69921875 0.34375 0.705078125 0.34375
1 0.638671875 0.3958333333333333 0.642578125 0.3993055555555556 0.6484375 0.4131944444444444 0.6484375 0.4270833333333333 0.63671875 0.4409722222222222 0.634765625 0.4409722222222222 0.630859375 0.4305555555555556 0.623046875 0.4270833333333333 0.619140625 0.4166666666666667 0.619140625 0.4097222222222222 0.62109375 0.4097222222222222 0.623046875 0.4027777777777778 0.62890625 0.4027777777777778 0.63671875 0.3958333333333333
1 0.904296875 0.15625 0.923828125 0.18055555555555555 0.92578125 0.1875 0.92578125 0.19791666666666666 0.923828125 0.2048611111111111 0.919921875 0.21180555555555555 0.916015625 0.21180555555555555 0.9140625 0.2152777777777778 0.90234375 0.21180555555555555 0.90234375 0.1840277777777778 0.896484375 0.1736111111111111 0.896484375 0.16666666666666666 0.90234375 0.1597222222222222
1 0.560546875 0.3854166666666667 0.56640625 0.3993055555555556 0.564453125 0.4027777777777778 0.564453125 0.4131944444444444 0.560546875 0.4236111111111111 0.552734375 0.4131944444444444 0.548828125 0.4201388888888889 0.55078125 0.4270833333333333 0.548828125 0.4236111111111111 0.5390625 0.4236111111111111 0.537109375 0.4166666666666667 0.541015625 0.40625 0.541015625 0.3993055555555556 0.546875 0.3958333333333333 0.55078125 0.3888888888888889 0.55859375 0.3854166666666667
1 0.611328125 0.4618055555555556 0.61328125 0.4652777777777778 0.623046875 0.46875 0.626953125 0.4756944444444444 0.62890625 0.4861111111111111 0.626953125 0.4895833333333333 0.62109375 0.4895833333333333 0.60546875 0.5034722222222222 0.6015625 0.5034722222222222 0.599609375 0.5 0.595703125 0.5034722222222222 0.59375 0.5 0.591796875 0.4756944444444444 0.599609375 0.4618055555555556 0.609375 0.4618055555555556
1 0.685546875 0.3854166666666667 0.6875 0.3888888888888889 0.703125 0.3888888888888889 0.705078125 0.3923611111111111 0.708984375 0.3923611111111111 0.712890625 0.3993055555555556 0.712890625 0.40625 0.70703125 0.40625 0.701171875 0.4131944444444444 0.697265625 0.4097222222222222 0.6796875 0.4097222222222222 0.677734375 0.40625 0.677734375 0.3993055555555556 0.681640625 0.3888888888888889 0.68359375 0.3888888888888889
1 0.6171875 0.3645833333333333 0.623046875 0.3784722222222222 0.619140625 0.3923611111111111 0.609375 0.3923611111111111 0.60546875 0.3888888888888889 0.60546875 0.3680555555555556 0.611328125 0.3611111111111111 0.615234375 0.3645833333333333
1 0.724609375 0.2951388888888889 0.736328125 0.2916666666666667 0.75 0.3194444444444444 0.74609375 0.3333333333333333 0.73828125 0.3368055555555556 0.734375 0.3333333333333333 0.734375 0.3263888888888889 0.7265625 0.3090277777777778 0.724609375 0.2986111111111111
1 0.4765625 0.3819444444444444 0.482421875 0.3958333333333333 0.474609375 0.4097222222222222 0.474609375 0.4166666666666667 0.470703125 0.4236111111111111 0.453125 0.4201388888888889 0.451171875 0.4131944444444444 0.453125 0.40625 0.466796875 0.3854166666666667 0.474609375 0.3819444444444444
2 0.142578125 0.2465277777777778 0.146484375 0.2534722222222222 0.146484375 0.2708333333333333 0.14453125 0.2743055555555556 0.14453125 0.3055555555555556 0.138671875 0.3125 0.138671875 0.3611111111111111 0.142578125 0.3715277777777778 0.13671875 0.3715277777777778 0.134765625 0.3680555555555556 0.134765625 0.3576388888888889 0.1328125 0.3541666666666667 0.1328125 0.3333333333333333 0.130859375 0.3298611111111111 0.126953125 0.3368055555555556 0.126953125 0.34375 0.125 0.3472222222222222 0.125 0.3611111111111111 0.12890625 0.3715277777777778 0.123046875 0.3715277777777778 0.12109375 0.3680555555555556 0.12109375 0.3368055555555556 0.123046875 0.3333333333333333 0.123046875 0.3229166666666667 0.12109375 0.3194444444444444 0.12109375 0.2916666666666667 0.125 0.28125 0.126953125 0.2673611111111111 0.138671875 0.2465277777777778 0.140625 0.2465277777777778
2 0.69921875 0.3298611111111111 0.716796875 0.3576388888888889 0.71875 0.3645833333333333 0.71875 0.3784722222222222 0.720703125 0.3819444444444444 0.720703125 0.3958333333333333 0.712890625 0.3958333333333333 0.703125 0.3854166666666667 0.703125 0.3784722222222222 0.69921875 0.3645833333333333 0.689453125 0.34375 0.689453125 0.3333333333333333 0.69140625 0.3298611111111111 0.697265625 0.3298611111111111
2 0.72265625 0.4791666666666667 0.72265625 0.4756944444444444 0.728515625 0.4652777777777778 0.728515625 0.4444444444444444 0.7265625 0.4409722222222222 0.7265625 0.40625 0.72265625 0.3958333333333333 0.720703125 0.3576388888888889 0.716796875 0.3506944444444444 0.716796875 0.3402777777777778 0.720703125 0.3333333333333333 0.72265625 0.3333333333333333 0.734375 0.3541666666666667 0.740234375 0.3888888888888889 0.744140625 0.3993055555555556 0.73828125 0.4236111111111111 0.7421875 0.4340277777777778 0.740234375 0.4409722222222222 0.740234375 0.4618055555555556 0.73828125 0.46875 0.736328125 0.46875 0.73046875 0.4791666666666667 0.724609375 0.4791666666666667
2 0.568359375 0.3715277777777778 0.5703125 0.375 0.57421875 0.375 0.57421875 0.3854166666666667 0.572265625 0.3888888888888889 0.568359375 0.3888888888888889 0.564453125 0.3993055555555556 0.564453125 0.4236111111111111 0.5625 0.4270833333333333 0.5625 0.4375 0.564453125 0.4409722222222222 0.564453125 0.4791666666666667 0.56640625 0.4861111111111111 0.55859375 0.4826388888888889 0.55859375 0.4479166666666667 0.552734375 0.4409722222222222 0.544921875 0.4479166666666667 0.537109375 0.4618055555555556 0.537109375 0.4652777777777778 0.533203125 0.46875 0.529296875 0.4652777777777778 0.5234375 0.4652777777777778 0.517578125 0.4791666666666667 0.513671875 0.4791666666666667 0.51171875 0.4756944444444444 0.51171875 0.46875 0.513671875 0.4652777777777778 0.5234375 0.4583333333333333 0.529296875 0.4479166666666667 0.533203125 0.4375 0.533203125 0.4236111111111111 0.5390625 0.40625 0.544921875 0.3958333333333333 0.55859375 0.3854166666666667 0.560546875 0.3819444444444444 0.560546875 0.375 0.56640625 0.3715277777777778
2 0.57421875 0.3715277777777778 0.583984375 0.3611111111111111 0.587890625 0.3680555555555556 0.591796875 0.3923611111111111 0.58984375 0.3958333333333333 0.58984375 0.4027777777777778 0.5859375 0.4097222222222222 0.58203125 0.4097222222222222 0.576171875 0.4201388888888889 0.576171875 0.4583333333333333 0.58203125 0.46875 0.58203125 0.4722222222222222 0.5703125 0.46875 0.5703125 0.4479166666666667 0.568359375 0.4444444444444444 0.568359375 0.4305555555555556 0.564453125 0.4166666666666667 0.56640625 0.4131944444444444 0.56640625 0.3993055555555556 0.568359375 0.3958333333333333 0.572265625 0.3958333333333333 0.576171875 0.3888888888888889 0.576171875 0.375
2 0.595703125 0.3506944444444444 0.599609375 0.3402777777777778 0.61328125 0.3368055555555556 0.619140625 0.3506944444444444 0.6171875 0.3645833333333333 0.62109375 0.3715277777777778 0.62109375 0.3819444444444444 0.619140625 0.3854166666666667 0.619140625 0.40625 0.615234375 0.4166666666666667 0.619140625 0.4270833333333333 0.62109375 0.4479166666666667 0.61328125 0.4513888888888889 0.61328125 0.4375 0.607421875 0.4305555555555556 0.603515625 0.4375 0.599609375 0.4548611111111111 0.595703125 0.4548611111111111 0.59375 0.4513888888888889 0.591796875 0.3958333333333333 0.59375 0.3923611111111111 0.59375 0.3715277777777778 0.599609375 0.3611111111111111 0.59765625 0.3541666666666667
2 0.8671875 0.3958333333333333 0.87109375 0.4027777777777778 0.87109375 0.4131944444444444 0.876953125 0.4201388888888889 0.880859375 0.4375 0.884765625 0.4444444444444444 0.884765625 0.4548611111111111 0.88671875 0.4583333333333333 0.88671875 0.4722222222222222 0.880859375 0.4930555555555556 0.880859375 0.5451388888888888 0.87890625 0.5486111111111112 0.873046875 0.5486111111111112 0.8671875 0.5555555555555556 0.859375 0.5520833333333334 0.865234375 0.5451388888888888 0.865234375 0.5 0.861328125 0.4895833333333333 0.861328125 0.4791666666666667 0.86328125 0.4756944444444444 0.86328125 0.4479166666666667 0.857421875 0.4375 0.857421875 0.3993055555555556 0.859375 0.3958333333333333 0.865234375 0.3958333333333333
2 0.3984375 0.625 0.408203125 0.625 0.41015625 0.6354166666666666 0.416015625 0.6458333333333334 0.421875 0.6493055555555556 0.439453125 0.6805555555555556 0.439453125 0.6944444444444444 0.431640625 0.7152777777777778 0.431640625 0.7326388888888888 0.43359375 0.7361111111111112 0.435546875 0.7604166666666666 0.427734375 0.7604166666666666 0.42578125 0.7569444444444444 0.427734375 0.75 0.427734375 0.7395833333333334 0.421875 0.7256944444444444 0.41796875 0.7326388888888888 0.41796875 0.7777777777777778 0.4140625 0.78125 0.408203125 0.78125 0.404296875 0.7777777777777778 0.404296875 0.7743055555555556 0.408203125 0.7743055555555556 0.412109375 0.7673611111111112 0.412109375 0.7569444444444444 0.41015625 0.7534722222222222 0.41015625 0.7291666666666666 0.408203125 0.7256944444444444 0.40625 0.7291666666666666 0.40234375 0.7256944444444444 0.404296875 0.6770833333333334 0.3984375 0.6597222222222222 0.3984375 0.6423611111111112 0.396484375 0.6388888888888888 0.396484375 0.6319444444444444 0.3984375 0.6284722222222222
2 0.26484375 0.6851851851851852 0.0734375 0.1537037037037037
2 0.69921875 0.3298611111111111 0.712890625 0.3472222222222222 0.71484375 0.3541666666666667 0.716796875 0.3541666666666667 0.720703125 0.3680555555555556 0.720703125 0.3819444444444444 0.72265625 0.3854166666666667 0.720703125 0.3888888888888889 0.720703125 0.3993055555555556 0.71484375 0.3993055555555556 0.703125 0.3854166666666667 0.703125 0.375 0.701171875 0.3680555555555556 0.689453125 0.34375 0.689453125 0.3333333333333333 0.69140625 0.3298611111111111 0.697265625 0.3298611111111111
2 0.78125 0.2222222222222222 0.78515625 0.21180555555555555 0.78515625 0.1909722222222222 0.77734375 0.18055555555555555 0.77734375 0.1701388888888889 0.78125 0.16319444444444445 0.7890625 0.1597222222222222 0.79296875 0.1527777777777778 0.798828125 0.1527777777777778 0.806640625 0.14583333333333334 0.80859375 0.14930555555555555 0.80859375 0.1597222222222222 0.794921875 0.17708333333333334 0.794921875 0.1840277777777778 0.796875 0.1875 0.794921875 0.2152777777777778 0.796875 0.21875 0.7890625 0.22569444444444445 0.783203125 0.22569444444444445
2 0.6328125 0.3819444444444444 0.6484375 0.4131944444444444 0.65625 0.4166666666666667 0.662109375 0.4236111111111111 0.666015625 0.4340277777777778 0.66015625 0.4652777777777778 0.666015625 0.4756944444444444 0.67578125 0.4826388888888889 0.677734375 0.4895833333333333 0.67578125 0.4965277777777778 0.669921875 0.5 0.666015625 0.4861111111111111 0.662109375 0.4826388888888889 0.658203125 0.4861111111111111 0.658203125 0.4930555555555556 0.66796875 0.5138888888888888 0.6640625 0.5243055555555556 0.66015625 0.5243055555555556 0.66015625 0.5138888888888888 0.654296875 0.5034722222222222 0.6484375 0.5 0.64453125 0.4895833333333333 0.638671875 0.4965277777777778 0.638671875 0.5034722222222222 0.63671875 0.5069444444444444 0.6328125 0.5069444444444444 0.6328125 0.4826388888888889 0.634765625 0.4791666666666667 0.634765625 0.46875 0.6328125 0.4652777777777778 0.634765625 0.4618055555555556 0.634765625 0.4479166666666667 0.6328125 0.4444444444444444 0.6328125 0.4375 0.626953125 0.4305555555555556 0.623046875 0.4201388888888889 0.623046875 0.3854166666666667 0.626953125 0.3784722222222222 0.630859375 0.3819444444444444
2 0.52734375 0.2847222222222222 0.53125 0.2986111111111111 0.525390625 0.3229166666666667 0.521484375 0.3298611111111111 0.51953125 0.3541666666666667 0.517578125 0.3576388888888889 0.517578125 0.3784722222222222 0.515625 0.3819444444444444 0.515625 0.3923611111111111 0.517578125 0.3993055555555556 0.521484375 0.4027777777777778 0.521484375 0.40625 0.515625 0.40625 0.51171875 0.4166666666666667 0.505859375 0.4166666666666667 0.501953125 0.4097222222222222 0.501953125 0.3993055555555556 0.50390625 0.3958333333333333 0.50390625 0.3680555555555556 0.5 0.3541666666666667 0.5 0.3368055555555556 0.51953125 0.2951388888888889 0.51953125 0.2881944444444444 0.525390625 0.2847222222222222
2 0.912109375 0.16319444444444445 0.923828125 0.18055555555555555 0.92578125 0.1875 0.92578125 0.2013888888888889 0.919921875 0.2152777777777778 0.919921875 0.2222222222222222 0.91796875 0.22569444444444445 0.919921875 0.23958333333333334 0.908203125 0.2534722222222222 0.900390625 0.2534722222222222 0.904296875 0.2465277777777778 0.904296875 0.21875 0.90234375 0.2152777777777778 0.90234375 0.1840277777777778 0.896484375 0.1736111111111111 0.89453125 0.14930555555555555 0.896484375 0.14583333333333334 0.90234375 0.14583333333333334 0.91015625 0.16319444444444445
2 0.61328125 0.4618055555555556 0.619140625 0.46875 0.623046875 0.46875 0.62890625 0.4791666666666667 0.62890625 0.5104166666666666 0.6328125 0.5173611111111112 0.63671875 0.5173611111111112 0.638671875 0.5138888888888888 0.642578125 0.5138888888888888 0.64453125 0.5173611111111112 0.64453125 0.5381944444444444 0.640625 0.5381944444444444 0.63671875 0.5277777777777778 0.619140625 0.5243055555555556 0.619140625 0.5104166666666666 0.615234375 0.5034722222222222 0.609375 0.5034722222222222 0.607421875 0.5069444444444444 0.607421875 0.5138888888888888 0.6171875 0.5347222222222222 0.6171875 0.5381944444444444 0.61328125 0.5416666666666666 0.609375 0.5416666666666666 0.607421875 0.5381944444444444 0.607421875 0.53125 0.6015625 0.5208333333333334 0.595703125 0.53125 0.595703125 0.5347222222222222 0.587890625 0.5347222222222222 0.591796875 0.5243055555555556 0.591796875 0.4826388888888889 0.5859375 0.4722222222222222 0.5859375 0.4618055555555556 0.587890625 0.4583333333333333 0.611328125 0.4618055555555556
2 0.669921875 0.3819444444444444 0.67578125 0.3784722222222222 0.6875 0.3888888888888889 0.705078125 0.3888888888888889 0.708984375 0.3923611111111111 0.71484375 0.4027777777777778 0.71484375 0.4097222222222222 0.712890625 0.4131944444444444 0.712890625 0.4236111111111111 0.71484375 0.4305555555555556 0.71875 0.4375 0.724609375 0.4375 0.72265625 0.4444444444444444 0.71875 0.4444444444444444 0.716796875 0.4479166666666667 0.70703125 0.4479166666666667 0.703125 0.4409722222222222 0.69921875 0.4166666666666667 0.69140625 0.4097222222222222 0.685546875 0.4201388888888889 0.6796875 0.4409722222222222 0.67578125 0.4479166666666667 0.671875 0.4479166666666667 0.6796875 0.4201388888888889 0.6796875 0.4097222222222222 0.66796875 0.3923611111111111 0.669921875 0.3854166666666667
2 0.619140625 0.3541666666666667 0.615234375 0.3368055555555556 0.6171875 0.3263888888888889 0.62109375 0.3194444444444444 0.630859375 0.3194444444444444 0.6328125 0.3263888888888889 0.630859375 0.3402777777777778 0.619140625 0.3576388888888889
2 0.72265625 0.2777777777777778 0.73046875 0.2777777777777778 0.732421875 0.2847222222222222 0.736328125 0.2881944444444444 0.73828125 0.2951388888888889 0.75390625 0.3229166666666667 0.755859375 0.3541666666666667 0.771484375 0.3958333333333333 0.767578125 0.40625 0.76171875 0.40625 0.763671875 0.3923611111111111 0.755859375 0.3784722222222222 0.755859375 0.375 0.75 0.3680555555555556 0.75 0.3645833333333333 0.7421875 0.3506944444444444 0.736328125 0.3506944444444444 0.734375 0.34375 0.734375 0.3263888888888889 0.7265625 0.3090277777777778 0.720703125 0.2881944444444444 0.72265625 0.28125
2 0.484375 0.3680555555555556 0.48828125 0.375 0.48828125 0.3854166666666667 0.484375 0.3958333333333333 0.474609375 0.4097222222222222 0.478515625 0.4270833333333333 0.478515625 0.4375 0.48046875 0.4409722222222222 0.48046875 0.4756944444444444 0.484375 0.4826388888888889 0.482421875 0.4861111111111111 0.4765625 0.4826388888888889 0.474609375 0.4444444444444444 0.466796875 0.4340277777777778 0.4609375 0.4340277777777778 0.458984375 0.4375 0.458984375 0.4548611111111111 0.455078125 0.4652777777777778 0.443359375 0.4652777777777778 0.44140625 0.46875 0.44140625 0.4756944444444444 0.443359375 0.4791666666666667 0.4375 0.4791666666666667 0.435546875 0.4756944444444444 0.4375 0.4652777777777778 0.44140625 0.4583333333333333 0.4453125 0.4583333333333333 0.451171875 0.4513888888888889 0.451171875 0.4131944444444444 0.453125 0.40625 0.46484375 0.3888888888888889 0.474609375 0.3819444444444444 0.4765625 0.375 0.482421875 0.3680555555555556