0 0.185546875 0.6527777777777778 0.189453125 0.6597222222222222 0.185546875 0.6666666666666666 0.177734375 0.6666666666666666 0.17578125 0.6631944444444444 0.17578125 0.65625 0.177734375 0.6527777777777778 0.18359375 0.6527777777777778
0 0.208984375 0.2222222222222222 0.212890625 0.21875 0.216796875 0.2222222222222222 0.216796875 0.2326388888888889 0.2109375 0.2326388888888889 0.208984375 0.22569444444444445
0 0.19921875 0.375 0.205078125 0.375 0.205078125 0.3784722222222222 0.208984375 0.3819444444444444 0.208984375 0.3923611111111111 0.20703125 0.3958333333333333 0.203125 0.3958333333333333 0.19921875 0.3888888888888889 0.19921875 0.3784722222222222
0 0.30078125 0.3194444444444444 0.306640625 0.3194444444444444 0.30859375 0.3229166666666667 0.30859375 0.3368055555555556 0.302734375 0.3368055555555556 0.30078125 0.3229166666666667
0 0.6302083333333334 0.32314814814814813 0.013541666666666667 0.016666666666666666
0 0.6716145833333333 0.4185185185185185 0.011979166666666666 0.022222222222222223
0 0.671875 0.5208333333333334 0.677734375 0.5208333333333334 0.6796875 0.5277777777777778 0.68359375 0.5277777777777778 0.685546875 0.53125 0.685546875 0.5416666666666666 0.68359375 0.5451388888888888 0.67578125 0.5451388888888888 0.671875 0.5381944444444444 0.671875 0.5243055555555556
0 0.642578125 0.5 0.65234375 0.5104166666666666 0.65234375 0.5208333333333334 0.64453125 0.5208333333333334 0.640625 0.5173611111111112 0.638671875 0.5104166666666666 0.640625 0.5034722222222222
0 0.5078125 0.3958333333333333 0.51171875 0.4131944444444444 0.509765625 0.4201388888888889 0.501953125 0.4201388888888889 0.49609375 0.4097222222222222 0.494140625 0.4097222222222222 0.494140625 0.3993055555555556 0.49609375 0.3958333333333333 0.505859375 0.3958333333333333
0 0.130859375 0.4965277777777778 0.134765625 0.5 0.134765625 0.5034722222222222 0.12890625 0.5104166666666666 0.123046875 0.5104166666666666 0.123046875 0.5034722222222222 0.125 0.5 0.12890625 0.5
0 0.5947916666666666 0.34074074074074073 0.013541666666666667 0.027777777777777776
0 0.5859375 0.34375 0.587890625 0.3472222222222222 0.587890625 0.3576388888888889 0.58203125 0.3680555555555556 0.578125 0.3680555555555556 0.576171875 0.3645833333333333 0.576171875 0.3472222222222222 0.578125 0.34375 0.583984375 0.34375
0 0.525390625 0.3993055555555556 0.52734375 0.4027777777777778 0.521484375 0.4166666666666667 0.51953125 0.4166666666666667 0.517578125 0.4097222222222222 0.51953125 0.4027777777777778 0.5234375 0.3993055555555556
0 0.517578125 0.4201388888888889 0.51953125 0.4270833333333333 0.51171875 0.4409722222222222 0.509765625 0.4375 0.509765625 0.4270833333333333 0.515625 0.4201388888888889
0 0.5546875 0.4826388888888889 0.5546875 0.4756944444444444 0.55859375 0.46875 0.5703125 0.4722222222222222 0.5703125 0.4791666666666667 0.568359375 0.4826388888888889 0.560546875 0.4826388888888889 0.55859375 0.4861111111111111 0.556640625 0.4826388888888889
1 0.5078125 0.4236111111111111 0.515625 0.4236111111111111 0.51953125 0.4270833333333333 0.52734375 0.4409722222222222 0.533203125 0.4618055555555556 0.533203125 0.4791666666666667 0.521484375 0.4791666666666667 0.5078125 0.4513888888888889 0.5078125 0.4409722222222222 0.505859375 0.4375 0.505859375 0.4305555555555556 0.5078125 0.4270833333333333
1 0.51953125 0.4097222222222222 0.529296875 0.4097222222222222 0.537109375 0.4305555555555556 0.544921875 0.4444444444444444 0.544921875 0.4618055555555556 0.54296875 0.4652777777777778 0.537109375 0.4652777777777778 0.517578125 0.4201388888888889 0.51953125 0.4131944444444444
1 0.314453125 0.3368055555555556 0.318359375 0.34375 0.318359375 0.3541666666666667 0.31640625 0.3541666666666667 0.314453125 0.3472222222222222 0.306640625 0.3611111111111111 0.296875 0.3611111111111111 0.29296875 0.3576388888888889 0.29296875 0.34375 0.294921875 0.3368055555555556 0.30078125 0.3298611111111111 0.310546875 0.3298611111111111 0.3125 0.3368055555555556
1 0.12109375 0.5486111111111112 0.12109375 0.5173611111111112 0.125 0.5104166666666666 0.138671875 0.5104166666666666 0.142578125 0.5173611111111112 0.14453125 0.53125 0.1484375 0.5381944444444444 0.1484375 0.5451388888888888 0.146484375 0.5486111111111112 0.13671875 0.5486111111111112 0.134765625 0.5520833333333334 0.125 0.5520833333333334 0.123046875 0.5486111111111112
1 0.2109375 0.2326388888888889 0.21484375 0.23958333333333334 0.21484375 0.2569444444444444 0.208984375 0.2638888888888889 0.205078125 0.2638888888888889 0.19921875 0.2569444444444444 0.19921875 0.2465277777777778 0.203125 0.2361111111111111 0.208984375 0.2326388888888889
1 0.58203125 0.3541666666666667 0.595703125 0.3541666666666667 0.599609375 0.3611111111111111 0.599609375 0.3784722222222222 0.603515625 0.3888888888888889 0.603515625 0.3993055555555556 0.587890625 0.3993055555555556 0.583984375 0.3923611111111111 0.583984375 0.3854166666666667 0.578125 0.375 0.578125 0.3645833333333333 0.58203125 0.3576388888888889
1 0.10546875 0.2777777777777778 0.11328125 0.2777777777777778 0.12109375 0.2847222222222222 0.126953125 0.2951388888888889 0.126953125 0.3090277777777778 0.123046875 0.3194444444444444 0.1171875 0.3194444444444444 0.109375 0.3090277777777778 0.1015625 0.3055555555555556 0.10546875 0.28125
1 0.564453125 0.4791666666666667 0.572265625 0.4861111111111111 0.576171875 0.4965277777777778 0.57421875 0.5173611111111112 0.572265625 0.5208333333333334 0.55859375 0.5208333333333334 0.556640625 0.5173611111111112 0.5546875 0.5104166666666666 0.5546875 0.4930555555555556 0.55859375 0.4826388888888889 0.5625 0.4826388888888889
1 0.677734375 0.4270833333333333 0.6796875 0.4305555555555556 0.6796875 0.4791666666666667 0.677734375 0.4826388888888889 0.671875 0.4826388888888889 0.66796875 0.4791666666666667 0.66015625 0.4583333333333333 0.66015625 0.4444444444444444 0.6640625 0.4305555555555556 0.67578125 0.4270833333333333
1 0.671875 0.5347222222222222 0.677734375 0.5416666666666666 0.67578125 0.5659722222222222 0.66796875 0.5798611111111112 0.65625 0.5763888888888888 0.65625 0.5625 0.658203125 0.5555555555555556 0.66796875 0.5381944444444444 0.669921875 0.5381944444444444
1 0.640625 0.5138888888888888 0.6484375 0.5243055555555556 0.646484375 0.5277777777777778 0.646484375 0.5381944444444444 0.638671875 0.5451388888888888 0.630859375 0.5590277777777778 0.62109375 0.5520833333333334 0.6171875 0.5451388888888888 0.619140625 0.5381944444444444 0.625 0.5347222222222222 0.63671875 0.5138888888888888 0.638671875 0.5138888888888888
1 0.498046875 0.4097222222222222 0.505859375 0.4201388888888889 0.50390625 0.4270833333333333 0.50390625 0.4409722222222222 0.498046875 0.4479166666666667 0.48828125 0.4340277777777778 0.4921875 0.4201388888888889 0.4921875 0.4131944444444444 0.49609375 0.4097222222222222
1 0.630859375 0.3263888888888889 0.63671875 0.3333333333333333 0.640625 0.3611111111111111 0.638671875 0.3611111111111111 0.62890625 0.3819444444444444 0.619140625 0.3784722222222222 0.619140625 0.3611111111111111 0.615234375 0.3541666666666667 0.6171875 0.3333333333333333 0.623046875 0.3263888888888889 0.62890625 0.3263888888888889
1 0.197265625 0.3888888888888889 0.197265625 0.3923611111111111 0.203125 0.3993055555555556 0.19921875 0.4131944444444444 0.19921875 0.4340277777777778 0.193359375 0.4270833333333333 0.185546875 0.4270833333333333 0.181640625 0.4236111111111111 0.181640625 0.4166666666666667 0.1875 0.40625 0.189453125 0.3958333333333333 0.1953125 0.3888888888888889
1 0.17578125 0.6631944444444444 0.185546875 0.6701388888888888 0.185546875 0.7048611111111112 0.181640625 0.7118055555555556 0.1640625 0.7118055555555556 0.162109375 0.7083333333333334 0.1640625 0.6770833333333334 0.171875 0.6631944444444444 0.173828125 0.6631944444444444
2 0.646484375 0.5034722222222222 0.650390625 0.5104166666666666 0.6484375 0.5381944444444444 0.654296875 0.5451388888888888 0.658203125 0.5451388888888888 0.658203125 0.5520833333333334 0.6484375 0.5520833333333334 0.642578125 0.5451388888888888 0.63671875 0.5520833333333334 0.638671875 0.5625 0.642578125 0.5694444444444444 0.642578125 0.5833333333333334 0.638671875 0.6006944444444444 0.638671875 0.6111111111111112 0.642578125 0.6180555555555556 0.640625 0.6215277777777778 0.6328125 0.6180555555555556 0.6328125 0.6111111111111112 0.634765625 0.6076388888888888 0.634765625 0.5868055555555556 0.63671875 0.5833333333333334 0.6328125 0.5763888888888888 0.626953125 0.5833333333333334 0.626953125 0.5902777777777778 0.611328125 0.6006944444444444 0.609375 0.6076388888888888 0.607421875 0.6076388888888888 0.607421875 0.6041666666666666 0.6171875 0.5833333333333334 0.6171875 0.5659722222222222 0.615234375 0.5625 0.615234375 0.5486111111111112 0.6171875 0.5416666666666666 0.626953125 0.53125 0.642578125 0.5034722222222222 0.64453125 0.5034722222222222
2 0.529296875 0.4097222222222222 0.54296875 0.4375 0.546875 0.4548611111111111 0.546875 0.4652777777777778 0.5546875 0.4861111111111111 0.552734375 0.4930555555555556 0.55078125 0.4930555555555556 0.541015625 0.4722222222222222 0.537109375 0.4722222222222222 0.53515625 0.46875 0.53515625 0.4618055555555556 0.529296875 0.4479166666666667 0.529296875 0.4409722222222222 0.515625 0.4166666666666667 0.521484375 0.3993055555555556 0.5234375 0.3993055555555556 0.52734375 0.4097222222222222
2 0.314453125 0.3368055555555556 0.318359375 0.34375 0.31640625 0.3645833333333333 0.3125 0.3645833333333333 0.310546875 0.3576388888888889 0.30859375 0.3611111111111111 0.30859375 0.3680555555555556 0.30078125 0.3958333333333333 0.30078125 0.40625 0.294921875 0.40625 0.29296875 0.4027777777777778 0.294921875 0.3993055555555556 0.294921875 0.3923611111111111 0.29296875 0.3888888888888889 0.29296875 0.34375 0.302734375 0.3194444444444444 0.30859375 0.3194444444444444 0.3125 0.3368055555555556
2 0.591796875 0.3298611111111111 0.595703125 0.3298611111111111 0.603515625 0.3506944444444444 0.60546875 0.3715277777777778 0.6015625 0.3819444444444444 0.603515625 0.3854166666666667 0.60546875 0.40625 0.611328125 0.4270833333333333 0.61328125 0.4513888888888889 0.615234375 0.4548611111111111 0.615234375 0.4618055555555556 0.61328125 0.4618055555555556 0.61328125 0.4548611111111111 0.609375 0.4479166666666667 0.609375 0.4409722222222222 0.60546875 0.4270833333333333 0.59765625 0.4166666666666667 0.59375 0.4166666666666667 0.583984375 0.4340277777777778 0.583984375 0.4513888888888889 0.58203125 0.4513888888888889 0.580078125 0.4444444444444444 0.580078125 0.4236111111111111 0.583984375 0.40625 0.583984375 0.3888888888888889 0.578125 0.3784722222222222 0.576171875 0.3541666666666667 0.578125 0.3472222222222222 0.583984375 0.3472222222222222 0.587890625 0.34375 0.591796875 0.3333333333333333
2 0 0.8159722222222222 0.005859375 0.8159722222222222 0.009765625 0.8194444444444444 0.01171875 0.8263888888888888 0.01171875 0.8715277777777778 0.009765625 0.875 0.009765625 0.8958333333333334 0.01171875 0.8993055555555556 0.01171875 0.90625 0.015625 0.9131944444444444 0.015625 0.9201388888888888 0.01171875 0.9236111111111112 0.005859375 0.9236111111111112 0.00390625 0.9201388888888888 0.00390625 0.9131944444444444 0 0.9097222222222222 0 0.8194444444444444
2 0.111328125 0.2708333333333333 0.125 0.2916666666666667 0.126953125 0.2916666666666667 0.12890625 0.2986111111111111 0.12890625 0.3055555555555556 0.125 0.3159722222222222 0.125 0.3368055555555556 0.130859375 0.3645833333333333 0.12890625 0.3715277777777778 0.123046875 0.3715277777777778 0.123046875 0.3576388888888889 0.107421875 0.3368055555555556 0.107421875 0.3125 0.1015625 0.3055555555555556 0.1015625 0.2986111111111111 0.103515625 0.2951388888888889 0.103515625 0.2777777777777778 0.109375 0.2708333333333333
2 0.572265625 0.4652777777777778 0.572265625 0.4722222222222222 0.578125 0.4861111111111111 0.578125 0.5034722222222222 0.576171875 0.5104166666666666 0.5859375 0.5416666666666666 0.5859375 0.5555555555555556 0.58203125 0.5625 0.58203125 0.5694444444444444 0.583984375 0.5729166666666666 0.58203125 0.5798611111111112 0.587890625 0.5902777777777778 0.587890625 0.5972222222222222 0.578125 0.5972222222222222 0.576171875 0.59375 0.576171875 0.5868055555555556 0.578125 0.5833333333333334 0.576171875 0.5625 0.5703125 0.5555555555555556 0.56640625 0.5625 0.56640625 0.5729166666666666 0.556640625 0.5902777777777778 0.556640625 0.6041666666666666 0.55078125 0.6041666666666666 0.548828125 0.6006944444444444 0.552734375 0.5833333333333334 0.55859375 0.5694444444444444 0.556640625 0.5555555555555556 0.5546875 0.5520833333333334 0.544921875 0.5520833333333334 0.5390625 0.5625 0.537109375 0.5625 0.537109375 0.5555555555555556 0.5390625 0.5486111111111112 0.54296875 0.5451388888888888 0.548828125 0.5451388888888888 0.5546875 0.5347222222222222 0.5546875 0.5243055555555556 0.556640625 0.5208333333333334 0.5546875 0.5138888888888888 0.5546875 0.4895833333333333 0.556640625 0.4861111111111111 0.5546875 0.4791666666666667 0.556640625 0.4722222222222222 0.55859375 0.46875 0.56640625 0.46875 0.5703125 0.4652777777777778
2 0.130859375 0.4965277777777778 0.142578125 0.5173611111111112 0.14453125 0.53125 0.150390625 0.5451388888888888 0.1484375 0.5520833333333334 0.150390625 0.5555555555555556 0.150390625 0.5659722222222222 0.14453125 0.5763888888888888 0.14453125 0.5868055555555556 0.166015625 0.6180555555555556 0.166015625 0.6284722222222222 0.162109375 0.6354166666666666 0.154296875 0.6145833333333334 0.14453125 0.6041666666666666 0.140625 0.6041666666666666 0.130859375 0.5833333333333334 0.123046875 0.5902777777777778 0.119140625 0.6111111111111112 0.11328125 0.6180555555555556 0.1015625 0.6180555555555556 0.099609375 0.6145833333333334 0.1015625 0.6076388888888888 0.10546875 0.6076388888888888 0.109375 0.6006944444444444 0.109375 0.59375 0.115234375 0.5729166666666666 0.119140625 0.5659722222222222 0.1171875 0.5486111111111112 0.12109375 0.5381944444444444 0.12109375 0.5138888888888888 0.123046875 0.5104166666666666 0.123046875 0.5034722222222222 0.12890625 0.4965277777777778
2 0.203125 0.3784722222222222 0.208984375 0.3854166666666667 0.208984375 0.3923611111111111 0.20703125 0.3923611111111111 0.201171875 0.4027777777777778 0.201171875 0.4097222222222222 0.19921875 0.4131944444444444 0.19921875 0.4375 0.201171875 0.4409722222222222 0.201171875 0.4513888888888889 0.193359375 0.4756944444444444 0.185546875 0.4826388888888889 0.185546875 0.46875 0.189453125 0.4513888888888889 0.185546875 0.4409722222222222 0.181640625 0.4375 0.1796875 0.4236111111111111 0.193359375 0.3888888888888889 0.1953125 0.3784722222222222 0.197265625 0.375 0.201171875 0.3784722222222222
2 0.673828125 0.4131944444444444 0.67578125 0.4166666666666667 0.67578125 0.4236111111111111 0.6796875 0.4305555555555556 0.6796875 0.5 0.681640625 0.5034722222222222 0.68359375 0.5243055555555556 0.6875 0.5347222222222222 0.68359375 0.5347222222222222 0.681640625 0.53125 0.677734375 0.5173611111111112 0.677734375 0.5104166666666666 0.671875 0.4965277777777778 0.666015625 0.4965277777777778 0.6640625 0.5 0.6640625 0.5277777777777778 0.662109375 0.5277777777777778 0.66015625 0.5104166666666666 0.65625 0.5 0.6640625 0.4791666666666667 0.6640625 0.4652777777777778 0.66015625 0.4583333333333333 0.66015625 0.4409722222222222 0.6640625 0.4305555555555556 0.6640625 0.4166666666666667 0.666015625 0.4131944444444444 0.671875 0.4131944444444444
2 0.21484375 0.2222222222222222 0.21875 0.22916666666666666 0.21484375 0.23958333333333334 0.216796875 0.2569444444444444 0.212890625 0.2604166666666667 0.212890625 0.2777777777777778 0.21484375 0.28125 0.20703125 0.2986111111111111 0.208984375 0.3055555555555556 0.20703125 0.3125 0.19921875 0.3055555555555556 0.19921875 0.2986111111111111 0.205078125 0.28125 0.19921875 0.2743055555555556 0.1953125 0.2569444444444444 0.203125 0.2361111111111111 0.205078125 0.2361111111111111 0.208984375 0.22569444444444445 0.212890625 0.2222222222222222
2 0.677734375 0.5277777777777778 0.6796875 0.53125 0.6796875 0.5486111111111112 0.677734375 0.5520833333333334 0.67578125 0.5694444444444444 0.6796875 0.5763888888888888 0.681640625 0.5729166666666666 0.685546875 0.5763888888888888 0.68359375 0.5798611111111112 0.68359375 0.5902777777777778 0.689453125 0.6041666666666666 0.69140625 0.6180555555555556 0.6953125 0.625 0.701171875 0.6284722222222222 0.69921875 0.6354166666666666 0.689453125 0.6354166666666666 0.6796875 0.6145833333333334 0.677734375 0.6180555555555556 0.6796875 0.6354166666666666 0.67578125 0.6354166666666666 0.671875 0.6284722222222222 0.673828125 0.6076388888888888 0.669921875 0.6006944444444444 0.6640625 0.6006944444444444 0.65625 0.5902777777777778 0.65625 0.5625 0.658203125 0.5555555555555556 0.66796875 0.5347222222222222 0.67578125 0.5277777777777778
2 0.501953125 0.3958333333333333 0.509765625 0.40625 0.509765625 0.4166666666666667 0.50390625 0.4270833333333333 0.50390625 0.4409722222222222 0.505859375 0.4444444444444444 0.50390625 0.4479166666666667 0.50390625 0.4583333333333333 0.498046875 0.4652777777777778 0.498046875 0.4756944444444444 0.49609375 0.4826388888888889 0.484375 0.5069444444444444 0.484375 0.5208333333333334 0.48046875 0.5208333333333334 0.4765625 0.5138888888888888 0.4765625 0.5069444444444444 0.48046875 0.5 0.4765625 0.4895833333333333 0.484375 0.4791666666666667 0.482421875 0.4444444444444444 0.49609375 0.4027777777777778 0.5 0.3993055555555556
2 0.51171875 0.4166666666666667 0.525390625 0.4375 0.52734375 0.4479166666666667 0.533203125 0.4583333333333333 0.533203125 0.4756944444444444 0.537109375 0.4930555555555556 0.548828125 0.5034722222222222 0.552734375 0.5104166666666666 0.55078125 0.5138888888888888 0.548828125 0.5104166666666666 0.533203125 0.5034722222222222 0.52734375 0.4965277777777778 0.51953125 0.5138888888888888 0.51953125 0.5416666666666666 0.517578125 0.5451388888888888 0.513671875 0.5451388888888888 0.51171875 0.5416666666666666 0.513671875 0.5381944444444444 0.513671875 0.4861111111111111 0.515625 0.4826388888888889 0.515625 0.46875 0.5078125 0.4548611111111111 0.5078125 0.4444444444444444 0.505859375 0.4409722222222222 0.505859375 0.4270833333333333 0.509765625 0.4201388888888889
2 0.625 0.3194444444444444 0.630859375 0.3159722222222222 0.6328125 0.3263888888888889 0.638671875 0.3402777777777778 0.640625 0.3645833333333333 0.63671875 0.3645833333333333 0.634765625 0.3680555555555556 0.634765625 0.3784722222222222 0.638671875 0.3923611111111111 0.638671875 0.4027777777777778 0.646484375 0.4305555555555556 0.64453125 0.4375 0.642578125 0.4340277777777778 0.6328125 0.3958333333333333 0.623046875 0.3854166666666667 0.615234375 0.3993055555555556 0.615234375 0.40625 0.619140625 0.4131944444444444 0.619140625 0.4201388888888889 0.615234375 0.4201388888888889 0.61328125 0.4131944444444444 0.611328125 0.3958333333333333 0.619140625 0.3645833333333333 0.6171875 0.3576388888888889 0.61328125 0.3541666666666667 0.61328125 0.3472222222222222 0.6171875 0.3402777777777778 0.6171875 0.3333333333333333 0.625 0.3229166666666667
2 0.181640625 0.6527777777777778 0.185546875 0.6597222222222222 0.185546875 0.7326388888888888 0.189453125 0.7430555555555556 0.189453125 0.7881944444444444 0.1875 0.7881944444444444 0.1875 0.78125 0.185546875 0.7777777777777778 0.18359375 0.7534722222222222 0.1796875 0.7465277777777778 0.177734375 0.7465277777777778 0.17578125 0.7534722222222222 0.171875 0.7465277777777778 0.171875 0.7326388888888888 0.166015625 0.7256944444444444 0.162109375 0.7256944444444444 0.162109375 0.6875 0.1640625 0.6840277777777778 0.1640625 0.6770833333333334 0.171875 0.6597222222222222 0.1796875 0.6527777777777778