0 0.830078125 0.06597222222222222 0.833984375 0.06944444444444445 0.83984375 0.08333333333333333 0.837890625 0.1111111111111111 0.830078125 0.12152777777777778 0.82421875 0.12152777777777778 0.8203125 0.11805555555555555 0.818359375 0.09722222222222222 0.81640625 0.09375 0.8203125 0.07291666666666667 0.828125 0.06597222222222222
0 0.234375 0.4722222222222222 0.236328125 0.4756944444444444 0.236328125 0.5034722222222222 0.232421875 0.5104166666666666 0.21484375 0.5104166666666666 0.2109375 0.5069444444444444 0.208984375 0.5 0.208984375 0.4861111111111111 0.2109375 0.4826388888888889 0.2109375 0.4756944444444444 0.21484375 0.46875 0.21875 0.4652777777777778 0.228515625 0.4652777777777778 0.232421875 0.4722222222222222
0 0.9510416666666667 0.11296296296296296 0.027083333333333334 0.05925925925925926
0 0.853515625 0.3298611111111111 0.857421875 0.3333333333333333 0.861328125 0.34375 0.86328125 0.3611111111111111 0.861328125 0.3680555555555556 0.845703125 0.3784722222222222 0.83984375 0.3715277777777778 0.83984375 0.3506944444444444 0.837890625 0.34375 0.845703125 0.3298611111111111 0.8515625 0.3298611111111111
0 0.439453125 0.4409722222222222 0.443359375 0.4479166666666667 0.447265625 0.4652777777777778 0.4453125 0.4861111111111111 0.439453125 0.4930555555555556 0.43359375 0.4930555555555556 0.419921875 0.46875 0.419921875 0.4444444444444444 0.421875 0.4409722222222222 0.42578125 0.4375 0.435546875 0.4375 0.4375 0.4409722222222222
0 0.451171875 0.5208333333333334 0.455078125 0.53125 0.455078125 0.5520833333333334 0.453125 0.5555555555555556 0.443359375 0.5555555555555556 0.44140625 0.5520833333333334 0.439453125 0.5555555555555556 0.435546875 0.5520833333333334 0.43359375 0.5451388888888888 0.43359375 0.5381944444444444 0.4375 0.5277777777777778 0.443359375 0.5208333333333334 0.44921875 0.5208333333333334
0 0.9643229166666667 0.25324074074074077 0.03697916666666667 0.054629629629629625
0 0.7510416666666666 0.47175925925925927 0.017708333333333333 0.04722222222222222
0 0.80078125 0.24305555555555555 0.80859375 0.2604166666666667 0.80859375 0.2777777777777778 0.802734375 0.2916666666666667 0.7890625 0.2881944444444444 0.78125 0.2743055555555556 0.78125 0.2569444444444444 0.783203125 0.2569444444444444 0.787109375 0.2465277777777778 0.798828125 0.24305555555555555
0 0.998046875 0.027777777777777776 0.998046875 0.08333333333333333 0.99609375 0.0798611111111111 0.9921875 0.0798611111111111 0.98828125 0.06597222222222222 0.98828125 0.03819444444444445 0.994140625 0.027777777777777776 0.99609375 0.027777777777777776
1 0.42578125 0.5451388888888888 0.427734375 0.5486111111111112 0.4375 0.5520833333333334 0.443359375 0.5590277777777778 0.447265625 0.5590277777777778 0.458984375 0.5729166666666666 0.458984375 0.59375 0.45703125 0.59375 0.43359375 0.6354166666666666 0.4296875 0.6354166666666666 0.421875 0.6180555555555556 0.41796875 0.6145833333333334 0.412109375 0.6145833333333334 0.412109375 0.6041666666666666 0.416015625 0.5868055555555556 0.4140625 0.5798611111111112 0.4140625 0.5520833333333334 0.41796875 0.5451388888888888 0.423828125 0.5451388888888888
1 0.984375 0.05555555555555555 0.98828125 0.06944444444444445 0.994140625 0.0798611111111111 0.998046875 0.0798611111111111 0.998046875 0.16666666666666666 0.98828125 0.16666666666666666 0.982421875 0.1597222222222222 0.982421875 0.14583333333333334 0.98046875 0.1423611111111111 0.98046875 0.1284722222222222 0.978515625 0.125 0.978515625 0.10069444444444445 0.9765625 0.09722222222222222 0.9765625 0.07291666666666667 0.982421875 0.059027777777777776
1 0.83203125 0 0.87890625 0 0.876953125 0.006944444444444444 0.876953125 0.017361111111111112 0.87109375 0.017361111111111112 0.865234375 0.024305555555555556 0.865234375 0.05555555555555555 0.869140625 0.06944444444444445 0.865234375 0.0798611111111111 0.849609375 0.09375 0.853515625 0.10069444444444445 0.845703125 0.10069444444444445 0.84375 0.09722222222222222 0.84765625 0.09722222222222222 0.849609375 0.09375 0.841796875 0.08680555555555555 0.841796875 0.0798611111111111 0.8359375 0.06597222222222222 0.837890625 0.0625 0.837890625 0.03819444444444445 0.8359375 0.03125 0.83203125 0.027777777777777776 0.83203125 0.003472222222222222
1 0.94921875 0.3854166666666667 0.94921875 0.3541666666666667 0.947265625 0.3506944444444444 0.947265625 0.3402777777777778 0.9453125 0.3368055555555556 0.9453125 0.3229166666666667 0.943359375 0.3159722222222222 0.947265625 0.3090277777777778 0.953125 0.2881944444444444 0.962890625 0.2881944444444444 0.96875 0.28125 0.978515625 0.28125 0.986328125 0.2986111111111111 0.978515625 0.3020833333333333 0.974609375 0.3090277777777778 0.974609375 0.3229166666666667 0.9765625 0.3263888888888889 0.9765625 0.3402777777777778 0.978515625 0.34375 0.978515625 0.3611111111111111 0.97265625 0.375 0.966796875 0.3784722222222222 0.962890625 0.3854166666666667 0.958984375 0.3888888888888889 0.953125 0.3888888888888889 0.951171875 0.3854166666666667
1 0.220703125 0.5138888888888888 0.22265625 0.5173611111111112 0.234375 0.5173611111111112 0.236328125 0.5208333333333334 0.240234375 0.5208333333333334 0.24609375 0.5347222222222222 0.24609375 0.5451388888888888 0.234375 0.5625 0.234375 0.5868055555555556 0.2421875 0.6076388888888888 0.2421875 0.6215277777777778 0.23828125 0.6284722222222222 0.234375 0.6319444444444444 0.228515625 0.6319444444444444 0.2265625 0.6354166666666666 0.212890625 0.6354166666666666 0.20703125 0.6284722222222222 0.20703125 0.6111111111111112 0.203125 0.59375 0.203125 0.5763888888888888 0.205078125 0.5694444444444444 0.201171875 0.5555555555555556 0.1953125 0.5451388888888888 0.1953125 0.5208333333333334 0.201171875 0.5138888888888888 0.21875 0.5138888888888888
1 0.046875 0 0.07421875 0 0.076171875 0.006944444444444444 0.076171875 0.03819444444444445 0.072265625 0.04513888888888889 0.064453125 0.04513888888888889 0.060546875 0.04861111111111111 0.052734375 0.03819444444444445 0.046875 0.017361111111111112 0.046875 0.003472222222222222
1 0.59765625 0 0.609375 0 0.609375 0.027777777777777776 0.611328125 0.03125 0.609375 0.04513888888888889 0.6015625 0.04513888888888889 0.599609375 0.04861111111111111 0.59765625 0.041666666666666664 0.59765625 0.024305555555555556 0.59375 0.013888888888888888 0.59765625 0.003472222222222222
1 0.78515625 0.2847222222222222 0.79296875 0.2986111111111111 0.802734375 0.2986111111111111 0.802734375 0.3125 0.80078125 0.3159722222222222 0.80078125 0.3263888888888889 0.794921875 0.3541666666666667 0.794921875 0.3784722222222222 0.79296875 0.3854166666666667 0.775390625 0.3819444444444444 0.7734375 0.3541666666666667 0.78125 0.3333333333333333 0.78125 0.3194444444444444 0.779296875 0.3159722222222222 0.767578125 0.3159722222222222 0.765625 0.3125 0.765625 0.2986111111111111 0.76953125 0.2881944444444444 0.779296875 0.28125 0.783203125 0.2847222222222222
1 0.994140625 0.2569444444444444 0.994140625 0.2708333333333333 0.998046875 0.2743055555555556 0.998046875 0.2777777777777778 0.990234375 0.2777777777777778 0.98828125 0.2743055555555556 0.98828125 0.2638888888888889 0.986328125 0.2569444444444444 0.98828125 0.2534722222222222 0.9921875 0.2569444444444444
1 0.935546875 0.13194444444444445 0.939453125 0.13194444444444445 0.939453125 0.13541666666666666 0.9453125 0.1423611111111111 0.951171875 0.1423611111111111 0.958984375 0.13541666666666666 0.97265625 0.13541666666666666 0.978515625 0.1423611111111111 0.978515625 0.1527777777777778 0.982421875 0.16666666666666666 0.98046875 0.1701388888888889 0.9765625 0.1701388888888889 0.97265625 0.17708333333333334 0.97265625 0.2222222222222222 0.970703125 0.22569444444444445 0.953125 0.2326388888888889 0.9453125 0.24305555555555555 0.935546875 0.24305555555555555 0.935546875 0.13541666666666666
1 0.837890625 0.4131944444444444 0.837890625 0.3993055555555556 0.83984375 0.3958333333333333 0.83984375 0.3888888888888889 0.84375 0.3819444444444444 0.84765625 0.3819444444444444 0.853515625 0.375 0.859375 0.375 0.861328125 0.3715277777777778 0.87109375 0.3715277777777778 0.87890625 0.3784722222222222 0.880859375 0.3854166666666667 0.880859375 0.4131944444444444 0.8828125 0.4166666666666667 0.8828125 0.4305555555555556 0.884765625 0.4340277777777778 0.8828125 0.4479166666666667 0.88671875 0.4618055555555556 0.88671875 0.4756944444444444 0.884765625 0.4791666666666667 0.884765625 0.4861111111111111 0.880859375 0.4930555555555556 0.857421875 0.4930555555555556 0.85546875 0.4895833333333333 0.853515625 0.4652777777777778 0.8515625 0.4618055555555556 0.8515625 0.4444444444444444 0.853515625 0.4409722222222222 0.8515625 0.4375 0.853515625 0.4340277777777778 0.853515625 0.4236111111111111 0.84765625 0.4131944444444444 0.84375 0.4131944444444444 0.841796875 0.4166666666666667 0.83984375 0.4131944444444444
1 0.841796875 0.1111111111111111 0.849609375 0.12152777777777778 0.84765625 0.13541666666666666 0.84375 0.14583333333333334 0.84375 0.1527777777777778 0.845703125 0.15625 0.845703125 0.1701388888888889 0.841796875 0.18055555555555555 0.84375 0.1875 0.84375 0.21180555555555555 0.826171875 0.21180555555555555 0.82421875 0.20833333333333334 0.814453125 0.20833333333333334 0.806640625 0.2013888888888889 0.806640625 0.1909722222222222 0.810546875 0.17708333333333334 0.810546875 0.1423611111111111 0.8046875 0.1284722222222222 0.8046875 0.1111111111111111 0.810546875 0.10069444444444445 0.81640625 0.10069444444444445 0.818359375 0.10416666666666667 0.818359375 0.11458333333333333 0.826171875 0.125 0.83203125 0.12152777777777778 0.837890625 0.1111111111111111 0.83984375 0.1111111111111111
1 0.416015625 0.4652777777777778 0.41796875 0.4722222222222222 0.43359375 0.4965277777777778 0.43359375 0.5034722222222222 0.4296875 0.5173611111111112 0.423828125 0.5277777777777778 0.423828125 0.53125 0.41796875 0.5381944444444444 0.412109375 0.5381944444444444 0.412109375 0.5069444444444444 0.404296875 0.4930555555555556 0.3984375 0.4930555555555556 0.396484375 0.4965277777777778 0.396484375 0.5347222222222222 0.39453125 0.5381944444444444 0.38671875 0.5347222222222222 0.376953125 0.5208333333333334 0.404296875 0.46875 0.41015625 0.46875 0.4140625 0.4652777777777778
2 0.44921875 0.5208333333333334 0.455078125 0.5277777777777778 0.455078125 0.5520833333333334 0.453125 0.5555555555555556 0.453125 0.5659722222222222 0.458984375 0.5729166666666666 0.458984375 0.5833333333333334 0.4609375 0.5868055555555556 0.458984375 0.5902777777777778 0.458984375 0.6006944444444444 0.462890625 0.6076388888888888 0.47265625 0.6458333333333334 0.474609375 0.6493055555555556 0.478515625 0.6493055555555556 0.48046875 0.6527777777777778 0.48046875 0.6597222222222222 0.4765625 0.6631944444444444 0.46875 0.6597222222222222 0.4609375 0.6388888888888888 0.45703125 0.6215277777777778 0.44921875 0.6076388888888888 0.43359375 0.6354166666666666 0.43359375 0.6458333333333334 0.44140625 0.6597222222222222 0.443359375 0.6736111111111112 0.44140625 0.6701388888888888 0.4375 0.6701388888888888 0.43359375 0.6631944444444444 0.427734375 0.6631944444444444 0.42578125 0.6666666666666666 0.412109375 0.6666666666666666 0.408203125 0.6597222222222222 0.3984375 0.6597222222222222 0.396484375 0.6631944444444444 0.3828125 0.6631944444444444 0.380859375 0.6597222222222222 0.375 0.6597222222222222 0.37109375 0.6493055555555556 0.373046875 0.6423611111111112 0.376953125 0.6423611111111112 0.37890625 0.6458333333333334 0.388671875 0.6458333333333334 0.390625 0.6423611111111112 0.390625 0.6388888888888888 0.38671875 0.6354166666666666 0.38671875 0.6319444444444444 0.3828125 0.6284722222222222 0.380859375 0.6215277777777778 0.369140625 0.6354166666666666 0.359375 0.6388888888888888 0.34765625 0.6631944444444444 0.341796875 0.6631944444444444 0.337890625 0.6597222222222222 0.328125 0.6423611111111112 0.328125 0.6388888888888888 0.330078125 0.6354166666666666 0.33984375 0.6423611111111112 0.34375 0.6388888888888888 0.3515625 0.6388888888888888 0.369140625 0.6111111111111112 0.37890625 0.6006944444444444 0.388671875 0.6006944444444444 0.390625 0.6041666666666666 0.396484375 0.6041666666666666 0.3984375 0.6076388888888888 0.408203125 0.6111111111111112 0.4140625 0.5972222222222222 0.4140625 0.5833333333333334 0.412109375 0.5798611111111112 0.408203125 0.5798611111111112 0.40625 0.5833333333333334 0.39453125 0.5833333333333334 0.39453125 0.5729166666666666 0.41015625 0.5625 0.41796875 0.5451388888888888 0.431640625 0.5451388888888888 0.44140625 0.5208333333333334 0.447265625 0.5208333333333334
2 0.43359375 0.4375 0.435546875 0.4409722222222222 0.439453125 0.4409722222222222 0.4453125 0.4548611111111111 0.4453125 0.4826388888888889 0.443359375 0.4895833333333333 0.431640625 0.5069444444444444 0.427734375 0.5381944444444444 0.419921875 0.5381944444444444 0.4140625 0.5451388888888888 0.408203125 0.5590277777777778 0.39453125 0.5659722222222222 0.384765625 0.5833333333333334 0.384765625 0.5868055555555556 0.3828125 0.5868055555555556 0.380859375 0.59375 0.376953125 0.5972222222222222 0.3671875 0.5972222222222222 0.365234375 0.59375 0.359375 0.5972222222222222 0.353515625 0.6076388888888888 0.353515625 0.6180555555555556 0.3515625 0.6215277777777778 0.33984375 0.6180555555555556 0.3359375 0.6111111111111112 0.337890625 0.6041666666666666 0.357421875 0.5729166666666666 0.361328125 0.5590277777777778 0.359375 0.5520833333333334 0.36328125 0.5486111111111112 0.3671875 0.5381944444444444 0.3671875 0.53125 0.373046875 0.5208333333333334 0.380859375 0.5138888888888888 0.404296875 0.46875 0.416015625 0.4652777777777778 0.419921875 0.4548611111111111 0.419921875 0.4479166666666667 0.423828125 0.4409722222222222 0.431640625 0.4375
2 0.978515625 0.5729166666666666 0.978515625 0.5659722222222222 0.984375 0.5451388888888888 0.984375 0.53125 0.97265625 0.5 0.958984375 0.4756944444444444 0.958984375 0.46875 0.95703125 0.4652777777777778 0.953125 0.4722222222222222 0.953125 0.4861111111111111 0.955078125 0.4895833333333333 0.955078125 0.5034722222222222 0.953125 0.5069444444444444 0.953125 0.5381944444444444 0.95703125 0.5486111111111112 0.95703125 0.5625 0.947265625 0.5659722222222222 0.94140625 0.5729166666666666 0.935546875 0.5729166666666666 0.93359375 0.5694444444444444 0.93359375 0.5659722222222222 0.9453125 0.5451388888888888 0.943359375 0.5138888888888888 0.94140625 0.5104166666666666 0.94140625 0.4479166666666667 0.939453125 0.4444444444444444 0.939453125 0.4340277777777778 0.935546875 0.4270833333333333 0.935546875 0.4097222222222222 0.9453125 0.3784722222222222 0.9453125 0.3298611111111111 0.943359375 0.3263888888888889 0.943359375 0.3159722222222222 0.94921875 0.3020833333333333 0.94921875 0.2847222222222222 0.9453125 0.2673611111111111 0.947265625 0.2638888888888889 0.947265625 0.2534722222222222 0.94921875 0.2465277777777778 0.955078125 0.2361111111111111 0.958984375 0.2361111111111111 0.9609375 0.2326388888888889 0.974609375 0.2326388888888889 0.9765625 0.2361111111111111 0.978515625 0.24305555555555555 0.978515625 0.28125 0.986328125 0.2951388888888889 0.9921875 0.3159722222222222 0.9921875 0.3611111111111111 0.98828125 0.3680555555555556 0.98828125 0.4097222222222222 0.984375 0.4166666666666667 0.978515625 0.4375 0.978515625 0.4444444444444444 0.974609375 0.4548611111111111 0.974609375 0.46875 0.986328125 0.4965277777777778 0.986328125 0.5034722222222222 0.998046875 0.5381944444444444 0.998046875 0.5486111111111112 0.986328125 0.5729166666666666 0.98046875 0.5729166666666666
2 0.873046875 0.11458333333333333 0.8984375 0.11458333333333333 0.88671875 0.14583333333333334 0.8828125 0.16319444444444445 0.87890625 0.1701388888888889 0.873046875 0.1701388888888889 0.87109375 0.16666666666666666 0.873046875 0.11805555555555555
2 0.0390625 0 0.07421875 0 0.076171875 0.003472222222222222 0.076171875 0.04513888888888889 0.080078125 0.059027777777777776 0.080078125 0.10416666666666667 0.08203125 0.1076388888888889 0.08203125 0.125 0.083984375 0.1284722222222222 0.083984375 0.1423611111111111 0.0859375 0.14583333333333334 0.0859375 0.16319444444444445 0.091796875 0.1840277777777778 0.099609375 0.1909722222222222 0.099609375 0.19791666666666666 0.09765625 0.2013888888888889 0.0859375 0.2013888888888889 0.08203125 0.19791666666666666 0.08203125 0.1840277777777778 0.078125 0.1701388888888889 0.078125 0.1597222222222222 0.072265625 0.13541666666666666 0.072265625 0.125 0.0703125 0.12152777777777778 0.06640625 0.09375 0.060546875 0.08680555555555555 0.05078125 0.10416666666666667 0.048828125 0.11458333333333333 0.04296875 0.125 0.0390625 0.1388888888888889 0.0390625 0.14583333333333334 0.03515625 0.1597222222222222 0.03515625 0.1875 0.029296875 0.1875 0.0234375 0.18055555555555555 0.0234375 0.1701388888888889 0.02734375 0.1597222222222222 0.03125 0.1284722222222222 0.0390625 0.1076388888888889 0.0390625 0.09027777777777778 0.041015625 0.08680555555555555 0.041015625 0.06597222222222222 0.04296875 0.0625 0.041015625 0.05555555555555555 0.04296875 0.052083333333333336 0.04296875 0.03819444444444445 0.0390625 0.027777777777777776 0.0390625 0.003472222222222222
2 0.212890625 0.4722222222222222 0.21875 0.4652777777777778 0.228515625 0.4652777777777778 0.236328125 0.4756944444444444 0.236328125 0.5069444444444444 0.234375 0.5138888888888888 0.240234375 0.5208333333333334 0.24609375 0.5347222222222222 0.24609375 0.5486111111111112 0.244140625 0.5520833333333334 0.244140625 0.5590277777777778 0.24609375 0.5625 0.24609375 0.5833333333333334 0.251953125 0.6006944444444444 0.2578125 0.6076388888888888 0.26171875 0.6180555555555556 0.259765625 0.625 0.251953125 0.6180555555555556 0.248046875 0.6215277777777778 0.248046875 0.6284722222222222 0.251953125 0.6423611111111112 0.251953125 0.6631944444444444 0.25 0.6666666666666666 0.25 0.6805555555555556 0.248046875 0.6840277777777778 0.248046875 0.6944444444444444 0.251953125 0.6979166666666666 0.251953125 0.7256944444444444 0.248046875 0.7326388888888888 0.244140625 0.7326388888888888 0.240234375 0.7256944444444444 0.240234375 0.71875 0.23828125 0.7152777777777778 0.234375 0.7152777777777778 0.228515625 0.7291666666666666 0.228515625 0.7638888888888888 0.22265625 0.7638888888888888 0.22265625 0.7569444444444444 0.21484375 0.7291666666666666 0.216796875 0.7222222222222222 0.224609375 0.7118055555555556 0.228515625 0.6979166666666666 0.228515625 0.6875 0.2265625 0.6840277777777778 0.2265625 0.6631944444444444 0.22265625 0.6527777777777778 0.2109375 0.6354166666666666 0.203125 0.6319444444444444 0.19921875 0.625 0.19140625 0.5972222222222222 0.19140625 0.5590277777777778 0.1953125 0.5486111111111112 0.1953125 0.5208333333333334 0.201171875 0.5138888888888888 0.20703125 0.5138888888888888 0.2109375 0.5069444444444444 0.208984375 0.5034722222222222 0.208984375 0.4895833333333333 0.212890625 0.4756944444444444
2 0.83203125 0 0.880859375 0 0.87890625 0.003472222222222222 0.87890625 0.020833333333333332 0.876953125 0.024305555555555556 0.87890625 0.059027777777777776 0.873046875 0.07291666666666667 0.873046875 0.08333333333333333 0.869140625 0.09375 0.869140625 0.11458333333333333 0.87109375 0.11805555555555555 0.87109375 0.14583333333333334 0.869140625 0.14930555555555555 0.869140625 0.16319444444444445 0.873046875 0.18055555555555555 0.873046875 0.21180555555555555 0.875 0.2152777777777778 0.875 0.2326388888888889 0.876953125 0.2361111111111111 0.87109375 0.2534722222222222 0.86328125 0.2534722222222222 0.861328125 0.25 0.8671875 0.22916666666666666 0.8671875 0.2152777777777778 0.86328125 0.2013888888888889 0.86328125 0.1875 0.861328125 0.1840277777777778 0.86328125 0.17708333333333334 0.86328125 0.16666666666666666 0.861328125 0.16319444444444445 0.857421875 0.13541666666666666 0.853515625 0.1284722222222222 0.853515625 0.12152777777777778 0.841796875 0.10416666666666667 0.841796875 0.0798611111111111 0.837890625 0.06944444444444445 0.833984375 0.0625 0.828125 0.0625 0.826171875 0.059027777777777776 0.826171875 0.041666666666666664 0.83203125 0.027777777777777776 0.83203125 0.003472222222222222
2 0.953125 0.08333333333333333 0.962890625 0.09722222222222222 0.962890625 0.1076388888888889 0.96484375 0.11458333333333333 0.9609375 0.1284722222222222 0.96484375 0.13541666666666666 0.974609375 0.13541666666666666 0.978515625 0.1388888888888889 0.978515625 0.1527777777777778 0.982421875 0.1701388888888889 0.990234375 0.1909722222222222 0.990234375 0.2048611111111111 0.986328125 0.2222222222222222 0.982421875 0.22916666666666666 0.974609375 0.2152777777777778 0.970703125 0.22569444444444445 0.955078125 0.2326388888888889 0.947265625 0.2465277777777778 0.943359375 0.2604166666666667 0.943359375 0.2847222222222222 0.947265625 0.3020833333333333 0.94140625 0.3159722222222222 0.939453125 0.3159722222222222 0.9375 0.3090277777777778 0.935546875 0.2881944444444444 0.93359375 0.2847222222222222 0.93359375 0.2326388888888889 0.935546875 0.22916666666666666 0.93359375 0.22569444444444445 0.935546875 0.2222222222222222 0.935546875 0.2152777777777778 0.931640625 0.20833333333333334 0.921875 0.22916666666666666 0.91796875 0.22916666666666666 0.916015625 0.2326388888888889 0.916015625 0.2222222222222222 0.923828125 0.2013888888888889 0.92578125 0.18055555555555555 0.93359375 0.1736111111111111 0.93359375 0.16319444444444445 0.935546875 0.1597222222222222 0.935546875 0.13541666666666666 0.939453125 0.1284722222222222 0.939453125 0.10069444444444445 0.943359375 0.09027777777777778 0.951171875 0.08333333333333333
2 0.998046875 0.024305555555555556 0.998046875 0.28125 0.990234375 0.28125 0.986328125 0.2708333333333333 0.986328125 0.23958333333333334 0.984375 0.2361111111111111 0.984375 0.22916666666666666 0.98828125 0.2222222222222222 0.98828125 0.2152777777777778 0.9921875 0.2013888888888889 0.9921875 0.1909722222222222 0.98828125 0.18055555555555555 0.98828125 0.1736111111111111 0.982421875 0.1597222222222222 0.98046875 0.13541666666666666 0.9765625 0.1284722222222222 0.970703125 0.1284722222222222 0.96875 0.12152777777777778 0.96875 0.11805555555555555 0.9765625 0.1111111111111111 0.9765625 0.07291666666666667 0.984375 0.05555555555555555 0.98828125 0.034722222222222224 0.994140625 0.024305555555555556 0.99609375 0.024305555555555556
2 0.853515625 0.3298611111111111 0.861328125 0.34375 0.86328125 0.3645833333333333 0.8671875 0.3715277777777778 0.873046875 0.3715277777777778 0.876953125 0.375 0.880859375 0.3854166666666667 0.880859375 0.4027777777777778 0.884765625 0.4201388888888889 0.884765625 0.4583333333333333 0.88671875 0.4618055555555556 0.88671875 0.4826388888888889 0.87890625 0.5104166666666666 0.87890625 0.5520833333333334 0.888671875 0.5694444444444444 0.900390625 0.6006944444444444 0.91015625 0.6145833333333334 0.912109375 0.6284722222222222 0.908203125 0.6354166666666666 0.8984375 0.6354166666666666 0.896484375 0.6319444444444444 0.900390625 0.6215277777777778 0.8984375 0.6145833333333334 0.880859375 0.5868055555555556 0.876953125 0.5833333333333334 0.859375 0.5833333333333334 0.857421875 0.5798611111111112 0.859375 0.5694444444444444 0.86328125 0.5625 0.86328125 0.5486111111111112 0.859375 0.5381944444444444 0.859375 0.5277777777777778 0.85546875 0.5138888888888888 0.85546875 0.4895833333333333 0.8515625 0.4861111111111111 0.849609375 0.4930555555555556 0.845703125 0.4930555555555556 0.841796875 0.4826388888888889 0.841796875 0.4305555555555556 0.8359375 0.4097222222222222 0.8359375 0.4027777777777778 0.841796875 0.3854166666666667 0.841796875 0.3715277777777778 0.83984375 0.3680555555555556 0.83984375 0.3402777777777778 0.845703125 0.3298611111111111 0.8515625 0.3298611111111111
2 0.798828125 0.23958333333333334 0.806640625 0.25 0.80859375 0.2569444444444444 0.80859375 0.2673611111111111 0.810546875 0.2708333333333333 0.80859375 0.28125 0.802734375 0.2916666666666667 0.802734375 0.3090277777777778 0.80078125 0.3125 0.80078125 0.3263888888888889 0.796875 0.34375 0.796875 0.3541666666666667 0.8046875 0.3784722222222222 0.8046875 0.3888888888888889 0.806640625 0.3958333333333333 0.802734375 0.3958333333333333 0.80078125 0.3923611111111111 0.796875 0.3923611111111111 0.794921875 0.3958333333333333 0.794921875 0.4131944444444444 0.79296875 0.4166666666666667 0.79296875 0.4479166666666667 0.794921875 0.4548611111111111 0.791015625 0.46875 0.791015625 0.5069444444444444 0.79296875 0.5104166666666666 0.79296875 0.5208333333333334 0.80078125 0.5486111111111112 0.80859375 0.5625 0.80859375 0.5659722222222222 0.8046875 0.5659722222222222 0.802734375 0.5694444444444444 0.80078125 0.5659722222222222 0.796875 0.5659722222222222 0.787109375 0.5520833333333334 0.78515625 0.5208333333333334 0.779296875 0.5034722222222222 0.779296875 0.4930555555555556 0.775390625 0.4826388888888889 0.76953125 0.4930555555555556 0.765625 0.5069444444444444 0.765625 0.5173611111111112 0.767578125 0.5243055555555556 0.7734375 0.5347222222222222 0.775390625 0.5347222222222222 0.775390625 0.5381944444444444 0.7734375 0.5416666666666666 0.767578125 0.5416666666666666 0.759765625 0.53125 0.755859375 0.53125 0.751953125 0.5243055555555556 0.751953125 0.5138888888888888 0.755859375 0.5069444444444444 0.755859375 0.5 0.7578125 0.4965277777777778 0.7578125 0.4756944444444444 0.759765625 0.4722222222222222 0.759765625 0.4652777777777778 0.765625 0.4618055555555556 0.767578125 0.4583333333333333 0.765625 0.4548611111111111 0.767578125 0.4513888888888889 0.771484375 0.4513888888888889 0.775390625 0.4444444444444444 0.7734375 0.4409722222222222 0.7734375 0.4305555555555556 0.765625 0.4097222222222222 0.765625 0.4027777777777778 0.763671875 0.3993055555555556 0.763671875 0.3819444444444444 0.76171875 0.3784722222222222 0.763671875 0.3715277777777778 0.763671875 0.3368055555555556 0.765625 0.3333333333333333 0.765625 0.2986111111111111 0.76953125 0.2881944444444444 0.77734375 0.2847222222222222 0.78125 0.2777777777777778 0.78515625 0.25 0.7890625 0.24305555555555555 0.796875 0.23958333333333334
2 0.580078125 0 0.607421875 0 0.609375 0.003472222222222222 0.609375 0.027777777777777776 0.611328125 0.03125 0.611328125 0.06597222222222222 0.609375 0.06944444444444445 0.609375 0.08333333333333333 0.607421875 0.08680555555555555 0.607421875 0.11458333333333333 0.60546875 0.11805555555555555 0.60546875 0.1423611111111111 0.603515625 0.14583333333333334 0.603515625 0.16319444444444445 0.60546875 0.16666666666666666 0.60546875 0.1736111111111111 0.59765625 0.1736111111111111 0.59765625 0.125 0.595703125 0.12152777777777778 0.59765625 0.09722222222222222 0.595703125 0.09375 0.595703125 0.08333333333333333 0.591796875 0.07291666666666667 0.58984375 0.0763888888888889 0.587890625 0.09375 0.583984375 0.10416666666666667 0.58203125 0.13541666666666666 0.578125 0.1423611111111111 0.57421875 0.1388888888888889 0.57421875 0.125 0.578125 0.11458333333333333 0.576171875 0.1076388888888889 0.576171875 0.09375 0.578125 0.09027777777777778 0.578125 0.034722222222222224 0.576171875 0.03125 0.576171875 0.024305555555555556 0.578125 0.020833333333333332 0.580078125 0.003472222222222222
2 0.833984375 0.4166666666666667 0.8359375 0.4201388888888889 0.830078125 0.4305555555555556 0.81640625 0.4409722222222222 0.8125 0.4548611111111111 0.8125 0.4618055555555556 0.81640625 0.46875 0.837890625 0.4722222222222222 0.83984375 0.4756944444444444 0.83984375 0.4826388888888889 0.833984375 0.4895833333333333 0.8125 0.4895833333333333 0.810546875 0.4861111111111111 0.802734375 0.4861111111111111 0.798828125 0.4791666666666667 0.794921875 0.4791666666666667 0.794921875 0.46875 0.796875 0.4652777777777778 0.794921875 0.4166666666666667 0.798828125 0.4027777777777778 0.8046875 0.4027777777777778 0.80859375 0.3993055555555556 0.81640625 0.4166666666666667 0.83203125 0.4166666666666667
2 0.833984375 0.06944444444444445 0.83984375 0.08333333333333333 0.83984375 0.1076388888888889 0.849609375 0.12152777777777778 0.849609375 0.13194444444444445 0.85546875 0.1423611111111111 0.859375 0.15625 0.859375 0.1736111111111111 0.85546875 0.1840277777777778 0.84765625 0.1840277777777778 0.84375 0.1909722222222222 0.845703125 0.19444444444444445 0.845703125 0.22916666666666666 0.84375 0.2326388888888889 0.841796875 0.2604166666666667 0.83984375 0.2638888888888889 0.837890625 0.3263888888888889 0.833984375 0.3368055555555556 0.828125 0.3368055555555556 0.828125 0.2916666666666667 0.826171875 0.2881944444444444 0.826171875 0.28125 0.822265625 0.2743055555555556 0.818359375 0.2743055555555556 0.81640625 0.2777777777777778 0.81640625 0.3125 0.814453125 0.3159722222222222 0.814453125 0.3298611111111111 0.8125 0.3333333333333333 0.8125 0.3611111111111111 0.810546875 0.3645833333333333 0.806640625 0.3611111111111111 0.806640625 0.3333333333333333 0.8046875 0.3298611111111111 0.8046875 0.3020833333333333 0.806640625 0.2986111111111111 0.806640625 0.2916666666666667 0.814453125 0.2777777777777778 0.810546875 0.2534722222222222 0.8046875 0.23958333333333334 0.8046875 0.22569444444444445 0.806640625 0.2222222222222222 0.806640625 0.1909722222222222 0.810546875 0.17708333333333334 0.810546875 0.1597222222222222 0.80859375 0.15625 0.802734375 0.15625 0.80078125 0.1597222222222222 0.791015625 0.16319444444444445 0.783203125 0.17708333333333334 0.77734375 0.17708333333333334 0.77734375 0.1701388888888889 0.78125 0.1597222222222222 0.787109375 0.1527777777777778 0.794921875 0.14930555555555555 0.80078125 0.1388888888888889 0.8046875 0.125 0.8046875 0.1111111111111111 0.81640625 0.09375 0.8203125 0.07291666666666667 0.828125 0.06597222222222222 0.83203125 0.06944444444444445