0 0.59765625 0.22916666666666666 0.603515625 0.23958333333333334 0.603515625 0.2604166666666667 0.595703125 0.2708333333333333 0.58203125 0.2708333333333333 0.576171875 0.2604166666666667 0.576171875 0.24305555555555555 0.58203125 0.22916666666666666 0.5859375 0.22916666666666666 0.587890625 0.22569444444444445 0.59375 0.22569444444444445 0.595703125 0.22916666666666666
0 0.990234375 0.1701388888888889 0.998046875 0.17708333333333334 0.998046875 0.20833333333333334 0.99609375 0.21180555555555555 0.98828125 0.21180555555555555 0.978515625 0.2013888888888889 0.966796875 0.2013888888888889 0.96484375 0.19444444444444445 0.96875 0.17708333333333334 0.978515625 0.1701388888888889 0.98828125 0.1701388888888889
0 0.53125 0.2361111111111111 0.53515625 0.2465277777777778 0.53515625 0.2569444444444444 0.537109375 0.2604166666666667 0.533203125 0.2743055555555556 0.513671875 0.2743055555555556 0.5078125 0.2673611111111111 0.5078125 0.2534722222222222 0.509765625 0.2534722222222222 0.515625 0.23958333333333334 0.525390625 0.2326388888888889 0.529296875 0.2361111111111111
0 0.416015625 0.3923611111111111 0.423828125 0.4027777777777778 0.423828125 0.4201388888888889 0.396484375 0.4201388888888889 0.396484375 0.4027777777777778 0.400390625 0.3958333333333333 0.404296875 0.3923611111111111 0.4140625 0.3923611111111111
0 0.4765625 0.28125 0.474609375 0.2743055555555556 0.4765625 0.2569444444444444 0.482421875 0.2465277777777778 0.48828125 0.2465277777777778 0.490234375 0.24305555555555555 0.501953125 0.2465277777777778 0.505859375 0.2534722222222222 0.505859375 0.2743055555555556 0.501953125 0.28125 0.49609375 0.28125 0.486328125 0.2881944444444444 0.482421875 0.2881944444444444 0.478515625 0.28125
0 0.462890625 0.0798611111111111 0.46484375 0.08333333333333333 0.46484375 0.1076388888888889 0.462890625 0.1111111111111111 0.462890625 0.12152777777777778 0.458984375 0.1284722222222222 0.4453125 0.1284722222222222 0.4375 0.11458333333333333 0.4375 0.09027777777777778 0.439453125 0.08333333333333333 0.4453125 0.0763888888888889 0.458984375 0.0763888888888889 0.4609375 0.0798611111111111
1 0.505859375 0.2916666666666667 0.509765625 0.2916666666666667 0.515625 0.2986111111111111 0.525390625 0.2916666666666667 0.537109375 0.2708333333333333 0.546875 0.2708333333333333 0.556640625 0.2881944444444444 0.5625 0.3125 0.5625 0.3263888888888889 0.55859375 0.3333333333333333 0.55859375 0.34375 0.560546875 0.3472222222222222 0.556640625 0.3368055555555556 0.556640625 0.3263888888888889 0.55078125 0.3159722222222222 0.541015625 0.3159722222222222 0.537109375 0.3229166666666667 0.5390625 0.3402777777777778 0.546875 0.3576388888888889 0.546875 0.3680555555555556 0.548828125 0.3715277777777778 0.548828125 0.3784722222222222 0.544921875 0.3923611111111111 0.541015625 0.3993055555555556 0.537109375 0.3993055555555556 0.53515625 0.3888888888888889 0.53125 0.3819444444444444 0.53125 0.3541666666666667 0.52734375 0.34375 0.52734375 0.3298611111111111 0.517578125 0.3125 0.505859375 0.2986111111111111 0.505859375 0.2951388888888889
1 0.42578125 0.4236111111111111 0.427734375 0.4270833333333333 0.43359375 0.4270833333333333 0.4375 0.4305555555555556 0.44140625 0.4409722222222222 0.447265625 0.4895833333333333 0.4453125 0.4930555555555556 0.42578125 0.4930555555555556 0.423828125 0.4965277777777778 0.419921875 0.4965277777777778 0.412109375 0.5069444444444444 0.404296875 0.4861111111111111 0.404296875 0.4791666666666667 0.40234375 0.4756944444444444 0.404296875 0.4722222222222222 0.40234375 0.46875 0.40234375 0.4583333333333333 0.3984375 0.4513888888888889 0.39453125 0.4513888888888889 0.400390625 0.4444444444444444 0.400390625 0.4375 0.3984375 0.4340277777777778 0.392578125 0.4340277777777778 0.390625 0.4375 0.390625 0.4270833333333333 0.400390625 0.4201388888888889 0.423828125 0.4236111111111111
1 0.48046875 0.2986111111111111 0.501953125 0.2986111111111111 0.513671875 0.3125 0.513671875 0.3194444444444444 0.509765625 0.3229166666666667 0.5078125 0.34375 0.509765625 0.3472222222222222 0.509765625 0.3541666666666667 0.51953125 0.3784722222222222 0.51953125 0.3958333333333333 0.517578125 0.4027777777777778 0.5078125 0.4027777777777778 0.505859375 0.3993055555555556 0.5 0.3993055555555556 0.494140625 0.3923611111111111 0.490234375 0.375 0.490234375 0.3645833333333333 0.484375 0.3506944444444444 0.48046875 0.3020833333333333
1 0.470703125 0.13194444444444445 0.474609375 0.13541666666666666 0.478515625 0.14583333333333334 0.478515625 0.1736111111111111 0.48046875 0.17708333333333334 0.48046875 0.1909722222222222 0.4765625 0.1875 0.47265625 0.1875 0.470703125 0.1909722222222222 0.47265625 0.19791666666666666 0.470703125 0.2048611111111111 0.47265625 0.20833333333333334 0.47265625 0.22916666666666666 0.470703125 0.2326388888888889 0.451171875 0.2326388888888889 0.44921875 0.22916666666666666 0.435546875 0.22569444444444445 0.435546875 0.20833333333333334 0.4375 0.2013888888888889 0.43359375 0.1909722222222222 0.43359375 0.17708333333333334 0.4296875 0.1701388888888889 0.4296875 0.1284722222222222 0.43359375 0.12152777777777778 0.439453125 0.12152777777777778 0.4453125 0.13194444444444445 0.458984375 0.13194444444444445 0.4609375 0.1284722222222222 0.466796875 0.1284722222222222 0.46875 0.13194444444444445
1 0.9802083333333333 0.2736111111111111 0.03958333333333333 0.11388888888888887
1 0.5703125 0.5138888888888888 0.572265625 0.5173611111111112 0.572265625 0.5277777777777778 0.580078125 0.5381944444444444 0.58203125 0.5486111111111112 0.5859375 0.5555555555555556 0.5859375 0.5625 0.58984375 0.5694444444444444 0.58984375 0.59375 0.591796875 0.5972222222222222 0.591796875 0.6145833333333334 0.576171875 0.6284722222222222 0.5625 0.6284722222222222 0.54296875 0.6145833333333334 0.537109375 0.6076388888888888 0.537109375 0.59375 0.53125 0.5833333333333334 0.53125 0.5729166666666666 0.53515625 0.5590277777777778 0.53515625 0.5416666666666666 0.5390625 0.53125 0.5390625 0.5243055555555556 0.54296875 0.5208333333333334 0.556640625 0.5208333333333334 0.55859375 0.5173611111111112 0.564453125 0.5173611111111112 0.568359375 0.5138888888888888
1 0.578125 0.2673611111111111 0.5859375 0.2777777777777778 0.591796875 0.2777777777777778 0.59765625 0.2708333333333333 0.607421875 0.2708333333333333 0.6171875 0.2847222222222222 0.6171875 0.2916666666666667 0.619140625 0.2951388888888889 0.619140625 0.3159722222222222 0.62109375 0.3194444444444444 0.611328125 0.3333333333333333 0.611328125 0.3402777777777778 0.61328125 0.34375 0.61328125 0.3576388888888889 0.611328125 0.3645833333333333 0.60546875 0.3715277777777778 0.6015625 0.3715277777777778 0.59375 0.3576388888888889 0.58203125 0.34375 0.58203125 0.3333333333333333 0.578125 0.3263888888888889 0.57421875 0.3090277777777778 0.57421875 0.2708333333333333 0.576171875 0.2708333333333333
2 0.990234375 0.1701388888888889 0.998046875 0.17708333333333334 0.998046875 0.3402777777777778 0.990234375 0.3576388888888889 0.990234375 0.375 0.998046875 0.3819444444444444 0.998046875 0.4027777777777778 0.982421875 0.3923611111111111 0.9765625 0.3923611111111111 0.97265625 0.3854166666666667 0.96875 0.3854166666666667 0.962890625 0.3784722222222222 0.95703125 0.3784722222222222 0.94921875 0.3888888888888889 0.947265625 0.4097222222222222 0.943359375 0.4166666666666667 0.931640625 0.4583333333333333 0.92578125 0.4652777777777778 0.916015625 0.4652777777777778 0.9140625 0.4618055555555556 0.9140625 0.4479166666666667 0.91796875 0.4409722222222222 0.92578125 0.4131944444444444 0.92578125 0.40625 0.9296875 0.3958333333333333 0.9296875 0.3854166666666667 0.935546875 0.3645833333333333 0.939453125 0.3611111111111111 0.958984375 0.3263888888888889 0.958984375 0.3194444444444444 0.9609375 0.3159722222222222 0.9609375 0.2986111111111111 0.966796875 0.2847222222222222 0.966796875 0.2708333333333333 0.962890625 0.2638888888888889 0.95703125 0.2638888888888889 0.955078125 0.2604166666666667 0.939453125 0.2604166666666667 0.939453125 0.2569444444444444 0.9453125 0.25 0.94921875 0.25 0.9609375 0.2326388888888889 0.966796875 0.2048611111111111 0.96484375 0.19791666666666666 0.966796875 0.1840277777777778 0.97265625 0.1736111111111111 0.9765625 0.1736111111111111 0.978515625 0.1701388888888889 0.98828125 0.1701388888888889
2 0.705078125 0.003472222222222222 0.70703125 0.013888888888888888 0.712890625 0.024305555555555556 0.712890625 0.03819444444444445 0.70703125 0.04861111111111111 0.701171875 0.04861111111111111 0.69921875 0.052083333333333336 0.6953125 0.052083333333333336 0.693359375 0.04861111111111111 0.693359375 0.041666666666666664 0.69921875 0.034722222222222224 0.69921875 0.020833333333333332 0.697265625 0.013888888888888888 0.693359375 0.006944444444444444 0.689453125 0.013888888888888888 0.6875 0.027777777777777776 0.681640625 0.034722222222222224 0.677734375 0.03125 0.677734375 0.010416666666666666 0.67578125 0.006944444444444444 0.6796875 0 0.68359375 0.003472222222222222 0.703125 0.003472222222222222
2 0.416015625 0.3923611111111111 0.423828125 0.40625 0.42578125 0.4201388888888889 0.4296875 0.4270833333333333 0.43359375 0.4270833333333333 0.439453125 0.4375 0.443359375 0.4479166666666667 0.443359375 0.4618055555555556 0.447265625 0.4791666666666667 0.458984375 0.4930555555555556 0.458984375 0.5034722222222222 0.462890625 0.5104166666666666 0.462890625 0.5173611111111112 0.46484375 0.5208333333333334 0.462890625 0.5243055555555556 0.462890625 0.5416666666666666 0.458984375 0.5416666666666666 0.45703125 0.5347222222222222 0.451171875 0.53125 0.439453125 0.5451388888888888 0.43359375 0.5555555555555556 0.43359375 0.5590277777777778 0.419921875 0.5798611111111112 0.427734375 0.6006944444444444 0.4296875 0.6180555555555556 0.435546875 0.6284722222222222 0.435546875 0.6354166666666666 0.443359375 0.6527777777777778 0.443359375 0.6666666666666666 0.435546875 0.6701388888888888 0.4296875 0.6631944444444444 0.427734375 0.6597222222222222 0.427734375 0.6527777777777778 0.423828125 0.6458333333333334 0.42578125 0.6388888888888888 0.4140625 0.6076388888888888 0.3984375 0.5798611111111112 0.392578125 0.5798611111111112 0.3828125 0.6145833333333334 0.365234375 0.6527777777777778 0.365234375 0.6597222222222222 0.361328125 0.6736111111111112 0.357421875 0.6770833333333334 0.3515625 0.6770833333333334 0.34765625 0.6666666666666666 0.341796875 0.6631944444444444 0.337890625 0.65625 0.337890625 0.6458333333333334 0.33984375 0.6423611111111112 0.341796875 0.6458333333333334 0.3515625 0.6493055555555556 0.357421875 0.6423611111111112 0.365234375 0.6145833333333334 0.3671875 0.5972222222222222 0.373046875 0.5868055555555556 0.37890625 0.5590277777777778 0.396484375 0.5277777777777778 0.41015625 0.5104166666666666 0.41015625 0.5 0.40234375 0.4861111111111111 0.400390625 0.4861111111111111 0.392578125 0.4965277777777778 0.392578125 0.5 0.376953125 0.53125 0.3671875 0.5381944444444444 0.365234375 0.5277777777777778 0.376953125 0.5104166666666666 0.380859375 0.5 0.3828125 0.4861111111111111 0.38671875 0.4826388888888889 0.390625 0.46875 0.390625 0.4479166666666667 0.388671875 0.4444444444444444 0.388671875 0.4375 0.396484375 0.4097222222222222 0.396484375 0.4027777777777778 0.404296875 0.3923611111111111 0.4140625 0.3923611111111111
2 0.48046875 0.25 0.490234375 0.24305555555555555 0.49609375 0.24305555555555555 0.498046875 0.2465277777777778 0.501953125 0.2465277777777778 0.505859375 0.2534722222222222 0.505859375 0.2777777777777778 0.501953125 0.2881944444444444 0.501953125 0.2951388888888889 0.5234375 0.3298611111111111 0.525390625 0.3680555555555556 0.529296875 0.375 0.529296875 0.40625 0.521484375 0.4305555555555556 0.521484375 0.4375 0.51953125 0.4409722222222222 0.51953125 0.4583333333333333 0.515625 0.46875 0.515625 0.4791666666666667 0.509765625 0.4965277777777778 0.51171875 0.5 0.51171875 0.5138888888888888 0.513671875 0.5173611111111112 0.513671875 0.5347222222222222 0.51171875 0.5416666666666666 0.5 0.5243055555555556 0.498046875 0.5104166666666666 0.490234375 0.4930555555555556 0.48828125 0.4826388888888889 0.484375 0.4756944444444444 0.484375 0.46875 0.4765625 0.4479166666666667 0.4765625 0.4409722222222222 0.48046875 0.4340277777777778 0.484375 0.4166666666666667 0.490234375 0.40625 0.494140625 0.3923611111111111 0.490234375 0.375 0.486328125 0.3715277777777778 0.4765625 0.3888888888888889 0.474609375 0.3958333333333333 0.474609375 0.40625 0.470703125 0.4131944444444444 0.466796875 0.4097222222222222 0.466796875 0.3958333333333333 0.47265625 0.3854166666666667 0.482421875 0.3506944444444444 0.482421875 0.3263888888888889 0.48046875 0.3229166666666667 0.48046875 0.3055555555555556 0.478515625 0.3020833333333333 0.478515625 0.2881944444444444 0.4765625 0.2847222222222222 0.4765625 0.2604166666666667 0.48046875 0.2534722222222222
2 0.544921875 0.2708333333333333 0.552734375 0.28125 0.552734375 0.2916666666666667 0.556640625 0.2986111111111111 0.556640625 0.3125 0.55859375 0.3159722222222222 0.55859375 0.3506944444444444 0.5625 0.3645833333333333 0.5625 0.3784722222222222 0.56640625 0.3819444444444444 0.56640625 0.3854166666666667 0.572265625 0.3958333333333333 0.572265625 0.4027777777777778 0.568359375 0.4131944444444444 0.57421875 0.4236111111111111 0.583984375 0.4305555555555556 0.59375 0.4548611111111111 0.599609375 0.4548611111111111 0.619140625 0.4409722222222222 0.630859375 0.4409722222222222 0.638671875 0.4340277777777778 0.646484375 0.4340277777777778 0.654296875 0.4444444444444444 0.658203125 0.4444444444444444 0.662109375 0.4513888888888889 0.6640625 0.4618055555555556 0.65625 0.4618055555555556 0.65234375 0.4548611111111111 0.646484375 0.4548611111111111 0.64453125 0.4513888888888889 0.630859375 0.4513888888888889 0.62890625 0.4548611111111111 0.625 0.4548611111111111 0.619140625 0.4652777777777778 0.615234375 0.4652777777777778 0.603515625 0.4791666666666667 0.58984375 0.4826388888888889 0.587890625 0.4791666666666667 0.583984375 0.4791666666666667 0.55859375 0.4375 0.55078125 0.4479166666666667 0.55078125 0.4513888888888889 0.53125 0.4930555555555556 0.529296875 0.5 0.529296875 0.5243055555555556 0.52734375 0.5277777777777778 0.5234375 0.5555555555555556 0.51953125 0.5625 0.515625 0.5520833333333334 0.515625 0.5138888888888888 0.517578125 0.5104166666666666 0.517578125 0.4895833333333333 0.51953125 0.4861111111111111 0.51953125 0.4722222222222222 0.5234375 0.4583333333333333 0.525390625 0.4340277777777778 0.529296875 0.4201388888888889 0.53515625 0.4097222222222222 0.53515625 0.3923611111111111 0.533203125 0.3888888888888889 0.533203125 0.375 0.52734375 0.3506944444444444 0.52734375 0.3298611111111111 0.517578125 0.3125 0.515625 0.3125 0.515625 0.3090277777777778 0.509765625 0.2986111111111111 0.505859375 0.2951388888888889 0.505859375 0.2881944444444444 0.509765625 0.2777777777777778 0.5078125 0.2604166666666667 0.51953125 0.2361111111111111 0.529296875 0.2361111111111111 0.533203125 0.24305555555555555 0.53515625 0.2569444444444444 0.54296875 0.2708333333333333
2 0.462890625 0.0798611111111111 0.46484375 0.08333333333333333 0.46484375 0.125 0.47265625 0.13194444444444445 0.478515625 0.14583333333333334 0.478515625 0.1701388888888889 0.482421875 0.1840277777777778 0.482421875 0.2048611111111111 0.47265625 0.2152777777777778 0.47265625 0.22916666666666666 0.46875 0.2361111111111111 0.466796875 0.2569444444444444 0.462890625 0.2708333333333333 0.462890625 0.28125 0.466796875 0.2881944444444444 0.466796875 0.2986111111111111 0.462890625 0.3055555555555556 0.458984375 0.3229166666666667 0.451171875 0.3298611111111111 0.447265625 0.3402777777777778 0.44921875 0.3541666666666667 0.453125 0.3645833333333333 0.453125 0.375 0.443359375 0.3854166666666667 0.42578125 0.3854166666666667 0.435546875 0.3680555555555556 0.435546875 0.34375 0.427734375 0.3194444444444444 0.42578125 0.3055555555555556 0.412109375 0.2847222222222222 0.4140625 0.2638888888888889 0.41796875 0.2569444444444444 0.41796875 0.25 0.43359375 0.2222222222222222 0.4375 0.2013888888888889 0.43359375 0.19444444444444445 0.41015625 0.19444444444444445 0.408203125 0.19791666666666666 0.40234375 0.19791666666666666 0.3984375 0.19444444444444445 0.3984375 0.1875 0.404296875 0.18055555555555555 0.419921875 0.17708333333333334 0.427734375 0.16666666666666666 0.4296875 0.1597222222222222 0.4296875 0.1284722222222222 0.4375 0.11458333333333333 0.4375 0.09027777777777778 0.44140625 0.0798611111111111 0.4453125 0.0763888888888889 0.458984375 0.0763888888888889 0.4609375 0.0798611111111111
2 0.576171875 0.5034722222222222 0.578125 0.5069444444444444 0.58203125 0.5069444444444444 0.587890625 0.5208333333333334 0.595703125 0.5520833333333334 0.595703125 0.5659722222222222 0.6015625 0.5833333333333334 0.6015625 0.5902777777777778 0.59375 0.6006944444444444 0.59375 0.6111111111111112 0.58984375 0.6180555555555556 0.578125 0.6284722222222222 0.560546875 0.6284722222222222 0.548828125 0.6180555555555556 0.5390625 0.6145833333333334 0.537109375 0.6111111111111112 0.537109375 0.59375 0.529296875 0.5798611111111112 0.529296875 0.5694444444444444 0.53515625 0.5486111111111112 0.53515625 0.5277777777777778 0.537109375 0.5208333333333334 0.546875 0.5104166666666666 0.55078125 0.5104166666666666 0.5546875 0.5034722222222222 0.560546875 0.5034722222222222 0.5625 0.5 0.572265625 0.5 0.57421875 0.5034722222222222
2 0.490234375 0.5173611111111112 0.51171875 0.5486111111111112 0.51171875 0.5555555555555556 0.51953125 0.5694444444444444 0.51953125 0.5798611111111112 0.533203125 0.5902777777777778 0.53515625 0.5972222222222222 0.533203125 0.6041666666666666 0.533203125 0.6145833333333334 0.529296875 0.6180555555555556 0.51953125 0.6076388888888888 0.509765625 0.6041666666666666 0.505859375 0.6215277777777778 0.505859375 0.6388888888888888 0.50390625 0.6423611111111112 0.50390625 0.6493055555555556 0.4921875 0.6631944444444444 0.48046875 0.6631944444444444 0.4765625 0.6527777777777778 0.4765625 0.6458333333333334 0.47265625 0.6388888888888888 0.466796875 0.6388888888888888 0.462890625 0.6319444444444444 0.462890625 0.6180555555555556 0.4609375 0.6145833333333334 0.4609375 0.6006944444444444 0.458984375 0.5972222222222222 0.455078125 0.6041666666666666 0.44921875 0.6076388888888888 0.4375 0.6284722222222222 0.43359375 0.6284722222222222 0.4296875 0.6215277777777778 0.431640625 0.6076388888888888 0.44140625 0.5868055555555556 0.4453125 0.5694444444444444 0.44921875 0.5659722222222222 0.453125 0.5520833333333334 0.462890625 0.5451388888888888 0.466796875 0.5381944444444444 0.466796875 0.5208333333333334 0.470703125 0.5173611111111112 0.48828125 0.5173611111111112
2 0.59765625 0.22916666666666666 0.603515625 0.23958333333333334 0.603515625 0.2638888888888889 0.609375 0.2743055555555556 0.611328125 0.2743055555555556 0.619140625 0.2916666666666667 0.619140625 0.3159722222222222 0.626953125 0.3402777777777778 0.626953125 0.3506944444444444 0.62890625 0.3541666666666667 0.626953125 0.3576388888888889 0.626953125 0.3645833333333333 0.609375 0.3854166666666667 0.591796875 0.4236111111111111 0.578125 0.4236111111111111 0.5703125 0.4131944444444444 0.57421875 0.4027777777777778 0.57421875 0.3958333333333333 0.5703125 0.3888888888888889 0.56640625 0.3715277777777778 0.5703125 0.3645833333333333 0.576171875 0.3611111111111111 0.58203125 0.3472222222222222 0.578125 0.3333333333333333 0.572265625 0.3229166666666667 0.568359375 0.3229166666666667 0.568359375 0.3194444444444444 0.57421875 0.3125 0.57421875 0.2673611111111111 0.576171875 0.2638888888888889 0.576171875 0.24305555555555555 0.58203125 0.22916666666666666 0.5859375 0.22916666666666666 0.587890625 0.22569444444444445 0.59375 0.22569444444444445 0.595703125 0.22916666666666666