0 0.05859375 0.14583333333333334 0.06640625 0.14583333333333334 0.068359375 0.14930555555555555 0.068359375 0.15625 0.06640625 0.1597222222222222 0.060546875 0.1597222222222222 0.05859375 0.15625 0.05859375 0.14930555555555555
0 0.38671875 0.2777777777777778 0.396484375 0.2777777777777778 0.396484375 0.2916666666666667 0.392578125 0.2951388888888889 0.38671875 0.2881944444444444 0.38671875 0.28125
0 0.462890625 0.375 0.466796875 0.3784722222222222 0.46875 0.3923611111111111 0.45703125 0.40625 0.453125 0.4027777777777778 0.453125 0.3854166666666667 0.458984375 0.375 0.4609375 0.375
0 0.404296875 0.23958333333333334 0.4140625 0.23958333333333334 0.416015625 0.24305555555555555 0.416015625 0.25 0.41015625 0.2569444444444444 0.404296875 0.2569444444444444 0.404296875 0.24305555555555555
0 0.466796875 0.18055555555555555 0.47265625 0.18055555555555555 0.48046875 0.19444444444444445 0.48046875 0.2048611111111111 0.478515625 0.20833333333333334 0.470703125 0.20833333333333334 0.46484375 0.19791666666666666 0.46484375 0.1875 0.466796875 0.1840277777777778
0 0.35546875 0.2708333333333333 0.357421875 0.2743055555555556 0.357421875 0.2916666666666667 0.35546875 0.2951388888888889 0.349609375 0.2951388888888889 0.34375 0.2847222222222222 0.34375 0.2777777777777778 0.34765625 0.2708333333333333 0.353515625 0.2708333333333333
0 0.076171875 0.3194444444444444 0.0859375 0.3194444444444444 0.087890625 0.3229166666666667 0.087890625 0.3333333333333333 0.0859375 0.3368055555555556 0.078125 0.3368055555555556 0.076171875 0.3333333333333333 0.076171875 0.3229166666666667
0 0.158203125 0.25 0.1640625 0.2569444444444444 0.1640625 0.2673611111111111 0.154296875 0.2673611111111111 0.15234375 0.2569444444444444 0.15625 0.2534722222222222
0 0.73828125 0.3784722222222222 0.73828125 0.3680555555555556 0.744140625 0.3541666666666667 0.75 0.3541666666666667 0.75390625 0.3611111111111111 0.75390625 0.3715277777777778 0.74609375 0.3819444444444444 0.7421875 0.3819444444444444 0.740234375 0.3784722222222222
0 0.38671875 0.2881944444444444 0.388671875 0.2916666666666667 0.388671875 0.3055555555555556 0.38671875 0.3090277777777778 0.37890625 0.3055555555555556 0.376953125 0.2986111111111111 0.37890625 0.2916666666666667 0.384765625 0.2881944444444444
0 0.013671875 0.2326388888888889 0.0234375 0.2326388888888889 0.02734375 0.23958333333333334 0.02734375 0.2465277777777778 0.025390625 0.25 0.013671875 0.25 0.013671875 0.2361111111111111
0 0.455078125 0.2326388888888889 0.4609375 0.2465277777777778 0.45703125 0.2534722222222222 0.44921875 0.25 0.44921875 0.2361111111111111 0.453125 0.2326388888888889
0 0.349609375 0.4305555555555556 0.357421875 0.4409722222222222 0.35546875 0.4548611111111111 0.353515625 0.4583333333333333 0.349609375 0.4583333333333333 0.341796875 0.4513888888888889 0.341796875 0.4409722222222222 0.34765625 0.4340277777777778
1 0.470703125 0.3958333333333333 0.474609375 0.3993055555555556 0.486328125 0.4201388888888889 0.486328125 0.4236111111111111 0.494140625 0.4340277777777778 0.494140625 0.4409722222222222 0.490234375 0.4409722222222222 0.48828125 0.4375 0.486328125 0.4409722222222222 0.482421875 0.4409722222222222 0.478515625 0.4479166666666667 0.474609375 0.4444444444444444 0.474609375 0.4340277777777778 0.47265625 0.4270833333333333 0.4609375 0.4097222222222222 0.4609375 0.40625 0.466796875 0.3958333333333333 0.46875 0.3958333333333333
1 0.421875 0.2534722222222222 0.423828125 0.2569444444444444 0.423828125 0.2673611111111111 0.421875 0.2673611111111111 0.41796875 0.2777777777777778 0.41796875 0.3020833333333333 0.408203125 0.3020833333333333 0.404296875 0.2951388888888889 0.400390625 0.2777777777777778 0.40234375 0.2743055555555556 0.40234375 0.2604166666666667 0.408203125 0.2604166666666667 0.4140625 0.2534722222222222 0.419921875 0.2534722222222222
1 0.154296875 0.2673611111111111 0.16015625 0.2743055555555556 0.1640625 0.2743055555555556 0.166015625 0.2777777777777778 0.166015625 0.2847222222222222 0.158203125 0.3020833333333333 0.158203125 0.3090277777777778 0.15234375 0.3090277777777778 0.146484375 0.3159722222222222 0.140625 0.3159722222222222 0.138671875 0.3090277777777778 0.140625 0.3055555555555556 0.146484375 0.2708333333333333 0.15234375 0.2673611111111111
1 0.3359375 0.2881944444444444 0.341796875 0.2847222222222222 0.357421875 0.3055555555555556 0.353515625 0.3194444444444444 0.353515625 0.3263888888888889 0.33984375 0.3541666666666667 0.3359375 0.34375 0.3359375 0.3159722222222222 0.333984375 0.3125 0.333984375 0.2951388888888889 0.3359375 0.2916666666666667
1 0.4921875 0.2951388888888889 0.490234375 0.2708333333333333 0.48828125 0.2673611111111111 0.48828125 0.25 0.49609375 0.23958333333333334 0.501953125 0.23958333333333334 0.50390625 0.24305555555555555 0.505859375 0.2604166666666667 0.51171875 0.2743055555555556 0.517578125 0.3090277777777778 0.501953125 0.3090277777777778 0.498046875 0.3055555555555556 0.494140625 0.2951388888888889
1 0.4765625 0.2465277777777778 0.47265625 0.2326388888888889 0.47265625 0.2222222222222222 0.470703125 0.2152777777777778 0.482421875 0.2048611111111111 0.48828125 0.2048611111111111 0.4921875 0.2222222222222222 0.48828125 0.2222222222222222 0.486328125 0.22569444444444445 0.486328125 0.2465277777777778 0.484375 0.25 0.48046875 0.25 0.478515625 0.2465277777777778
1 0.052734375 0.16666666666666666 0.056640625 0.16319444444444445 0.060546875 0.16666666666666666 0.07421875 0.16666666666666666 0.07421875 0.1701388888888889 0.080078125 0.18055555555555555 0.080078125 0.19791666666666666 0.076171875 0.2048611111111111 0.072265625 0.2013888888888889 0.06640625 0.2013888888888889 0.064453125 0.2048611111111111 0.060546875 0.2013888888888889 0.0546875 0.1875 0.048828125 0.1875 0.052734375 0.1701388888888889
1 0.076171875 0.3368055555555556 0.08203125 0.34375 0.0859375 0.3402777777777778 0.091796875 0.3402777777777778 0.099609375 0.3680555555555556 0.099609375 0.375 0.095703125 0.375 0.091796875 0.3819444444444444 0.087890625 0.3854166666666667 0.08203125 0.3854166666666667 0.080078125 0.3888888888888889 0.072265625 0.3888888888888889 0.06640625 0.375 0.068359375 0.3680555555555556 0.068359375 0.3472222222222222 0.0703125 0.3402777777777778 0.07421875 0.3368055555555556
1 0.345703125 0.4513888888888889 0.349609375 0.4583333333333333 0.353515625 0.4583333333333333 0.353515625 0.4895833333333333 0.333984375 0.4895833333333333 0.33203125 0.4861111111111111 0.33203125 0.46875 0.3359375 0.4548611111111111 0.33984375 0.4479166666666667 0.34375 0.4513888888888889
1 0.76171875 0.3715277777777778 0.76171875 0.3784722222222222 0.767578125 0.3958333333333333 0.767578125 0.40625 0.765625 0.4097222222222222 0.76171875 0.40625 0.75390625 0.4236111111111111 0.75 0.4201388888888889 0.74609375 0.4097222222222222 0.7421875 0.4097222222222222 0.736328125 0.4027777777777778 0.736328125 0.3819444444444444 0.73828125 0.3784722222222222 0.740234375 0.3819444444444444 0.748046875 0.3819444444444444 0.75390625 0.3715277777777778 0.759765625 0.3715277777777778
1 0.380859375 0.3055555555555556 0.3828125 0.3090277777777778 0.388671875 0.3090277777777778 0.392578125 0.3159722222222222 0.39453125 0.3229166666666667 0.39453125 0.3333333333333333 0.392578125 0.3368055555555556 0.384765625 0.3368055555555556 0.37890625 0.3506944444444444 0.375 0.3506944444444444 0.373046875 0.3472222222222222 0.37109375 0.3402777777777778 0.37109375 0.3298611111111111 0.369140625 0.3263888888888889 0.369140625 0.3055555555555556 0.37109375 0.3020833333333333 0.376953125 0.3020833333333333 0.37890625 0.3055555555555556
1 0.365234375 0.3090277777777778 0.369140625 0.3159722222222222 0.369140625 0.3506944444444444 0.36328125 0.3611111111111111 0.361328125 0.3715277777777778 0.35546875 0.3784722222222222 0.3515625 0.3784722222222222 0.34765625 0.3680555555555556 0.341796875 0.3645833333333333 0.33984375 0.3576388888888889 0.33984375 0.3472222222222222 0.341796875 0.3472222222222222 0.3515625 0.3298611111111111 0.357421875 0.3090277777777778 0.36328125 0.3090277777777778
1 0.013671875 0.2534722222222222 0.029296875 0.25 0.037109375 0.2708333333333333 0.037109375 0.2986111111111111 0.033203125 0.3125 0.02734375 0.3090277777777778 0.017578125 0.3194444444444444 0.013671875 0.3055555555555556 0.013671875 0.2986111111111111 0.009765625 0.2916666666666667 0.009765625 0.2777777777777778 0.01171875 0.2743055555555556 0.01171875 0.2638888888888889 0.013671875 0.2569444444444444
1 0.42578125 0.2569444444444444 0.435546875 0.2777777777777778 0.4375 0.3020833333333333 0.4296875 0.3090277777777778 0.421875 0.3090277777777778 0.41796875 0.3020833333333333 0.41796875 0.2777777777777778 0.423828125 0.2604166666666667
1 0.46875 0.2569444444444444 0.470703125 0.2604166666666667 0.47265625 0.28125 0.4765625 0.2951388888888889 0.4765625 0.3055555555555556 0.474609375 0.3125 0.458984375 0.3125 0.455078125 0.3055555555555556 0.447265625 0.2708333333333333 0.447265625 0.2638888888888889 0.451171875 0.2534722222222222 0.455078125 0.2569444444444444 0.458984375 0.2534722222222222 0.46484375 0.2534722222222222 0.466796875 0.2569444444444444
2 0.44921875 0.2361111111111111 0.455078125 0.2326388888888889 0.4609375 0.24305555555555555 0.4609375 0.2465277777777778 0.470703125 0.2569444444444444 0.47265625 0.2673611111111111 0.478515625 0.2743055555555556 0.474609375 0.2847222222222222 0.478515625 0.2951388888888889 0.478515625 0.3125 0.482421875 0.3229166666666667 0.482421875 0.3368055555555556 0.486328125 0.34375 0.486328125 0.3472222222222222 0.484375 0.3472222222222222 0.47265625 0.3263888888888889 0.458984375 0.3263888888888889 0.45703125 0.3298611111111111 0.453125 0.3298611111111111 0.451171875 0.3229166666666667 0.453125 0.2986111111111111 0.447265625 0.2777777777777778 0.44921875 0.23958333333333334
2 0.4296875 0.2465277777777778 0.431640625 0.2534722222222222 0.431640625 0.2673611111111111 0.435546875 0.2743055555555556 0.4375 0.3020833333333333 0.43359375 0.3055555555555556 0.427734375 0.3055555555555556 0.42578125 0.3090277777777778 0.421875 0.3090277777777778 0.41796875 0.3020833333333333 0.41796875 0.2743055555555556 0.423828125 0.2638888888888889 0.419921875 0.25 0.421875 0.2465277777777778 0.427734375 0.2465277777777778
2 0.0234375 0.2326388888888889 0.0390625 0.2743055555555556 0.041015625 0.2986111111111111 0.044921875 0.3090277777777778 0.0390625 0.3090277777777778 0.03515625 0.3159722222222222 0.033203125 0.3368055555555556 0.025390625 0.3576388888888889 0.01953125 0.3645833333333333 0.015625 0.3645833333333333 0.015625 0.3472222222222222 0.013671875 0.34375 0.013671875 0.3090277777777778 0.005859375 0.3020833333333333 0.005859375 0.2881944444444444 0.0078125 0.2847222222222222 0.0078125 0.2777777777777778 0.01171875 0.2708333333333333 0.01171875 0.2604166666666667 0.013671875 0.2569444444444444 0.013671875 0.2361111111111111 0.015625 0.2326388888888889 0.021484375 0.2326388888888889
2 0.341796875 0.3645833333333333 0.349609375 0.375 0.35546875 0.3958333333333333 0.35546875 0.4027777777777778 0.357421875 0.40625 0.357421875 0.4305555555555556 0.35546875 0.4340277777777778 0.353515625 0.4305555555555556 0.34765625 0.4305555555555556 0.337890625 0.4444444444444444 0.333984375 0.4444444444444444 0.328125 0.4375 0.318359375 0.4375 0.31640625 0.4409722222222222 0.31640625 0.4548611111111111 0.314453125 0.4583333333333333 0.310546875 0.4583333333333333 0.30859375 0.4513888888888889 0.30859375 0.4375 0.3125 0.4375 0.31640625 0.4305555555555556 0.318359375 0.4166666666666667 0.326171875 0.4027777777777778 0.33203125 0.375 0.33984375 0.3680555555555556
2 0.38671875 0.2847222222222222 0.390625 0.2951388888888889 0.390625 0.3020833333333333 0.396484375 0.3263888888888889 0.396484375 0.3402777777777778 0.400390625 0.3541666666666667 0.400390625 0.4270833333333333 0.396484375 0.4270833333333333 0.392578125 0.4201388888888889 0.392578125 0.4131944444444444 0.39453125 0.4097222222222222 0.392578125 0.40625 0.390625 0.3854166666666667 0.38671875 0.3784722222222222 0.384765625 0.3819444444444444 0.384765625 0.3923611111111111 0.3828125 0.3993055555555556 0.376953125 0.4097222222222222 0.375 0.4097222222222222 0.373046875 0.4131944444444444 0.373046875 0.4201388888888889 0.369140625 0.4236111111111111 0.369140625 0.4097222222222222 0.373046875 0.3993055555555556 0.373046875 0.3645833333333333 0.375 0.3611111111111111 0.375 0.3506944444444444 0.373046875 0.3472222222222222 0.373046875 0.3368055555555556 0.369140625 0.3194444444444444 0.37109375 0.3159722222222222 0.369140625 0.3090277777777778 0.373046875 0.3055555555555556 0.37890625 0.2951388888888889 0.37890625 0.2916666666666667 0.384765625 0.2881944444444444
2 0.76171875 0.3715277777777778 0.76171875 0.3784722222222222 0.76953125 0.3993055555555556 0.76953125 0.4166666666666667 0.767578125 0.4201388888888889 0.76953125 0.4236111111111111 0.76953125 0.4375 0.775390625 0.4548611111111111 0.779296875 0.4618055555555556 0.78515625 0.4652777777777778 0.787109375 0.4791666666666667 0.783203125 0.4791666666666667 0.775390625 0.4652777777777778 0.765625 0.4583333333333333 0.76171875 0.4513888888888889 0.75390625 0.4479166666666667 0.751953125 0.4444444444444444 0.75 0.4270833333333333 0.74609375 0.4166666666666667 0.736328125 0.4027777777777778 0.736328125 0.3819444444444444 0.73828125 0.3784722222222222 0.73828125 0.3680555555555556 0.744140625 0.3541666666666667 0.75 0.3541666666666667 0.759765625 0.3715277777777778
2 0.439453125 0.2986111111111111 0.451171875 0.3125 0.44921875 0.3159722222222222 0.44921875 0.3229166666666667 0.451171875 0.3263888888888889 0.451171875 0.3472222222222222 0.455078125 0.3576388888888889 0.455078125 0.3645833333333333 0.4453125 0.375 0.439453125 0.3715277777777778 0.43359375 0.3819444444444444 0.435546875 0.3958333333333333 0.427734375 0.3923611111111111 0.42578125 0.3854166666666667 0.42578125 0.3506944444444444 0.423828125 0.3472222222222222 0.423828125 0.3263888888888889 0.421875 0.3229166666666667 0.421875 0.3125 0.431640625 0.3090277777777778 0.4375 0.3020833333333333
2 0.10546875 0.375 0.107421875 0.3784722222222222 0.107421875 0.3854166666666667 0.10546875 0.3888888888888889 0.09765625 0.3784722222222222 0.09375 0.3819444444444444 0.095703125 0.4097222222222222 0.103515625 0.4409722222222222 0.1015625 0.4548611111111111 0.09765625 0.4548611111111111 0.09375 0.4305555555555556 0.072265625 0.3993055555555556 0.06640625 0.3784722222222222 0.06640625 0.3645833333333333 0.068359375 0.3611111111111111 0.068359375 0.3472222222222222 0.076171875 0.3298611111111111 0.076171875 0.3229166666666667 0.078125 0.3194444444444444 0.083984375 0.3194444444444444 0.087890625 0.3263888888888889 0.09765625 0.3645833333333333 0.103515625 0.375
2 0.064453125 0.14583333333333334 0.068359375 0.14930555555555555 0.068359375 0.1597222222222222 0.078125 0.1736111111111111 0.08203125 0.1875 0.080078125 0.19444444444444445 0.080078125 0.2326388888888889 0.078125 0.23958333333333334 0.091796875 0.2708333333333333 0.0859375 0.2673611111111111 0.078125 0.2569444444444444 0.068359375 0.2569444444444444 0.064453125 0.25 0.0546875 0.24305555555555555 0.0546875 0.2361111111111111 0.05859375 0.2222222222222222 0.05859375 0.19791666666666666 0.052734375 0.1875 0.048828125 0.1875 0.048828125 0.1840277777777778 0.052734375 0.1736111111111111 0.052734375 0.16666666666666666 0.05859375 0.15625 0.05859375 0.14930555555555555 0.0625 0.14583333333333334
2 0.48828125 0.22569444444444445 0.4921875 0.22569444444444445 0.498046875 0.2361111111111111 0.501953125 0.2361111111111111 0.50390625 0.23958333333333334 0.505859375 0.2604166666666667 0.509765625 0.2673611111111111 0.51953125 0.3055555555555556 0.525390625 0.3159722222222222 0.52734375 0.3263888888888889 0.53515625 0.3402777777777778 0.53515625 0.3576388888888889 0.533203125 0.3576388888888889 0.529296875 0.3506944444444444 0.529296875 0.34375 0.51953125 0.3298611111111111 0.515625 0.3298611111111111 0.51171875 0.3368055555555556 0.509765625 0.3472222222222222 0.5 0.3402777777777778 0.5 0.3333333333333333 0.48828125 0.3090277777777778 0.48828125 0.2986111111111111 0.490234375 0.2951388888888889 0.490234375 0.2743055555555556 0.48828125 0.2708333333333333 0.48828125 0.22916666666666666
2 0.404296875 0.23958333333333334 0.4140625 0.23958333333333334 0.423828125 0.2604166666666667 0.41796875 0.2777777777777778 0.41796875 0.3229166666666667 0.41015625 0.3402777777777778 0.40625 0.3402777777777778 0.3984375 0.3194444444444444 0.400390625 0.3194444444444444 0.404296875 0.3090277777777778 0.400390625 0.2916666666666667 0.400390625 0.2673611111111111 0.40234375 0.2638888888888889 0.40234375 0.2465277777777778 0.404296875 0.24305555555555555
2 0.35546875 0.2708333333333333 0.357421875 0.2743055555555556 0.357421875 0.3055555555555556 0.353515625 0.3125 0.353515625 0.3229166666666667 0.34765625 0.3333333333333333 0.34765625 0.3368055555555556 0.337890625 0.3506944444444444 0.337890625 0.3611111111111111 0.333984375 0.3680555555555556 0.330078125 0.3680555555555556 0.328125 0.3645833333333333 0.318359375 0.3819444444444444 0.31640625 0.3819444444444444 0.31640625 0.3680555555555556 0.318359375 0.3645833333333333 0.3203125 0.3402777777777778 0.32421875 0.3263888888888889 0.322265625 0.3055555555555556 0.328125 0.2986111111111111 0.33203125 0.2986111111111111 0.333984375 0.2916666666666667 0.34765625 0.2708333333333333 0.353515625 0.2708333333333333
2 0.158203125 0.25 0.1640625 0.2569444444444444 0.1640625 0.2743055555555556 0.166015625 0.2777777777777778 0.166015625 0.2847222222222222 0.158203125 0.3020833333333333 0.158203125 0.3090277777777778 0.166015625 0.3263888888888889 0.166015625 0.3333333333333333 0.171875 0.3506944444444444 0.173828125 0.3680555555555556 0.18359375 0.3923611111111111 0.177734375 0.3923611111111111 0.169921875 0.3784722222222222 0.16796875 0.3680555555555556 0.162109375 0.3611111111111111 0.158203125 0.3680555555555556 0.158203125 0.375 0.15625 0.3784722222222222 0.158203125 0.3923611111111111 0.154296875 0.3958333333333333 0.15234375 0.3923611111111111 0.15234375 0.375 0.150390625 0.3715277777777778 0.15234375 0.3541666666666667 0.1484375 0.3402777777777778 0.13671875 0.3229166666666667 0.138671875 0.3055555555555556 0.14453125 0.2881944444444444 0.14453125 0.2777777777777778 0.146484375 0.2708333333333333 0.150390625 0.2673611111111111 0.15234375 0.2569444444444444 0.15625 0.2534722222222222
2 0.38671875 0.2777777777777778 0.396484375 0.2777777777777778 0.3984375 0.2881944444444444 0.404296875 0.3020833333333333 0.404296875 0.3125 0.408203125 0.3159722222222222 0.41015625 0.3229166666666667 0.41015625 0.34375 0.40625 0.3576388888888889 0.404296875 0.3819444444444444 0.400390625 0.3854166666666667 0.400390625 0.3958333333333333 0.40234375 0.3680555555555556 0.3984375 0.3506944444444444 0.39453125 0.34375 0.39453125 0.3194444444444444 0.390625 0.3125 0.390625 0.3020833333333333 0.388671875 0.2986111111111111 0.38671875 0.28125
2 0.353515625 0.4340277777777778 0.357421875 0.4409722222222222 0.357421875 0.4548611111111111 0.353515625 0.4652777777777778 0.353515625 0.4930555555555556 0.35546875 0.4965277777777778 0.35546875 0.5347222222222222 0.359375 0.5451388888888888 0.35546875 0.5451388888888888 0.3515625 0.5381944444444444 0.3515625 0.53125 0.349609375 0.5277777777777778 0.33984375 0.5208333333333334 0.326171875 0.4930555555555556 0.326171875 0.4861111111111111 0.337890625 0.4479166666666667 0.345703125 0.4340277777777778 0.3515625 0.4340277777777778
2 0.47265625 0.18055555555555555 0.482421875 0.2013888888888889 0.48828125 0.2048611111111111 0.4921875 0.21875 0.486328125 0.22569444444444445 0.486328125 0.2465277777777778 0.482421875 0.2569444444444444 0.478515625 0.2569444444444444 0.470703125 0.2465277777777778 0.46484375 0.24305555555555555 0.45703125 0.22916666666666666 0.458984375 0.20833333333333334 0.46484375 0.19444444444444445 0.46484375 0.1875 0.470703125 0.18055555555555555
2 0.462890625 0.375 0.466796875 0.3784722222222222 0.46875 0.3923611111111111 0.49609375 0.4375 0.494140625 0.4513888888888889 0.490234375 0.4618055555555556 0.482421875 0.4722222222222222 0.482421875 0.4895833333333333 0.486328125 0.5034722222222222 0.486328125 0.5173611111111112 0.482421875 0.5243055555555556 0.478515625 0.5208333333333334 0.478515625 0.5069444444444444 0.466796875 0.4756944444444444 0.46875 0.4583333333333333 0.462890625 0.4513888888888889 0.466796875 0.4409722222222222 0.466796875 0.4201388888888889 0.458984375 0.40625 0.455078125 0.40625 0.453125 0.4027777777777778 0.453125 0.3854166666666667 0.458984375 0.375 0.4609375 0.375