1 0.439453125 0.4722222222222222 0.455078125 0.4861111111111111 0.45703125 0.5 0.4609375 0.5104166666666666 0.4609375 0.5208333333333334 0.458984375 0.5243055555555556 0.45703125 0.5208333333333334 0.453125 0.5208333333333334 0.447265625 0.53125 0.4453125 0.53125 0.44140625 0.5173611111111112 0.435546875 0.5069444444444444 0.435546875 0.4965277777777778 0.431640625 0.4895833333333333 0.431640625 0.4791666666666667 0.43359375 0.4756944444444444 0.4375 0.4756944444444444
1 0.8828125 0.041666666666666664 0.890625 0.04513888888888889 0.900390625 0.06597222222222222 0.900390625 0.0763888888888889 0.89453125 0.08680555555555555 0.890625 0.08680555555555555 0.884765625 0.0763888888888889 0.880859375 0.0625 0.8828125 0.04513888888888889
1 0.91796875 0.6979166666666666 0.931640625 0.6944444444444444 0.931640625 0.6979166666666666 0.9375 0.7048611111111112 0.9453125 0.7048611111111112 0.943359375 0.7118055555555556 0.94140625 0.7430555555555556 0.939453125 0.7465277777777778 0.93359375 0.7465277777777778 0.927734375 0.7534722222222222 0.921875 0.7534722222222222 0.916015625 0.7430555555555556 0.912109375 0.7430555555555556 0.91015625 0.7395833333333334 0.912109375 0.7152777777777778 0.91796875 0.7013888888888888
1 0.869140625 0.3576388888888889 0.865234375 0.3402777777777778 0.865234375 0.3229166666666667 0.875 0.3159722222222222 0.888671875 0.3159722222222222 0.888671875 0.3402777777777778 0.88671875 0.34375 0.88671875 0.3576388888888889 0.884765625 0.3541666666666667 0.87109375 0.3576388888888889
1 0.865234375 0.3194444444444444 0.888671875 0.3159722222222222 0.888671875 0.3402777777777778 0.88671875 0.34375 0.888671875 0.3472222222222222 0.888671875 0.3576388888888889 0.88671875 0.3611111111111111 0.88671875 0.3715277777777778 0.8828125 0.375 0.875 0.375 0.8671875 0.3680555555555556 0.865234375 0.3229166666666667
1 0.5109375 0.4861111111111111 0.025 0.03888888888888889
1 0.45703125 0.3402777777777778 0.4609375 0.3368055555555556 0.4765625 0.3333333333333333 0.482421875 0.34375 0.482421875 0.3506944444444444 0.48046875 0.3506944444444444 0.4765625 0.3576388888888889 0.474609375 0.3680555555555556 0.470703125 0.3715277777777778 0.46484375 0.3645833333333333 0.453125 0.3645833333333333 0.453125 0.3541666666666667 0.45703125 0.34375
1 0.51171875 0.4027777777777778 0.513671875 0.3993055555555556 0.513671875 0.3819444444444444 0.509765625 0.3645833333333333 0.513671875 0.3506944444444444 0.521484375 0.34375 0.525390625 0.3506944444444444 0.525390625 0.3576388888888889 0.5234375 0.3611111111111111 0.5234375 0.4027777777777778 0.51953125 0.40625 0.513671875 0.40625
1 0.7083333333333334 0.08148148148148147 0.026041666666666668 0.0462962962962963
1 0.416015625 0.4583333333333333 0.427734375 0.46875 0.42578125 0.5069444444444444 0.419921875 0.5138888888888888 0.412109375 0.5104166666666666 0.40625 0.5034722222222222 0.41015625 0.4861111111111111 0.41015625 0.4618055555555556 0.4140625 0.4583333333333333
1 0.38671875 0.3125 0.392578125 0.3055555555555556 0.41015625 0.3055555555555556 0.416015625 0.3125 0.41796875 0.3194444444444444 0.41796875 0.3298611111111111 0.412109375 0.3402777777777778 0.412109375 0.3506944444444444 0.390625 0.3506944444444444 0.390625 0.3368055555555556 0.388671875 0.3333333333333333 0.38671875 0.3159722222222222
1 0.302734375 0.3819444444444444 0.3046875 0.3854166666666667 0.314453125 0.3854166666666667 0.322265625 0.3923611111111111 0.322265625 0.4027777777777778 0.32421875 0.4097222222222222 0.318359375 0.4270833333333333 0.318359375 0.4340277777777778 0.302734375 0.4340277777777778 0.296875 0.4270833333333333 0.294921875 0.40625 0.296875 0.4027777777777778 0.296875 0.3923611111111111 0.30078125 0.3854166666666667
1 0.72265625 0.13194444444444445 0.72265625 0.1423611111111111 0.71484375 0.16319444444444445 0.71484375 0.1701388888888889 0.708984375 0.1701388888888889 0.701171875 0.1597222222222222 0.703125 0.1527777777777778 0.703125 0.1423611111111111 0.712890625 0.1284722222222222 0.720703125 0.13194444444444445
1 0.576171875 0.4201388888888889 0.57421875 0.4027777777777778 0.568359375 0.3923611111111111 0.568359375 0.3680555555555556 0.572265625 0.3611111111111111 0.576171875 0.3611111111111111 0.578125 0.3576388888888889 0.583984375 0.3576388888888889 0.583984375 0.3645833333333333 0.587890625 0.375 0.58984375 0.3958333333333333 0.591796875 0.3993055555555556 0.591796875 0.4097222222222222 0.5859375 0.4131944444444444 0.58203125 0.4201388888888889 0.578125 0.4201388888888889
1 0.546875 0.375 0.5546875 0.3854166666666667 0.55859375 0.3854166666666667 0.564453125 0.4027777777777778 0.560546875 0.4097222222222222 0.5546875 0.4131944444444444 0.546875 0.4270833333333333 0.53125 0.4166666666666667 0.53125 0.4097222222222222 0.5390625 0.3958333333333333 0.544921875 0.3784722222222222
1 0.50390625 0.3611111111111111 0.505859375 0.3645833333333333 0.509765625 0.3645833333333333 0.513671875 0.3819444444444444 0.513671875 0.3958333333333333 0.509765625 0.40625 0.490234375 0.40625 0.490234375 0.3854166666666667 0.4921875 0.3819444444444444 0.4921875 0.375 0.5 0.3611111111111111 0.501953125 0.3611111111111111
1 0.796875 0.1076388888888889 0.80859375 0.125 0.8125 0.1423611111111111 0.810546875 0.15625 0.806640625 0.15625 0.802734375 0.14930555555555555 0.796875 0.14583333333333334 0.79296875 0.13194444444444445 0.783203125 0.11805555555555555 0.794921875 0.1076388888888889
1 0.79296875 0.3194444444444444 0.802734375 0.2986111111111111 0.81640625 0.2986111111111111 0.814453125 0.3402777777777778 0.80859375 0.34375 0.80078125 0.3298611111111111 0.794921875 0.3263888888888889 0.794921875 0.3229166666666667
0 0.3203125 0.3657407395833333 0.316666666015625 0.35833333333333334 0.308854166015625 0.3564814826388889 0.305208333984375 0.3657407395833333 0.307291666015625 0.3796296284722222 0.3171875 0.3814814826388889 0.31875 0.3787037048611111 0.3203125 0.3657407395833333
0 0.4078125 0.28611111111111115 0.403125 0.2777777777777778 0.396354166015625 0.28055555555555556 0.39375 0.2879629618055556 0.392708333984375 0.29907407291666666 0.396875 0.3018518506944445 0.408333333984375 0.2935185173611111 0.4078125 0.28611111111111115
0 0.475 0.31851851736111114 0.471354166015625 0.3138888888888889 0.466145833984375 0.3138888888888889 0.4625 0.3231481493055555 0.463020833984375 0.33425926041666665 0.4734375 0.33518518402777775 0.4765625 0.3314814826388889 0.475 0.31851851736111114
0 0.424479166015625 0.43240740625 0.418229166015625 0.4287037048611111 0.413541666015625 0.43333333333333335 0.4125 0.4453703715277778 0.4140625 0.45370370486111106 0.427604166015625 0.4527777777777778 0.424479166015625 0.43240740625
0 0.948958333984375 0.6972222222222223 0.952083333984375 0.6888888888888889 0.951041666015625 0.6796296284722222 0.945833333984375 0.6740740729166667 0.9359375 0.6722222222222222 0.932291666015625 0.6787037048611111 0.93125 0.6898148159722222 0.933854166015625 0.6972222222222223 0.9453125 0.7 0.948958333984375 0.6972222222222223
0 0.516145833984375 0.3314814826388889 0.511458333984375 0.3240740729166667 0.505729166015625 0.3240740729166667 0.502083333984375 0.3296296284722222 0.5015625 0.34259259375 0.513020833984375 0.34444444444444444 0.516666666015625 0.3416666666666667 0.516145833984375 0.3314814826388889
0 0.563020833984375 0.3796296284722222 0.565104166015625 0.35925926041666667 0.559895833984375 0.35277777777777775 0.552083333984375 0.3564814826388889 0.549479166015625 0.3657407395833333 0.552083333984375 0.37592592708333333 0.55625 0.3814814826388889 0.563020833984375 0.3796296284722222
0 0.451171875 0.4479166666666667 0.453125 0.4652777777777778 0.451171875 0.4652777777777778 0.44921875 0.4722222222222222 0.4453125 0.4722222222222222 0.4375 0.4652777777777778 0.4375 0.4583333333333333 0.443359375 0.4479166666666667 0.44921875 0.4479166666666667
0 0.572265625 0.3402777777777778 0.576171875 0.3472222222222222 0.576171875 0.3576388888888889 0.572265625 0.3645833333333333 0.568359375 0.3645833333333333 0.564453125 0.3506944444444444 0.564453125 0.3472222222222222 0.5703125 0.3402777777777778
0 0.8119791666666667 0.2837962962962963 0.01875 0.02314814814814815
0 0.869140625 0.2916666666666667 0.875 0.2951388888888889 0.87890625 0.3020833333333333 0.87890625 0.3090277777777778 0.87109375 0.3159722222222222 0.8671875 0.3090277777777778 0.869140625 0.2951388888888889
0 0.78125 0.11458333333333333 0.78125 0.1076388888888889 0.787109375 0.09375 0.79296875 0.09375 0.796875 0.10069444444444445 0.794921875 0.1076388888888889 0.7890625 0.11458333333333333 0.783203125 0.11458333333333333
0 0.71875 0.041666666666666664 0.72265625 0.052083333333333336 0.720703125 0.059027777777777776 0.712890625 0.059027777777777776 0.708984375 0.052083333333333336 0.708984375 0.04513888888888889 0.7109375 0.041666666666666664 0.716796875 0.041666666666666664
2 0.806640625 0.2777777777777778 0.81640625 0.2777777777777778 0.8203125 0.2881944444444444 0.814453125 0.3159722222222222 0.814453125 0.3402777777777778 0.818359375 0.34375 0.818359375 0.3472222222222222 0.8125 0.3472222222222222 0.80859375 0.3541666666666667 0.80859375 0.3645833333333333 0.798828125 0.3888888888888889 0.798828125 0.4027777777777778 0.79296875 0.4027777777777778 0.791015625 0.3993055555555556 0.791015625 0.3923611111111111 0.79296875 0.3888888888888889 0.791015625 0.375 0.787109375 0.3680555555555556 0.779296875 0.3645833333333333 0.775390625 0.3576388888888889 0.779296875 0.3506944444444444 0.783203125 0.3541666666666667 0.787109375 0.3472222222222222 0.787109375 0.3263888888888889 0.796875 0.3125 0.796875 0.3090277777777778 0.802734375 0.2986111111111111 0.802734375 0.2916666666666667 0.806640625 0.28125
2 0.78515625 0.09722222222222222 0.791015625 0.09722222222222222 0.796875 0.10416666666666667 0.8125 0.13541666666666666 0.8125 0.14930555555555555 0.806640625 0.16666666666666666 0.806640625 0.1736111111111111 0.802734375 0.1736111111111111 0.80078125 0.17708333333333334 0.80078125 0.2013888888888889 0.802734375 0.2048611111111111 0.802734375 0.21180555555555555 0.798828125 0.2152777777777778 0.794921875 0.2048611111111111 0.787109375 0.2048611111111111 0.787109375 0.19444444444444445 0.7890625 0.1909722222222222 0.7890625 0.1840277777777778 0.787109375 0.18055555555555555 0.7890625 0.17708333333333334 0.7890625 0.1597222222222222 0.79296875 0.1527777777777778 0.794921875 0.1388888888888889 0.791015625 0.1284722222222222 0.78125 0.11805555555555555 0.78125 0.1076388888888889 0.78515625 0.10069444444444445
2 0.4921875 0.4652777777777778 0.490234375 0.4583333333333333 0.490234375 0.4409722222222222 0.48828125 0.4375 0.490234375 0.3819444444444444 0.4921875 0.3784722222222222 0.4921875 0.3680555555555556 0.5 0.3506944444444444 0.501953125 0.34375 0.501953125 0.3333333333333333 0.505859375 0.3263888888888889 0.51171875 0.3263888888888889 0.515625 0.3333333333333333 0.515625 0.3576388888888889 0.51171875 0.3680555555555556 0.513671875 0.375 0.513671875 0.3958333333333333 0.509765625 0.4097222222222222 0.509765625 0.4236111111111111 0.513671875 0.4375 0.513671875 0.4513888888888889 0.5 0.46875 0.49609375 0.46875 0.494140625 0.4652777777777778
2 0.564453125 0.3576388888888889 0.564453125 0.4027777777777778 0.560546875 0.4097222222222222 0.5546875 0.4131944444444444 0.546875 0.4270833333333333 0.546875 0.4479166666666667 0.548828125 0.4513888888888889 0.546875 0.5034722222222222 0.552734375 0.5173611111111112 0.54296875 0.5173611111111112 0.541015625 0.5138888888888888 0.541015625 0.4930555555555556 0.533203125 0.4826388888888889 0.533203125 0.46875 0.529296875 0.4618055555555556 0.52734375 0.4201388888888889 0.54296875 0.3854166666666667 0.544921875 0.3715277777777778 0.546875 0.3715277777777778 0.5546875 0.3541666666666667 0.560546875 0.3541666666666667 0.5625 0.3576388888888889
2 0.5625 0.3506944444444444 0.56640625 0.34375 0.572265625 0.34375 0.580078125 0.3576388888888889 0.583984375 0.3576388888888889 0.5859375 0.3611111111111111 0.5859375 0.3680555555555556 0.58984375 0.3784722222222222 0.58984375 0.3958333333333333 0.595703125 0.4166666666666667 0.59375 0.4201388888888889 0.59375 0.4375 0.595703125 0.4444444444444444 0.6015625 0.4548611111111111 0.609375 0.4618055555555556 0.61328125 0.4618055555555556 0.619140625 0.46875 0.619140625 0.4756944444444444 0.6171875 0.4756944444444444 0.61328125 0.46875 0.603515625 0.46875 0.6015625 0.4652777777777778 0.591796875 0.4618055555555556 0.583984375 0.4513888888888889 0.580078125 0.4652777777777778 0.58203125 0.4722222222222222 0.58203125 0.4826388888888889 0.576171875 0.4791666666666667 0.572265625 0.4722222222222222 0.576171875 0.4652777777777778 0.576171875 0.4513888888888889 0.57421875 0.4479166666666667 0.57421875 0.4236111111111111 0.576171875 0.4166666666666667 0.57421875 0.4131944444444444 0.57421875 0.4027777777777778 0.568359375 0.3958333333333333 0.568359375 0.3888888888888889 0.56640625 0.3854166666666667 0.56640625 0.3576388888888889 0.564453125 0.3541666666666667
2 0.71484375 0.1076388888888889 0.720703125 0.1076388888888889 0.724609375 0.1111111111111111 0.724609375 0.1284722222222222 0.720703125 0.14583333333333334 0.720703125 0.16319444444444445 0.716796875 0.1701388888888889 0.71875 0.1840277777777778 0.716796875 0.1840277777777778 0.705078125 0.2048611111111111 0.6953125 0.2048611111111111 0.6875 0.19791666666666666 0.6875 0.1909722222222222 0.693359375 0.1909722222222222 0.6953125 0.1875 0.69140625 0.1736111111111111 0.693359375 0.16319444444444445 0.701171875 0.15625 0.705078125 0.13541666666666666 0.712890625 0.12152777777777778 0.712890625 0.11458333333333333 0.71484375 0.1111111111111111
2 0.318359375 0.3611111111111111 0.3203125 0.3680555555555556 0.318359375 0.3854166666666667 0.322265625 0.3923611111111111 0.32421875 0.4236111111111111 0.3203125 0.4270833333333333 0.31640625 0.4375 0.314453125 0.46875 0.310546875 0.4826388888888889 0.310546875 0.5069444444444444 0.30859375 0.5104166666666666 0.3046875 0.5104166666666666 0.302734375 0.5069444444444444 0.30078125 0.5104166666666666 0.296875 0.5104166666666666 0.296875 0.4826388888888889 0.294921875 0.4791666666666667 0.296875 0.4201388888888889 0.294921875 0.4166666666666667 0.294921875 0.40625 0.296875 0.4027777777777778 0.296875 0.3923611111111111 0.3046875 0.375 0.306640625 0.3611111111111111 0.30859375 0.3576388888888889 0.314453125 0.3576388888888889 0.31640625 0.3611111111111111
2 0.498046875 0.4861111111111111 0.501953125 0.4930555555555556 0.501953125 0.5034722222222222 0.5 0.5034722222222222 0.49609375 0.5138888888888888 0.49609375 0.5208333333333334 0.494140625 0.5243055555555556 0.494140625 0.5416666666666666 0.4921875 0.5416666666666666 0.486328125 0.5277777777777778 0.48046875 0.5277777777777778 0.478515625 0.53125 0.478515625 0.5451388888888888 0.48046875 0.5486111111111112 0.478515625 0.5555555555555556 0.47265625 0.5555555555555556 0.46875 0.5486111111111112 0.466796875 0.5277777777777778 0.46484375 0.5243055555555556 0.46484375 0.5069444444444444 0.49609375 0.4861111111111111
2 0.390625 0.2986111111111111 0.39453125 0.2951388888888889 0.39453125 0.2881944444444444 0.3984375 0.28125 0.404296875 0.28125 0.408203125 0.2881944444444444 0.412109375 0.3055555555555556 0.41796875 0.3194444444444444 0.41796875 0.3506944444444444 0.4140625 0.3611111111111111 0.416015625 0.3854166666666667 0.41796875 0.3888888888888889 0.41796875 0.4236111111111111 0.4140625 0.4270833333333333 0.412109375 0.4201388888888889 0.412109375 0.4027777777777778 0.41015625 0.3993055555555556 0.41015625 0.3923611111111111 0.40625 0.3854166666666667 0.40234375 0.3854166666666667 0.3984375 0.3958333333333333 0.3984375 0.4131944444444444 0.40234375 0.4236111111111111 0.40234375 0.4444444444444444 0.3984375 0.4444444444444444 0.396484375 0.4409722222222222 0.396484375 0.4236111111111111 0.390625 0.4097222222222222 0.390625 0.3958333333333333 0.388671875 0.3923611111111111 0.390625 0.3368055555555556 0.38671875 0.3263888888888889 0.38671875 0.3125 0.390625 0.3020833333333333
2 0.421875 0.4305555555555556 0.427734375 0.4409722222222222 0.427734375 0.4479166666666667 0.431640625 0.4618055555555556 0.4296875 0.4652777777777778 0.431640625 0.46875 0.427734375 0.4826388888888889 0.427734375 0.5104166666666666 0.43359375 0.53125 0.43359375 0.5451388888888888 0.431640625 0.5486111111111112 0.427734375 0.5486111111111112 0.423828125 0.5381944444444444 0.41796875 0.5347222222222222 0.412109375 0.5486111111111112 0.412109375 0.5590277777777778 0.41015625 0.5590277777777778 0.404296875 0.5694444444444444 0.3984375 0.5729166666666666 0.392578125 0.5868055555555556 0.38671875 0.5798611111111112 0.38671875 0.5729166666666666 0.3984375 0.5625 0.404296875 0.5520833333333334 0.404296875 0.5069444444444444 0.41015625 0.4861111111111111 0.412109375 0.4409722222222222 0.4140625 0.4340277777777778 0.419921875 0.4305555555555556
2 0.71875 0.041666666666666664 0.720703125 0.04513888888888889 0.720703125 0.07291666666666667 0.716796875 0.08333333333333333 0.716796875 0.10416666666666667 0.712890625 0.11458333333333333 0.712890625 0.125 0.70703125 0.13194444444444445 0.703125 0.14583333333333334 0.69921875 0.14583333333333334 0.685546875 0.1597222222222222 0.68359375 0.15625 0.68359375 0.14583333333333334 0.689453125 0.1388888888888889 0.6953125 0.1388888888888889 0.69921875 0.13194444444444445 0.6953125 0.11805555555555555 0.6953125 0.10069444444444445 0.697265625 0.09722222222222222 0.6953125 0.0763888888888889 0.697265625 0.06944444444444445 0.708984375 0.052083333333333336 0.708984375 0.04513888888888889 0.7109375 0.041666666666666664 0.716796875 0.041666666666666664
2 0.515625 0.3159722222222222 0.51953125 0.3159722222222222 0.521484375 0.3194444444444444 0.521484375 0.3298611111111111 0.52734375 0.34375 0.52734375 0.3541666666666667 0.5234375 0.3680555555555556 0.5234375 0.3888888888888889 0.525390625 0.3923611111111111 0.525390625 0.4027777777777778 0.517578125 0.4236111111111111 0.517578125 0.4340277777777778 0.52734375 0.4548611111111111 0.525390625 0.4583333333333333 0.521484375 0.4583333333333333 0.515625 0.4513888888888889 0.513671875 0.4270833333333333 0.51171875 0.4236111111111111 0.51171875 0.40625 0.515625 0.3958333333333333 0.515625 0.3819444444444444 0.51171875 0.3715277777777778 0.513671875 0.3541666666666667 0.517578125 0.34375 0.517578125 0.3333333333333333 0.513671875 0.3229166666666667 0.515625 0.3194444444444444
2 0.513671875 0.4618055555555556 0.517578125 0.46875 0.517578125 0.4756944444444444 0.521484375 0.4895833333333333 0.5234375 0.5277777777777778 0.52734375 0.5347222222222222 0.544921875 0.5347222222222222 0.546875 0.5381944444444444 0.546875 0.5520833333333334 0.54296875 0.5520833333333334 0.54296875 0.5486111111111112 0.537109375 0.5416666666666666 0.51953125 0.5416666666666666 0.517578125 0.5381944444444444 0.5078125 0.5347222222222222 0.505859375 0.5381944444444444 0.505859375 0.5451388888888888 0.513671875 0.5659722222222222 0.509765625 0.5763888888888888 0.50390625 0.5763888888888888 0.505859375 0.5625 0.49609375 0.5416666666666666 0.49609375 0.5173611111111112 0.5 0.5069444444444444 0.50390625 0.5034722222222222 0.50390625 0.4965277777777778 0.498046875 0.4861111111111111 0.498046875 0.4791666666666667 0.5 0.4722222222222222 0.51171875 0.4618055555555556
2 0.486328125 0.34375 0.490234375 0.3472222222222222 0.4921875 0.3541666666666667 0.48046875 0.3541666666666667 0.474609375 0.3645833333333333 0.470703125 0.3784722222222222 0.470703125 0.3958333333333333 0.47265625 0.3993055555555556 0.47265625 0.4375 0.470703125 0.4409722222222222 0.470703125 0.4513888888888889 0.47265625 0.4583333333333333 0.466796875 0.4652777777777778 0.46484375 0.4618055555555556 0.46484375 0.4305555555555556 0.466796875 0.4270833333333333 0.466796875 0.4201388888888889 0.4609375 0.4097222222222222 0.455078125 0.4166666666666667 0.455078125 0.4479166666666667 0.453125 0.4479166666666667 0.44921875 0.4409722222222222 0.44921875 0.4027777777777778 0.4453125 0.3923611111111111 0.4453125 0.3854166666666667 0.453125 0.3611111111111111 0.453125 0.3541666666666667 0.45703125 0.3402777777777778 0.462890625 0.3298611111111111 0.462890625 0.3229166666666667 0.466796875 0.3159722222222222 0.47265625 0.3159722222222222 0.474609375 0.3194444444444444 0.474609375 0.3263888888888889 0.484375 0.34375
2 0.8671875 0.2986111111111111 0.873046875 0.2951388888888889 0.876953125 0.2986111111111111 0.87890625 0.3090277777777778 0.8828125 0.3159722222222222 0.888671875 0.3159722222222222 0.888671875 0.375 0.892578125 0.3854166666666667 0.892578125 0.4131944444444444 0.89453125 0.4166666666666667 0.89453125 0.4201388888888889 0.888671875 0.4201388888888889 0.88671875 0.3958333333333333 0.8828125 0.3888888888888889 0.880859375 0.3923611111111111 0.876953125 0.3923611111111111 0.873046875 0.3854166666666667 0.861328125 0.3958333333333333 0.857421875 0.4027777777777778 0.84765625 0.4375 0.84375 0.4375 0.841796875 0.4340277777777778 0.841796875 0.4305555555555556 0.84765625 0.4201388888888889 0.84765625 0.4131944444444444 0.8515625 0.3993055555555556 0.865234375 0.3715277777777778 0.865234375 0.3576388888888889 0.8671875 0.3541666666666667 0.865234375 0.3506944444444444 0.865234375 0.3125 0.8671875 0.3090277777777778 0.8671875 0.3020833333333333
2 0.953125 0.7152777777777778 0.953125 0.7256944444444444 0.947265625 0.7326388888888888 0.943359375 0.7430555555555556 0.943359375 0.75 0.947265625 0.7569444444444444 0.947265625 0.7673611111111112 0.939453125 0.7708333333333334 0.935546875 0.7777777777777778 0.935546875 0.7847222222222222 0.923828125 0.7881944444444444 0.919921875 0.7951388888888888 0.90625 0.7951388888888888 0.89453125 0.8090277777777778 0.876953125 0.8090277777777778 0.875 0.8055555555555556 0.875 0.7986111111111112 0.888671875 0.7881944444444444 0.8984375 0.7881944444444444 0.90234375 0.78125 0.90625 0.7708333333333334 0.90625 0.7465277777777778 0.912109375 0.7291666666666666 0.912109375 0.7152777777777778 0.91796875 0.6979166666666666 0.9296875 0.6909722222222222 0.93359375 0.6840277777777778 0.93359375 0.6770833333333334 0.935546875 0.6736111111111112 0.94140625 0.6736111111111112 0.943359375 0.6770833333333334 0.947265625 0.6770833333333334 0.951171875 0.6840277777777778 0.951171875 0.6909722222222222 0.94921875 0.6944444444444444 0.94921875 0.7118055555555556 0.951171875 0.7152777777777778
2 0.8828125 0.034722222222222224 0.884765625 0.034722222222222224 0.896484375 0.05555555555555555 0.900390625 0.06944444444444445 0.900390625 0.0798611111111111 0.892578125 0.09375 0.892578125 0.10069444444444445 0.890625 0.10416666666666667 0.892578125 0.14583333333333334 0.890625 0.14930555555555555 0.8828125 0.14583333333333334 0.8828125 0.11458333333333333 0.880859375 0.1111111111111111 0.880859375 0.08680555555555555 0.8828125 0.08333333333333333 0.8828125 0.07291666666666667 0.87890625 0.06944444444444445 0.873046875 0.0763888888888889 0.873046875 0.06944444444444445 0.880859375 0.052083333333333336 0.880859375 0.041666666666666664 0.8828125 0.03819444444444445
2 0.466796875 0.6180555555555556 0.466796875 0.6076388888888888 0.46484375 0.6006944444444444 0.45703125 0.5902777777777778 0.45703125 0.5798611111111112 0.4453125 0.5590277777777778 0.4453125 0.5520833333333334 0.443359375 0.5486111111111112 0.443359375 0.5243055555555556 0.44140625 0.5173611111111112 0.431640625 0.5104166666666666 0.431640625 0.4791666666666667 0.439453125 0.4652777777777778 0.439453125 0.4548611111111111 0.443359375 0.4479166666666667 0.44921875 0.4479166666666667 0.453125 0.4548611111111111 0.453125 0.4652777777777778 0.45703125 0.4756944444444444 0.45703125 0.5 0.462890625 0.5138888888888888 0.462890625 0.5277777777777778 0.466796875 0.5451388888888888 0.466796875 0.5555555555555556 0.462890625 0.5659722222222222 0.46875 0.59375 0.474609375 0.6041666666666666 0.474609375 0.6111111111111112 0.46875 0.6180555555555556