0 0.48828125 0.2847222222222222 0.498046875 0.2847222222222222 0.501953125 0.2881944444444444 0.501953125 0.3055555555555556 0.5 0.3090277777777778 0.490234375 0.3055555555555556 0.486328125 0.2916666666666667 0.48828125 0.2881944444444444
0 0.345703125 0.4201388888888889 0.353515625 0.4027777777777778 0.36328125 0.4027777777777778 0.369140625 0.4166666666666667 0.369140625 0.4270833333333333 0.365234375 0.4340277777777778 0.357421875 0.4340277777777778 0.34765625 0.4270833333333333 0.34765625 0.4236111111111111
0 0.263671875 0.3125 0.26953125 0.3229166666666667 0.26953125 0.3263888888888889 0.263671875 0.3333333333333333 0.251953125 0.3333333333333333 0.251953125 0.3159722222222222 0.255859375 0.3125 0.26171875 0.3125
0 0.3671875 0.3645833333333333 0.373046875 0.375 0.373046875 0.3819444444444444 0.3671875 0.3993055555555556 0.35546875 0.3923611111111111 0.357421875 0.3680555555555556 0.359375 0.3645833333333333 0.365234375 0.3645833333333333
0 0.29635416666666664 0.33472222222222225 0.01875 0.03240740740740741
0 0.39453125 0.3263888888888889 0.404296875 0.3263888888888889 0.408203125 0.3333333333333333 0.408203125 0.3402777777777778 0.404296875 0.3506944444444444 0.39453125 0.3506944444444444 0.392578125 0.3472222222222222 0.392578125 0.3333333333333333 0.39453125 0.3298611111111111
0 0.31640625 0.4201388888888889 0.3125 0.40625 0.3125 0.3993055555555556 0.318359375 0.3923611111111111 0.32421875 0.3923611111111111 0.330078125 0.3993055555555556 0.330078125 0.4131944444444444 0.326171875 0.4201388888888889 0.318359375 0.4201388888888889
0 0.48828125 0.2847222222222222 0.498046875 0.2847222222222222 0.501953125 0.2916666666666667 0.501953125 0.2951388888888889 0.498046875 0.2951388888888889 0.48828125 0.2881944444444444
0 0.28125 0.3333333333333333 0.28515625 0.3402777777777778 0.28515625 0.3472222222222222 0.287109375 0.3506944444444444 0.28515625 0.3541666666666667 0.26953125 0.3541666666666667 0.267578125 0.3506944444444444 0.267578125 0.3368055555555556 0.26953125 0.3333333333333333 0.279296875 0.3333333333333333
0 0.9955729166666667 0.10462962962962963 0.008854166666666666 0.024074074074074074
0 0.52734375 0.5138888888888888 0.533203125 0.5104166666666666 0.541015625 0.5208333333333334 0.541015625 0.53125 0.53125 0.5347222222222222 0.525390625 0.5277777777777778 0.525390625 0.5208333333333334 0.52734375 0.5173611111111112
0 0.263671875 0.3125 0.267578125 0.3194444444444444 0.267578125 0.3263888888888889 0.251953125 0.3263888888888889 0.251953125 0.3159722222222222 0.255859375 0.3125 0.26171875 0.3125
0 0.48046875 0.2881944444444444 0.484375 0.2916666666666667 0.484375 0.3090277777777778 0.482421875 0.3125 0.474609375 0.3125 0.47265625 0.3090277777777778 0.47265625 0.2951388888888889 0.478515625 0.2881944444444444
0 0.484375 0.2951388888888889 0.48828125 0.2881944444444444 0.4921875 0.2916666666666667 0.5 0.2916666666666667 0.501953125 0.2951388888888889 0.501953125 0.3125 0.48828125 0.3125 0.486328125 0.3090277777777778 0.486328125 0.2986111111111111
0 0.359375 0.40625 0.361328125 0.4097222222222222 0.361328125 0.4236111111111111 0.35546875 0.4305555555555556 0.353515625 0.4270833333333333 0.34765625 0.4270833333333333 0.345703125 0.4166666666666667 0.3515625 0.40625 0.357421875 0.40625
0 0.416015625 0.3368055555555556 0.416015625 0.3298611111111111 0.41796875 0.3263888888888889 0.427734375 0.3263888888888889 0.431640625 0.3333333333333333 0.431640625 0.3402777777777778 0.41796875 0.3368055555555556
1 0.54296875 0.5347222222222222 0.548828125 0.5451388888888888 0.55078125 0.5625 0.546875 0.5625 0.544921875 0.5590277777777778 0.53515625 0.5625 0.529296875 0.5555555555555556 0.5234375 0.5555555555555556 0.521484375 0.5520833333333334 0.521484375 0.5381944444444444 0.525390625 0.5381944444444444 0.52734375 0.5347222222222222 0.541015625 0.5347222222222222
1 0.9921875 0.11458333333333333 0.994140625 0.11805555555555555 0.998046875 0.11805555555555555 0.998046875 0.14930555555555555 0.99609375 0.1527777777777778 0.990234375 0.1527777777777778 0.986328125 0.1388888888888889 0.984375 0.12152777777777778 0.990234375 0.11805555555555555
1 0.4296875 0.3402777777777778 0.435546875 0.3611111111111111 0.435546875 0.3680555555555556 0.43359375 0.3715277777777778 0.43359375 0.3854166666666667 0.427734375 0.3923611111111111 0.423828125 0.4027777777777778 0.41796875 0.4027777777777778 0.4140625 0.3993055555555556 0.41015625 0.3506944444444444 0.419921875 0.3368055555555556 0.427734375 0.3402777777777778
1 0.287109375 0.3576388888888889 0.291015625 0.3645833333333333 0.291015625 0.375 0.29296875 0.3784722222222222 0.29296875 0.40625 0.2890625 0.40625 0.287109375 0.4027777777777778 0.271484375 0.4027777777777778 0.271484375 0.3958333333333333 0.265625 0.3715277777777778 0.26953125 0.3611111111111111 0.2734375 0.3611111111111111 0.275390625 0.3576388888888889 0.28515625 0.3576388888888889
1 0.3325520833333333 0.44999999999999996 0.0265625 0.05555555555555555
1 0.40625 0.3541666666666667 0.40625 0.3645833333333333 0.41015625 0.3715277777777778 0.41015625 0.3958333333333333 0.408203125 0.3993055555555556 0.404296875 0.3993055555555556 0.40234375 0.3958333333333333 0.38671875 0.3958333333333333 0.388671875 0.3576388888888889 0.390625 0.3541666666666667 0.404296875 0.3541666666666667
1 0.314453125 0.3541666666666667 0.31640625 0.3576388888888889 0.31640625 0.3645833333333333 0.314453125 0.3715277777777778 0.306640625 0.3819444444444444 0.298828125 0.375 0.294921875 0.3576388888888889 0.302734375 0.3472222222222222 0.30859375 0.3472222222222222 0.3125 0.3541666666666667
1 0.48828125 0.3159722222222222 0.4921875 0.3298611111111111 0.4921875 0.34375 0.494140625 0.3472222222222222 0.4921875 0.3506944444444444 0.4921875 0.3680555555555556 0.48828125 0.3715277777777778 0.4765625 0.3715277777777778 0.474609375 0.375 0.47265625 0.3715277777777778 0.47265625 0.3472222222222222 0.46875 0.3333333333333333 0.46875 0.3159722222222222 0.470703125 0.3125 0.484375 0.3125 0.486328125 0.3159722222222222
1 0.369140625 0.4131944444444444 0.373046875 0.4236111111111111 0.373046875 0.4340277777777778 0.37890625 0.4479166666666667 0.37890625 0.4652777777777778 0.373046875 0.4895833333333333 0.36328125 0.4826388888888889 0.349609375 0.4826388888888889 0.34765625 0.4791666666666667 0.345703125 0.4444444444444444 0.34375 0.4409722222222222 0.34375 0.4305555555555556 0.34765625 0.4270833333333333 0.34765625 0.4131944444444444 0.3515625 0.40625 0.357421875 0.40625 0.361328125 0.4027777777777778 0.3671875 0.4131944444444444
1 0.267578125 0.3298611111111111 0.267578125 0.3506944444444444 0.263671875 0.3611111111111111 0.263671875 0.3784722222222222 0.265625 0.3819444444444444 0.263671875 0.3854166666666667 0.255859375 0.3784722222222222 0.25390625 0.3645833333333333 0.24609375 0.3576388888888889 0.244140625 0.3541666666666667 0.244140625 0.3472222222222222 0.251953125 0.3298611111111111 0.265625 0.3298611111111111
1 0.34375 0.4340277777777778 0.34765625 0.4305555555555556 0.357421875 0.4305555555555556 0.359375 0.4340277777777778 0.373046875 0.4375 0.376953125 0.4444444444444444 0.376953125 0.4756944444444444 0.375 0.4791666666666667 0.375 0.4895833333333333 0.369140625 0.4895833333333333 0.36328125 0.4826388888888889 0.353515625 0.4826388888888889 0.3515625 0.4861111111111111 0.34765625 0.4791666666666667 0.345703125 0.4409722222222222 0.34375 0.4375
1 0.501953125 0.3090277777777778 0.50390625 0.3125 0.50390625 0.3333333333333333 0.501953125 0.3368055555555556 0.501953125 0.34375 0.50390625 0.3472222222222222 0.50390625 0.3645833333333333 0.494140625 0.3645833333333333 0.494140625 0.3402777777777778 0.4921875 0.3368055555555556 0.4921875 0.3229166666666667 0.490234375 0.3194444444444444 0.490234375 0.3125 0.494140625 0.3090277777777778 0.5 0.3090277777777778
2 0.52734375 0.5138888888888888 0.53125 0.5104166666666666 0.537109375 0.5138888888888888 0.541015625 0.5208333333333334 0.544921875 0.5381944444444444 0.55078125 0.5520833333333334 0.55078125 0.5694444444444444 0.548828125 0.5729166666666666 0.548828125 0.5798611111111112 0.541015625 0.5972222222222222 0.537109375 0.5972222222222222 0.5390625 0.5868055555555556 0.53515625 0.5798611111111112 0.521484375 0.5763888888888888 0.51953125 0.5694444444444444 0.513671875 0.5625 0.513671875 0.5590277777777778 0.51953125 0.5486111111111112 0.51953125 0.5416666666666666 0.525390625 0.53125 0.525390625 0.5208333333333334 0.52734375 0.5173611111111112
2 0.98046875 0.14583333333333334 0.98046875 0.1284722222222222 0.9921875 0.1076388888888889 0.9921875 0.10069444444444445 0.99609375 0.09375 0.998046875 0.09375 0.998046875 0.1701388888888889 0.990234375 0.15625 0.986328125 0.1423611111111111 0.982421875 0.14583333333333334
2 0.412109375 0.4270833333333333 0.412109375 0.4201388888888889 0.41015625 0.4166666666666667 0.41015625 0.4027777777777778 0.412109375 0.3993055555555556 0.412109375 0.3680555555555556 0.41015625 0.3645833333333333 0.41015625 0.3472222222222222 0.416015625 0.3368055555555556 0.416015625 0.3298611111111111 0.41796875 0.3263888888888889 0.427734375 0.3263888888888889 0.431640625 0.3333333333333333 0.431640625 0.34375 0.435546875 0.3541666666666667 0.435546875 0.3819444444444444 0.43359375 0.3888888888888889 0.42578125 0.3993055555555556 0.427734375 0.4027777777777778 0.427734375 0.4097222222222222 0.431640625 0.4166666666666667 0.431640625 0.4305555555555556 0.42578125 0.4479166666666667 0.42578125 0.4548611111111111 0.423828125 0.4583333333333333 0.41796875 0.4583333333333333 0.416015625 0.4548611111111111 0.419921875 0.4409722222222222 0.419921875 0.4340277777777778 0.4140625 0.4270833333333333
2 0.3671875 0.3645833333333333 0.373046875 0.375 0.373046875 0.3819444444444444 0.37109375 0.3854166666666667 0.37109375 0.40625 0.365234375 0.40625 0.361328125 0.3993055555555556 0.35546875 0.3993055555555556 0.3515625 0.4027777777777778 0.357421875 0.3680555555555556 0.359375 0.3645833333333333 0.365234375 0.3645833333333333
2 0.32421875 0.3923611111111111 0.330078125 0.4027777777777778 0.333984375 0.4166666666666667 0.337890625 0.4166666666666667 0.34375 0.4236111111111111 0.341796875 0.4375 0.345703125 0.4479166666666667 0.34375 0.4548611111111111 0.34375 0.4652777777777778 0.345703125 0.46875 0.345703125 0.4930555555555556 0.33984375 0.4930555555555556 0.333984375 0.5034722222222222 0.326171875 0.53125 0.314453125 0.5347222222222222 0.3046875 0.5520833333333334 0.296875 0.5520833333333334 0.294921875 0.5486111111111112 0.294921875 0.5381944444444444 0.302734375 0.5347222222222222 0.314453125 0.5173611111111112 0.314453125 0.5069444444444444 0.318359375 0.4965277777777778 0.3203125 0.4375 0.3125 0.4027777777777778 0.31640625 0.3958333333333333 0.322265625 0.3923611111111111
2 0.39453125 0.3263888888888889 0.404296875 0.3263888888888889 0.408203125 0.3333333333333333 0.408203125 0.3645833333333333 0.41015625 0.3680555555555556 0.41015625 0.3993055555555556 0.408203125 0.4027777777777778 0.408203125 0.4166666666666667 0.41015625 0.4201388888888889 0.41015625 0.4479166666666667 0.40234375 0.4791666666666667 0.40234375 0.4895833333333333 0.404296875 0.4930555555555556 0.3984375 0.4930555555555556 0.396484375 0.4895833333333333 0.396484375 0.4652777777777778 0.40234375 0.4513888888888889 0.400390625 0.4444444444444444 0.39453125 0.4375 0.390625 0.4409722222222222 0.38671875 0.4513888888888889 0.384765625 0.4513888888888889 0.380859375 0.4409722222222222 0.3828125 0.3993055555555556 0.38671875 0.3888888888888889 0.388671875 0.3576388888888889 0.392578125 0.3472222222222222 0.392578125 0.3333333333333333 0.39453125 0.3298611111111111
2 0.271484375 0.3333333333333333 0.279296875 0.3333333333333333 0.283203125 0.3368055555555556 0.287109375 0.3541666666666667 0.291015625 0.3611111111111111 0.291015625 0.375 0.29296875 0.3784722222222222 0.29296875 0.4131944444444444 0.294921875 0.4166666666666667 0.294921875 0.4375 0.296875 0.4409722222222222 0.296875 0.4861111111111111 0.294921875 0.4895833333333333 0.294921875 0.5 0.30078125 0.5104166666666666 0.296875 0.5138888888888888 0.2890625 0.5104166666666666 0.287109375 0.5034722222222222 0.287109375 0.4618055555555556 0.27734375 0.4375 0.271484375 0.4375 0.263671875 0.4513888888888889 0.263671875 0.4618055555555556 0.259765625 0.4791666666666667 0.255859375 0.4861111111111111 0.251953125 0.4826388888888889 0.25390625 0.4583333333333333 0.263671875 0.4236111111111111 0.26953125 0.4097222222222222 0.26953125 0.3854166666666667 0.265625 0.375 0.265625 0.3645833333333333 0.267578125 0.3611111111111111 0.267578125 0.3472222222222222 0.271484375 0.3368055555555556
2 0.3125 0.3472222222222222 0.32421875 0.3611111111111111 0.32421875 0.3680555555555556 0.326171875 0.3715277777777778 0.326171875 0.3888888888888889 0.32421875 0.3923611111111111 0.318359375 0.3923611111111111 0.314453125 0.3993055555555556 0.314453125 0.4131944444444444 0.310546875 0.40625 0.306640625 0.4131944444444444 0.306640625 0.4236111111111111 0.3046875 0.4270833333333333 0.30078125 0.4270833333333333 0.296875 0.4201388888888889 0.296875 0.4027777777777778 0.294921875 0.3993055555555556 0.296875 0.3784722222222222 0.294921875 0.375 0.29296875 0.3576388888888889 0.2890625 0.3506944444444444 0.287109375 0.3368055555555556 0.2890625 0.3333333333333333 0.2890625 0.3263888888888889 0.29296875 0.3194444444444444 0.298828125 0.3194444444444444 0.3046875 0.3298611111111111 0.3046875 0.3368055555555556 0.310546875 0.3472222222222222
2 0.884765625 0 0.908203125 0 0.908203125 0.020833333333333332 0.91015625 0.024305555555555556 0.91015625 0.041666666666666664 0.904296875 0.04861111111111111 0.904296875 0.059027777777777776 0.90234375 0.05555555555555555 0.8984375 0.05555555555555555 0.904296875 0.04513888888888889 0.904296875 0.041666666666666664 0.896484375 0.024305555555555556 0.89453125 0.027777777777777776 0.890625 0.024305555555555556 0.888671875 0.013888888888888888 0.8828125 0.006944444444444444 0.884765625 0.003472222222222222
2 0.48046875 0.2881944444444444 0.484375 0.2916666666666667 0.484375 0.2986111111111111 0.4921875 0.3333333333333333 0.4921875 0.3645833333333333 0.494140625 0.3680555555555556 0.498046875 0.4166666666666667 0.50390625 0.4340277777777778 0.50390625 0.4618055555555556 0.5 0.4618055555555556 0.49609375 0.4479166666666667 0.49609375 0.4375 0.490234375 0.4236111111111111 0.490234375 0.4166666666666667 0.486328125 0.4097222222222222 0.48046875 0.4097222222222222 0.4765625 0.4201388888888889 0.474609375 0.4548611111111111 0.470703125 0.4548611111111111 0.46875 0.4513888888888889 0.46875 0.3993055555555556 0.47265625 0.3854166666666667 0.47265625 0.3472222222222222 0.466796875 0.3194444444444444 0.47265625 0.3090277777777778 0.47265625 0.2986111111111111 0.474609375 0.2916666666666667 0.478515625 0.2881944444444444
2 0.921875 0 0.943359375 0 0.943359375 0.013888888888888888 0.94140625 0.017361111111111112 0.931640625 0.017361111111111112 0.9296875 0.020833333333333332 0.931640625 0.052083333333333336 0.927734375 0.052083333333333336 0.921875 0.041666666666666664 0.923828125 0.034722222222222224 0.923828125 0.027777777777777776 0.921875 0.024305555555555556 0.92578125 0.017361111111111112 0.921875 0.010416666666666666 0.921875 0.003472222222222222
2 0.263671875 0.3125 0.26953125 0.3229166666666667 0.267578125 0.3541666666666667 0.263671875 0.3645833333333333 0.263671875 0.375 0.267578125 0.3854166666666667 0.267578125 0.3958333333333333 0.26171875 0.4097222222222222 0.259765625 0.4375 0.255859375 0.4479166666666667 0.255859375 0.4548611111111111 0.251953125 0.46875 0.248046875 0.4652777777777778 0.251953125 0.4548611111111111 0.251953125 0.3854166666666667 0.248046875 0.375 0.248046875 0.3611111111111111 0.244140625 0.3541666666666667 0.244140625 0.3472222222222222 0.251953125 0.3263888888888889 0.251953125 0.3194444444444444 0.255859375 0.3125 0.26171875 0.3125
2 0.37109375 0.4131944444444444 0.373046875 0.4201388888888889 0.373046875 0.4305555555555556 0.37890625 0.4409722222222222 0.37890625 0.46875 0.375 0.4826388888888889 0.376953125 0.5138888888888888 0.37890625 0.5173611111111112 0.380859375 0.5416666666666666 0.388671875 0.5625 0.390625 0.5763888888888888 0.38671875 0.5763888888888888 0.37890625 0.5555555555555556 0.373046875 0.5486111111111112 0.369140625 0.5520833333333334 0.369140625 0.5590277777777778 0.365234375 0.5590277777777778 0.36328125 0.5555555555555556 0.365234375 0.5347222222222222 0.36328125 0.53125 0.35546875 0.53125 0.349609375 0.5416666666666666 0.349609375 0.5833333333333334 0.345703125 0.5798611111111112 0.341796875 0.5625 0.341796875 0.5347222222222222 0.34375 0.53125 0.345703125 0.5069444444444444 0.349609375 0.4930555555555556 0.34375 0.4305555555555556 0.34765625 0.4270833333333333 0.34765625 0.4131944444444444 0.353515625 0.4027777777777778 0.36328125 0.4027777777777778 0.369140625 0.4131944444444444
2 0.48828125 0.2847222222222222 0.498046875 0.2847222222222222 0.501953125 0.2881944444444444 0.501953125 0.2951388888888889 0.50390625 0.2986111111111111 0.50390625 0.3576388888888889 0.505859375 0.3611111111111111 0.505859375 0.3819444444444444 0.501953125 0.3993055555555556 0.50390625 0.4027777777777778 0.505859375 0.4201388888888889 0.515625 0.4409722222222222 0.515625 0.4479166666666667 0.51171875 0.4513888888888889 0.5078125 0.4444444444444444 0.5078125 0.4375 0.5 0.4201388888888889 0.5 0.4131944444444444 0.498046875 0.4097222222222222 0.498046875 0.3854166666666667 0.49609375 0.3819444444444444 0.49609375 0.3680555555555556 0.494140625 0.3645833333333333 0.494140625 0.3368055555555556 0.4921875 0.3333333333333333 0.494140625 0.3263888888888889 0.4921875 0.3229166666666667 0.4921875 0.3159722222222222 0.48828125 0.3090277777777778 0.48828125 0.2986111111111111 0.486328125 0.2951388888888889 0.48828125 0.2881944444444444