0 0.498046875 0.4756944444444444 0.501953125 0.4895833333333333 0.48828125 0.4895833333333333 0.48828125 0.4791666666666667 0.4921875 0.4722222222222222 0.49609375 0.4756944444444444
0 0.640625 0.10416666666666667 0.642578125 0.1076388888888889 0.642578125 0.12152777777777778 0.63671875 0.1284722222222222 0.6328125 0.1284722222222222 0.630859375 0.125 0.630859375 0.1076388888888889 0.6328125 0.10416666666666667 0.638671875 0.10416666666666667
0 0.29296875 0.3472222222222222 0.296875 0.3576388888888889 0.291015625 0.3715277777777778 0.28125 0.3645833333333333 0.28125 0.3506944444444444 0.287109375 0.34375 0.291015625 0.3472222222222222
0 0.6796875 0.2881944444444444 0.685546875 0.2951388888888889 0.6875 0.3055555555555556 0.681640625 0.3125 0.67578125 0.3125 0.673828125 0.3090277777777778 0.673828125 0.2986111111111111 0.67578125 0.2916666666666667 0.677734375 0.2916666666666667
0 0.416015625 0.0798611111111111 0.41796875 0.08333333333333333 0.41796875 0.09375 0.408203125 0.09375 0.40625 0.09027777777777778 0.40625 0.08333333333333333 0.408203125 0.0798611111111111 0.4140625 0.0798611111111111
0 0.4609375 0.375 0.4609375 0.3611111111111111 0.466796875 0.3541666666666667 0.474609375 0.3576388888888889 0.474609375 0.375 0.470703125 0.3819444444444444 0.462890625 0.375
0 0.75 0.6527777777777778 0.751953125 0.65625 0.751953125 0.6701388888888888 0.74609375 0.6805555555555556 0.734375 0.6805555555555556 0.734375 0.6631944444444444 0.740234375 0.6493055555555556 0.74609375 0.6493055555555556 0.748046875 0.6527777777777778
0 0.70703125 0.03125 0.708984375 0.034722222222222224 0.708984375 0.04513888888888889 0.705078125 0.052083333333333336 0.697265625 0.052083333333333336 0.697265625 0.034722222222222224 0.69921875 0.03125 0.705078125 0.03125
0 0.310546875 0.4236111111111111 0.314453125 0.4305555555555556 0.314453125 0.4375 0.310546875 0.4479166666666667 0.306640625 0.4479166666666667 0.298828125 0.4409722222222222 0.298828125 0.4270833333333333 0.3046875 0.4201388888888889 0.30859375 0.4236111111111111
0 0.451171875 0.2361111111111111 0.451171875 0.2465277777777778 0.44921875 0.2534722222222222 0.443359375 0.2534722222222222 0.44140625 0.25 0.44140625 0.23958333333333334 0.443359375 0.2361111111111111 0.44921875 0.2361111111111111
0 0.443359375 0.4444444444444444 0.44921875 0.4548611111111111 0.4453125 0.4652777777777778 0.4375 0.4652777777777778 0.431640625 0.4583333333333333 0.431640625 0.4513888888888889 0.435546875 0.4444444444444444 0.44140625 0.4444444444444444
0 0.451171875 0.2361111111111111 0.45703125 0.2326388888888889 0.462890625 0.24305555555555555 0.4609375 0.25 0.453125 0.2534722222222222 0.451171875 0.25 0.451171875 0.23958333333333334
0 0.4453125 0.3229166666666667 0.453125 0.3298611111111111 0.453125 0.34375 0.451171875 0.3506944444444444 0.447265625 0.3506944444444444 0.439453125 0.3368055555555556 0.44140625 0.3263888888888889 0.443359375 0.3263888888888889
0 0.42343749999999997 0.16296296296296295 0.013541666666666667 0.024074074074074074
0 0.826171875 0.1423611111111111 0.83203125 0.1388888888888889 0.837890625 0.14583333333333334 0.837890625 0.15625 0.83203125 0.16319444444444445 0.82421875 0.16319444444444445 0.82421875 0.14930555555555555 0.826171875 0.14583333333333334
0 0.51171875 0.4027777777777778 0.515625 0.3993055555555556 0.521484375 0.3993055555555556 0.525390625 0.4097222222222222 0.525390625 0.4201388888888889 0.517578125 0.4270833333333333 0.513671875 0.4270833333333333 0.509765625 0.4201388888888889 0.509765625 0.4097222222222222 0.51171875 0.40625
0 0.484375 0.3958333333333333 0.490234375 0.4027777777777778 0.490234375 0.4131944444444444 0.486328125 0.4236111111111111 0.482421875 0.4236111111111111 0.474609375 0.4166666666666667 0.4765625 0.3993055555555556 0.482421875 0.3958333333333333
0 0.5390625 0.6493055555555556 0.548828125 0.6493055555555556 0.552734375 0.65625 0.55078125 0.6701388888888888 0.54296875 0.6701388888888888 0.537109375 0.6631944444444444 0.537109375 0.65625 0.5390625 0.6527777777777778
0 0.62890625 0.4513888888888889 0.638671875 0.4513888888888889 0.642578125 0.4652777777777778 0.638671875 0.4756944444444444 0.62890625 0.4791666666666667 0.625 0.4652777777777778 0.62890625 0.4548611111111111
0 0.39453125 0.2986111111111111 0.39453125 0.2881944444444444 0.3984375 0.28125 0.404296875 0.28125 0.408203125 0.2881944444444444 0.408203125 0.2986111111111111 0.404296875 0.3055555555555556 0.396484375 0.2986111111111111
0 0.5 0.3402777777777778 0.509765625 0.3402777777777778 0.517578125 0.3472222222222222 0.517578125 0.3645833333333333 0.513671875 0.3715277777777778 0.5 0.3715277777777778 0.5 0.34375
1 0.689453125 0.3055555555555556 0.69921875 0.3229166666666667 0.701171875 0.3333333333333333 0.705078125 0.3402777777777778 0.705078125 0.3541666666666667 0.689453125 0.3541666666666667 0.685546875 0.3472222222222222 0.68359375 0.3333333333333333 0.6796875 0.3229166666666667 0.6796875 0.3159722222222222 0.6875 0.3090277777777778
1 0.39453125 0.2986111111111111 0.40234375 0.3055555555555556 0.40234375 0.3194444444444444 0.3984375 0.3333333333333333 0.3984375 0.34375 0.392578125 0.34375 0.384765625 0.3368055555555556 0.37890625 0.3368055555555556 0.380859375 0.3298611111111111 0.380859375 0.3194444444444444 0.388671875 0.3020833333333333 0.392578125 0.3020833333333333
1 0.646484375 0.46875 0.658203125 0.4826388888888889 0.666015625 0.5034722222222222 0.666015625 0.5104166666666666 0.65625 0.5243055555555556 0.650390625 0.5208333333333334 0.640625 0.4965277777777778 0.638671875 0.4791666666666667 0.640625 0.4722222222222222 0.64453125 0.46875
1 0.455078125 0.2673611111111111 0.4609375 0.2534722222222222 0.466796875 0.2534722222222222 0.474609375 0.2743055555555556 0.478515625 0.2777777777777778 0.48046875 0.2881944444444444 0.478515625 0.2916666666666667 0.46875 0.2916666666666667 0.466796875 0.2951388888888889 0.458984375 0.2847222222222222 0.45703125 0.2708333333333333
1 0.51953125 0.71875 0.517578125 0.7048611111111112 0.521484375 0.6875 0.53515625 0.6666666666666666 0.548828125 0.6666666666666666 0.548828125 0.6840277777777778 0.54296875 0.6979166666666666 0.5390625 0.6979166666666666 0.53515625 0.7048611111111112 0.533203125 0.71875 0.525390625 0.7256944444444444 0.521484375 0.71875
1 0.48828125 0.4270833333333333 0.490234375 0.4305555555555556 0.490234375 0.4479166666666667 0.482421875 0.4548611111111111 0.470703125 0.4722222222222222 0.458984375 0.4618055555555556 0.458984375 0.4548611111111111 0.462890625 0.4479166666666667 0.466796875 0.4305555555555556 0.47265625 0.4201388888888889 0.4765625 0.4236111111111111 0.484375 0.4236111111111111 0.486328125 0.4270833333333333
1 0.845703125 0.16319444444444445 0.845703125 0.18055555555555555 0.8515625 0.19444444444444445 0.8515625 0.2048611111111111 0.849609375 0.20833333333333334 0.84375 0.20833333333333334 0.83984375 0.2048611111111111 0.837890625 0.19444444444444445 0.828125 0.18055555555555555 0.828125 0.16666666666666666 0.8359375 0.1597222222222222 0.841796875 0.1597222222222222 0.84375 0.16319444444444445
1 0.41796875 0.16666666666666666 0.423828125 0.1736111111111111 0.423828125 0.18055555555555555 0.41796875 0.1909722222222222 0.416015625 0.2013888888888889 0.41015625 0.20833333333333334 0.40625 0.20833333333333334 0.400390625 0.2013888888888889 0.400390625 0.19444444444444445 0.40625 0.1840277777777778 0.40625 0.18055555555555555 0.416015625 0.1701388888888889
1 0.533203125 0.4166666666666667 0.533203125 0.4201388888888889 0.5390625 0.4270833333333333 0.5390625 0.4375 0.544921875 0.4513888888888889 0.544921875 0.4618055555555556 0.5390625 0.46875 0.533203125 0.46875 0.529296875 0.4548611111111111 0.515625 0.4340277777777778 0.515625 0.4305555555555556 0.52734375 0.4131944444444444 0.53125 0.4166666666666667
1 0.283203125 0.3680555555555556 0.28515625 0.3715277777777778 0.29296875 0.3715277777777778 0.296875 0.375 0.296875 0.3854166666666667 0.287109375 0.3958333333333333 0.287109375 0.4097222222222222 0.2890625 0.4131944444444444 0.287109375 0.4166666666666667 0.2734375 0.4166666666666667 0.2734375 0.3923611111111111 0.27734375 0.375 0.28125 0.3715277777777778
1 0.44140625 0.3402777777777778 0.447265625 0.3472222222222222 0.44921875 0.3541666666666667 0.44921875 0.3645833333333333 0.4375 0.3854166666666667 0.431640625 0.3819444444444444 0.423828125 0.3680555555555556 0.421875 0.3680555555555556 0.421875 0.3611111111111111 0.427734375 0.3506944444444444 0.427734375 0.3472222222222222 0.43359375 0.3402777777777778 0.439453125 0.3402777777777778
1 0.439453125 0.46875 0.44140625 0.4722222222222222 0.439453125 0.4826388888888889 0.435546875 0.4930555555555556 0.4296875 0.4965277777777778 0.42578125 0.5069444444444444 0.419921875 0.5069444444444444 0.416015625 0.4965277777777778 0.41015625 0.4930555555555556 0.41015625 0.4861111111111111 0.419921875 0.46875 0.427734375 0.4618055555555556 0.43359375 0.4618055555555556 0.4375 0.46875
1 0.447265625 0.2534722222222222 0.447265625 0.2604166666666667 0.44921875 0.2638888888888889 0.447265625 0.2777777777777778 0.435546875 0.2916666666666667 0.4296875 0.2916666666666667 0.427734375 0.2881944444444444 0.427734375 0.2777777777777778 0.439453125 0.2534722222222222 0.4453125 0.2534722222222222
1 0.30078125 0.4444444444444444 0.30859375 0.4513888888888889 0.306640625 0.4930555555555556 0.302734375 0.4965277777777778 0.29296875 0.4895833333333333 0.2890625 0.4826388888888889 0.2890625 0.4791666666666667 0.294921875 0.4722222222222222 0.294921875 0.4583333333333333 0.298828125 0.4479166666666667
1 0.69921875 0.05555555555555555 0.703125 0.05555555555555555 0.7109375 0.04861111111111111 0.716796875 0.0625 0.71484375 0.09375 0.712890625 0.09722222222222222 0.70703125 0.09722222222222222 0.705078125 0.09375 0.70703125 0.0763888888888889 0.69921875 0.059027777777777776
1 0.75390625 0.6666666666666666 0.771484375 0.6944444444444444 0.771484375 0.7013888888888888 0.7734375 0.7048611111111112 0.7734375 0.7222222222222222 0.771484375 0.7291666666666666 0.76953125 0.7326388888888888 0.763671875 0.7291666666666666 0.759765625 0.7152777777777778 0.755859375 0.7118055555555556 0.755859375 0.7083333333333334 0.74609375 0.6909722222222222 0.74609375 0.6805555555555556 0.748046875 0.6805555555555556 0.751953125 0.6701388888888888
1 0.462890625 0.375 0.46875 0.3819444444444444 0.470703125 0.3923611111111111 0.462890625 0.4027777777777778 0.462890625 0.4097222222222222 0.458984375 0.4201388888888889 0.4609375 0.4236111111111111 0.45703125 0.4236111111111111 0.44921875 0.4131944444444444 0.443359375 0.4097222222222222 0.44921875 0.3888888888888889 0.455078125 0.3784722222222222 0.4609375 0.375
1 0.408203125 0.09375 0.412109375 0.09722222222222222 0.412109375 0.11458333333333333 0.41015625 0.12152777777777778 0.400390625 0.13541666666666666 0.396484375 0.13541666666666666 0.390625 0.125 0.390625 0.12152777777777778 0.39453125 0.1076388888888889 0.400390625 0.09722222222222222 0.40625 0.09375
1 0.525390625 0.3645833333333333 0.529296875 0.3680555555555556 0.5390625 0.3888888888888889 0.537109375 0.3923611111111111 0.529296875 0.3923611111111111 0.52734375 0.3958333333333333 0.5234375 0.3958333333333333 0.515625 0.3888888888888889 0.509765625 0.3784722222222222 0.51171875 0.3680555555555556 0.515625 0.3611111111111111 0.521484375 0.3611111111111111 0.5234375 0.3645833333333333
1 0.64453125 0.12152777777777778 0.6484375 0.125 0.6484375 0.13541666666666666 0.646484375 0.1388888888888889 0.650390625 0.1527777777777778 0.650390625 0.16319444444444445 0.6484375 0.1701388888888889 0.64453125 0.1736111111111111 0.642578125 0.1701388888888889 0.63671875 0.1701388888888889 0.6328125 0.1597222222222222 0.6328125 0.1284722222222222 0.638671875 0.1284722222222222 0.642578125 0.125
1 0.509765625 0.4965277777777778 0.509765625 0.5 0.517578125 0.5104166666666666 0.517578125 0.53125 0.51953125 0.5347222222222222 0.51953125 0.5451388888888888 0.51171875 0.5520833333333334 0.505859375 0.5520833333333334 0.4921875 0.5243055555555556 0.4921875 0.5208333333333334 0.48828125 0.5173611111111112 0.490234375 0.5138888888888888 0.48828125 0.5034722222222222 0.494140625 0.5034722222222222 0.5 0.4930555555555556 0.505859375 0.4930555555555556 0.5078125 0.4965277777777778
2 0.484375 0.3958333333333333 0.48828125 0.3993055555555556 0.4921875 0.4097222222222222 0.490234375 0.4166666666666667 0.4921875 0.4444444444444444 0.48046875 0.4583333333333333 0.48046875 0.46875 0.482421875 0.4756944444444444 0.478515625 0.4930555555555556 0.478515625 0.5104166666666666 0.47265625 0.5208333333333334 0.46875 0.5208333333333334 0.458984375 0.5381944444444444 0.45703125 0.5451388888888888 0.458984375 0.5555555555555556 0.453125 0.5555555555555556 0.451171875 0.5520833333333334 0.451171875 0.5451388888888888 0.458984375 0.5208333333333334 0.458984375 0.4965277777777778 0.453125 0.4756944444444444 0.453125 0.4618055555555556 0.462890625 0.4444444444444444 0.46484375 0.4340277777777778 0.474609375 0.4131944444444444 0.4765625 0.3993055555555556 0.482421875 0.3958333333333333
2 0.6328125 0.10416666666666667 0.640625 0.10416666666666667 0.642578125 0.1076388888888889 0.642578125 0.11458333333333333 0.650390625 0.1284722222222222 0.650390625 0.13541666666666666 0.654296875 0.14583333333333334 0.654296875 0.15625 0.646484375 0.17708333333333334 0.646484375 0.23958333333333334 0.64453125 0.23958333333333334 0.640625 0.22916666666666666 0.634765625 0.22916666666666666 0.63671875 0.2222222222222222 0.63671875 0.2152777777777778 0.6328125 0.2048611111111111 0.6328125 0.17708333333333334 0.634765625 0.1701388888888889 0.6328125 0.16666666666666666 0.62890625 0.1701388888888889 0.62890625 0.16319444444444445 0.6328125 0.1527777777777778 0.6328125 0.13194444444444445 0.630859375 0.1284722222222222 0.630859375 0.1111111111111111 0.6328125 0.1076388888888889
2 0.513671875 0.34375 0.521484375 0.3611111111111111 0.529296875 0.3680555555555556 0.5390625 0.3854166666666667 0.5390625 0.4027777777777778 0.537109375 0.40625 0.537109375 0.4131944444444444 0.53125 0.4131944444444444 0.521484375 0.3958333333333333 0.515625 0.3958333333333333 0.5078125 0.4027777777777778 0.51171875 0.3958333333333333 0.51171875 0.3819444444444444 0.501953125 0.3680555555555556 0.5 0.3611111111111111 0.5 0.3472222222222222 0.501953125 0.34375 0.51171875 0.34375
2 0.75 0.6527777777777778 0.75390625 0.6666666666666666 0.771484375 0.6944444444444444 0.775390625 0.71875 0.771484375 0.7326388888888888 0.771484375 0.7465277777777778 0.76953125 0.7395833333333334 0.763671875 0.7465277777777778 0.763671875 0.7673611111111112 0.75390625 0.7673611111111112 0.751953125 0.7638888888888888 0.74609375 0.7743055555555556 0.74609375 0.7951388888888888 0.744140625 0.7986111111111112 0.732421875 0.7986111111111112 0.732421875 0.7951388888888888 0.740234375 0.7847222222222222 0.740234375 0.7326388888888888 0.74609375 0.7222222222222222 0.748046875 0.7222222222222222 0.75390625 0.7118055555555556 0.75390625 0.7083333333333334 0.7421875 0.6840277777777778 0.736328125 0.6840277777777778 0.734375 0.6875 0.734375 0.6666666666666666 0.740234375 0.6493055555555556 0.74609375 0.6493055555555556 0.748046875 0.6527777777777778
2 0.3984375 0.09722222222222222 0.400390625 0.09722222222222222 0.408203125 0.0798611111111111 0.4140625 0.0798611111111111 0.41796875 0.08680555555555555 0.412109375 0.1111111111111111 0.412109375 0.125 0.4140625 0.13194444444444445 0.412109375 0.1284722222222222 0.404296875 0.1284722222222222 0.400390625 0.1388888888888889 0.404296875 0.1527777777777778 0.404296875 0.16319444444444445 0.390625 0.1875 0.390625 0.1909722222222222 0.38671875 0.1909722222222222 0.384765625 0.1875 0.384765625 0.17708333333333334 0.380859375 0.1736111111111111 0.3671875 0.1840277777777778 0.359375 0.2013888888888889 0.357421875 0.19791666666666666 0.357421875 0.1909722222222222 0.361328125 0.18055555555555555 0.3671875 0.17708333333333334 0.380859375 0.1597222222222222 0.380859375 0.1423611111111111 0.38671875 0.13194444444444445 0.3984375 0.10069444444444445
2 0.40234375 0.28125 0.408203125 0.2881944444444444 0.408203125 0.2986111111111111 0.404296875 0.3055555555555556 0.404296875 0.3472222222222222 0.40625 0.3506944444444444 0.404296875 0.3506944444444444 0.40234375 0.3576388888888889 0.408203125 0.3715277777777778 0.41015625 0.3923611111111111 0.419921875 0.4131944444444444 0.421875 0.4270833333333333 0.41796875 0.4270833333333333 0.41796875 0.4201388888888889 0.412109375 0.4097222222222222 0.412109375 0.4027777777777778 0.396484375 0.3784722222222222 0.392578125 0.3784722222222222 0.390625 0.3819444444444444 0.390625 0.4097222222222222 0.38671875 0.4097222222222222 0.38671875 0.3819444444444444 0.384765625 0.3784722222222222 0.384765625 0.3715277777777778 0.3828125 0.3645833333333333 0.375 0.3541666666666667 0.375 0.3402777777777778 0.37890625 0.3333333333333333 0.3828125 0.3125 0.390625 0.2986111111111111 0.392578125 0.2986111111111111 0.39453125 0.2951388888888889 0.39453125 0.2881944444444444 0.400390625 0.28125
2 0.470703125 0.3541666666666667 0.474609375 0.3576388888888889 0.474609375 0.375 0.47265625 0.3784722222222222 0.4765625 0.3854166666666667 0.48828125 0.3854166666666667 0.474609375 0.3888888888888889 0.462890625 0.4027777777777778 0.462890625 0.4097222222222222 0.4609375 0.4131944444444444 0.462890625 0.4409722222222222 0.45703125 0.4548611111111111 0.453125 0.4548611111111111 0.4453125 0.4409722222222222 0.4375 0.4340277777777778 0.4375 0.4166666666666667 0.4453125 0.4027777777777778 0.44921875 0.3888888888888889 0.4609375 0.3680555555555556 0.4609375 0.3611111111111111 0.46875 0.3541666666666667
2 0.505859375 0.4930555555555556 0.51953125 0.5104166666666666 0.51953125 0.5347222222222222 0.525390625 0.5451388888888888 0.525390625 0.5555555555555556 0.529296875 0.5729166666666666 0.546875 0.6006944444444444 0.556640625 0.6076388888888888 0.556640625 0.6180555555555556 0.55078125 0.6284722222222222 0.548828125 0.6284722222222222 0.546875 0.6145833333333334 0.541015625 0.6041666666666666 0.537109375 0.6041666666666666 0.533203125 0.5972222222222222 0.5234375 0.5902777777777778 0.517578125 0.5798611111111112 0.515625 0.5798611111111112 0.51171875 0.5694444444444444 0.509765625 0.5694444444444444 0.5078125 0.5763888888888888 0.517578125 0.6006944444444444 0.51171875 0.6076388888888888 0.50390625 0.6076388888888888 0.505859375 0.6006944444444444 0.505859375 0.5902777777777778 0.49609375 0.5729166666666666 0.494140625 0.5729166666666666 0.4921875 0.5659722222222222 0.49609375 0.5520833333333334 0.498046875 0.5520833333333334 0.501953125 0.5416666666666666 0.49609375 0.53125 0.4921875 0.53125 0.48828125 0.5381944444444444 0.484375 0.5381944444444444 0.484375 0.5208333333333334 0.48828125 0.5138888888888888 0.48828125 0.5 0.486328125 0.4965277777777778 0.48828125 0.4791666666666667 0.490234375 0.4756944444444444 0.49609375 0.4756944444444444 0.50390625 0.4930555555555556
2 0.30078125 0.4236111111111111 0.306640625 0.4201388888888889 0.310546875 0.4236111111111111 0.314453125 0.4340277777777778 0.310546875 0.4444444444444444 0.30859375 0.46875 0.306640625 0.4722222222222222 0.30859375 0.5034722222222222 0.3125 0.5138888888888888 0.3125 0.5208333333333334 0.3046875 0.53125 0.310546875 0.5416666666666666 0.30859375 0.5451388888888888 0.296875 0.5451388888888888 0.287109375 0.5625 0.2890625 0.5729166666666666 0.28125 0.5729166666666666 0.28125 0.5625 0.28515625 0.5555555555555556 0.28515625 0.5486111111111112 0.29296875 0.5277777777777778 0.291015625 0.5104166666666666 0.2890625 0.5034722222222222 0.283203125 0.4965277777777778 0.283203125 0.4895833333333333 0.2890625 0.4791666666666667 0.2890625 0.4756944444444444 0.294921875 0.46875 0.294921875 0.4583333333333333 0.298828125 0.4444444444444444 0.298828125 0.4305555555555556 0.30078125 0.4270833333333333
2 0.451171875 0.2361111111111111 0.451171875 0.2708333333333333 0.453125 0.2743055555555556 0.451171875 0.2777777777777778 0.451171875 0.2847222222222222 0.44921875 0.2881944444444444 0.44140625 0.2847222222222222 0.435546875 0.2916666666666667 0.443359375 0.3194444444444444 0.435546875 0.3333333333333333 0.4296875 0.3368055555555556 0.42578125 0.34375 0.423828125 0.34375 0.421875 0.3368055555555556 0.431640625 0.3229166666666667 0.43359375 0.3159722222222222 0.431640625 0.3090277777777778 0.427734375 0.3090277777777778 0.419921875 0.3159722222222222 0.412109375 0.3159722222222222 0.41015625 0.3194444444444444 0.40625 0.3159722222222222 0.4140625 0.3055555555555556 0.4140625 0.2881944444444444 0.423828125 0.28125 0.4296875 0.2708333333333333 0.431640625 0.2708333333333333 0.435546875 0.2569444444444444 0.439453125 0.2534722222222222 0.443359375 0.2361111111111111 0.44921875 0.2361111111111111
2 0.447265625 0.4513888888888889 0.447265625 0.4618055555555556 0.439453125 0.4826388888888889 0.4375 0.4965277777777778 0.44140625 0.5034722222222222 0.44140625 0.5138888888888888 0.439453125 0.5173611111111112 0.439453125 0.5243055555555556 0.44140625 0.5277777777777778 0.44140625 0.5451388888888888 0.44921875 0.5694444444444444 0.447265625 0.5729166666666666 0.439453125 0.5729166666666666 0.439453125 0.5520833333333334 0.43359375 0.5451388888888888 0.4296875 0.5555555555555556 0.4296875 0.5798611111111112 0.43359375 0.5902777777777778 0.431640625 0.5972222222222222 0.421875 0.59375 0.421875 0.5833333333333334 0.423828125 0.5798611111111112 0.423828125 0.5451388888888888 0.40625 0.5104166666666666 0.404296875 0.4965277777777778 0.419921875 0.46875 0.42578125 0.4652777777777778 0.435546875 0.4444444444444444 0.44140625 0.4444444444444444 0.4453125 0.4513888888888889
2 0.427734375 0.4444444444444444 0.423828125 0.4131944444444444 0.41796875 0.40625 0.412109375 0.3923611111111111 0.412109375 0.3715277777777778 0.421875 0.3611111111111111 0.4296875 0.34375 0.435546875 0.3402777777777778 0.443359375 0.3263888888888889 0.44921875 0.3263888888888889 0.453125 0.3333333333333333 0.451171875 0.3645833333333333 0.453125 0.3680555555555556 0.45703125 0.3680555555555556 0.45703125 0.3715277777777778 0.4453125 0.3715277777777778 0.443359375 0.375 0.439453125 0.3854166666666667 0.439453125 0.3923611111111111 0.443359375 0.4027777777777778 0.43359375 0.4201388888888889 0.431640625 0.4409722222222222 0.4296875 0.4444444444444444
2 0.390625 0.21875 0.390625 0.2152777777777778 0.400390625 0.19791666666666666 0.40625 0.18055555555555555 0.41796875 0.16319444444444445 0.41796875 0.15625 0.419921875 0.1527777777777778 0.42578125 0.1527777777777778 0.4296875 0.16319444444444445 0.427734375 0.16666666666666666 0.427734375 0.1736111111111111 0.416015625 0.19791666666666666 0.416015625 0.20833333333333334 0.419921875 0.21875 0.41796875 0.22569444444444445 0.416015625 0.22569444444444445 0.41015625 0.2361111111111111 0.41015625 0.25 0.40625 0.25 0.40234375 0.24305555555555555 0.396484375 0.24305555555555555 0.388671875 0.25 0.3828125 0.2604166666666667 0.37890625 0.2604166666666667 0.37890625 0.2534722222222222 0.39453125 0.22916666666666666 0.39453125 0.2222222222222222 0.392578125 0.21875
2 0.29296875 0.3472222222222222 0.296875 0.3576388888888889 0.296875 0.3645833333333333 0.294921875 0.3680555555555556 0.296875 0.3715277777777778 0.296875 0.3819444444444444 0.30078125 0.3888888888888889 0.306640625 0.3923611111111111 0.310546875 0.3993055555555556 0.310546875 0.40625 0.294921875 0.4097222222222222 0.291015625 0.4166666666666667 0.296875 0.4375 0.296875 0.4479166666666667 0.29296875 0.4583333333333333 0.29296875 0.4722222222222222 0.291015625 0.4756944444444444 0.287109375 0.4756944444444444 0.287109375 0.4513888888888889 0.283203125 0.4479166666666667 0.283203125 0.4444444444444444 0.279296875 0.4409722222222222 0.271484375 0.4236111111111111 0.2734375 0.4201388888888889 0.2734375 0.3923611111111111 0.27734375 0.375 0.28125 0.3680555555555556 0.28125 0.3506944444444444 0.287109375 0.34375 0.291015625 0.3472222222222222
2 0.70703125 0.03125 0.708984375 0.04513888888888889 0.712890625 0.04861111111111111 0.71875 0.06944444444444445 0.71875 0.09722222222222222 0.712890625 0.11805555555555555 0.712890625 0.16319444444444445 0.708984375 0.16319444444444445 0.70703125 0.15625 0.705078125 0.1597222222222222 0.697265625 0.1597222222222222 0.697265625 0.15625 0.701171875 0.1527777777777778 0.701171875 0.10416666666666667 0.703125 0.10069444444444445 0.705078125 0.0798611111111111 0.703125 0.0763888888888889 0.697265625 0.08680555555555555 0.697265625 0.09027777777777778 0.693359375 0.09027777777777778 0.693359375 0.08333333333333333 0.69921875 0.0763888888888889 0.69921875 0.06944444444444445 0.701171875 0.06597222222222222 0.697265625 0.052083333333333336 0.697265625 0.034722222222222224 0.69921875 0.03125 0.705078125 0.03125
2 0.51171875 0.4027777777777778 0.515625 0.3993055555555556 0.521484375 0.3993055555555556 0.5390625 0.4270833333333333 0.5390625 0.4340277777777778 0.55078125 0.46875 0.548828125 0.4826388888888889 0.55078125 0.4861111111111111 0.552734375 0.5034722222222222 0.560546875 0.5173611111111112 0.564453125 0.5277777777777778 0.564453125 0.5347222222222222 0.568359375 0.5416666666666666 0.568359375 0.5486111111111112 0.564453125 0.5590277777777778 0.560546875 0.5520833333333334 0.55859375 0.5381944444444444 0.544921875 0.5173611111111112 0.53515625 0.5069444444444444 0.53515625 0.4930555555555556 0.529296875 0.4652777777777778 0.525390625 0.4756944444444444 0.525390625 0.4930555555555556 0.5234375 0.5 0.51953125 0.4965277777777778 0.51953125 0.4826388888888889 0.5234375 0.46875 0.5234375 0.4583333333333333 0.517578125 0.4444444444444444 0.51171875 0.4444444444444444 0.513671875 0.4409722222222222 0.513671875 0.4305555555555556 0.509765625 0.4236111111111111 0.509765625 0.4097222222222222 0.51171875 0.40625
2 0.83203125 0.1388888888888889 0.837890625 0.14583333333333334 0.837890625 0.1527777777777778 0.8515625 0.18055555555555555 0.85546875 0.19791666666666666 0.85546875 0.22569444444444445 0.853515625 0.2222222222222222 0.849609375 0.2222222222222222 0.84765625 0.22569444444444445 0.84765625 0.2708333333333333 0.841796875 0.28125 0.8359375 0.28125 0.8359375 0.2743055555555556 0.83984375 0.2673611111111111 0.83984375 0.22916666666666666 0.837890625 0.22569444444444445 0.83984375 0.2013888888888889 0.83203125 0.1875 0.828125 0.1909722222222222 0.82421875 0.1840277777777778 0.82421875 0.17708333333333334 0.822265625 0.1736111111111111 0.82421875 0.16666666666666666 0.82421875 0.14930555555555555 0.830078125 0.1423611111111111
2 0.62890625 0.4513888888888889 0.638671875 0.4513888888888889 0.646484375 0.46875 0.66015625 0.4861111111111111 0.666015625 0.5034722222222222 0.6640625 0.5416666666666666 0.66796875 0.5486111111111112 0.673828125 0.5486111111111112 0.677734375 0.5659722222222222 0.677734375 0.5729166666666666 0.669921875 0.5763888888888888 0.66015625 0.5590277777777778 0.6484375 0.5555555555555556 0.64453125 0.5486111111111112 0.64453125 0.53125 0.6484375 0.5243055555555556 0.6484375 0.5173611111111112 0.640625 0.5 0.638671875 0.4861111111111111 0.626953125 0.4756944444444444 0.626953125 0.4583333333333333 0.62890625 0.4548611111111111
2 0.458984375 0.2465277777777778 0.46484375 0.25 0.47265625 0.2638888888888889 0.482421875 0.2743055555555556 0.482421875 0.28125 0.48828125 0.2986111111111111 0.486328125 0.3229166666666667 0.498046875 0.3402777777777778 0.498046875 0.34375 0.4921875 0.34375 0.48828125 0.3368055555555556 0.484375 0.3368055555555556 0.478515625 0.3298611111111111 0.470703125 0.3159722222222222 0.46484375 0.3229166666666667 0.46875 0.3368055555555556 0.46484375 0.3368055555555556 0.4609375 0.3298611111111111 0.45703125 0.3298611111111111 0.455078125 0.3263888888888889 0.455078125 0.3159722222222222 0.4609375 0.2986111111111111 0.4609375 0.2916666666666667 0.45703125 0.28125 0.453125 0.2569444444444444 0.458984375 0.25
2 0.5390625 0.6493055555555556 0.548828125 0.6493055555555556 0.552734375 0.6597222222222222 0.55078125 0.6666666666666666 0.55078125 0.6805555555555556 0.546875 0.6875 0.546875 0.6944444444444444 0.544921875 0.6979166666666666 0.544921875 0.7048611111111112 0.55078125 0.7118055555555556 0.55078125 0.7222222222222222 0.544921875 0.7222222222222222 0.54296875 0.71875 0.537109375 0.7256944444444444 0.5390625 0.7430555555555556 0.537109375 0.75 0.53125 0.7534722222222222 0.525390625 0.7638888888888888 0.525390625 0.7743055555555556 0.52734375 0.78125 0.5234375 0.7847222222222222 0.515625 0.7777777777777778 0.515625 0.7708333333333334 0.521484375 0.7569444444444444 0.51953125 0.75 0.513671875 0.7604166666666666 0.505859375 0.7673611111111112 0.5 0.7673611111111112 0.494140625 0.7743055555555556 0.48828125 0.7743055555555556 0.484375 0.7777777777777778 0.48046875 0.7881944444444444 0.4765625 0.7847222222222222 0.4765625 0.7743055555555556 0.478515625 0.7708333333333334 0.50390625 0.7534722222222222 0.51171875 0.7256944444444444 0.51171875 0.7152777777777778 0.51953125 0.7013888888888888 0.51953125 0.6770833333333334 0.52734375 0.6770833333333334 0.533203125 0.6701388888888888 0.5390625 0.6527777777777778
2 0.67578125 0.2916666666666667 0.68359375 0.2916666666666667 0.69921875 0.3229166666666667 0.701171875 0.3333333333333333 0.708984375 0.3506944444444444 0.708984375 0.3715277777777778 0.70703125 0.3680555555555556 0.703125 0.3680555555555556 0.693359375 0.3819444444444444 0.693359375 0.3923611111111111 0.69921875 0.4201388888888889 0.697265625 0.4236111111111111 0.685546875 0.4236111111111111 0.69140625 0.4166666666666667 0.69140625 0.40625 0.68359375 0.3958333333333333 0.685546875 0.3888888888888889 0.6796875 0.3715277777777778 0.6796875 0.3541666666666667 0.68359375 0.34375 0.68359375 0.3368055555555556 0.6796875 0.3194444444444444 0.67578125 0.3159722222222222 0.673828125 0.3090277777777778 0.673828125 0.2986111111111111 0.67578125 0.2951388888888889