0 0.568359375 0.3090277777777778 0.572265625 0.3194444444444444 0.572265625 0.3298611111111111 0.57421875 0.3333333333333333 0.57421875 0.3402777777777778 0.568359375 0.3472222222222222 0.546875 0.3472222222222222 0.546875 0.3159722222222222 0.5546875 0.3055555555555556 0.564453125 0.3055555555555556 0.56640625 0.3090277777777778
0 0.087890625 0.14583333333333334 0.095703125 0.1527777777777778 0.1015625 0.1736111111111111 0.1015625 0.19791666666666666 0.095703125 0.20833333333333334 0.091796875 0.20833333333333334 0.078125 0.19791666666666666 0.072265625 0.1909722222222222 0.068359375 0.18055555555555555 0.0703125 0.15625 0.07421875 0.14930555555555555 0.0859375 0.14583333333333334
0 0.36328125 0.23958333333333334 0.369140625 0.25 0.369140625 0.2743055555555556 0.36328125 0.2743055555555556 0.361328125 0.28125 0.353515625 0.2916666666666667 0.34375 0.2743055555555556 0.337890625 0.2708333333333333 0.337890625 0.2604166666666667 0.341796875 0.24305555555555555 0.345703125 0.2361111111111111 0.359375 0.2361111111111111 0.361328125 0.23958333333333334
0 0.5234375 0.34375 0.52734375 0.3472222222222222 0.529296875 0.3541666666666667 0.529296875 0.3680555555555556 0.51953125 0.3888888888888889 0.509765625 0.3993055555555556 0.5078125 0.3993055555555556 0.505859375 0.3923611111111111 0.50390625 0.3611111111111111 0.51171875 0.34375 0.521484375 0.34375
0 0.14140625 0.06666666666666667 0.030729166666666665 0.06296296296296296
0 0 0.16319444444444445 0.005859375 0.16666666666666666 0.01171875 0.17708333333333334 0.01171875 0.1840277777777778 0.013671875 0.1875 0.013671875 0.20833333333333334 0.01171875 0.21180555555555555 0 0.21180555555555555 0 0.16666666666666666
0 0.609375 0.3819444444444444 0.61328125 0.3888888888888889 0.6171875 0.4027777777777778 0.6171875 0.4097222222222222 0.611328125 0.4201388888888889 0.609375 0.4201388888888889 0.603515625 0.4305555555555556 0.603515625 0.4340277777777778 0.59765625 0.4340277777777778 0.59375 0.4270833333333333 0.58984375 0.4097222222222222 0.58984375 0.3993055555555556 0.59765625 0.3819444444444444 0.607421875 0.3819444444444444
1 0.0703125 0.1909722222222222 0.078125 0.19791666666666666 0.083984375 0.20833333333333334 0.091796875 0.21180555555555555 0.095703125 0.2222222222222222 0.095703125 0.2604166666666667 0.09375 0.2638888888888889 0.095703125 0.2673611111111111 0.095703125 0.2847222222222222 0.08984375 0.3090277777777778 0.080078125 0.3020833333333333 0.0703125 0.3020833333333333 0.0546875 0.2916666666666667 0.056640625 0.2847222222222222 0.056640625 0.2569444444444444 0.06640625 0.2361111111111111 0.06640625 0.22916666666666666 0.0625 0.2222222222222222 0.056640625 0.2222222222222222 0.052734375 0.22569444444444445 0.05078125 0.2222222222222222 0.05078125 0.2048611111111111 0.05859375 0.19444444444444445 0.064453125 0.19444444444444445 0.068359375 0.1909722222222222
1 0.126953125 0.0798611111111111 0.130859375 0.08333333333333333 0.1328125 0.09027777777777778 0.140625 0.09722222222222222 0.154296875 0.09722222222222222 0.158203125 0.1111111111111111 0.158203125 0.14930555555555555 0.15625 0.1527777777777778 0.158203125 0.1597222222222222 0.158203125 0.2013888888888889 0.15625 0.2048611111111111 0.13671875 0.2048611111111111 0.134765625 0.21180555555555555 0.12890625 0.2013888888888889 0.12890625 0.19444444444444445 0.125 0.1840277777777778 0.125 0.14930555555555555 0.12890625 0.1388888888888889 0.130859375 0.125 0.123046875 0.11458333333333333 0.119140625 0.11805555555555555 0.111328125 0.11805555555555555 0.111328125 0.10069444444444445 0.11328125 0.09375 0.1171875 0.08680555555555555 0.125 0.08333333333333333
1 0 0.2152777777777778 0.01171875 0.2152777777777778 0.013671875 0.21875 0.013671875 0.2361111111111111 0.015625 0.23958333333333334 0.015625 0.2465277777777778 0.0078125 0.2708333333333333 0.005859375 0.3020833333333333 0 0.3020833333333333 0 0.21875
1 0.556640625 0.3541666666666667 0.56640625 0.3611111111111111 0.576171875 0.3611111111111111 0.5859375 0.3715277777777778 0.5859375 0.3923611111111111 0.58203125 0.4027777777777778 0.580078125 0.4236111111111111 0.572265625 0.4375 0.56640625 0.4583333333333333 0.53125 0.4548611111111111 0.529296875 0.4513888888888889 0.529296875 0.4444444444444444 0.53125 0.4409722222222222 0.53125 0.4236111111111111 0.533203125 0.4201388888888889 0.533203125 0.4027777777777778 0.53515625 0.3993055555555556 0.53515625 0.3715277777777778 0.533203125 0.3680555555555556 0.533203125 0.3611111111111111 0.53515625 0.3611111111111111 0.5390625 0.3506944444444444 0.548828125 0.3506944444444444 0.55078125 0.3541666666666667 0.5546875 0.3541666666666667
1 0.326171875 0.2777777777777778 0.33203125 0.2708333333333333 0.337890625 0.2708333333333333 0.353515625 0.2951388888888889 0.35546875 0.2951388888888889 0.357421875 0.3020833333333333 0.357421875 0.3125 0.35546875 0.3159722222222222 0.35546875 0.3541666666666667 0.357421875 0.3576388888888889 0.357421875 0.3680555555555556 0.34765625 0.3854166666666667 0.34375 0.3854166666666667 0.341796875 0.3819444444444444 0.3359375 0.3611111111111111 0.341796875 0.3541666666666667 0.34375 0.34375 0.34765625 0.3368055555555556 0.34765625 0.3194444444444444 0.337890625 0.3125 0.33203125 0.3194444444444444 0.326171875 0.3402777777777778 0.326171875 0.3784722222222222 0.3203125 0.3784722222222222 0.31640625 0.375 0.31640625 0.3506944444444444 0.318359375 0.3472222222222222 0.3203125 0.3055555555555556 0.322265625 0.3020833333333333 0.322265625 0.2916666666666667 0.326171875 0.28125
1 0.630859375 0.4027777777777778 0.638671875 0.4131944444444444 0.638671875 0.4236111111111111 0.642578125 0.4340277777777778 0.64453125 0.4513888888888889 0.6484375 0.4583333333333333 0.65234375 0.4583333333333333 0.658203125 0.4652777777777778 0.6640625 0.4861111111111111 0.662109375 0.4895833333333333 0.662109375 0.5208333333333334 0.66015625 0.5243055555555556 0.65234375 0.5243055555555556 0.64453125 0.5347222222222222 0.62890625 0.5347222222222222 0.626953125 0.53125 0.623046875 0.53125 0.615234375 0.5034722222222222 0.615234375 0.4930555555555556 0.611328125 0.4756944444444444 0.60546875 0.4652777777777778 0.599609375 0.4652777777777778 0.59765625 0.46875 0.59375 0.4618055555555556 0.59375 0.4479166666666667 0.595703125 0.4444444444444444 0.603515625 0.4375 0.61328125 0.4166666666666667 0.62890625 0.4027777777777778
2 0.564453125 0.3055555555555556 0.572265625 0.3194444444444444 0.572265625 0.3298611111111111 0.57421875 0.3333333333333333 0.57421875 0.3541666666666667 0.5859375 0.3715277777777778 0.5859375 0.3958333333333333 0.58203125 0.4027777777777778 0.58203125 0.4131944444444444 0.580078125 0.4166666666666667 0.578125 0.4375 0.57421875 0.4375 0.5703125 0.4444444444444444 0.5703125 0.4513888888888889 0.568359375 0.4548611111111111 0.568359375 0.4618055555555556 0.583984375 0.4826388888888889 0.583984375 0.4895833333333333 0.587890625 0.5034722222222222 0.5859375 0.5104166666666666 0.5859375 0.5381944444444444 0.58203125 0.5520833333333334 0.58203125 0.5902777777777778 0.587890625 0.5972222222222222 0.58203125 0.6041666666666666 0.576171875 0.6041666666666666 0.57421875 0.6076388888888888 0.5703125 0.6041666666666666 0.5703125 0.5833333333333334 0.57421875 0.5659722222222222 0.57421875 0.5590277777777778 0.5703125 0.5486111111111112 0.5703125 0.5277777777777778 0.572265625 0.5243055555555556 0.572265625 0.5104166666666666 0.5703125 0.5069444444444444 0.5625 0.5069444444444444 0.55859375 0.5138888888888888 0.55859375 0.5208333333333334 0.556640625 0.5243055555555556 0.556640625 0.5451388888888888 0.564453125 0.5520833333333334 0.564453125 0.5625 0.56640625 0.5659722222222222 0.56640625 0.5729166666666666 0.5625 0.5763888888888888 0.541015625 0.5763888888888888 0.53515625 0.5625 0.53125 0.5347222222222222 0.51953125 0.5243055555555556 0.517578125 0.5173611111111112 0.51171875 0.5173611111111112 0.501953125 0.5277777777777778 0.501953125 0.5798611111111112 0.50390625 0.5833333333333334 0.50390625 0.6006944444444444 0.501953125 0.6041666666666666 0.474609375 0.6041666666666666 0.47265625 0.6006944444444444 0.48828125 0.5868055555555556 0.4921875 0.5729166666666666 0.4921875 0.5555555555555556 0.48828125 0.5486111111111112 0.482421875 0.5520833333333334 0.47265625 0.5694444444444444 0.470703125 0.5798611111111112 0.466796875 0.5868055555555556 0.46875 0.6006944444444444 0.4609375 0.5972222222222222 0.458984375 0.5902777777777778 0.4609375 0.5868055555555556 0.462890625 0.5694444444444444 0.47265625 0.5486111111111112 0.4765625 0.5347222222222222 0.486328125 0.5173611111111112 0.48828125 0.4930555555555556 0.49609375 0.4861111111111111 0.501953125 0.4861111111111111 0.525390625 0.4618055555555556 0.529296875 0.4444444444444444 0.529296875 0.4270833333333333 0.53125 0.4236111111111111 0.53125 0.4131944444444444 0.529296875 0.4097222222222222 0.53125 0.4027777777777778 0.5234375 0.3923611111111111 0.529296875 0.3784722222222222 0.53125 0.3611111111111111 0.5390625 0.3506944444444444 0.54296875 0.3506944444444444 0.546875 0.34375 0.546875 0.3194444444444444 0.552734375 0.3090277777777778 0.556640625 0.3055555555555556 0.5625 0.3055555555555556
2 0.166015625 0.22916666666666666 0.16796875 0.2326388888888889 0.169921875 0.2569444444444444 0.162109375 0.28125 0.15234375 0.2916666666666667 0.146484375 0.3020833333333333 0.146484375 0.3229166666666667 0.14453125 0.3263888888888889 0.14453125 0.3541666666666667 0.146484375 0.3611111111111111 0.15625 0.3715277777777778 0.16015625 0.3715277777777778 0.162109375 0.3784722222222222 0.16015625 0.3819444444444444 0.15234375 0.3819444444444444 0.150390625 0.3854166666666667 0.134765625 0.3819444444444444 0.130859375 0.375 0.130859375 0.3645833333333333 0.1328125 0.3576388888888889 0.125 0.3472222222222222 0.1328125 0.3368055555555556 0.1328125 0.3125 0.130859375 0.3090277777777778 0.130859375 0.2569444444444444 0.123046875 0.24305555555555555 0.12109375 0.2048611111111111 0.11328125 0.1840277777777778 0.109375 0.14930555555555555 0.111328125 0.14583333333333334 0.111328125 0.09722222222222222 0.1171875 0.08680555555555555 0.126953125 0.0763888888888889 0.126953125 0.052083333333333336 0.1328125 0.03819444444444445 0.146484375 0.03819444444444445 0.15234375 0.04861111111111111 0.15625 0.06597222222222222 0.154296875 0.10069444444444445 0.158203125 0.1111111111111111 0.158203125 0.14583333333333334 0.166015625 0.1736111111111111 0.169921875 0.18055555555555555 0.173828125 0.18055555555555555 0.1796875 0.2048611111111111 0.1796875 0.21875 0.173828125 0.2152777777777778 0.169921875 0.20833333333333334 0.16796875 0.19444444444444445 0.162109375 0.1875 0.16015625 0.1909722222222222 0.16015625 0.21875 0.1640625 0.22916666666666666
2 0.0859375 0.14583333333333334 0.087890625 0.14930555555555555 0.091796875 0.14930555555555555 0.09765625 0.1597222222222222 0.1015625 0.1736111111111111 0.1015625 0.19791666666666666 0.095703125 0.20833333333333334 0.095703125 0.2534722222222222 0.099609375 0.2673611111111111 0.111328125 0.2847222222222222 0.12109375 0.2916666666666667 0.12890625 0.3125 0.126953125 0.3368055555555556 0.123046875 0.3368055555555556 0.115234375 0.3055555555555556 0.109375 0.2951388888888889 0.1015625 0.2881944444444444 0.095703125 0.2881944444444444 0.08984375 0.3055555555555556 0.08984375 0.3229166666666667 0.09375 0.3368055555555556 0.09375 0.3680555555555556 0.095703125 0.3715277777777778 0.095703125 0.4027777777777778 0.091796875 0.4166666666666667 0.08984375 0.4722222222222222 0.095703125 0.4861111111111111 0.1015625 0.4861111111111111 0.109375 0.4930555555555556 0.107421875 0.5 0.09375 0.5 0.091796875 0.5034722222222222 0.08984375 0.5 0.080078125 0.5 0.078125 0.4965277777777778 0.078125 0.4826388888888889 0.08203125 0.46875 0.080078125 0.4652777777777778 0.080078125 0.4409722222222222 0.07421875 0.4166666666666667 0.068359375 0.4236111111111111 0.05859375 0.4236111111111111 0.056640625 0.4270833333333333 0.05078125 0.4270833333333333 0.044921875 0.4340277777777778 0.037109375 0.4513888888888889 0.037109375 0.4583333333333333 0.03515625 0.4618055555555556 0.037109375 0.4756944444444444 0.03515625 0.4791666666666667 0.03125 0.4722222222222222 0.025390625 0.4479166666666667 0.025390625 0.4305555555555556 0.02734375 0.4270833333333333 0.0390625 0.4270833333333333 0.052734375 0.4027777777777778 0.06640625 0.3888888888888889 0.06640625 0.3784722222222222 0.05859375 0.3506944444444444 0.05859375 0.3333333333333333 0.0546875 0.3263888888888889 0.05078125 0.3263888888888889 0.048828125 0.3298611111111111 0.04296875 0.3263888888888889 0.041015625 0.2881944444444444 0.03515625 0.2743055555555556 0.03515625 0.2604166666666667 0.0390625 0.2465277777777778 0.041015625 0.2465277777777778 0.05078125 0.22916666666666666 0.05078125 0.2048611111111111 0.0546875 0.19791666666666666 0.0625 0.19444444444444445 0.068359375 0.1875 0.068359375 0.16666666666666666 0.0703125 0.16319444444444445 0.0703125 0.15625 0.07421875 0.14930555555555555 0.080078125 0.14930555555555555 0.083984375 0.14583333333333334
2 0.63671875 0.4097222222222222 0.638671875 0.4131944444444444 0.638671875 0.4236111111111111 0.642578125 0.4340277777777778 0.642578125 0.4409722222222222 0.650390625 0.4583333333333333 0.693359375 0.46875 0.705078125 0.4791666666666667 0.708984375 0.4895833333333333 0.705078125 0.4965277777777778 0.69921875 0.4965277777777778 0.697265625 0.5 0.693359375 0.5 0.69140625 0.4965277777777778 0.677734375 0.5 0.673828125 0.5104166666666666 0.669921875 0.5138888888888888 0.669921875 0.5277777777777778 0.66015625 0.5416666666666666 0.63671875 0.5416666666666666 0.62890625 0.5347222222222222 0.623046875 0.5347222222222222 0.615234375 0.5243055555555556 0.611328125 0.53125 0.607421875 0.5451388888888888 0.607421875 0.5520833333333334 0.603515625 0.5625 0.59765625 0.5590277777777778 0.59765625 0.5520833333333334 0.595703125 0.5486111111111112 0.599609375 0.5381944444444444 0.599609375 0.5 0.59765625 0.4965277777777778 0.59765625 0.4791666666666667 0.59375 0.46875 0.591796875 0.4548611111111111 0.59765625 0.4375 0.591796875 0.4201388888888889 0.58984375 0.3993055555555556 0.595703125 0.3854166666666667 0.599609375 0.3819444444444444 0.609375 0.3819444444444444 0.619140625 0.40625 0.630859375 0.4027777777777778 0.634765625 0.4097222222222222
2 0.36328125 0.23958333333333334 0.369140625 0.25 0.369140625 0.2743055555555556 0.365234375 0.2743055555555556 0.357421875 0.2951388888888889 0.35546875 0.34375 0.357421875 0.3472222222222222 0.357421875 0.3576388888888889 0.359375 0.3645833333333333 0.369140625 0.375 0.373046875 0.3854166666666667 0.373046875 0.3923611111111111 0.365234375 0.3923611111111111 0.361328125 0.3854166666666667 0.357421875 0.3854166666666667 0.35546875 0.3923611111111111 0.36328125 0.4166666666666667 0.365234375 0.4340277777777778 0.369140625 0.4444444444444444 0.369140625 0.4652777777777778 0.365234375 0.4756944444444444 0.365234375 0.4930555555555556 0.36328125 0.4965277777777778 0.36328125 0.5104166666666666 0.359375 0.5277777777777778 0.36328125 0.5451388888888888 0.369140625 0.5555555555555556 0.37109375 0.5555555555555556 0.37109375 0.5625 0.34375 0.5625 0.34375 0.5486111111111112 0.34765625 0.5381944444444444 0.34765625 0.5138888888888888 0.349609375 0.5104166666666666 0.34765625 0.5069444444444444 0.349609375 0.5 0.349609375 0.4791666666666667 0.34765625 0.4756944444444444 0.345703125 0.4756944444444444 0.328125 0.5069444444444444 0.328125 0.5208333333333334 0.32421875 0.5277777777777778 0.314453125 0.5277777777777778 0.310546875 0.5243055555555556 0.30859375 0.5173611111111112 0.30859375 0.5069444444444444 0.310546875 0.5 0.318359375 0.4930555555555556 0.3203125 0.4861111111111111 0.326171875 0.4791666666666667 0.328125 0.46875 0.33984375 0.4444444444444444 0.330078125 0.4270833333333333 0.322265625 0.4201388888888889 0.314453125 0.3993055555555556 0.314453125 0.3680555555555556 0.31640625 0.3645833333333333 0.31640625 0.3506944444444444 0.318359375 0.3472222222222222 0.318359375 0.3263888888888889 0.3203125 0.3229166666666667 0.322265625 0.2916666666666667 0.326171875 0.2777777777777778 0.337890625 0.2638888888888889 0.33984375 0.25 0.345703125 0.2361111111111111 0.359375 0.2361111111111111 0.361328125 0.23958333333333334
2 0 0.16319444444444445 0.005859375 0.16666666666666666 0.01171875 0.17708333333333334 0.01171875 0.1840277777777778 0.013671875 0.1875 0.013671875 0.2326388888888889 0.015625 0.23958333333333334 0.025390625 0.25 0.033203125 0.25 0.03515625 0.2534722222222222 0.033203125 0.2673611111111111 0.029296875 0.2708333333333333 0.025390625 0.2673611111111111 0.017578125 0.2673611111111111 0.015625 0.2638888888888889 0.01171875 0.2638888888888889 0.0078125 0.2708333333333333 0.0078125 0.28125 0.005859375 0.2881944444444444 0.0078125 0.2916666666666667 0.0078125 0.3055555555555556 0.01171875 0.3125 0.01171875 0.3333333333333333 0.013671875 0.3368055555555556 0.015625 0.3784722222222222 0.01953125 0.3888888888888889 0.01953125 0.4097222222222222 0.009765625 0.4236111111111111 0.009765625 0.4270833333333333 0.00390625 0.4375 0.001953125 0.4548611111111111 0 0.4548611111111111 0 0.16666666666666666
2 0.5234375 0.34375 0.52734375 0.3472222222222222 0.529296875 0.3541666666666667 0.529296875 0.3680555555555556 0.51953125 0.3923611111111111 0.525390625 0.40625 0.525390625 0.4444444444444444 0.5234375 0.4479166666666667 0.5234375 0.4548611111111111 0.5078125 0.4756944444444444 0.48828125 0.4895833333333333 0.48828125 0.4756944444444444 0.5 0.4409722222222222 0.484375 0.4131944444444444 0.478515625 0.3923611111111111 0.48046875 0.3854166666666667 0.486328125 0.3819444444444444 0.490234375 0.3888888888888889 0.4921875 0.4027777777777778 0.49609375 0.4131944444444444 0.5 0.4201388888888889 0.50390625 0.4201388888888889 0.5078125 0.40625 0.505859375 0.3993055555555556 0.505859375 0.3854166666666667 0.50390625 0.3819444444444444 0.50390625 0.3611111111111111 0.51171875 0.34375 0.521484375 0.34375