0 0.572265625 0.17708333333333334 0.578125 0.19444444444444445 0.576171875 0.2048611111111111 0.572265625 0.21180555555555555 0.568359375 0.21180555555555555 0.5625 0.2013888888888889 0.5625 0.1909722222222222 0.564453125 0.1840277777777778 0.5703125 0.17708333333333334
0 0.873046875 0.2881944444444444 0.876953125 0.2916666666666667 0.87890625 0.2986111111111111 0.87890625 0.3090277777777778 0.87109375 0.3159722222222222 0.865234375 0.3159722222222222 0.859375 0.3020833333333333 0.861328125 0.2916666666666667 0.865234375 0.2881944444444444 0.87109375 0.2881944444444444
0 0.76171875 0.2847222222222222 0.767578125 0.2916666666666667 0.767578125 0.3055555555555556 0.759765625 0.3159722222222222 0.75390625 0.3159722222222222 0.748046875 0.2986111111111111 0.75 0.2881944444444444 0.75390625 0.2847222222222222 0.759765625 0.2847222222222222
0 0.28359375 0.39629629629629626 0.018229166666666668 0.03518518518518518
0 0.572265625 0.17708333333333334 0.576171875 0.1875 0.576171875 0.19791666666666666 0.572265625 0.19791666666666666 0.5703125 0.2013888888888889 0.564453125 0.2013888888888889 0.5625 0.19791666666666666 0.564453125 0.1840277777777778 0.5703125 0.17708333333333334
0 0.248046875 0.3125 0.251953125 0.3159722222222222 0.255859375 0.3263888888888889 0.255859375 0.3402777777777778 0.251953125 0.3472222222222222 0.236328125 0.3298611111111111 0.23828125 0.3159722222222222 0.240234375 0.3125 0.24609375 0.3125
0 0.837890625 0.3229166666666667 0.841796875 0.3368055555555556 0.830078125 0.3541666666666667 0.82421875 0.3541666666666667 0.8203125 0.3402777777777778 0.8203125 0.3333333333333333 0.826171875 0.3229166666666667 0.8359375 0.3229166666666667
0 0.396484375 0.3645833333333333 0.404296875 0.3611111111111111 0.40625 0.3645833333333333 0.41015625 0.3645833333333333 0.4140625 0.3715277777777778 0.40625 0.3923611111111111 0.40234375 0.3958333333333333 0.396484375 0.3819444444444444 0.396484375 0.3680555555555556
0 0.630859375 0.21180555555555555 0.6328125 0.21875 0.6328125 0.22916666666666666 0.62890625 0.2361111111111111 0.623046875 0.2361111111111111 0.6171875 0.22916666666666666 0.6171875 0.21875 0.62109375 0.20833333333333334 0.626953125 0.20833333333333334 0.62890625 0.21180555555555555
1 0.5859375 0.19791666666666666 0.5859375 0.21180555555555555 0.58203125 0.22916666666666666 0.583984375 0.24305555555555555 0.580078125 0.25 0.572265625 0.25 0.5703125 0.2534722222222222 0.5625 0.24305555555555555 0.564453125 0.22916666666666666 0.560546875 0.21875 0.55859375 0.2013888888888889 0.5625 0.2013888888888889 0.5703125 0.21180555555555555 0.580078125 0.19444444444444445 0.583984375 0.19791666666666666
1 0.871875 0.3375 0.021875 0.049074074074074076
1 0.7734375 0.3125 0.783203125 0.3333333333333333 0.783203125 0.34375 0.787109375 0.3541666666666667 0.787109375 0.3645833333333333 0.783203125 0.3680555555555556 0.779296875 0.3645833333333333 0.76953125 0.3645833333333333 0.7578125 0.3402777777777778 0.755859375 0.3159722222222222 0.7578125 0.3125 0.76171875 0.3125 0.765625 0.3055555555555556 0.771484375 0.3125
1 0.41796875 0.3680555555555556 0.427734375 0.375 0.431640625 0.3819444444444444 0.4453125 0.4236111111111111 0.4453125 0.4305555555555556 0.435546875 0.4375 0.4296875 0.4375 0.427734375 0.4340277777777778 0.427734375 0.4270833333333333 0.419921875 0.4131944444444444 0.408203125 0.4027777777777778 0.408203125 0.3888888888888889 0.41015625 0.3888888888888889 0.41796875 0.375 0.41796875 0.3715277777777778
1 0.263671875 0.4791666666666667 0.26171875 0.4722222222222222 0.26171875 0.4548611111111111 0.263671875 0.4513888888888889 0.26171875 0.4479166666666667 0.26171875 0.4409722222222222 0.263671875 0.4375 0.26171875 0.4166666666666667 0.263671875 0.4097222222222222 0.26953125 0.4027777777777778 0.275390625 0.4027777777777778 0.279296875 0.4097222222222222 0.287109375 0.4097222222222222 0.2890625 0.4131944444444444 0.2890625 0.4444444444444444 0.283203125 0.4548611111111111 0.283203125 0.4756944444444444 0.27734375 0.4826388888888889 0.26953125 0.4826388888888889 0.265625 0.4791666666666667
1 0.2421875 0.3333333333333333 0.25 0.3472222222222222 0.251953125 0.3472222222222222 0.248046875 0.3576388888888889 0.248046875 0.3645833333333333 0.25 0.3680555555555556 0.244140625 0.3854166666666667 0.244140625 0.3993055555555556 0.2265625 0.3993055555555556 0.224609375 0.3958333333333333 0.220703125 0.3958333333333333 0.224609375 0.3819444444444444 0.224609375 0.3715277777777778 0.2265625 0.3680555555555556 0.2265625 0.3576388888888889 0.23046875 0.3402777777777778 0.234375 0.3333333333333333 0.240234375 0.3333333333333333
1 0.845703125 0.3402777777777778 0.85546875 0.3576388888888889 0.85546875 0.3645833333333333 0.865234375 0.3784722222222222 0.865234375 0.3888888888888889 0.869140625 0.3993055555555556 0.86328125 0.40625 0.849609375 0.40625 0.84375 0.3958333333333333 0.84375 0.3888888888888889 0.837890625 0.3784722222222222 0.8359375 0.3784722222222222 0.830078125 0.3645833333333333 0.830078125 0.3576388888888889 0.837890625 0.34375 0.84375 0.3402777777777778
1 0.62109375 0.2361111111111111 0.623046875 0.23958333333333334 0.626953125 0.23958333333333334 0.62890625 0.2361111111111111 0.634765625 0.2361111111111111 0.63671875 0.23958333333333334 0.63671875 0.25 0.634765625 0.2569444444444444 0.630859375 0.2604166666666667 0.626953125 0.2847222222222222 0.61328125 0.2847222222222222 0.611328125 0.28125 0.61328125 0.2743055555555556 0.611328125 0.23958333333333334 0.61328125 0.2361111111111111 0.619140625 0.2361111111111111
1 0.39453125 0.4444444444444444 0.3984375 0.4305555555555556 0.40234375 0.4270833333333333 0.408203125 0.4131944444444444 0.41796875 0.4131944444444444 0.423828125 0.4236111111111111 0.423828125 0.4409722222222222 0.419921875 0.4444444444444444 0.419921875 0.4583333333333333 0.416015625 0.4652777777777778 0.408203125 0.4722222222222222 0.400390625 0.4618055555555556 0.396484375 0.4479166666666667
2 0.572265625 0.17708333333333334 0.580078125 0.19444444444444445 0.583984375 0.19444444444444445 0.587890625 0.2048611111111111 0.59375 0.2152777777777778 0.595703125 0.2152777777777778 0.60546875 0.2361111111111111 0.607421875 0.2361111111111111 0.60546875 0.24305555555555555 0.59765625 0.22569444444444445 0.58984375 0.21875 0.583984375 0.22569444444444445 0.583984375 0.2534722222222222 0.587890625 0.2638888888888889 0.58984375 0.2881944444444444 0.595703125 0.3125 0.595703125 0.3368055555555556 0.591796875 0.3263888888888889 0.591796875 0.3194444444444444 0.58203125 0.28125 0.57421875 0.2638888888888889 0.56640625 0.2673611111111111 0.556640625 0.2847222222222222 0.55078125 0.2881944444444444 0.54296875 0.3020833333333333 0.541015625 0.2986111111111111 0.541015625 0.2951388888888889 0.5546875 0.2708333333333333 0.556640625 0.2604166666666667 0.560546875 0.2534722222222222 0.560546875 0.21875 0.55859375 0.2152777777777778 0.55859375 0.2013888888888889 0.5625 0.19444444444444445 0.5625 0.1875 0.568359375 0.17708333333333334 0.5703125 0.17708333333333334
2 0.873046875 0.2881944444444444 0.876953125 0.2916666666666667 0.87890625 0.2986111111111111 0.87890625 0.3194444444444444 0.880859375 0.3229166666666667 0.880859375 0.3854166666666667 0.8828125 0.3888888888888889 0.8828125 0.3958333333333333 0.87890625 0.3958333333333333 0.875 0.3784722222222222 0.869140625 0.3784722222222222 0.86328125 0.3680555555555556 0.86328125 0.3506944444444444 0.861328125 0.3472222222222222 0.861328125 0.3090277777777778 0.859375 0.3055555555555556 0.859375 0.2986111111111111 0.861328125 0.2916666666666667 0.865234375 0.2881944444444444 0.87109375 0.2881944444444444
2 0.76171875 0.2847222222222222 0.767578125 0.2916666666666667 0.767578125 0.3020833333333333 0.783203125 0.3333333333333333 0.783203125 0.3402777777777778 0.787109375 0.3506944444444444 0.787109375 0.3819444444444444 0.79296875 0.3958333333333333 0.79296875 0.4097222222222222 0.787109375 0.4131944444444444 0.78515625 0.4097222222222222 0.78515625 0.3993055555555556 0.779296875 0.3888888888888889 0.76953125 0.3888888888888889 0.76171875 0.3993055555555556 0.755859375 0.4201388888888889 0.7421875 0.4409722222222222 0.736328125 0.4409722222222222 0.734375 0.4375 0.74609375 0.4201388888888889 0.7578125 0.3784722222222222 0.7578125 0.3680555555555556 0.76171875 0.3576388888888889 0.7578125 0.34375 0.755859375 0.3263888888888889 0.748046875 0.2986111111111111 0.75390625 0.2847222222222222 0.759765625 0.2847222222222222
2 0.248046875 0.3125 0.251953125 0.3159722222222222 0.255859375 0.3263888888888889 0.255859375 0.3402777777777778 0.251953125 0.3506944444444444 0.251953125 0.3715277777777778 0.248046875 0.375 0.244140625 0.3888888888888889 0.244140625 0.3993055555555556 0.255859375 0.4236111111111111 0.251953125 0.4375 0.25390625 0.46875 0.248046875 0.4826388888888889 0.248046875 0.4965277777777778 0.244140625 0.5034722222222222 0.240234375 0.5034722222222222 0.234375 0.5104166666666666 0.234375 0.5034722222222222 0.23828125 0.5 0.23828125 0.4930555555555556 0.244140625 0.4791666666666667 0.244140625 0.4652777777777778 0.248046875 0.4479166666666667 0.2421875 0.4375 0.234375 0.4305555555555556 0.23046875 0.4375 0.228515625 0.4583333333333333 0.20703125 0.4861111111111111 0.205078125 0.4930555555555556 0.205078125 0.5104166666666666 0.19921875 0.5104166666666666 0.197265625 0.5034722222222222 0.197265625 0.4861111111111111 0.201171875 0.4826388888888889 0.208984375 0.46875 0.208984375 0.4652777777777778 0.216796875 0.4548611111111111 0.216796875 0.4444444444444444 0.21875 0.4409722222222222 0.216796875 0.4340277777777778 0.216796875 0.4236111111111111 0.21875 0.4201388888888889 0.21875 0.3993055555555556 0.224609375 0.3819444444444444 0.224609375 0.3715277777777778 0.2265625 0.3680555555555556 0.228515625 0.3472222222222222 0.23828125 0.3229166666666667 0.23828125 0.3159722222222222 0.240234375 0.3125 0.24609375 0.3125
2 0.8359375 0.3229166666666667 0.83984375 0.3263888888888889 0.83984375 0.3333333333333333 0.845703125 0.3402777777777778 0.859375 0.3680555555555556 0.861328125 0.3680555555555556 0.869140625 0.3819444444444444 0.873046875 0.3819444444444444 0.875 0.3854166666666667 0.873046875 0.4027777777777778 0.876953125 0.4166666666666667 0.873046875 0.4236111111111111 0.8828125 0.4409722222222222 0.888671875 0.4409722222222222 0.890625 0.4375 0.89453125 0.4409722222222222 0.896484375 0.4479166666666667 0.89453125 0.4513888888888889 0.89453125 0.4756944444444444 0.888671875 0.4756944444444444 0.876953125 0.4513888888888889 0.869140625 0.4444444444444444 0.859375 0.4270833333333333 0.845703125 0.4270833333333333 0.833984375 0.4409722222222222 0.833984375 0.4548611111111111 0.8359375 0.4583333333333333 0.8359375 0.4722222222222222 0.837890625 0.4791666666666667 0.83203125 0.4895833333333333 0.826171875 0.4895833333333333 0.82421875 0.4861111111111111 0.828125 0.4722222222222222 0.828125 0.4583333333333333 0.822265625 0.4305555555555556 0.83203125 0.4131944444444444 0.83203125 0.4027777777777778 0.833984375 0.3993055555555556 0.833984375 0.375 0.83203125 0.3680555555555556 0.828125 0.3645833333333333 0.826171875 0.3576388888888889 0.82421875 0.3576388888888889 0.822265625 0.3506944444444444 0.822265625 0.3402777777777778 0.8203125 0.3368055555555556 0.82421875 0.3263888888888889 0.828125 0.3229166666666667 0.833984375 0.3229166666666667
2 0.42578125 0.3715277777777778 0.43359375 0.3854166666666667 0.443359375 0.4201388888888889 0.447265625 0.4270833333333333 0.4453125 0.4409722222222222 0.439453125 0.4548611111111111 0.439453125 0.4618055555555556 0.4453125 0.4722222222222222 0.45703125 0.4826388888888889 0.458984375 0.4861111111111111 0.45703125 0.4930555555555556 0.453125 0.4930555555555556 0.447265625 0.4826388888888889 0.443359375 0.4791666666666667 0.4375 0.4791666666666667 0.427734375 0.46875 0.423828125 0.4618055555555556 0.427734375 0.4548611111111111 0.427734375 0.4479166666666667 0.4296875 0.4444444444444444 0.42578125 0.4340277777777778 0.42578125 0.4236111111111111 0.416015625 0.4097222222222222 0.412109375 0.4097222222222222 0.41015625 0.40625 0.40625 0.40625 0.404296875 0.4097222222222222 0.40234375 0.40625 0.40234375 0.3993055555555556 0.3984375 0.3888888888888889 0.3984375 0.3784722222222222 0.396484375 0.375 0.396484375 0.3680555555555556 0.3984375 0.3645833333333333 0.421875 0.3680555555555556 0.423828125 0.3715277777777778
2 0.3984375 0.4097222222222222 0.400390625 0.4131944444444444 0.404296875 0.4131944444444444 0.40625 0.4097222222222222 0.41796875 0.4131944444444444 0.42578125 0.4305555555555556 0.42578125 0.4548611111111111 0.421875 0.4548611111111111 0.416015625 0.4652777777777778 0.4140625 0.4652777777777778 0.41015625 0.4791666666666667 0.40625 0.4791666666666667 0.396484375 0.4895833333333333 0.380859375 0.4930555555555556 0.37890625 0.4895833333333333 0.37890625 0.4826388888888889 0.376953125 0.4791666666666667 0.373046875 0.4791666666666667 0.3671875 0.4861111111111111 0.359375 0.4895833333333333 0.35546875 0.4965277777777778 0.345703125 0.4965277777777778 0.34375 0.4930555555555556 0.349609375 0.4861111111111111 0.359375 0.4791666666666667 0.3671875 0.46875 0.375 0.4652777777777778 0.384765625 0.4513888888888889 0.390625 0.4479166666666667 0.3984375 0.4305555555555556 0.396484375 0.4131944444444444
2 0.630859375 0.21180555555555555 0.6328125 0.21875 0.6328125 0.2326388888888889 0.63671875 0.23958333333333334 0.63671875 0.2604166666666667 0.626953125 0.28125 0.62890625 0.3263888888888889 0.625 0.3333333333333333 0.62109375 0.3298611111111111 0.615234375 0.3298611111111111 0.61328125 0.3333333333333333 0.611328125 0.3402777777777778 0.611328125 0.3611111111111111 0.609375 0.3645833333333333 0.60546875 0.3576388888888889 0.60546875 0.3368055555555556 0.609375 0.3229166666666667 0.609375 0.3125 0.607421875 0.3090277777777778 0.607421875 0.2847222222222222 0.609375 0.28125 0.609375 0.23958333333333334 0.611328125 0.23958333333333334 0.6171875 0.22916666666666666 0.6171875 0.21875 0.62109375 0.20833333333333334 0.626953125 0.20833333333333334 0.62890625 0.21180555555555555
2 0.27734375 0.3819444444444444 0.287109375 0.3819444444444444 0.291015625 0.3888888888888889 0.291015625 0.4236111111111111 0.2890625 0.4270833333333333 0.2890625 0.46875 0.287109375 0.4722222222222222 0.287109375 0.4861111111111111 0.2890625 0.4895833333333333 0.2890625 0.5069444444444444 0.291015625 0.5104166666666666 0.291015625 0.53125 0.294921875 0.5381944444444444 0.30078125 0.5416666666666666 0.30078125 0.5451388888888888 0.296875 0.5486111111111112 0.28515625 0.5486111111111112 0.28515625 0.5243055555555556 0.279296875 0.5034722222222222 0.275390625 0.5034722222222222 0.267578125 0.5243055555555556 0.259765625 0.5243055555555556 0.244140625 0.5069444444444444 0.234375 0.5138888888888888 0.234375 0.5069444444444444 0.23828125 0.5069444444444444 0.24609375 0.4965277777777778 0.248046875 0.4965277777777778 0.25 0.5034722222222222 0.25390625 0.5034722222222222 0.255859375 0.5069444444444444 0.259765625 0.5069444444444444 0.26171875 0.5034722222222222 0.263671875 0.4965277777777778 0.26171875 0.4583333333333333 0.25390625 0.4409722222222222 0.263671875 0.4097222222222222 0.271484375 0.4027777777777778 0.275390625 0.3958333333333333 0.275390625 0.3888888888888889 0.27734375 0.3854166666666667