0 0.76953125 0.15625 0.7734375 0.1597222222222222 0.7734375 0.1736111111111111 0.76953125 0.18055555555555555 0.76171875 0.18055555555555555 0.759765625 0.1736111111111111 0.76171875 0.1701388888888889 0.76171875 0.16319444444444445 0.767578125 0.15625
0 0.462890625 0.4375 0.470703125 0.4375 0.4765625 0.4444444444444444 0.4765625 0.4548611111111111 0.470703125 0.4652777777777778 0.46875 0.4652777777777778 0.46484375 0.4618055555555556 0.4609375 0.4513888888888889 0.4609375 0.4444444444444444 0.462890625 0.4409722222222222
0 0.30859375 0.34375 0.310546875 0.3472222222222222 0.310546875 0.3611111111111111 0.30859375 0.3680555555555556 0.30078125 0.3680555555555556 0.296875 0.3645833333333333 0.294921875 0.3576388888888889 0.298828125 0.34375 0.302734375 0.3402777777777778 0.306640625 0.34375
0 0.494140625 0.4027777777777778 0.49609375 0.4166666666666667 0.4921875 0.4236111111111111 0.486328125 0.4236111111111111 0.48046875 0.4097222222222222 0.484375 0.3993055555555556 0.490234375 0.3993055555555556 0.4921875 0.4027777777777778
0 0.380859375 0.08680555555555555 0.380859375 0.07291666666666667 0.3828125 0.06944444444444445 0.388671875 0.06944444444444445 0.392578125 0.0798611111111111 0.390625 0.08333333333333333 0.390625 0.09027777777777778 0.384765625 0.09027777777777778 0.3828125 0.08680555555555555
0 0.5106770833333333 0.6388888888888888 0.0171875 0.02962962962962963
0 0.46171875 0.36712962962962964 0.01614583333333333 0.0287037037037037
0 0.748046875 0.4201388888888889 0.751953125 0.4270833333333333 0.751953125 0.4375 0.7421875 0.4479166666666667 0.73828125 0.4479166666666667 0.736328125 0.4444444444444444 0.736328125 0.4270833333333333 0.740234375 0.4201388888888889 0.74609375 0.4201388888888889
0 0.5229166666666667 0.3958333333333333 0.015625 0.036111111111111115
0 0.6328125 0.6527777777777778 0.63671875 0.6597222222222222 0.638671875 0.6701388888888888 0.634765625 0.6840277777777778 0.62890625 0.6909722222222222 0.625 0.6909722222222222 0.62109375 0.6770833333333334 0.62109375 0.6631944444444444 0.625 0.6527777777777778 0.630859375 0.6527777777777778
0 0.416015625 0.2048611111111111 0.419921875 0.21180555555555555 0.419921875 0.22569444444444445 0.41796875 0.22916666666666666 0.4140625 0.22916666666666666 0.408203125 0.2222222222222222 0.408203125 0.21180555555555555 0.4140625 0.2048611111111111
0 0.67578125 0.027777777777777776 0.681640625 0.027777777777777776 0.68359375 0.034722222222222224 0.68359375 0.04861111111111111 0.67578125 0.052083333333333336 0.671875 0.041666666666666664 0.67578125 0.03125
0 0.5291666666666667 0.4731481481481481 0.014583333333333334 0.03333333333333333
0 0.306640625 0.40625 0.310546875 0.4131944444444444 0.310546875 0.4201388888888889 0.306640625 0.4270833333333333 0.296875 0.4270833333333333 0.294921875 0.4236111111111111 0.296875 0.4097222222222222 0.30078125 0.4027777777777778 0.3046875 0.40625
0 0.408203125 0.13194444444444445 0.412109375 0.1388888888888889 0.412109375 0.14930555555555555 0.408203125 0.15625 0.40625 0.15625 0.400390625 0.14583333333333334 0.400390625 0.1388888888888889 0.40625 0.13194444444444445
0 0.4609375 0.4166666666666667 0.46484375 0.4131944444444444 0.474609375 0.4131944444444444 0.474609375 0.4340277777777778 0.47265625 0.4375 0.46875 0.4340277777777778 0.4609375 0.4340277777777778 0.458984375 0.4305555555555556 0.458984375 0.4236111111111111 0.4609375 0.4201388888888889
0 0.494140625 0.2465277777777778 0.498046875 0.25 0.498046875 0.2569444444444444 0.490234375 0.2743055555555556 0.486328125 0.2708333333333333 0.486328125 0.2569444444444444 0.48828125 0.25 0.4921875 0.2465277777777778
0 0.443359375 0.3090277777777778 0.451171875 0.3090277777777778 0.455078125 0.3159722222222222 0.455078125 0.3263888888888889 0.44921875 0.3333333333333333 0.44140625 0.3229166666666667 0.44140625 0.3159722222222222 0.443359375 0.3125
0 0.61328125 0.1076388888888889 0.619140625 0.11805555555555555 0.619140625 0.125 0.61328125 0.13541666666666666 0.609375 0.13194444444444445 0.607421875 0.125 0.607421875 0.11458333333333333 0.611328125 0.1111111111111111
0 0.6796875 0.2638888888888889 0.685546875 0.2708333333333333 0.685546875 0.2847222222222222 0.6796875 0.2916666666666667 0.673828125 0.2916666666666667 0.673828125 0.2708333333333333 0.677734375 0.2673611111111111
0 0.5546875 0.4756944444444444 0.556640625 0.4791666666666667 0.556640625 0.4930555555555556 0.552734375 0.4965277777777778 0.55078125 0.4930555555555556 0.546875 0.4965277777777778 0.54296875 0.4930555555555556 0.544921875 0.4791666666666667 0.546875 0.4756944444444444 0.552734375 0.4756944444444444
1 0.677734375 0.2951388888888889 0.68359375 0.2881944444444444 0.689453125 0.2881944444444444 0.693359375 0.2951388888888889 0.6953125 0.3229166666666667 0.69921875 0.3368055555555556 0.69921875 0.3506944444444444 0.697265625 0.3472222222222222 0.68359375 0.34375 0.6796875 0.3298611111111111 0.677734375 0.2986111111111111
1 0.509765625 0.2638888888888889 0.51953125 0.2777777777777778 0.51953125 0.2881944444444444 0.513671875 0.2951388888888889 0.509765625 0.2951388888888889 0.505859375 0.2881944444444444 0.498046875 0.2881944444444444 0.494140625 0.2777777777777778 0.49609375 0.2743055555555556 0.49609375 0.2673611111111111 0.5 0.2604166666666667 0.505859375 0.2604166666666667 0.5078125 0.2638888888888889
1 0.556640625 0.4930555555555556 0.55859375 0.4965277777777778 0.56640625 0.4965277777777778 0.572265625 0.5069444444444444 0.580078125 0.53125 0.578125 0.5347222222222222 0.572265625 0.5347222222222222 0.564453125 0.5451388888888888 0.552734375 0.5173611111111112 0.55078125 0.5208333333333334 0.546875 0.5173611111111112 0.544921875 0.5 0.546875 0.4965277777777778 0.5546875 0.4965277777777778
1 0.55859375 0.4930555555555556 0.556640625 0.4826388888888889 0.55078125 0.4756944444444444 0.54296875 0.4861111111111111 0.54296875 0.4930555555555556 0.541015625 0.4965277777777778 0.533203125 0.4930555555555556 0.53125 0.4861111111111111 0.5390625 0.46875 0.564453125 0.46875 0.56640625 0.4722222222222222 0.56640625 0.4930555555555556 0.560546875 0.4930555555555556
1 0.38671875 0.1909722222222222 0.38671875 0.1736111111111111 0.396484375 0.1527777777777778 0.40234375 0.1527777777777778 0.40625 0.1597222222222222 0.40625 0.16666666666666666 0.396484375 0.19444444444444445 0.390625 0.19444444444444445 0.388671875 0.1909722222222222
1 0.53125 0.3888888888888889 0.53515625 0.3854166666666667 0.544921875 0.3854166666666667 0.546875 0.3888888888888889 0.5546875 0.3888888888888889 0.5625 0.3993055555555556 0.5625 0.4097222222222222 0.560546875 0.4131944444444444 0.5546875 0.4131944444444444 0.552734375 0.4166666666666667 0.541015625 0.4201388888888889 0.5390625 0.4166666666666667 0.53125 0.4166666666666667 0.52734375 0.4131944444444444 0.52734375 0.4027777777777778 0.53125 0.3923611111111111
1 0.638671875 0.6666666666666666 0.646484375 0.6666666666666666 0.654296875 0.6736111111111112 0.66015625 0.6736111111111112 0.669921875 0.6909722222222222 0.669921875 0.6979166666666666 0.671875 0.7013888888888888 0.671875 0.7118055555555556 0.669921875 0.7152777777777778 0.66015625 0.7152777777777778 0.65234375 0.7083333333333334 0.64453125 0.6909722222222222 0.640625 0.6875 0.63671875 0.6909722222222222 0.63671875 0.6770833333333334 0.638671875 0.6701388888888888
1 0.44921875 0.4305555555555556 0.455078125 0.4305555555555556 0.458984375 0.4409722222222222 0.45703125 0.4513888888888889 0.453125 0.4583333333333333 0.455078125 0.4652777777777778 0.453125 0.46875 0.44921875 0.4652777777777778 0.439453125 0.46875 0.435546875 0.4652777777777778 0.43359375 0.4583333333333333 0.4375 0.4479166666666667 0.443359375 0.4444444444444444 0.44921875 0.4340277777777778
1 0.43359375 0.3819444444444444 0.4453125 0.3680555555555556 0.455078125 0.3680555555555556 0.45703125 0.375 0.45703125 0.3854166666666667 0.44921875 0.3854166666666667 0.447265625 0.3888888888888889 0.447265625 0.3993055555555556 0.44140625 0.3993055555555556 0.435546875 0.3888888888888889 0.435546875 0.3854166666666667
1 0.302734375 0.4305555555555556 0.3046875 0.4340277777777778 0.3046875 0.4479166666666667 0.30078125 0.4583333333333333 0.298828125 0.4791666666666667 0.2890625 0.4756944444444444 0.283203125 0.46875 0.283203125 0.4618055555555556 0.28515625 0.4583333333333333 0.287109375 0.4409722222222222 0.294921875 0.4305555555555556 0.30078125 0.4305555555555556
1 0.671875 0.04861111111111111 0.677734375 0.05555555555555555 0.685546875 0.04861111111111111 0.689453125 0.05555555555555555 0.689453125 0.0625 0.6875 0.06597222222222222 0.6875 0.09027777777777778 0.685546875 0.09722222222222222 0.68359375 0.10069444444444445 0.671875 0.10069444444444445 0.669921875 0.09722222222222222 0.671875 0.09027777777777778 0.671875 0.06597222222222222 0.669921875 0.0625 0.669921875 0.05555555555555555 0.671875 0.052083333333333336
1 0.408203125 0.22569444444444445 0.41015625 0.22916666666666666 0.4140625 0.22916666666666666 0.41796875 0.2361111111111111 0.4140625 0.2534722222222222 0.4140625 0.2638888888888889 0.416015625 0.2708333333333333 0.40625 0.2708333333333333 0.400390625 0.2638888888888889 0.40234375 0.2569444444444444 0.404296875 0.22916666666666666 0.40625 0.22916666666666666
1 0.75390625 0.4409722222222222 0.755859375 0.4444444444444444 0.755859375 0.4618055555555556 0.7578125 0.4652777777777778 0.7578125 0.4965277777777778 0.755859375 0.5 0.7421875 0.5 0.7421875 0.4861111111111111 0.744140625 0.4826388888888889 0.7421875 0.4791666666666667 0.740234375 0.4548611111111111 0.7421875 0.4479166666666667 0.751953125 0.4409722222222222
1 0.380859375 0.08680555555555555 0.38671875 0.09375 0.38671875 0.10069444444444445 0.375 0.1284722222222222 0.369140625 0.125 0.365234375 0.11458333333333333 0.369140625 0.10069444444444445 0.376953125 0.08680555555555555 0.37890625 0.08680555555555555
1 0.439453125 0.3229166666666667 0.443359375 0.3263888888888889 0.44921875 0.3368055555555556 0.44921875 0.3402777777777778 0.447265625 0.34375 0.443359375 0.3402777777777778 0.439453125 0.3472222222222222 0.435546875 0.3645833333333333 0.419921875 0.3506944444444444 0.41796875 0.3402777777777778 0.4375 0.3229166666666667
1 0.501953125 0.6458333333333334 0.51171875 0.65625 0.51171875 0.6736111111111112 0.50390625 0.6736111111111112 0.5 0.6840277777777778 0.501953125 0.7083333333333334 0.486328125 0.6979166666666666 0.4921875 0.6631944444444444 0.49609375 0.6527777777777778 0.5 0.6493055555555556
1 0.29296875 0.3645833333333333 0.296875 0.3645833333333333 0.30078125 0.3715277777777778 0.3046875 0.3715277777777778 0.3046875 0.3958333333333333 0.302734375 0.3993055555555556 0.296875 0.3993055555555556 0.294921875 0.4027777777777778 0.294921875 0.4131944444444444 0.291015625 0.4166666666666667 0.2890625 0.4131944444444444 0.28515625 0.4131944444444444 0.28515625 0.4027777777777778 0.2890625 0.3888888888888889 0.2890625 0.3784722222222222 0.29296875 0.3680555555555556
1 0.458984375 0.4548611111111111 0.4609375 0.4652777777777778 0.455078125 0.4791666666666667 0.45703125 0.4861111111111111 0.45703125 0.5 0.453125 0.5034722222222222 0.439453125 0.4895833333333333 0.435546875 0.4791666666666667 0.44921875 0.4583333333333333 0.45703125 0.4548611111111111
1 0.60546875 0.125 0.609375 0.1284722222222222 0.611328125 0.13541666666666666 0.6171875 0.1284722222222222 0.62109375 0.1284722222222222 0.623046875 0.13194444444444445 0.623046875 0.1423611111111111 0.62109375 0.14583333333333334 0.623046875 0.1527777777777778 0.62109375 0.18055555555555555 0.619140625 0.1840277777777778 0.61328125 0.1840277777777778 0.611328125 0.18055555555555555 0.607421875 0.18055555555555555 0.607421875 0.1736111111111111 0.60546875 0.1701388888888889 0.60546875 0.1388888888888889 0.603515625 0.13541666666666666 0.60546875 0.1284722222222222
1 0.77734375 0.17708333333333334 0.78125 0.1875 0.78125 0.19444444444444445 0.779296875 0.19791666666666666 0.779296875 0.22916666666666666 0.77734375 0.2326388888888889 0.767578125 0.22916666666666666 0.765625 0.2222222222222222 0.765625 0.20833333333333334 0.763671875 0.2048611111111111 0.763671875 0.19444444444444445 0.765625 0.1875 0.775390625 0.17708333333333334
2 0.67578125 0.2673611111111111 0.68359375 0.2673611111111111 0.685546875 0.2708333333333333 0.6875 0.2847222222222222 0.69140625 0.2881944444444444 0.693359375 0.2951388888888889 0.6953125 0.3229166666666667 0.69921875 0.3333333333333333 0.69921875 0.3541666666666667 0.693359375 0.3645833333333333 0.693359375 0.3784722222222222 0.697265625 0.3854166666666667 0.697265625 0.3923611111111111 0.69140625 0.3993055555555556 0.69140625 0.4236111111111111 0.681640625 0.4236111111111111 0.681640625 0.4201388888888889 0.685546875 0.4166666666666667 0.685546875 0.4027777777777778 0.6796875 0.3819444444444444 0.6796875 0.3715277777777778 0.67578125 0.3576388888888889 0.6796875 0.3472222222222222 0.6796875 0.3194444444444444 0.673828125 0.2916666666666667 0.673828125 0.2743055555555556 0.67578125 0.2708333333333333
2 0.609375 0.1111111111111111 0.615234375 0.1111111111111111 0.626953125 0.1423611111111111 0.626953125 0.16666666666666666 0.623046875 0.1736111111111111 0.623046875 0.25 0.62109375 0.25 0.62109375 0.24305555555555555 0.619140625 0.23958333333333334 0.619140625 0.2152777777777778 0.615234375 0.2048611111111111 0.611328125 0.21180555555555555 0.611328125 0.24305555555555555 0.607421875 0.2465277777777778 0.607421875 0.2048611111111111 0.60546875 0.2013888888888889 0.607421875 0.19791666666666666 0.60546875 0.1909722222222222 0.607421875 0.17708333333333334 0.603515625 0.1701388888888889 0.6015625 0.1736111111111111 0.599609375 0.1736111111111111 0.599609375 0.1701388888888889 0.603515625 0.1597222222222222 0.603515625 0.13194444444444445 0.609375 0.11458333333333333
2 0.48828125 0.25 0.494140625 0.2465277777777778 0.501953125 0.2604166666666667 0.509765625 0.2638888888888889 0.51953125 0.2777777777777778 0.51953125 0.3125 0.521484375 0.3159722222222222 0.521484375 0.3229166666666667 0.537109375 0.3472222222222222 0.537109375 0.3611111111111111 0.533203125 0.3645833333333333 0.53125 0.3611111111111111 0.53125 0.3506944444444444 0.525390625 0.3402777777777778 0.515625 0.3298611111111111 0.513671875 0.3159722222222222 0.5078125 0.3090277777777778 0.505859375 0.3159722222222222 0.50390625 0.3194444444444444 0.501953125 0.3159722222222222 0.498046875 0.3263888888888889 0.498046875 0.3472222222222222 0.501953125 0.3611111111111111 0.494140625 0.3680555555555556 0.490234375 0.3645833333333333 0.49609375 0.3541666666666667 0.49609375 0.3472222222222222 0.494140625 0.34375 0.4921875 0.3125 0.48828125 0.3055555555555556 0.490234375 0.2986111111111111 0.490234375 0.2777777777777778 0.486328125 0.2708333333333333 0.486328125 0.2604166666666667 0.48828125 0.2534722222222222
2 0.55078125 0.4791666666666667 0.5546875 0.4826388888888889 0.560546875 0.4965277777777778 0.56640625 0.4965277777777778 0.583984375 0.5347222222222222 0.583984375 0.5798611111111112 0.591796875 0.6076388888888888 0.59375 0.625 0.5859375 0.6215277777777778 0.5859375 0.6076388888888888 0.583984375 0.6006944444444444 0.576171875 0.5868055555555556 0.576171875 0.5833333333333334 0.5703125 0.5763888888888888 0.56640625 0.5763888888888888 0.564453125 0.5798611111111112 0.5625 0.6284722222222222 0.556640625 0.6284722222222222 0.55078125 0.6215277777777778 0.556640625 0.6145833333333334 0.556640625 0.5833333333333334 0.5546875 0.5798611111111112 0.5546875 0.5625 0.55859375 0.5590277777777778 0.5625 0.5451388888888888 0.560546875 0.5381944444444444 0.546875 0.5173611111111112 0.546875 0.5104166666666666 0.544921875 0.5069444444444444 0.544921875 0.4861111111111111 0.548828125 0.4826388888888889
2 0.568359375 0.46875 0.576171875 0.4756944444444444 0.576171875 0.4965277777777778 0.57421875 0.5 0.57421875 0.5069444444444444 0.56640625 0.4930555555555556 0.560546875 0.4930555555555556 0.5546875 0.4791666666666667 0.55078125 0.4756944444444444 0.546875 0.4791666666666667 0.54296875 0.4861111111111111 0.54296875 0.5138888888888888 0.541015625 0.5173611111111112 0.537109375 0.5451388888888888 0.53125 0.5451388888888888 0.53515625 0.5347222222222222 0.537109375 0.5 0.5234375 0.4791666666666667 0.5234375 0.4652777777777778 0.52734375 0.4583333333333333 0.533203125 0.4583333333333333 0.537109375 0.4652777777777778 0.56640625 0.46875
2 0.302734375 0.3402777777777778 0.310546875 0.3472222222222222 0.310546875 0.3611111111111111 0.306640625 0.3715277777777778 0.3046875 0.3958333333333333 0.302734375 0.4027777777777778 0.294921875 0.4131944444444444 0.294921875 0.4201388888888889 0.287109375 0.4444444444444444 0.283203125 0.4131944444444444 0.2890625 0.3888888888888889 0.2890625 0.3784722222222222 0.29296875 0.3680555555555556 0.29296875 0.3576388888888889 0.296875 0.3472222222222222 0.30078125 0.34375
2 0.41015625 0.13541666666666666 0.412109375 0.1388888888888889 0.412109375 0.14930555555555555 0.3984375 0.1875 0.3984375 0.19791666666666666 0.404296875 0.2152777777777778 0.40234375 0.2361111111111111 0.400390625 0.2361111111111111 0.3984375 0.22916666666666666 0.3984375 0.21875 0.39453125 0.21180555555555555 0.390625 0.2152777777777778 0.384765625 0.22916666666666666 0.373046875 0.23958333333333334 0.369140625 0.2569444444444444 0.365234375 0.2534722222222222 0.365234375 0.24305555555555555 0.37890625 0.2222222222222222 0.3828125 0.2048611111111111 0.3828125 0.1875 0.384765625 0.1840277777777778 0.384765625 0.17708333333333334 0.400390625 0.14583333333333334 0.400390625 0.1388888888888889 0.404296875 0.13194444444444445 0.408203125 0.13541666666666666
2 0.5390625 0.3819444444444444 0.546875 0.3888888888888889 0.5546875 0.3888888888888889 0.564453125 0.4027777777777778 0.564453125 0.4131944444444444 0.560546875 0.4270833333333333 0.560546875 0.4375 0.564453125 0.4444444444444444 0.5703125 0.4444444444444444 0.580078125 0.4513888888888889 0.578125 0.4618055555555556 0.57421875 0.46875 0.568359375 0.4548611111111111 0.548828125 0.4548611111111111 0.546875 0.4583333333333333 0.54296875 0.4583333333333333 0.544921875 0.4479166666666667 0.5390625 0.4375 0.53515625 0.4375 0.533203125 0.4409722222222222 0.533203125 0.4479166666666667 0.52734375 0.4548611111111111 0.529296875 0.4270833333333333 0.52734375 0.4201388888888889 0.515625 0.4027777777777778 0.515625 0.3888888888888889 0.51953125 0.3819444444444444 0.537109375 0.3819444444444444
2 0.6328125 0.6527777777777778 0.640625 0.6666666666666666 0.646484375 0.6666666666666666 0.662109375 0.6770833333333334 0.669921875 0.6909722222222222 0.669921875 0.6979166666666666 0.671875 0.7013888888888888 0.671875 0.71875 0.673828125 0.7256944444444444 0.666015625 0.7256944444444444 0.654296875 0.7465277777777778 0.654296875 0.7986111111111112 0.650390625 0.8020833333333334 0.640625 0.8020833333333334 0.640625 0.7951388888888888 0.64453125 0.7916666666666666 0.64453125 0.7881944444444444 0.640625 0.7847222222222222 0.646484375 0.7777777777777778 0.646484375 0.7604166666666666 0.642578125 0.75 0.642578125 0.7395833333333334 0.64453125 0.7361111111111112 0.64453125 0.7118055555555556 0.634765625 0.6909722222222222 0.625 0.6909722222222222 0.62109375 0.6736111111111112 0.62109375 0.6631944444444444 0.623046875 0.65625 0.625 0.6527777777777778 0.630859375 0.6527777777777778
2 0.373046875 0.09027777777777778 0.375 0.09027777777777778 0.380859375 0.0798611111111111 0.380859375 0.07291666666666667 0.3828125 0.06944444444444445 0.388671875 0.06944444444444445 0.390625 0.0763888888888889 0.390625 0.10069444444444445 0.388671875 0.10069444444444445 0.3828125 0.11458333333333333 0.384765625 0.1284722222222222 0.388671875 0.13194444444444445 0.384765625 0.1423611111111111 0.384765625 0.1736111111111111 0.380859375 0.18055555555555555 0.37890625 0.1736111111111111 0.37890625 0.15625 0.373046875 0.14583333333333334 0.361328125 0.16666666666666666 0.361328125 0.1701388888888889 0.349609375 0.1875 0.3515625 0.2013888888888889 0.34765625 0.2013888888888889 0.341796875 0.1909722222222222 0.3515625 0.16666666666666666 0.353515625 0.16666666666666666 0.359375 0.15625 0.361328125 0.125 0.373046875 0.09375
2 0.302734375 0.4027777777777778 0.310546875 0.4131944444444444 0.310546875 0.4201388888888889 0.3046875 0.4340277777777778 0.3046875 0.4479166666666667 0.30078125 0.4583333333333333 0.30078125 0.4722222222222222 0.298828125 0.4756944444444444 0.298828125 0.4930555555555556 0.294921875 0.5 0.296875 0.5034722222222222 0.296875 0.5104166666666666 0.294921875 0.5138888888888888 0.294921875 0.53125 0.302734375 0.5416666666666666 0.302734375 0.5451388888888888 0.296875 0.5451388888888888 0.294921875 0.5486111111111112 0.294921875 0.5555555555555556 0.30078125 0.5659722222222222 0.2890625 0.5659722222222222 0.287109375 0.5625 0.287109375 0.5104166666666666 0.28515625 0.5069444444444444 0.28515625 0.4965277777777778 0.28125 0.4895833333333333 0.28125 0.4722222222222222 0.283203125 0.46875 0.283203125 0.4583333333333333 0.287109375 0.4479166666666667 0.287109375 0.4375 0.29296875 0.4305555555555556 0.296875 0.4131944444444444 0.30078125 0.40625
2 0.748046875 0.4201388888888889 0.751953125 0.4270833333333333 0.751953125 0.4340277777777778 0.755859375 0.4444444444444444 0.755859375 0.4652777777777778 0.7578125 0.46875 0.7578125 0.5 0.755859375 0.5034722222222222 0.755859375 0.5729166666666666 0.7578125 0.5763888888888888 0.7578125 0.5868055555555556 0.744140625 0.5868055555555556 0.748046875 0.5763888888888888 0.744140625 0.5694444444444444 0.740234375 0.5694444444444444 0.73828125 0.5659722222222222 0.74609375 0.5590277777777778 0.74609375 0.5277777777777778 0.7421875 0.5138888888888888 0.7421875 0.4652777777777778 0.740234375 0.4618055555555556 0.740234375 0.4513888888888889 0.736328125 0.4444444444444444 0.736328125 0.4305555555555556 0.740234375 0.4201388888888889 0.74609375 0.4201388888888889
2 0.41796875 0.20833333333333334 0.419921875 0.21180555555555555 0.419921875 0.22569444444444445 0.416015625 0.23958333333333334 0.4140625 0.2638888888888889 0.41796875 0.2777777777777778 0.419921875 0.3333333333333333 0.41796875 0.3333333333333333 0.4140625 0.3194444444444444 0.4140625 0.3090277777777778 0.408203125 0.2986111111111111 0.404296875 0.2986111111111111 0.388671875 0.3263888888888889 0.388671875 0.3402777777777778 0.380859375 0.3368055555555556 0.380859375 0.3298611111111111 0.38671875 0.3194444444444444 0.390625 0.3055555555555556 0.396484375 0.2986111111111111 0.396484375 0.2743055555555556 0.3984375 0.2708333333333333 0.3984375 0.2638888888888889 0.40234375 0.2569444444444444 0.40234375 0.23958333333333334 0.408203125 0.21180555555555555 0.412109375 0.2048611111111111 0.416015625 0.20833333333333334
2 0.67578125 0.027777777777777776 0.6796875 0.027777777777777776 0.68359375 0.034722222222222224 0.68359375 0.041666666666666664 0.689453125 0.05555555555555555 0.69140625 0.0625 0.69140625 0.07291666666666667 0.693359375 0.0763888888888889 0.68359375 0.10416666666666667 0.6875 0.16319444444444445 0.685546875 0.16666666666666666 0.68359375 0.16319444444444445 0.681640625 0.13194444444444445 0.67578125 0.11805555555555555 0.673828125 0.12152777777777778 0.673828125 0.13194444444444445 0.669921875 0.14930555555555555 0.669921875 0.16319444444444445 0.66796875 0.16666666666666666 0.6640625 0.16319444444444445 0.662109375 0.16666666666666666 0.666015625 0.15625 0.666015625 0.14583333333333334 0.66796875 0.1423611111111111 0.66796875 0.125 0.669921875 0.12152777777777778 0.669921875 0.09027777777777778 0.671875 0.08680555555555555 0.671875 0.0798611111111111 0.66796875 0.0763888888888889 0.6640625 0.0798611111111111 0.658203125 0.09375 0.654296875 0.09027777777777778 0.66015625 0.08333333333333333 0.66796875 0.06597222222222222 0.671875 0.04861111111111111 0.671875 0.03819444444444445 0.67578125 0.03125
2 0.494140625 0.4027777777777778 0.49609375 0.4131944444444444 0.490234375 0.4305555555555556 0.4921875 0.4444444444444444 0.490234375 0.4444444444444444 0.48828125 0.4513888888888889 0.49609375 0.46875 0.50390625 0.4756944444444444 0.505859375 0.4826388888888889 0.50390625 0.4861111111111111 0.50390625 0.4930555555555556 0.49609375 0.4930555555555556 0.494140625 0.4895833333333333 0.49609375 0.4826388888888889 0.48046875 0.4548611111111111 0.474609375 0.46875 0.474609375 0.4861111111111111 0.47265625 0.4895833333333333 0.474609375 0.4930555555555556 0.474609375 0.5034722222222222 0.46484375 0.5034722222222222 0.46484375 0.4930555555555556 0.46875 0.4895833333333333 0.46875 0.4756944444444444 0.474609375 0.4652777777777778 0.478515625 0.4513888888888889 0.47265625 0.4375 0.4609375 0.4305555555555556 0.458984375 0.4236111111111111 0.4609375 0.4166666666666667 0.4765625 0.4097222222222222 0.484375 0.3993055555555556 0.490234375 0.3993055555555556 0.4921875 0.4027777777777778
2 0.462890625 0.3541666666666667 0.466796875 0.3576388888888889 0.46875 0.3680555555555556 0.466796875 0.375 0.458984375 0.3819444444444444 0.453125 0.3958333333333333 0.453125 0.4131944444444444 0.455078125 0.4201388888888889 0.4453125 0.4270833333333333 0.443359375 0.4340277777777778 0.431640625 0.4513888888888889 0.42578125 0.4513888888888889 0.42578125 0.4444444444444444 0.431640625 0.4305555555555556 0.431640625 0.4236111111111111 0.42578125 0.4131944444444444 0.41796875 0.40625 0.41796875 0.3923611111111111 0.421875 0.3854166666666667 0.42578125 0.3819444444444444 0.431640625 0.3819444444444444 0.439453125 0.3715277777777778 0.453125 0.3645833333333333 0.458984375 0.3541666666666667 0.4609375 0.3541666666666667
2 0.3984375 0.4201388888888889 0.3984375 0.4166666666666667 0.40234375 0.4131944444444444 0.416015625 0.3854166666666667 0.41015625 0.3645833333333333 0.41015625 0.3541666666666667 0.419921875 0.3368055555555556 0.4375 0.3229166666666667 0.4453125 0.3090277777777778 0.451171875 0.3090277777777778 0.455078125 0.3159722222222222 0.455078125 0.3263888888888889 0.447265625 0.3472222222222222 0.447265625 0.3576388888888889 0.4453125 0.3645833333333333 0.44140625 0.3680555555555556 0.439453125 0.375 0.421875 0.3819444444444444 0.41796875 0.3888888888888889 0.416015625 0.4027777777777778 0.41015625 0.4131944444444444 0.41015625 0.4201388888888889 0.400390625 0.4201388888888889
2 0.513671875 0.625 0.517578125 0.6319444444444444 0.517578125 0.6458333333333334 0.51171875 0.6597222222222222 0.51171875 0.6736111111111112 0.509765625 0.6805555555555556 0.50390625 0.6909722222222222 0.50390625 0.7013888888888888 0.505859375 0.7048611111111112 0.505859375 0.7256944444444444 0.509765625 0.7361111111111112 0.509765625 0.7708333333333334 0.51953125 0.7881944444444444 0.5078125 0.7881944444444444 0.505859375 0.7847222222222222 0.505859375 0.7743055555555556 0.50390625 0.7708333333333334 0.50390625 0.7604166666666666 0.501953125 0.7569444444444444 0.5 0.7361111111111112 0.498046875 0.7326388888888888 0.494140625 0.7326388888888888 0.48828125 0.7430555555555556 0.486328125 0.7534722222222222 0.47265625 0.7743055555555556 0.47265625 0.7916666666666666 0.470703125 0.7951388888888888 0.46875 0.7951388888888888 0.4609375 0.78125 0.4609375 0.7777777777777778 0.462890625 0.7777777777777778 0.4765625 0.75 0.4765625 0.7465277777777778 0.48046875 0.7430555555555556 0.48046875 0.7361111111111112 0.484375 0.7256944444444444 0.484375 0.6979166666666666 0.48828125 0.6909722222222222 0.4921875 0.6631944444444444 0.50390625 0.6388888888888888 0.505859375 0.6284722222222222 0.51171875 0.625
2 0.427734375 0.4583333333333333 0.44140625 0.4444444444444444 0.447265625 0.4305555555555556 0.455078125 0.4236111111111111 0.4609375 0.4236111111111111 0.466796875 0.4340277777777778 0.466796875 0.4375 0.46484375 0.4375 0.458984375 0.4479166666666667 0.453125 0.4513888888888889 0.447265625 0.4618055555555556 0.4296875 0.4826388888888889 0.42578125 0.46875 0.427734375 0.4618055555555556
2 0.447265625 0.5729166666666666 0.447265625 0.5763888888888888 0.443359375 0.5763888888888888 0.44140625 0.5798611111111112 0.43359375 0.5763888888888888 0.43359375 0.5694444444444444 0.439453125 0.5590277777777778 0.443359375 0.5416666666666666 0.44140625 0.5381944444444444 0.44140625 0.5243055555555556 0.435546875 0.5138888888888888 0.4296875 0.4965277777777778 0.4296875 0.4861111111111111 0.4375 0.4722222222222222 0.455078125 0.4548611111111111 0.4609375 0.4409722222222222 0.470703125 0.4409722222222222 0.474609375 0.4513888888888889 0.47265625 0.4583333333333333 0.46484375 0.46875 0.46484375 0.4756944444444444 0.458984375 0.4826388888888889 0.458984375 0.5034722222222222 0.462890625 0.5104166666666666 0.458984375 0.5208333333333334 0.45703125 0.5486111111111112 0.4609375 0.5555555555555556 0.45703125 0.5590277777777778 0.447265625 0.5590277777777778 0.443359375 0.5659722222222222 0.4453125 0.5729166666666666
2 0.7734375 0.1597222222222222 0.7734375 0.1736111111111111 0.78125 0.1840277777777778 0.783203125 0.2048611111111111 0.78515625 0.20833333333333334 0.783203125 0.2152777777777778 0.783203125 0.22916666666666666 0.77734375 0.25 0.779296875 0.2638888888888889 0.78515625 0.2743055555555556 0.78515625 0.2951388888888889 0.78125 0.2951388888888889 0.78125 0.28125 0.7734375 0.2673611111111111 0.771484375 0.2673611111111111 0.76953125 0.2708333333333333 0.76953125 0.2986111111111111 0.765625 0.3020833333333333 0.76171875 0.3020833333333333 0.76171875 0.2951388888888889 0.763671875 0.2916666666666667 0.763671875 0.2569444444444444 0.76171875 0.25 0.763671875 0.2465277777777778 0.763671875 0.2326388888888889 0.765625 0.22916666666666666 0.765625 0.21180555555555555 0.759765625 0.2013888888888889 0.759765625 0.19444444444444445 0.76171875 0.1909722222222222 0.76171875 0.16319444444444445 0.767578125 0.15625 0.771484375 0.1597222222222222