0 0.466796875 0.09722222222222222 0.470703125 0.10069444444444445 0.47265625 0.11458333333333333 0.470703125 0.12152777777777778 0.466796875 0.125 0.466796875 0.13194444444444445 0.46484375 0.13541666666666666 0.455078125 0.125 0.455078125 0.10416666666666667 0.458984375 0.09722222222222222 0.46484375 0.09722222222222222
0 0.462890625 0 0.478515625 0 0.48046875 0.003472222222222222 0.48046875 0.010416666666666666 0.47265625 0.020833333333333332 0.46484375 0.020833333333333332 0.462890625 0.013888888888888888 0.462890625 0.003472222222222222
0 0.5278645833333333 0.10046296296296296 0.018229166666666668 0.041666666666666664
0 0.8046875 0 0.80859375 0 0.810546875 0.003472222222222222 0.8125 0 0.818359375 0 0.818359375 0.013888888888888888 0.814453125 0.027777777777777776 0.810546875 0.03125 0.80859375 0.03125 0.8046875 0.020833333333333332 0.8046875 0.003472222222222222
0 0.978515625 0.4513888888888889 0.982421875 0.4479166666666667 0.9921875 0.4479166666666667 0.998046875 0.4618055555555556 0.998046875 0.4756944444444444 0.99609375 0.4791666666666667 0.9765625 0.4791666666666667 0.974609375 0.4652777777777778 0.978515625 0.4548611111111111
0 0.97265625 0.4791666666666667 0.978515625 0.4861111111111111 0.978515625 0.4930555555555556 0.98046875 0.4965277777777778 0.986328125 0.4965277777777778 0.98828125 0.5 0.98828125 0.5069444444444444 0.966796875 0.5069444444444444 0.962890625 0.5138888888888888 0.958984375 0.5104166666666666 0.958984375 0.5034722222222222 0.962890625 0.4965277777777778 0.96484375 0.4826388888888889 0.970703125 0.4791666666666667
0 0.7265625 0.3333333333333333 0.73046875 0.3402777777777778 0.73046875 0.3506944444444444 0.734375 0.3541666666666667 0.734375 0.3611111111111111 0.732421875 0.3645833333333333 0.72265625 0.3645833333333333 0.716796875 0.3715277777777778 0.7109375 0.3680555555555556 0.70703125 0.3541666666666667 0.70703125 0.34375 0.71484375 0.3333333333333333 0.724609375 0.3333333333333333
0 0.565625 0.3847222222222222 0.022916666666666665 0.03981481481481482
0 0.583984375 0.4409722222222222 0.583984375 0.4479166666666667 0.58203125 0.4513888888888889 0.5625 0.4513888888888889 0.560546875 0.4479166666666667 0.5625 0.4305555555555556 0.56640625 0.4236111111111111 0.572265625 0.4236111111111111 0.57421875 0.4201388888888889 0.580078125 0.4201388888888889 0.58203125 0.4236111111111111 0.58203125 0.4340277777777778 0.580078125 0.4375 0.58203125 0.4409722222222222
0 0.494140625 0.4166666666666667 0.49609375 0.4236111111111111 0.49609375 0.4375 0.498046875 0.4409722222222222 0.49609375 0.4479166666666667 0.478515625 0.4479166666666667 0.478515625 0.4236111111111111 0.484375 0.4131944444444444 0.490234375 0.4131944444444444 0.4921875 0.4166666666666667
0 0.474609375 0.5 0.4765625 0.5034722222222222 0.4765625 0.5138888888888888 0.482421875 0.5208333333333334 0.482421875 0.53125 0.474609375 0.5347222222222222 0.46875 0.5277777777777778 0.46875 0.5069444444444444 0.47265625 0.5034722222222222
1 0.826171875 0.017361111111111112 0.828125 0.020833333333333332 0.830078125 0.03819444444444445 0.828125 0.03819444444444445 0.82421875 0.04861111111111111 0.82421875 0.10069444444444445 0.822265625 0.10416666666666667 0.810546875 0.10416666666666667 0.80859375 0.1076388888888889 0.802734375 0.1076388888888889 0.80078125 0.10416666666666667 0.80078125 0.09722222222222222 0.798828125 0.09375 0.798828125 0.0798611111111111 0.80078125 0.0763888888888889 0.798828125 0.07291666666666667 0.798828125 0.04861111111111111 0.79296875 0.03819444444444445 0.79296875 0.034722222222222224 0.794921875 0.027777777777777776 0.80078125 0.020833333333333332 0.80859375 0.027777777777777776 0.810546875 0.034722222222222224 0.81640625 0.027777777777777776 0.81640625 0.020833333333333332 0.818359375 0.017361111111111112 0.82421875 0.017361111111111112
1 0.98828125 0.5138888888888888 0.994140625 0.5208333333333334 0.99609375 0.5277777777777778 0.998046875 0.5277777777777778 0.998046875 0.5590277777777778 0.99609375 0.5625 0.998046875 0.6076388888888888 0.99609375 0.6145833333333334 0.9765625 0.6145833333333334 0.974609375 0.6111111111111112 0.966796875 0.6111111111111112 0.96484375 0.6076388888888888 0.96484375 0.59375 0.962890625 0.5902777777777778 0.962890625 0.5659722222222222 0.9609375 0.5625 0.9609375 0.5555555555555556 0.953125 0.5486111111111112 0.953125 0.5277777777777778 0.9609375 0.5138888888888888 0.986328125 0.5138888888888888
1 0.50390625 0.4409722222222222 0.509765625 0.4618055555555556 0.51171875 0.4895833333333333 0.513671875 0.4930555555555556 0.515625 0.5104166666666666 0.51171875 0.5208333333333334 0.50390625 0.5243055555555556 0.498046875 0.5347222222222222 0.49609375 0.5347222222222222 0.49609375 0.5208333333333334 0.494140625 0.5173611111111112 0.494140625 0.4861111111111111 0.486328125 0.46875 0.482421875 0.46875 0.48046875 0.4722222222222222 0.4765625 0.46875 0.478515625 0.4618055555555556 0.48828125 0.4479166666666667 0.49609375 0.4409722222222222 0.501953125 0.4409722222222222
1 0.576171875 0.3923611111111111 0.583984375 0.4027777777777778 0.587890625 0.4166666666666667 0.587890625 0.4236111111111111 0.58984375 0.4270833333333333 0.58984375 0.4618055555555556 0.587890625 0.4618055555555556 0.58203125 0.4479166666666667 0.58203125 0.4375 0.583984375 0.4340277777777778 0.58203125 0.4270833333333333 0.57421875 0.4166666666666667 0.564453125 0.4201388888888889 0.5625 0.4131944444444444 0.5625 0.40625 0.57421875 0.3958333333333333
1 0.515625 0.10069444444444445 0.5234375 0.11805555555555555 0.52734375 0.11805555555555555 0.533203125 0.1076388888888889 0.541015625 0.1076388888888889 0.544921875 0.1111111111111111 0.546875 0.13194444444444445 0.544921875 0.13194444444444445 0.5390625 0.1423611111111111 0.541015625 0.14583333333333334 0.541015625 0.1701388888888889 0.537109375 0.18055555555555555 0.533203125 0.1840277777777778 0.5234375 0.1840277777777778 0.513671875 0.1736111111111111 0.513671875 0.14583333333333334 0.509765625 0.1284722222222222 0.51171875 0.10416666666666667 0.513671875 0.10416666666666667
1 0.66015625 0 0.6796875 0 0.6796875 0.03125 0.677734375 0.034722222222222224 0.658203125 0.03125 0.65625 0.024305555555555556 0.658203125 0.024305555555555556 0.66015625 0.03125 0.666015625 0.024305555555555556 0.66015625 0.003472222222222222
1 0.736328125 0.3680555555555556 0.73828125 0.3715277777777778 0.73828125 0.3854166666666667 0.740234375 0.3888888888888889 0.740234375 0.4166666666666667 0.73828125 0.4201388888888889 0.740234375 0.4340277777777778 0.73828125 0.4375 0.728515625 0.4375 0.72265625 0.4513888888888889 0.716796875 0.4513888888888889 0.716796875 0.4444444444444444 0.724609375 0.4375 0.73046875 0.4270833333333333 0.734375 0.4097222222222222 0.734375 0.3958333333333333 0.73046875 0.3854166666666667 0.7265625 0.3854166666666667 0.724609375 0.3819444444444444 0.720703125 0.3888888888888889 0.720703125 0.4201388888888889 0.71484375 0.4270833333333333 0.71484375 0.4166666666666667 0.712890625 0.4131944444444444 0.71484375 0.3819444444444444 0.716796875 0.3784722222222222 0.716796875 0.3715277777777778 0.72265625 0.3645833333333333 0.73046875 0.3611111111111111 0.734375 0.3680555555555556
1 0.994140625 0.4791666666666667 0.998046875 0.4895833333333333 0.998046875 0.5 0.9921875 0.5 0.98828125 0.5069444444444444 0.984375 0.5034722222222222 0.98046875 0.4861111111111111 0.986328125 0.4791666666666667 0.9921875 0.4791666666666667
1 0.56640625 0.4548611111111111 0.5703125 0.4513888888888889 0.580078125 0.4513888888888889 0.587890625 0.4618055555555556 0.5859375 0.5451388888888888 0.58203125 0.5555555555555556 0.578125 0.5590277777777778 0.572265625 0.5486111111111112 0.568359375 0.5486111111111112 0.56640625 0.5451388888888888 0.56640625 0.5381944444444444 0.5625 0.5347222222222222 0.5625 0.5277777777777778 0.560546875 0.5243055555555556 0.560546875 0.5069444444444444 0.5625 0.5034722222222222 0.5625 0.4652777777777778 0.56640625 0.4583333333333333
1 0.4765625 0.12152777777777778 0.48046875 0.13194444444444445 0.474609375 0.14583333333333334 0.474609375 0.15625 0.47265625 0.1597222222222222 0.47265625 0.19791666666666666 0.470703125 0.2013888888888889 0.466796875 0.19791666666666666 0.44921875 0.19791666666666666 0.44921875 0.18055555555555555 0.451171875 0.17708333333333334 0.44921875 0.16666666666666666 0.451171875 0.16319444444444445 0.451171875 0.15625 0.44921875 0.1527777777777778 0.44921875 0.14583333333333334 0.4453125 0.1388888888888889 0.4453125 0.125 0.447265625 0.12152777777777778 0.453125 0.12152777777777778 0.4609375 0.13541666666666666 0.46484375 0.13541666666666666 0.46875 0.125 0.474609375 0.12152777777777778
1 0.48046875 0.013888888888888888 0.486328125 0.024305555555555556 0.48828125 0.03819444444444445 0.486328125 0.041666666666666664 0.486328125 0.052083333333333336 0.482421875 0.0625 0.48046875 0.08680555555555555 0.4765625 0.09027777777777778 0.46875 0.0798611111111111 0.46875 0.0625 0.466796875 0.059027777777777776 0.466796875 0.027777777777777776 0.478515625 0.013888888888888888
2 0.654296875 0 0.681640625 0 0.68359375 0.013888888888888888 0.689453125 0.03125 0.689453125 0.041666666666666664 0.685546875 0.052083333333333336 0.685546875 0.10416666666666667 0.68359375 0.1076388888888889 0.68359375 0.12152777777777778 0.689453125 0.14583333333333334 0.68359375 0.14583333333333334 0.677734375 0.13194444444444445 0.677734375 0.0763888888888889 0.67578125 0.07291666666666667 0.67578125 0.06597222222222222 0.671875 0.059027777777777776 0.66796875 0.06597222222222222 0.66796875 0.07291666666666667 0.6640625 0.08333333333333333 0.6640625 0.09375 0.662109375 0.09722222222222222 0.662109375 0.11805555555555555 0.66015625 0.12152777777777778 0.662109375 0.13541666666666666 0.658203125 0.1388888888888889 0.654296875 0.125 0.654296875 0.09027777777777778 0.65625 0.08680555555555555 0.654296875 0.003472222222222222
2 0.564453125 0.4236111111111111 0.55859375 0.3993055555555556 0.5546875 0.3923611111111111 0.5546875 0.3784722222222222 0.560546875 0.3680555555555556 0.5703125 0.3680555555555556 0.57421875 0.375 0.57421875 0.3854166666666667 0.587890625 0.4131944444444444 0.587890625 0.4236111111111111 0.58984375 0.4270833333333333 0.58984375 0.4548611111111111 0.591796875 0.4583333333333333 0.591796875 0.4861111111111111 0.58984375 0.4861111111111111 0.58984375 0.46875 0.58203125 0.4479166666666667 0.583984375 0.4409722222222222 0.58203125 0.4270833333333333 0.57421875 0.4166666666666667 0.56640625 0.4201388888888889
2 0.720703125 0.3333333333333333 0.728515625 0.34375 0.728515625 0.3541666666666667 0.73046875 0.3611111111111111 0.73828125 0.3715277777777778 0.73828125 0.3958333333333333 0.740234375 0.3993055555555556 0.73828125 0.4270833333333333 0.7421875 0.4409722222222222 0.7421875 0.4548611111111111 0.73828125 0.4652777777777778 0.732421875 0.5069444444444444 0.7421875 0.5208333333333334 0.748046875 0.5208333333333334 0.75390625 0.5277777777777778 0.755859375 0.5347222222222222 0.755859375 0.5486111111111112 0.751953125 0.5590277777777778 0.748046875 0.5555555555555556 0.748046875 0.5486111111111112 0.7421875 0.5381944444444444 0.740234375 0.5416666666666666 0.740234375 0.5555555555555556 0.7421875 0.5590277777777778 0.744140625 0.5763888888888888 0.73828125 0.5833333333333334 0.728515625 0.5833333333333334 0.7265625 0.5798611111111112 0.728515625 0.5798611111111112 0.732421875 0.5694444444444444 0.732421875 0.5486111111111112 0.7265625 0.5277777777777778 0.72265625 0.5208333333333334 0.716796875 0.5173611111111112 0.7109375 0.5069444444444444 0.7109375 0.4826388888888889 0.71484375 0.4652777777777778 0.71484375 0.4513888888888889 0.712890625 0.4479166666666667 0.701171875 0.4513888888888889 0.701171875 0.4444444444444444 0.705078125 0.4375 0.708984375 0.4375 0.71484375 0.4270833333333333 0.71484375 0.4166666666666667 0.7109375 0.4097222222222222 0.701171875 0.4131944444444444 0.701171875 0.40625 0.705078125 0.4027777777777778 0.7109375 0.4027777777777778 0.71484375 0.3958333333333333 0.71484375 0.375 0.708984375 0.3611111111111111 0.708984375 0.3472222222222222 0.712890625 0.3368055555555556 0.71875 0.3333333333333333
2 0.974609375 0.4791666666666667 0.978515625 0.4861111111111111 0.982421875 0.5034722222222222 0.998046875 0.5277777777777778 0.998046875 0.5659722222222222 0.99609375 0.5694444444444444 0.99609375 0.5763888888888888 0.998046875 0.5798611111111112 0.998046875 0.6354166666666666 0.99609375 0.6388888888888888 0.9921875 0.6388888888888888 0.98828125 0.6458333333333334 0.99609375 0.6736111111111112 0.998046875 0.7118055555555556 0.994140625 0.7118055555555556 0.98828125 0.7013888888888888 0.98828125 0.6875 0.982421875 0.6770833333333334 0.98046875 0.6770833333333334 0.978515625 0.6805555555555556 0.978515625 0.7013888888888888 0.98046875 0.7048611111111112 0.98046875 0.7152777777777778 0.984375 0.7222222222222222 0.984375 0.7361111111111112 0.98046875 0.7361111111111112 0.978515625 0.7395833333333334 0.970703125 0.7395833333333334 0.96875 0.7361111111111112 0.970703125 0.7326388888888888 0.97265625 0.7152777777777778 0.966796875 0.6909722222222222 0.966796875 0.6701388888888888 0.96484375 0.6666666666666666 0.96484375 0.6527777777777778 0.962890625 0.6493055555555556 0.962890625 0.6354166666666666 0.96484375 0.6319444444444444 0.962890625 0.5798611111111112 0.958984375 0.5729166666666666 0.953125 0.5833333333333334 0.953125 0.5868055555555556 0.94921875 0.5902777777777778 0.947265625 0.5868055555555556 0.947265625 0.5659722222222222 0.953125 0.5416666666666666 0.953125 0.5277777777777778 0.9609375 0.5138888888888888 0.9609375 0.4861111111111111 0.966796875 0.4791666666666667 0.97265625 0.4791666666666667
2 0.990234375 0.4444444444444444 0.99609375 0.4548611111111111 0.99609375 0.4722222222222222 0.994140625 0.4756944444444444 0.998046875 0.4895833333333333 0.998046875 0.5243055555555556 0.984375 0.5034722222222222 0.98046875 0.4930555555555556 0.98046875 0.4861111111111111 0.974609375 0.4756944444444444 0.974609375 0.4548611111111111 0.982421875 0.4444444444444444 0.98828125 0.4444444444444444
2 0.4609375 0 0.474609375 0 0.48828125 0.03125 0.486328125 0.052083333333333336 0.482421875 0.0625 0.482421875 0.08333333333333333 0.48046875 0.08680555555555555 0.48046875 0.09722222222222222 0.478515625 0.10416666666666667 0.474609375 0.11458333333333333 0.47265625 0.11458333333333333 0.47265625 0.10416666666666667 0.466796875 0.09027777777777778 0.455078125 0.09027777777777778 0.44921875 0.0798611111111111 0.4453125 0.0798611111111111 0.43359375 0.12152777777777778 0.427734375 0.11805555555555555 0.421875 0.1076388888888889 0.421875 0.10416666666666667 0.4296875 0.10416666666666667 0.43359375 0.09722222222222222 0.435546875 0.0798611111111111 0.4375 0.0763888888888889 0.4375 0.0625 0.4609375 0.0625 0.466796875 0.052083333333333336 0.466796875 0.027777777777777776 0.4609375 0.010416666666666666 0.4609375 0.003472222222222222
2 0.48828125 0.4131944444444444 0.494140625 0.4201388888888889 0.49609375 0.4340277777777778 0.5 0.4409722222222222 0.50390625 0.4409722222222222 0.505859375 0.4513888888888889 0.51953125 0.4826388888888889 0.53125 0.5277777777777778 0.53125 0.53125 0.5234375 0.5347222222222222 0.513671875 0.5486111111111112 0.513671875 0.5763888888888888 0.521484375 0.5833333333333334 0.533203125 0.5833333333333334 0.5390625 0.5763888888888888 0.54296875 0.5868055555555556 0.54296875 0.6006944444444444 0.53125 0.5972222222222222 0.529296875 0.59375 0.50390625 0.59375 0.5 0.5868055555555556 0.490234375 0.5868055555555556 0.486328125 0.5833333333333334 0.4921875 0.5729166666666666 0.4921875 0.5694444444444444 0.48828125 0.5590277777777778 0.48828125 0.5520833333333334 0.484375 0.5416666666666666 0.484375 0.5347222222222222 0.48046875 0.5208333333333334 0.482421875 0.5173611111111112 0.484375 0.4965277777777778 0.4765625 0.46875 0.48046875 0.4548611111111111 0.48046875 0.4479166666666667 0.4765625 0.4409722222222222 0.4765625 0.4270833333333333 0.48046875 0.4166666666666667 0.486328125 0.4131944444444444
2 0.48046875 0.4895833333333333 0.482421875 0.4930555555555556 0.48046875 0.5277777777777778 0.482421875 0.53125 0.486328125 0.5590277777777778 0.482421875 0.5590277777777778 0.48046875 0.5625 0.4765625 0.5590277777777778 0.478515625 0.5451388888888888 0.466796875 0.5277777777777778 0.466796875 0.5104166666666666 0.470703125 0.5069444444444444 0.4765625 0.4965277777777778 0.4765625 0.4930555555555556 0.478515625 0.4930555555555556
2 0.81640625 0 0.81640625 0.010416666666666666 0.8203125 0.017361111111111112 0.826171875 0.017361111111111112 0.830078125 0.027777777777777776 0.83203125 0.052083333333333336 0.8359375 0.06597222222222222 0.8359375 0.0798611111111111 0.83984375 0.09722222222222222 0.83984375 0.11458333333333333 0.837890625 0.11805555555555555 0.833984375 0.1076388888888889 0.833984375 0.09027777777777778 0.83203125 0.08680555555555555 0.830078125 0.06597222222222222 0.828125 0.0625 0.82421875 0.06944444444444445 0.82421875 0.10416666666666667 0.828125 0.12152777777777778 0.828125 0.13541666666666666 0.826171875 0.1423611111111111 0.828125 0.14583333333333334 0.82421875 0.1597222222222222 0.814453125 0.17708333333333334 0.81640625 0.2013888888888889 0.80859375 0.21875 0.8046875 0.21875 0.802734375 0.2152777777777778 0.806640625 0.2013888888888889 0.806640625 0.1909722222222222 0.8046875 0.1875 0.8046875 0.1527777777777778 0.802734375 0.14930555555555555 0.80078125 0.10416666666666667 0.798828125 0.10069444444444445 0.798828125 0.06597222222222222 0.796875 0.0625 0.79296875 0.07291666666666667 0.79296875 0.08333333333333333 0.791015625 0.08680555555555555 0.791015625 0.11805555555555555 0.7890625 0.12152777777777778 0.78515625 0.12152777777777778 0.78515625 0.09722222222222222 0.787109375 0.09375 0.787109375 0.0625 0.79296875 0.041666666666666664 0.79296875 0.03125 0.802734375 0.017361111111111112 0.802734375 0.003472222222222222 0.8046875 0 0.814453125 0
2 0.998046875 0.24305555555555555 0.998046875 0.2569444444444444 0.98828125 0.2708333333333333 0.984375 0.2708333333333333 0.984375 0.2638888888888889 0.99609375 0.2465277777777778
2 0.4765625 0.4930555555555556 0.482421875 0.4895833333333333 0.482421875 0.5173611111111112 0.48046875 0.5208333333333334 0.48046875 0.5277777777777778 0.486328125 0.5486111111111112 0.486328125 0.5590277777777778 0.478515625 0.5590277777777778 0.478515625 0.5520833333333334 0.48046875 0.5486111111111112 0.466796875 0.5277777777777778 0.466796875 0.5138888888888888 0.46875 0.5069444444444444 0.470703125 0.5069444444444444 0.4765625 0.4965277777777778
2 0.576171875 0.4201388888888889 0.58203125 0.4305555555555556 0.58203125 0.4513888888888889 0.587890625 0.4618055555555556 0.587890625 0.5 0.5859375 0.5034722222222222 0.5859375 0.5486111111111112 0.576171875 0.5694444444444444 0.576171875 0.5763888888888888 0.5703125 0.59375 0.578125 0.6215277777777778 0.578125 0.6388888888888888 0.583984375 0.65625 0.583984375 0.6631944444444444 0.58203125 0.6666666666666666 0.568359375 0.6666666666666666 0.5625 0.6736111111111112 0.54296875 0.6736111111111112 0.541015625 0.6701388888888888 0.548828125 0.6631944444444444 0.5546875 0.6527777777777778 0.5546875 0.6319444444444444 0.55078125 0.6180555555555556 0.548828125 0.5798611111111112 0.55078125 0.5763888888888888 0.55078125 0.5694444444444444 0.5546875 0.5625 0.552734375 0.5486111111111112 0.55859375 0.5416666666666666 0.5625 0.53125 0.560546875 0.5277777777777778 0.560546875 0.5138888888888888 0.5625 0.5104166666666666 0.5625 0.4965277777777778 0.560546875 0.4930555555555556 0.5625 0.4895833333333333 0.5625 0.4652777777777778 0.564453125 0.4618055555555556 0.564453125 0.4548611111111111 0.5625 0.4513888888888889 0.5625 0.4305555555555556 0.564453125 0.4236111111111111 0.568359375 0.4201388888888889 0.57421875 0.4201388888888889
2 0.529296875 0.0798611111111111 0.533203125 0.08333333333333333 0.533203125 0.10069444444444445 0.537109375 0.1076388888888889 0.544921875 0.1111111111111111 0.546875 0.13194444444444445 0.552734375 0.14583333333333334 0.552734375 0.16319444444444445 0.541015625 0.1875 0.54296875 0.2847222222222222 0.541015625 0.2881944444444444 0.537109375 0.2881944444444444 0.537109375 0.2534722222222222 0.53515625 0.25 0.53515625 0.24305555555555555 0.529296875 0.22916666666666666 0.529296875 0.2222222222222222 0.525390625 0.2152777777777778 0.51953125 0.2326388888888889 0.51953125 0.2569444444444444 0.515625 0.2708333333333333 0.515625 0.2986111111111111 0.51171875 0.3020833333333333 0.505859375 0.3020833333333333 0.50390625 0.2986111111111111 0.509765625 0.2847222222222222 0.509765625 0.25 0.51171875 0.2465277777777778 0.51171875 0.17708333333333334 0.513671875 0.1736111111111111 0.513671875 0.14930555555555555 0.509765625 0.14583333333333334 0.505859375 0.1527777777777778 0.505859375 0.16666666666666666 0.50390625 0.1736111111111111 0.5 0.1701388888888889 0.5 0.1527777777777778 0.505859375 0.125 0.51171875 0.11458333333333333 0.51171875 0.10416666666666667 0.513671875 0.10416666666666667 0.51953125 0.09375 0.521484375 0.08333333333333333 0.52734375 0.0798611111111111
2 0.46484375 0.09375 0.470703125 0.10416666666666667 0.470703125 0.11458333333333333 0.478515625 0.125 0.48046875 0.13194444444444445 0.48046875 0.1423611111111111 0.48828125 0.1597222222222222 0.48828125 0.17708333333333334 0.484375 0.1909722222222222 0.484375 0.2013888888888889 0.478515625 0.2013888888888889 0.4765625 0.19791666666666666 0.47265625 0.2048611111111111 0.47265625 0.23958333333333334 0.470703125 0.24305555555555555 0.470703125 0.2673611111111111 0.46875 0.2708333333333333 0.46875 0.2881944444444444 0.470703125 0.2951388888888889 0.46484375 0.3020833333333333 0.46484375 0.2951388888888889 0.462890625 0.2916666666666667 0.462890625 0.2708333333333333 0.4609375 0.2673611111111111 0.462890625 0.2638888888888889 0.462890625 0.2361111111111111 0.4609375 0.2326388888888889 0.45703125 0.2361111111111111 0.45703125 0.2465277777777778 0.455078125 0.25 0.455078125 0.3090277777777778 0.45703125 0.3125 0.455078125 0.3159722222222222 0.44921875 0.3159722222222222 0.451171875 0.3090277777777778 0.451171875 0.2951388888888889 0.447265625 0.2777777777777778 0.447265625 0.2222222222222222 0.4453125 0.21875 0.4453125 0.21180555555555555 0.44140625 0.2048611111111111 0.44140625 0.17708333333333334 0.439453125 0.1736111111111111 0.439453125 0.16666666666666666 0.44140625 0.16319444444444445 0.44140625 0.14930555555555555 0.4453125 0.13541666666666666 0.4453125 0.125 0.453125 0.11805555555555555 0.455078125 0.11458333333333333 0.455078125 0.10416666666666667 0.45703125 0.09722222222222222 0.462890625 0.09375