0 0.36822916666666666 0.5125 0.013541666666666667 0.026851851851851852
0 0.556640625 0.4409722222222222 0.55859375 0.4444444444444444 0.55859375 0.4513888888888889 0.556640625 0.4548611111111111 0.560546875 0.4652777777777778 0.5546875 0.4756944444444444 0.546875 0.4756944444444444 0.54296875 0.46875 0.54296875 0.4479166666666667 0.548828125 0.4409722222222222 0.5546875 0.4409722222222222
0 0.365234375 0.14583333333333334 0.3671875 0.14930555555555555 0.365234375 0.1736111111111111 0.359375 0.1736111111111111 0.35546875 0.1597222222222222 0.35546875 0.14930555555555555 0.357421875 0.14583333333333334 0.36328125 0.14583333333333334
0 0.3984375 0.14305555555555557 0.0125 0.03425925925925926
0 0.48072916666666665 0.1 0.014583333333333334 0.04074074074074074
0 0.4940104166666667 0.17685185185185184 0.013020833333333334 0.025925925925925925
0 0.5864583333333333 0.16157407407407406 0.015625 0.03425925925925926
0 0.8984375 0.24305555555555555 0.904296875 0.2361111111111111 0.91015625 0.2361111111111111 0.916015625 0.24305555555555555 0.916015625 0.2534722222222222 0.912109375 0.2638888888888889 0.90234375 0.2638888888888889 0.8984375 0.2569444444444444 0.8984375 0.2465277777777778
0 0.974609375 0.03125 0.9765625 0.034722222222222224 0.9765625 0.04861111111111111 0.974609375 0.052083333333333336 0.96875 0.052083333333333336 0.966796875 0.04513888888888889 0.966796875 0.03125 0.96875 0.027777777777777776 0.97265625 0.03125
0 0.8515625 0.5037037037037037 0.015625 0.03148148148148148
0 0.869140625 0.34375 0.873046875 0.3541666666666667 0.873046875 0.3680555555555556 0.865234375 0.375 0.859375 0.375 0.85546875 0.3715277777777778 0.85546875 0.3541666666666667 0.861328125 0.34375 0.8671875 0.34375
0 0.654296875 0.4618055555555556 0.658203125 0.4722222222222222 0.658203125 0.4791666666666667 0.650390625 0.4895833333333333 0.640625 0.4895833333333333 0.640625 0.4722222222222222 0.646484375 0.4618055555555556 0.65234375 0.4618055555555556
0 0.3658854166666667 0.5467592592592593 0.011979166666666666 0.025
1 0.921875 0.2569444444444444 0.935546875 0.2847222222222222 0.939453125 0.3020833333333333 0.9375 0.3090277777777778 0.923828125 0.3090277777777778 0.921875 0.3125 0.912109375 0.3125 0.91015625 0.2986111111111111 0.90234375 0.2847222222222222 0.8984375 0.2708333333333333 0.900390625 0.2638888888888889 0.908203125 0.2638888888888889 0.9140625 0.2569444444444444 0.919921875 0.2569444444444444
1 0.982421875 0.04513888888888889 0.986328125 0.04861111111111111 0.986328125 0.0625 0.984375 0.06597222222222222 0.986328125 0.07291666666666667 0.986328125 0.08333333333333333 0.978515625 0.09375 0.966796875 0.09375 0.96484375 0.09027777777777778 0.96484375 0.06597222222222222 0.966796875 0.0625 0.966796875 0.04861111111111111 0.98046875 0.04513888888888889
1 0.478515625 0.2326388888888889 0.478515625 0.21875 0.482421875 0.2048611111111111 0.482421875 0.19444444444444445 0.486328125 0.1875 0.5 0.1875 0.501953125 0.1909722222222222 0.5 0.22916666666666666 0.498046875 0.2361111111111111 0.48046875 0.2326388888888889
1 0.84765625 0.5104166666666666 0.853515625 0.5104166666666666 0.857421875 0.5069444444444444 0.86328125 0.5277777777777778 0.86328125 0.5520833333333334 0.859375 0.5381944444444444 0.85546875 0.5347222222222222 0.8515625 0.5416666666666666 0.85546875 0.5555555555555556 0.85546875 0.5659722222222222 0.8515625 0.5694444444444444 0.8515625 0.5590277777777778 0.849609375 0.5555555555555556 0.849609375 0.5347222222222222 0.84765625 0.53125 0.84765625 0.5138888888888888
1 0.38671875 0.1597222222222222 0.390625 0.15625 0.40625 0.1527777777777778 0.4140625 0.16666666666666666 0.4140625 0.1736111111111111 0.40625 0.1840277777777778 0.40625 0.19444444444444445 0.404296875 0.2013888888888889 0.39453125 0.2013888888888889 0.390625 0.1909722222222222 0.390625 0.18055555555555555 0.388671875 0.1736111111111111 0.384765625 0.1701388888888889 0.38671875 0.16319444444444445
1 0.06640625 0.9791666666666666 0.068359375 0.9826388888888888 0.078125 0.9861111111111112 0.080078125 0.9965277777777778 0.04296875 0.9965277777777778 0.041015625 0.9930555555555556 0.04296875 0.9861111111111112 0.046875 0.9826388888888888 0.064453125 0.9791666666666666
1 0.400390625 0.5451388888888888 0.408203125 0.5520833333333334 0.404296875 0.5520833333333334 0.400390625 0.5590277777777778 0.400390625 0.5694444444444444 0.396484375 0.5729166666666666 0.390625 0.5729166666666666 0.390625 0.5694444444444444 0.3828125 0.5590277777777778 0.37890625 0.5590277777777778 0.373046875 0.5659722222222222 0.369140625 0.5590277777777778 0.369140625 0.5486111111111112 0.373046875 0.5381944444444444 0.390625 0.5381944444444444 0.3984375 0.5451388888888888
1 0.85546875 0.4409722222222222 0.853515625 0.4340277777777778 0.853515625 0.4236111111111111 0.8515625 0.4201388888888889 0.8515625 0.40625 0.849609375 0.4027777777777778 0.849609375 0.3888888888888889 0.8515625 0.3854166666666667 0.8515625 0.3784722222222222 0.85546875 0.3715277777777778 0.859375 0.3715277777777778 0.861328125 0.3680555555555556 0.8671875 0.3680555555555556 0.869140625 0.3715277777777778 0.869140625 0.3819444444444444 0.86328125 0.3888888888888889 0.86328125 0.3993055555555556 0.869140625 0.4097222222222222 0.869140625 0.4270833333333333 0.865234375 0.4375 0.859375 0.4375 0.857421875 0.4409722222222222
1 0.384765625 0.5034722222222222 0.38671875 0.5069444444444444 0.392578125 0.5069444444444444 0.3984375 0.5138888888888888 0.396484375 0.5381944444444444 0.37890625 0.5347222222222222 0.37109375 0.5243055555555556 0.375 0.5104166666666666 0.3828125 0.5034722222222222
1 0.66015625 0.46875 0.662109375 0.4548611111111111 0.66796875 0.4479166666666667 0.6796875 0.4479166666666667 0.681640625 0.4444444444444444 0.685546875 0.4479166666666667 0.685546875 0.4583333333333333 0.6875 0.4618055555555556 0.68359375 0.4791666666666667 0.68359375 0.4965277777777778 0.681640625 0.5 0.681640625 0.5173611111111112 0.6796875 0.5208333333333334 0.67578125 0.5208333333333334 0.66796875 0.5034722222222222 0.666015625 0.4965277777777778 0.666015625 0.4791666666666667 0.662109375 0.46875
1 0.35546875 0.16319444444444445 0.357421875 0.16666666666666666 0.365234375 0.16666666666666666 0.3671875 0.16319444444444445 0.373046875 0.16666666666666666 0.37109375 0.2013888888888889 0.365234375 0.20833333333333334 0.3515625 0.20833333333333334 0.3515625 0.2013888888888889 0.349609375 0.19791666666666666 0.3515625 0.1875 0.34765625 0.17708333333333334 0.34765625 0.16666666666666666 0.353515625 0.16319444444444445
1 0.48828125 0.1111111111111111 0.48828125 0.1388888888888889 0.482421875 0.1527777777777778 0.48046875 0.16666666666666666 0.47265625 0.16666666666666666 0.470703125 0.1701388888888889 0.470703125 0.16666666666666666 0.466796875 0.16319444444444445 0.46875 0.1111111111111111 0.470703125 0.1076388888888889 0.484375 0.1076388888888889 0.486328125 0.1111111111111111
1 0.59375 0.1701388888888889 0.59765625 0.1736111111111111 0.599609375 0.1909722222222222 0.591796875 0.20833333333333334 0.591796875 0.21875 0.587890625 0.22569444444444445 0.57421875 0.2048611111111111 0.57421875 0.17708333333333334 0.578125 0.1701388888888889 0.591796875 0.1701388888888889
1 0.64453125 0.4826388888888889 0.6484375 0.4791666666666667 0.658203125 0.4791666666666667 0.658203125 0.4826388888888889 0.666015625 0.4965277777777778 0.673828125 0.5243055555555556 0.671875 0.5243055555555556 0.666015625 0.5381944444444444 0.66015625 0.5381944444444444 0.65234375 0.5243055555555556 0.65234375 0.5138888888888888 0.646484375 0.5069444444444444 0.64453125 0.4861111111111111
1 0.685546875 0.4236111111111111 0.69140625 0.4236111111111111 0.6953125 0.4270833333333333 0.69921875 0.4340277777777778 0.69921875 0.4409722222222222 0.703125 0.4548611111111111 0.703125 0.4652777777777778 0.701171875 0.4618055555555556 0.689453125 0.4618055555555556 0.685546875 0.4479166666666667 0.685546875 0.4270833333333333
1 0.556640625 0.4652777777777778 0.5625 0.4791666666666667 0.5625 0.4965277777777778 0.564453125 0.5 0.564453125 0.5173611111111112 0.56640625 0.5208333333333334 0.5625 0.53125 0.55859375 0.53125 0.556640625 0.5347222222222222 0.552734375 0.5347222222222222 0.546875 0.5277777777777778 0.546875 0.5069444444444444 0.548828125 0.5 0.54296875 0.4826388888888889 0.54296875 0.46875 0.544921875 0.4652777777777778 0.5546875 0.4652777777777778
0 0.064453125 0.9479166666666666 0.072265625 0.9583333333333334 0.072265625 0.96875 0.07421875 0.9722222222222222 0.0703125 0.9791666666666666 0.05859375 0.9756944444444444 0.056640625 0.9722222222222222 0.056640625 0.9583333333333334 0.05859375 0.9513888888888888 0.0625 0.9479166666666666
2 0.587890625 0.14930555555555555 0.591796875 0.1527777777777778 0.591796875 0.16319444444444445 0.599609375 0.17708333333333334 0.599609375 0.1875 0.6015625 0.1909722222222222 0.60546875 0.1909722222222222 0.609375 0.19791666666666666 0.611328125 0.2152777777777778 0.60546875 0.2152777777777778 0.60546875 0.2048611111111111 0.599609375 0.19791666666666666 0.595703125 0.2013888888888889 0.595703125 0.20833333333333334 0.59375 0.21180555555555555 0.59375 0.22569444444444445 0.595703125 0.22916666666666666 0.595703125 0.2569444444444444 0.59765625 0.2604166666666667 0.59765625 0.2916666666666667 0.599609375 0.2986111111111111 0.591796875 0.2986111111111111 0.591796875 0.2916666666666667 0.58984375 0.2881944444444444 0.591796875 0.2847222222222222 0.591796875 0.2638888888888889 0.58984375 0.2604166666666667 0.58984375 0.25 0.583984375 0.24305555555555555 0.576171875 0.2604166666666667 0.57421875 0.2951388888888889 0.572265625 0.3020833333333333 0.568359375 0.3020833333333333 0.56640625 0.3055555555555556 0.5625 0.3020833333333333 0.572265625 0.2638888888888889 0.572265625 0.22916666666666666 0.568359375 0.2152777777777778 0.56640625 0.1909722222222222 0.580078125 0.16319444444444445 0.58203125 0.1527777777777778 0.5859375 0.14930555555555555
2 0.6796875 0.4166666666666667 0.68359375 0.4166666666666667 0.6875 0.4236111111111111 0.693359375 0.4236111111111111 0.701171875 0.4409722222222222 0.701171875 0.4513888888888889 0.70703125 0.4722222222222222 0.70703125 0.5138888888888888 0.705078125 0.5173611111111112 0.70703125 0.5243055555555556 0.712890625 0.53125 0.716796875 0.5486111111111112 0.720703125 0.5555555555555556 0.720703125 0.5659722222222222 0.71484375 0.5659722222222222 0.703125 0.5416666666666666 0.703125 0.5381944444444444 0.6875 0.5138888888888888 0.6875 0.5069444444444444 0.685546875 0.5034722222222222 0.6875 0.4513888888888889 0.685546875 0.4479166666666667 0.685546875 0.4340277777777778 0.681640625 0.4201388888888889
2 0.65625 0.46875 0.669921875 0.5173611111111112 0.677734375 0.5347222222222222 0.677734375 0.5729166666666666 0.68359375 0.5798611111111112 0.689453125 0.59375 0.689453125 0.6180555555555556 0.681640625 0.6180555555555556 0.681640625 0.6076388888888888 0.68359375 0.6041666666666666 0.67578125 0.59375 0.671875 0.6006944444444444 0.6640625 0.6041666666666666 0.6640625 0.5902777777777778 0.658203125 0.5798611111111112 0.65234375 0.5763888888888888 0.6484375 0.5694444444444444 0.6484375 0.5555555555555556 0.654296875 0.5416666666666666 0.65234375 0.5381944444444444 0.6484375 0.5381944444444444 0.650390625 0.5138888888888888 0.646484375 0.5069444444444444 0.64453125 0.4861111111111111 0.642578125 0.4826388888888889 0.642578125 0.4722222222222222 0.646484375 0.4652777777777778 0.65234375 0.4652777777777778 0.654296875 0.46875
2 0.591796875 0.5520833333333334 0.591796875 0.5555555555555556 0.59765625 0.5659722222222222 0.59765625 0.5729166666666666 0.583984375 0.5659722222222222 0.580078125 0.5729166666666666 0.576171875 0.5729166666666666 0.57421875 0.5763888888888888 0.5703125 0.5729166666666666 0.564453125 0.5798611111111112 0.560546875 0.5625 0.5546875 0.5555555555555556 0.55078125 0.5625 0.55078125 0.5798611111111112 0.5546875 0.5972222222222222 0.560546875 0.6076388888888888 0.560546875 0.6145833333333334 0.552734375 0.6215277777777778 0.54296875 0.6215277777777778 0.546875 0.6111111111111112 0.546875 0.59375 0.54296875 0.5868055555555556 0.54296875 0.5798611111111112 0.541015625 0.5763888888888888 0.541015625 0.5416666666666666 0.54296875 0.5381944444444444 0.546875 0.5104166666666666 0.541015625 0.5034722222222222 0.537109375 0.4930555555555556 0.54296875 0.4861111111111111 0.54296875 0.4479166666666667 0.544921875 0.4444444444444444 0.5546875 0.4444444444444444 0.556640625 0.4479166666666667 0.556640625 0.4652777777777778 0.5625 0.4791666666666667 0.5625 0.4965277777777778 0.564453125 0.5 0.564453125 0.5104166666666666 0.568359375 0.5277777777777778 0.568359375 0.5555555555555556 0.572265625 0.5625 0.576171875 0.5625 0.5859375 0.5486111111111112 0.58984375 0.5520833333333334
2 0.474609375 0.08680555555555555 0.484375 0.08680555555555555 0.486328125 0.09375 0.484375 0.09722222222222222 0.484375 0.10416666666666667 0.48828125 0.1111111111111111 0.48828125 0.14583333333333334 0.486328125 0.14930555555555555 0.486328125 0.1597222222222222 0.482421875 0.16666666666666666 0.482421875 0.19444444444444445 0.478515625 0.2048611111111111 0.478515625 0.21180555555555555 0.4765625 0.2152777777777778 0.474609375 0.21180555555555555 0.474609375 0.2013888888888889 0.470703125 0.19791666666666666 0.46484375 0.20833333333333334 0.4609375 0.22916666666666666 0.45703125 0.2361111111111111 0.45703125 0.21875 0.462890625 0.1909722222222222 0.462890625 0.18055555555555555 0.458984375 0.17708333333333334 0.458984375 0.16319444444444445 0.4609375 0.1597222222222222 0.458984375 0.13541666666666666 0.462890625 0.12152777777777778 0.474609375 0.10069444444444445 0.474609375 0.09027777777777778
2 0.6796875 0.4131944444444444 0.68359375 0.4201388888888889 0.68359375 0.4409722222222222 0.685546875 0.4444444444444444 0.685546875 0.4583333333333333 0.6875 0.4618055555555556 0.6875 0.46875 0.685546875 0.4722222222222222 0.685546875 0.4895833333333333 0.68359375 0.4930555555555556 0.68359375 0.5069444444444444 0.685546875 0.5104166666666666 0.685546875 0.5243055555555556 0.68359375 0.5277777777777778 0.689453125 0.5486111111111112 0.685546875 0.5555555555555556 0.68359375 0.5694444444444444 0.6796875 0.5694444444444444 0.6796875 0.5625 0.677734375 0.5590277777777778 0.6796875 0.5555555555555556 0.6796875 0.5347222222222222 0.677734375 0.5277777777777778 0.673828125 0.5243055555555556 0.671875 0.5138888888888888 0.66796875 0.5069444444444444 0.66796875 0.5 0.6640625 0.4861111111111111 0.66015625 0.4791666666666667 0.66015625 0.4583333333333333 0.662109375 0.4513888888888889 0.66796875 0.4444444444444444 0.671875 0.4166666666666667 0.677734375 0.4131944444444444
2 0.36328125 0.14583333333333334 0.3671875 0.1597222222222222 0.37109375 0.16319444444444445 0.375 0.1736111111111111 0.373046875 0.18055555555555555 0.376953125 0.1875 0.376953125 0.2013888888888889 0.369140625 0.21180555555555555 0.369140625 0.24305555555555555 0.365234375 0.2569444444444444 0.365234375 0.2743055555555556 0.357421875 0.28125 0.3515625 0.28125 0.3515625 0.2534722222222222 0.349609375 0.25 0.34765625 0.2222222222222222 0.34375 0.20833333333333334 0.34375 0.1875 0.34765625 0.17708333333333334 0.34765625 0.16666666666666666 0.3515625 0.16319444444444445 0.359375 0.14583333333333334 0.361328125 0.14583333333333334
2 0.43359375 0.5069444444444444 0.44140625 0.5069444444444444 0.443359375 0.5138888888888888 0.431640625 0.5381944444444444 0.4296875 0.5451388888888888 0.4296875 0.5520833333333334 0.431640625 0.5555555555555556 0.447265625 0.5277777777777778 0.453125 0.5277777777777778 0.4609375 0.5347222222222222 0.453125 0.5381944444444444 0.447265625 0.5486111111111112 0.4453125 0.5486111111111112 0.435546875 0.5729166666666666 0.423828125 0.5729166666666666 0.421875 0.5763888888888888 0.388671875 0.5763888888888888 0.38671875 0.5798611111111112 0.384765625 0.5763888888888888 0.37890625 0.5763888888888888 0.375 0.5729166666666666 0.361328125 0.5520833333333334 0.36328125 0.5381944444444444 0.3671875 0.5347222222222222 0.3828125 0.5347222222222222 0.384765625 0.5381944444444444 0.39453125 0.5381944444444444 0.41015625 0.5486111111111112 0.41796875 0.5486111111111112 0.421875 0.5416666666666666 0.421875 0.5347222222222222 0.43359375 0.5104166666666666
2 0.068359375 0.9513888888888888 0.0703125 0.9548611111111112 0.0703125 0.9791666666666666 0.07421875 0.9861111111111112 0.078125 0.9861111111111112 0.080078125 0.9965277777777778 0.04296875 0.9965277777777778 0.04296875 0.9861111111111112 0.048828125 0.9826388888888888 0.0546875 0.9722222222222222 0.0546875 0.9548611111111112 0.056640625 0.9513888888888888 0.06640625 0.9513888888888888
2 0.4140625 0.1840277777777778 0.412109375 0.18055555555555555 0.408203125 0.1840277777777778 0.408203125 0.20833333333333334 0.40234375 0.22569444444444445 0.40234375 0.2326388888888889 0.40625 0.23958333333333334 0.40625 0.2569444444444444 0.408203125 0.2604166666666667 0.408203125 0.2708333333333333 0.40234375 0.2777777777777778 0.396484375 0.2638888888888889 0.396484375 0.2534722222222222 0.39453125 0.2465277777777778 0.390625 0.24305555555555555 0.38671875 0.2326388888888889 0.388671875 0.2222222222222222 0.39453125 0.21180555555555555 0.39453125 0.2013888888888889 0.388671875 0.1840277777777778 0.388671875 0.17708333333333334 0.37890625 0.16319444444444445 0.37890625 0.14930555555555555 0.3828125 0.14583333333333334 0.38671875 0.15625 0.390625 0.14930555555555555 0.390625 0.1388888888888889 0.39453125 0.13194444444444445 0.400390625 0.13194444444444445 0.40234375 0.13541666666666666 0.40234375 0.14583333333333334 0.416015625 0.1701388888888889 0.416015625 0.18055555555555555
2 0.36328125 0.5 0.380859375 0.5 0.3828125 0.5034722222222222 0.388671875 0.5034722222222222 0.396484375 0.5104166666666666 0.41015625 0.5381944444444444 0.41015625 0.5451388888888888 0.40625 0.5451388888888888 0.3984375 0.5381944444444444 0.369140625 0.53125 0.369140625 0.5277777777777778 0.36328125 0.5173611111111112 0.36328125 0.5034722222222222
2 0.85546875 0.4930555555555556 0.859375 0.5 0.859375 0.5173611111111112 0.86328125 0.53125 0.865234375 0.5590277777777778 0.873046875 0.5798611111111112 0.873046875 0.59375 0.884765625 0.6180555555555556 0.900390625 0.6215277777777778 0.90625 0.6284722222222222 0.90625 0.6354166666666666 0.904296875 0.6388888888888888 0.896484375 0.6284722222222222 0.876953125 0.6284722222222222 0.873046875 0.625 0.86328125 0.6041666666666666 0.861328125 0.6041666666666666 0.849609375 0.6215277777777778 0.849609375 0.6458333333333334 0.84375 0.6666666666666666 0.8359375 0.6666666666666666 0.8359375 0.6631944444444444 0.841796875 0.65625 0.841796875 0.6458333333333334 0.84375 0.6423611111111112 0.84375 0.6145833333333334 0.8515625 0.5798611111111112 0.8515625 0.5590277777777778 0.849609375 0.5555555555555556 0.849609375 0.53125 0.845703125 0.5138888888888888 0.845703125 0.4965277777777778 0.84765625 0.4930555555555556 0.853515625 0.4930555555555556
2 0.498046875 0.16666666666666666 0.498046875 0.18055555555555555 0.501953125 0.1909722222222222 0.501953125 0.2152777777777778 0.5 0.21875 0.501953125 0.23958333333333334 0.498046875 0.25 0.498046875 0.2708333333333333 0.482421875 0.2986111111111111 0.48046875 0.3055555555555556 0.48046875 0.3159722222222222 0.4765625 0.3159722222222222 0.470703125 0.3020833333333333 0.466796875 0.3020833333333333 0.466796875 0.2881944444444444 0.46875 0.2847222222222222 0.46875 0.2777777777777778 0.4765625 0.2604166666666667 0.4765625 0.22569444444444445 0.48046875 0.2152777777777778 0.482421875 0.19791666666666666 0.48828125 0.1840277777777778 0.48828125 0.1701388888888889 0.490234375 0.16666666666666666 0.49609375 0.16666666666666666
2 0.974609375 0.03125 0.986328125 0.04861111111111111 0.986328125 0.10416666666666667 0.98828125 0.1076388888888889 0.98828125 0.11458333333333333 0.984375 0.13194444444444445 0.986328125 0.1388888888888889 0.986328125 0.14930555555555555 0.984375 0.1527777777777778 0.9765625 0.14930555555555555 0.974609375 0.13541666666666666 0.966796875 0.1111111111111111 0.966796875 0.09722222222222222 0.96484375 0.09375 0.96484375 0.0625 0.966796875 0.059027777777777776 0.96484375 0.052083333333333336 0.96484375 0.034722222222222224 0.966796875 0.03125 0.97265625 0.03125
2 0.859375 0.3472222222222222 0.869140625 0.3472222222222222 0.87109375 0.3506944444444444 0.87109375 0.3854166666666667 0.873046875 0.3923611111111111 0.876953125 0.3993055555555556 0.884765625 0.4027777777777778 0.890625 0.4097222222222222 0.873046875 0.4097222222222222 0.869140625 0.4236111111111111 0.869140625 0.4340277777777778 0.876953125 0.4583333333333333 0.876953125 0.4756944444444444 0.87890625 0.4791666666666667 0.87890625 0.4861111111111111 0.8828125 0.4930555555555556 0.8828125 0.5034722222222222 0.892578125 0.5138888888888888 0.892578125 0.5173611111111112 0.876953125 0.5173611111111112 0.875 0.5138888888888888 0.873046875 0.4861111111111111 0.865234375 0.4756944444444444 0.8671875 0.46875 0.86328125 0.4583333333333333 0.853515625 0.4444444444444444 0.8515625 0.4097222222222222 0.849609375 0.40625 0.849609375 0.3888888888888889 0.8515625 0.3854166666666667 0.8515625 0.3784722222222222 0.857421875 0.3645833333333333 0.859375 0.3506944444444444
2 0.91015625 0.23958333333333334 0.9140625 0.24305555555555555 0.9140625 0.25 0.91796875 0.2569444444444444 0.921875 0.2569444444444444 0.92578125 0.2673611111111111 0.93359375 0.2777777777777778 0.939453125 0.2986111111111111 0.939453125 0.3090277777777778 0.931640625 0.3159722222222222 0.931640625 0.3263888888888889 0.9375 0.3368055555555556 0.94140625 0.3368055555555556 0.947265625 0.3472222222222222 0.9453125 0.3506944444444444 0.9375 0.3472222222222222 0.93359375 0.3541666666666667 0.939453125 0.3680555555555556 0.939453125 0.375 0.935546875 0.3819444444444444 0.927734375 0.3819444444444444 0.9296875 0.3784722222222222 0.9296875 0.3715277777777778 0.92578125 0.3680555555555556 0.9140625 0.34375 0.9140625 0.3368055555555556 0.912109375 0.3333333333333333 0.912109375 0.3125 0.908203125 0.2951388888888889 0.90625 0.2951388888888889 0.8984375 0.3090277777777778 0.890625 0.3125 0.896484375 0.2951388888888889 0.90234375 0.2881944444444444 0.8984375 0.2743055555555556 0.8984375 0.2638888888888889 0.90234375 0.2569444444444444 0.90234375 0.24305555555555555 0.908203125 0.23958333333333334