0 0.498046875 0.3888888888888889 0.505859375 0.3958333333333333 0.505859375 0.4027777777777778 0.5078125 0.40625 0.505859375 0.4131944444444444 0.505859375 0.4270833333333333 0.498046875 0.4375 0.49609375 0.4305555555555556 0.486328125 0.4131944444444444 0.484375 0.4131944444444444 0.484375 0.3993055555555556 0.490234375 0.3888888888888889 0.49609375 0.3888888888888889
0 0.6955729166666667 0.8625 0.0265625 0.049074074074074076
0 0.4458333333333333 0.8916666666666667 0.027083333333333334 0.04814814814814815
0 0.396484375 0.9027777777777778 0.408203125 0.9027777777777778 0.412109375 0.9097222222222222 0.4140625 0.9166666666666666 0.4140625 0.9270833333333334 0.416015625 0.9305555555555556 0.4140625 0.9340277777777778 0.4140625 0.9444444444444444 0.408203125 0.9513888888888888 0.396484375 0.9513888888888888 0.392578125 0.9479166666666666 0.390625 0.9444444444444444 0.390625 0.9236111111111112 0.392578125 0.9201388888888888 0.392578125 0.9131944444444444 0.396484375 0.90625
0 0.28515625 0.3680555555555556 0.291015625 0.3819444444444444 0.291015625 0.3923611111111111 0.287109375 0.40625 0.271484375 0.3993055555555556 0.265625 0.3923611111111111 0.26953125 0.3715277777777778 0.2734375 0.3680555555555556 0.283203125 0.3680555555555556
0 0.64453125 0.4097222222222222 0.6484375 0.4201388888888889 0.6484375 0.4305555555555556 0.640625 0.4513888888888889 0.630859375 0.4513888888888889 0.625 0.4409722222222222 0.625 0.4305555555555556 0.62890625 0.4131944444444444 0.634765625 0.40625 0.640625 0.40625 0.642578125 0.4097222222222222
0 0.541015625 0.9236111111111112 0.546875 0.9409722222222222 0.546875 0.9479166666666666 0.544921875 0.9513888888888888 0.544921875 0.9583333333333334 0.5390625 0.96875 0.525390625 0.96875 0.521484375 0.9548611111111112 0.5234375 0.9305555555555556 0.53125 0.9201388888888888 0.537109375 0.9201388888888888 0.5390625 0.9236111111111112
1 0.6986979166666667 0.9393518518518518 0.057812499999999996 0.09907407407407406
1 0.4375 0.9965277777777778 0.435546875 0.9652777777777778 0.4296875 0.9548611111111112 0.421875 0.9513888888888888 0.41796875 0.9409722222222222 0.41796875 0.9131944444444444 0.419921875 0.9097222222222222 0.43359375 0.9097222222222222 0.4375 0.9166666666666666 0.4609375 0.9166666666666666 0.462890625 0.9201388888888888 0.466796875 0.9201388888888888 0.470703125 0.9270833333333334 0.46875 0.9340277777777778 0.458984375 0.9444444444444444 0.458984375 0.9513888888888888 0.45703125 0.9548611111111112 0.458984375 0.9583333333333334 0.458984375 0.96875 0.4609375 0.9722222222222222 0.462890625 0.9895833333333334 0.455078125 0.9965277777777778 0.439453125 0.9965277777777778
1 0.494140625 0.9965277777777778 0.490234375 0.9791666666666666 0.484375 0.9652777777777778 0.484375 0.9513888888888888 0.490234375 0.9444444444444444 0.498046875 0.9444444444444444 0.5 0.9409722222222222 0.50390625 0.9444444444444444 0.51953125 0.9444444444444444 0.51953125 0.9652777777777778 0.50390625 0.96875 0.501953125 0.9722222222222222 0.501953125 0.9965277777777778 0.49609375 0.9965277777777778
1 0.529296875 0.9722222222222222 0.53125 0.9756944444444444 0.53515625 0.9722222222222222 0.552734375 0.9722222222222222 0.55859375 0.9791666666666666 0.560546875 0.9861111111111112 0.560546875 0.9965277777777778 0.501953125 0.9965277777777778 0.50390625 0.9895833333333334 0.501953125 0.9756944444444444 0.50390625 0.9722222222222222 0.509765625 0.9722222222222222 0.51171875 0.96875 0.521484375 0.96875 0.5234375 0.9722222222222222 0.52734375 0.9722222222222222
1 0.26953125 0.3993055555555556 0.279296875 0.4097222222222222 0.28125 0.4166666666666667 0.28125 0.4270833333333333 0.279296875 0.4305555555555556 0.279296875 0.4409722222222222 0.27734375 0.4409722222222222 0.267578125 0.4583333333333333 0.263671875 0.46875 0.263671875 0.4756944444444444 0.259765625 0.4791666666666667 0.255859375 0.4791666666666667 0.251953125 0.4722222222222222 0.24609375 0.4722222222222222 0.2421875 0.46875 0.2421875 0.4513888888888889 0.25390625 0.4166666666666667 0.26171875 0.4027777777777778 0.267578125 0.3993055555555556
1 0.634765625 0.4583333333333333 0.638671875 0.4583333333333333 0.646484375 0.4479166666666667 0.646484375 0.4409722222222222 0.650390625 0.4270833333333333 0.662109375 0.4305555555555556 0.666015625 0.4444444444444444 0.671875 0.4548611111111111 0.671875 0.4618055555555556 0.6640625 0.4583333333333333 0.66015625 0.4652777777777778 0.66015625 0.4722222222222222 0.666015625 0.4826388888888889 0.666015625 0.4895833333333333 0.650390625 0.4930555555555556 0.63671875 0.4652777777777778 0.63671875 0.4618055555555556
1 0.484375 0.4652777777777778 0.484375 0.4618055555555556 0.478515625 0.4513888888888889 0.4765625 0.4513888888888889 0.47265625 0.4583333333333333 0.466796875 0.4861111111111111 0.4609375 0.4861111111111111 0.44921875 0.4756944444444444 0.44921875 0.4652777777777778 0.4609375 0.4444444444444444 0.462890625 0.4444444444444444 0.474609375 0.4201388888888889 0.478515625 0.4166666666666667 0.48828125 0.4166666666666667 0.49609375 0.4375 0.494140625 0.4513888888888889 0.490234375 0.4618055555555556 0.484375 0.46875
1 0.41796875 0.9513888888888888 0.43359375 0.9652777777777778 0.43359375 0.9965277777777778 0.37890625 0.9965277777777778 0.376953125 0.9895833333333334 0.376953125 0.9791666666666666 0.37890625 0.9756944444444444 0.37890625 0.96875 0.3828125 0.9618055555555556 0.38671875 0.9583333333333334 0.412109375 0.9583333333333334 0.416015625 0.9548611111111112
2 0.5859375 0.006944444444444444 0.61328125 0.006944444444444444 0.61328125 0.017361111111111112 0.609375 0.034722222222222224 0.611328125 0.03819444444444445 0.615234375 0.034722222222222224 0.62109375 0.03819444444444445 0.619140625 0.04861111111111111 0.615234375 0.05555555555555555 0.609375 0.052083333333333336 0.599609375 0.06597222222222222 0.6015625 0.09027777777777778 0.59765625 0.1076388888888889 0.59765625 0.125 0.595703125 0.13194444444444445 0.591796875 0.13541666666666666 0.5859375 0.13541666666666666 0.5859375 0.12152777777777778 0.58984375 0.11458333333333333 0.58984375 0.0798611111111111 0.58203125 0.059027777777777776 0.58203125 0.04861111111111111 0.583984375 0.04513888888888889 0.583984375 0.013888888888888888 0.5859375 0.010416666666666666
2 0.830078125 0.006944444444444444 0.83984375 0.006944444444444444 0.83984375 0.017361111111111112 0.8359375 0.024305555555555556 0.828125 0.024305555555555556 0.830078125 0.010416666666666666
2 0.455078125 0.875 0.45703125 0.8819444444444444 0.45703125 0.8958333333333334 0.458984375 0.8993055555555556 0.45703125 0.9027777777777778 0.45703125 0.9131944444444444 0.470703125 0.9236111111111112 0.470703125 0.9375 0.482421875 0.9583333333333334 0.482421875 0.96875 0.484375 0.9722222222222222 0.48046875 0.9861111111111112 0.48046875 0.9930555555555556 0.46875 0.9930555555555556 0.46484375 0.9895833333333334 0.45703125 0.9965277777777778 0.4375 0.9965277777777778 0.435546875 0.9930555555555556 0.4375 0.9861111111111112 0.435546875 0.9826388888888888 0.435546875 0.96875 0.43359375 0.9618055555555556 0.4296875 0.9548611111111112 0.421875 0.9513888888888888 0.41796875 0.9409722222222222 0.41796875 0.9131944444444444 0.419921875 0.9097222222222222 0.431640625 0.9097222222222222 0.43359375 0.90625 0.435546875 0.8819444444444444 0.44140625 0.8715277777777778 0.451171875 0.8715277777777778 0.453125 0.875
2 0.51171875 0.9027777777777778 0.517578125 0.9097222222222222 0.51953125 0.9652777777777778 0.505859375 0.96875 0.501953125 0.9756944444444444 0.501953125 0.9965277777777778 0.494140625 0.9965277777777778 0.484375 0.9652777777777778 0.484375 0.9513888888888888 0.48828125 0.9444444444444444 0.49609375 0.9444444444444444 0.501953125 0.9375 0.5 0.9131944444444444 0.50390625 0.90625 0.509765625 0.9027777777777778
2 0.716796875 0.8923611111111112 0.71875 0.8958333333333334 0.72265625 0.8958333333333334 0.724609375 0.9027777777777778 0.724609375 0.9236111111111112 0.7265625 0.9270833333333334 0.7265625 0.9375 0.728515625 0.9444444444444444 0.72265625 0.9548611111111112 0.71875 0.9548611111111112 0.712890625 0.9652777777777778 0.708984375 0.9826388888888888 0.708984375 0.9965277777777778 0.689453125 0.9965277777777778 0.689453125 0.9861111111111112 0.685546875 0.96875 0.681640625 0.9618055555555556 0.67578125 0.9583333333333334 0.67578125 0.9513888888888888 0.673828125 0.9479166666666666 0.67578125 0.9444444444444444 0.67578125 0.9340277777777778 0.673828125 0.9305555555555556 0.673828125 0.9201388888888888 0.669921875 0.9097222222222222 0.673828125 0.8993055555555556 0.677734375 0.8993055555555556 0.68359375 0.8923611111111112 0.685546875 0.8854166666666666 0.68359375 0.8784722222222222 0.68359375 0.8541666666666666 0.685546875 0.8472222222222222 0.69140625 0.8402777777777778 0.701171875 0.8402777777777778 0.705078125 0.8472222222222222 0.70703125 0.8541666666666666 0.70703125 0.8854166666666666 0.7109375 0.8923611111111112 0.71484375 0.8923611111111112
2 0.51953125 0.006944444444444444 0.52734375 0.006944444444444444 0.52734375 0.04513888888888889 0.525390625 0.04861111111111111 0.517578125 0.04861111111111111 0.515625 0.04513888888888889 0.51953125 0.034722222222222224 0.51953125 0.010416666666666666
2 0.541015625 0.9236111111111112 0.546875 0.9409722222222222 0.544921875 0.9652777777777778 0.548828125 0.9722222222222222 0.552734375 0.9722222222222222 0.55859375 0.9791666666666666 0.560546875 0.9861111111111112 0.560546875 0.9965277777777778 0.501953125 0.9965277777777778 0.50390625 0.9895833333333334 0.50390625 0.9756944444444444 0.505859375 0.9722222222222222 0.509765625 0.96875 0.51953125 0.96875 0.521484375 0.9652777777777778 0.521484375 0.9409722222222222 0.525390625 0.9270833333333334 0.53125 0.9201388888888888 0.537109375 0.9201388888888888 0.5390625 0.9236111111111112
2 0.431640625 0.003472222222222222 0.43359375 0.006944444444444444 0.43359375 0.024305555555555556 0.423828125 0.05555555555555555 0.423828125 0.06597222222222222 0.419921875 0.0798611111111111 0.41796875 0.0798611111111111 0.41796875 0.05555555555555555 0.421875 0.03819444444444445 0.421875 0.024305555555555556 0.42578125 0.013888888888888888 0.421875 0.006944444444444444 0.41796875 0.006944444444444444 0.419921875 0.003472222222222222 0.423828125 0.006944444444444444 0.4296875 0.003472222222222222
2 0.150390625 0.006944444444444444 0.16015625 0.006944444444444444 0.16015625 0.017361111111111112 0.158203125 0.020833333333333332 0.158203125 0.027777777777777776 0.16015625 0.03125 0.16015625 0.059027777777777776 0.158203125 0.0625 0.154296875 0.0625 0.15234375 0.059027777777777776 0.15234375 0.017361111111111112 0.150390625 0.010416666666666666
2 0.28515625 0.3680555555555556 0.291015625 0.3819444444444444 0.291015625 0.3923611111111111 0.2890625 0.3958333333333333 0.2890625 0.4027777777777778 0.28125 0.4166666666666667 0.28125 0.4444444444444444 0.28515625 0.4513888888888889 0.296875 0.4618055555555556 0.30078125 0.4618055555555556 0.302734375 0.4652777777777778 0.3125 0.4652777777777778 0.314453125 0.46875 0.314453125 0.4756944444444444 0.30859375 0.4756944444444444 0.298828125 0.46875 0.291015625 0.46875 0.2890625 0.4652777777777778 0.279296875 0.4618055555555556 0.275390625 0.4548611111111111 0.271484375 0.4548611111111111 0.263671875 0.4722222222222222 0.263671875 0.4756944444444444 0.275390625 0.4965277777777778 0.28125 0.5243055555555556 0.279296875 0.5972222222222222 0.291015625 0.6145833333333334 0.287109375 0.6180555555555556 0.28125 0.6180555555555556 0.271484375 0.6006944444444444 0.271484375 0.5555555555555556 0.26953125 0.5520833333333334 0.271484375 0.5486111111111112 0.271484375 0.5347222222222222 0.26953125 0.53125 0.265625 0.53125 0.2578125 0.5451388888888888 0.2578125 0.5486111111111112 0.25 0.5486111111111112 0.24609375 0.5451388888888888 0.244140625 0.5381944444444444 0.255859375 0.5277777777777778 0.2578125 0.5243055555555556 0.2578125 0.5138888888888888 0.25 0.5034722222222222 0.24609375 0.5034722222222222 0.240234375 0.4930555555555556 0.2421875 0.4513888888888889 0.248046875 0.4305555555555556 0.25390625 0.4201388888888889 0.255859375 0.4097222222222222 0.265625 0.3958333333333333 0.265625 0.3854166666666667 0.26953125 0.3715277777777778 0.2734375 0.3680555555555556 0.283203125 0.3680555555555556
2 0.640625 0.40625 0.64453125 0.4097222222222222 0.65234375 0.4270833333333333 0.662109375 0.4305555555555556 0.67578125 0.46875 0.67578125 0.4756944444444444 0.677734375 0.4791666666666667 0.677734375 0.5069444444444444 0.67578125 0.5104166666666666 0.67578125 0.5243055555555556 0.673828125 0.5277777777777778 0.671875 0.5451388888888888 0.677734375 0.5590277777777778 0.681640625 0.5833333333333334 0.6875 0.6006944444444444 0.6875 0.6180555555555556 0.68359375 0.6215277777777778 0.671875 0.6215277777777778 0.67578125 0.6111111111111112 0.67578125 0.5902777777777778 0.662109375 0.5590277777777778 0.658203125 0.5555555555555556 0.654296875 0.5625 0.638671875 0.5625 0.63671875 0.5590277777777778 0.638671875 0.5486111111111112 0.626953125 0.53125 0.626953125 0.5208333333333334 0.6328125 0.5034722222222222 0.634765625 0.4618055555555556 0.626953125 0.4444444444444444 0.625 0.4305555555555556 0.626953125 0.4270833333333333 0.626953125 0.4201388888888889 0.6328125 0.4097222222222222 0.638671875 0.40625
2 0.431640625 0.003472222222222222 0.43359375 0.006944444444444444 0.43359375 0.024305555555555556 0.423828125 0.05555555555555555 0.423828125 0.06944444444444445 0.419921875 0.0798611111111111 0.41796875 0.0798611111111111 0.41796875 0.05555555555555555 0.421875 0.03819444444444445 0.421875 0.024305555555555556 0.42578125 0.013888888888888888 0.421875 0.006944444444444444 0.41796875 0.006944444444444444 0.419921875 0.003472222222222222 0.423828125 0.006944444444444444 0.4296875 0.003472222222222222
2 0.501953125 0.3923611111111111 0.505859375 0.3958333333333333 0.505859375 0.4027777777777778 0.5078125 0.40625 0.505859375 0.4131944444444444 0.505859375 0.4270833333333333 0.482421875 0.4756944444444444 0.482421875 0.4895833333333333 0.494140625 0.5138888888888888 0.490234375 0.5277777777777778 0.490234375 0.5555555555555556 0.486328125 0.5659722222222222 0.490234375 0.5763888888888888 0.484375 0.5798611111111112 0.4765625 0.6006944444444444 0.4765625 0.6215277777777778 0.482421875 0.6284722222222222 0.482421875 0.6354166666666666 0.47265625 0.6354166666666666 0.462890625 0.6215277777777778 0.46875 0.6041666666666666 0.46875 0.5972222222222222 0.47265625 0.5833333333333334 0.47265625 0.5729166666666666 0.474609375 0.5694444444444444 0.474609375 0.5381944444444444 0.447265625 0.5069444444444444 0.4453125 0.5034722222222222 0.4453125 0.4861111111111111 0.44921875 0.4756944444444444 0.44921875 0.4652777777777778 0.4765625 0.4166666666666667 0.48046875 0.4166666666666667 0.484375 0.4097222222222222 0.484375 0.3993055555555556 0.48828125 0.3923611111111111 0.4921875 0.3888888888888889 0.498046875 0.3888888888888889 0.5 0.3923611111111111
2 0.5390625 0.006944444444444444 0.58203125 0.006944444444444444 0.58203125 0.020833333333333332 0.576171875 0.03125 0.5703125 0.03125 0.560546875 0.041666666666666664 0.55859375 0.03819444444444445 0.5546875 0.04513888888888889 0.556640625 0.059027777777777776 0.560546875 0.06944444444444445 0.560546875 0.08333333333333333 0.55078125 0.09027777777777778 0.54296875 0.09027777777777778 0.54296875 0.08333333333333333 0.55078125 0.06944444444444445 0.55078125 0.06597222222222222 0.54296875 0.04861111111111111 0.54296875 0.041666666666666664 0.5390625 0.03125 0.5390625 0.010416666666666666
2 0.388671875 0.9479166666666666 0.392578125 0.9131944444444444 0.3984375 0.9027777777777778 0.408203125 0.9027777777777778 0.416015625 0.9236111111111112 0.416015625 0.9479166666666666 0.421875 0.9548611111111112 0.4296875 0.9583333333333334 0.43359375 0.9652777777777778 0.43359375 0.9965277777777778 0.37890625 0.9965277777777778 0.376953125 0.9895833333333334 0.37890625 0.9652777777777778 0.384765625 0.9583333333333334 0.388671875 0.9583333333333334 0.392578125 0.9513888888888888 0.390625 0.9479166666666666