0 0.056640625 0.1527777777777778 0.060546875 0.14930555555555555 0.06640625 0.14930555555555555 0.068359375 0.1527777777777778 0.072265625 0.1527777777777778 0.078125 0.16319444444444445 0.078125 0.17708333333333334 0.076171875 0.17708333333333334 0.0703125 0.1875 0.052734375 0.1875 0.052734375 0.16666666666666666 0.056640625 0.15625
0 0.29296875 0.6875 0.296875 0.6909722222222222 0.30078125 0.7013888888888888 0.30078125 0.71875 0.298828125 0.7256944444444444 0.294921875 0.7256944444444444 0.29296875 0.7291666666666666 0.283203125 0.7291666666666666 0.279296875 0.7256944444444444 0.279296875 0.7013888888888888 0.28125 0.6944444444444444 0.28515625 0.6875 0.291015625 0.6875
0 0.30078125 0.0763888888888889 0.3046875 0.08333333333333333 0.3046875 0.1076388888888889 0.298828125 0.11458333333333333 0.287109375 0.1076388888888889 0.28515625 0.10069444444444445 0.28515625 0.08333333333333333 0.2890625 0.0763888888888889 0.298828125 0.0763888888888889
0 0 0.4722222222222222 0.005859375 0.4756944444444444 0.009765625 0.4826388888888889 0.009765625 0.4895833333333333 0.01171875 0.4930555555555556 0.01171875 0.5069444444444444 0.00390625 0.5138888888888888 0 0.5138888888888888 0 0.4756944444444444
0 0.14453125 0.5173611111111112 0.1484375 0.5208333333333334 0.15234375 0.53125 0.15234375 0.5486111111111112 0.1484375 0.5555555555555556 0.13671875 0.5555555555555556 0.12890625 0.5486111111111112 0.12890625 0.53125 0.130859375 0.5243055555555556 0.13671875 0.5173611111111112 0.142578125 0.5173611111111112
0 0.57421875 0.3020833333333333 0.578125 0.3125 0.578125 0.3229166666666667 0.572265625 0.3333333333333333 0.568359375 0.3333333333333333 0.56640625 0.3368055555555556 0.55859375 0.3298611111111111 0.5546875 0.3194444444444444 0.560546875 0.3020833333333333 0.564453125 0.2986111111111111 0.5703125 0.2986111111111111 0.572265625 0.3020833333333333
0 0.212890625 0.09722222222222222 0.220703125 0.1111111111111111 0.220703125 0.1284722222222222 0.212890625 0.1388888888888889 0.205078125 0.13541666666666666 0.19921875 0.11805555555555555 0.19921875 0.1076388888888889 0.205078125 0.09722222222222222 0.2109375 0.09722222222222222
0 0.435546875 0.28125 0.439453125 0.2847222222222222 0.443359375 0.3020833333333333 0.439453125 0.3159722222222222 0.42578125 0.3159722222222222 0.423828125 0.3090277777777778 0.42578125 0.2881944444444444 0.43359375 0.28125
0 0.529296875 0.11805555555555555 0.533203125 0.125 0.533203125 0.13194444444444445 0.53515625 0.13541666666666666 0.533203125 0.14583333333333334 0.529296875 0.14930555555555555 0.521484375 0.14930555555555555 0.513671875 0.1388888888888889 0.513671875 0.12152777777777778 0.515625 0.11805555555555555 0.51953125 0.11458333333333333 0.525390625 0.11458333333333333 0.52734375 0.11805555555555555
1 0.279296875 0.7326388888888888 0.279296875 0.7430555555555556 0.27734375 0.7465277777777778 0.27734375 0.7569444444444444 0.279296875 0.7604166666666666 0.287109375 0.7604166666666666 0.291015625 0.7569444444444444 0.296875 0.7430555555555556 0.294921875 0.7326388888888888 0.298828125 0.7291666666666666 0.30859375 0.7291666666666666 0.314453125 0.7395833333333334 0.314453125 0.75 0.30859375 0.7604166666666666 0.30859375 0.8159722222222222 0.279296875 0.8125 0.279296875 0.8055555555555556 0.27734375 0.8020833333333334 0.27734375 0.7847222222222222 0.265625 0.7604166666666666 0.265625 0.7465277777777778 0.263671875 0.7430555555555556 0.265625 0.7361111111111112 0.27734375 0.7326388888888888
1 0.08203125 0.18055555555555555 0.087890625 0.19444444444444445 0.0859375 0.22569444444444445 0.083984375 0.22916666666666666 0.083984375 0.2465277777777778 0.080078125 0.2604166666666667 0.07421875 0.2604166666666667 0.072265625 0.2638888888888889 0.0625 0.2638888888888889 0.05859375 0.2604166666666667 0.056640625 0.2534722222222222 0.056640625 0.24305555555555555 0.0546875 0.23958333333333334 0.05859375 0.22569444444444445 0.052734375 0.2152777777777778 0.05078125 0.2013888888888889 0.0546875 0.1909722222222222 0.064453125 0.1909722222222222 0.07421875 0.18055555555555555 0.080078125 0.18055555555555555
1 0.55859375 0.3333333333333333 0.564453125 0.3402777777777778 0.5703125 0.3402777777777778 0.57421875 0.3333333333333333 0.580078125 0.3298611111111111 0.587890625 0.3402777777777778 0.587890625 0.3611111111111111 0.580078125 0.3680555555555556 0.58203125 0.3784722222222222 0.5859375 0.3854166666666667 0.5859375 0.4131944444444444 0.58203125 0.4201388888888889 0.578125 0.4201388888888889 0.576171875 0.4236111111111111 0.55859375 0.4201388888888889 0.556640625 0.3576388888888889 0.552734375 0.34375 0.552734375 0.3368055555555556 0.556640625 0.3333333333333333
1 0.306640625 0.1111111111111111 0.310546875 0.12152777777777778 0.310546875 0.13194444444444445 0.30859375 0.13541666666666666 0.310546875 0.1388888888888889 0.310546875 0.1527777777777778 0.30859375 0.15625 0.29296875 0.15625 0.29296875 0.14930555555555555 0.287109375 0.13194444444444445 0.283203125 0.13194444444444445 0.279296875 0.1388888888888889 0.279296875 0.11805555555555555 0.28515625 0.1111111111111111 0.291015625 0.1111111111111111 0.29296875 0.11458333333333333 0.30078125 0.11458333333333333 0.3046875 0.1111111111111111
1 0.01171875 0.5138888888888888 0.013671875 0.5173611111111112 0.013671875 0.5243055555555556 0.0078125 0.53125 0.00390625 0.5416666666666666 0.009765625 0.5555555555555556 0.009765625 0.5625 0.01171875 0.5659722222222222 0.01171875 0.5902777777777778 0.009765625 0.59375 0 0.59375 0 0.5173611111111112 0.00390625 0.5138888888888888 0.009765625 0.5138888888888888
1 0.154296875 0.5625 0.16015625 0.5694444444444444 0.16015625 0.5833333333333334 0.154296875 0.5902777777777778 0.154296875 0.6388888888888888 0.15625 0.6423611111111112 0.154296875 0.6597222222222222 0.126953125 0.6597222222222222 0.126953125 0.6284722222222222 0.12109375 0.6180555555555556 0.12109375 0.5972222222222222 0.1171875 0.5868055555555556 0.1171875 0.5659722222222222 0.119140625 0.5625 0.123046875 0.5625 0.125 0.5590277777777778 0.146484375 0.5590277777777778 0.1484375 0.5625 0.15234375 0.5625
1 0.234375 0.1736111111111111 0.24609375 0.19444444444444445 0.24609375 0.19791666666666666 0.244140625 0.2013888888888889 0.240234375 0.2013888888888889 0.23046875 0.1909722222222222 0.2265625 0.1909722222222222 0.224609375 0.19444444444444445 0.224609375 0.2013888888888889 0.228515625 0.21180555555555555 0.228515625 0.21875 0.21875 0.22916666666666666 0.2109375 0.22916666666666666 0.203125 0.2222222222222222 0.1953125 0.20833333333333334 0.189453125 0.21180555555555555 0.18359375 0.2048611111111111 0.181640625 0.19791666666666666 0.181640625 0.18055555555555555 0.1875 0.1597222222222222 0.1875 0.14583333333333334 0.1953125 0.13541666666666666 0.205078125 0.13541666666666666 0.2109375 0.1423611111111111 0.22265625 0.13194444444444445 0.224609375 0.13541666666666666 0.224609375 0.1527777777777778 0.232421875 0.1736111111111111
1 0.453125 0.3194444444444444 0.453125 0.3229166666666667 0.4609375 0.3333333333333333 0.47265625 0.3194444444444444 0.47265625 0.3368055555555556 0.46875 0.3472222222222222 0.46484375 0.3506944444444444 0.453125 0.3506944444444444 0.44921875 0.3576388888888889 0.447265625 0.3645833333333333 0.447265625 0.40625 0.4453125 0.4097222222222222 0.42578125 0.4097222222222222 0.423828125 0.40625 0.419921875 0.40625 0.41796875 0.3993055555555556 0.41796875 0.3611111111111111 0.41015625 0.3472222222222222 0.40625 0.3333333333333333 0.41796875 0.3159722222222222 0.423828125 0.3159722222222222 0.42578125 0.3194444444444444 0.44140625 0.3194444444444444 0.443359375 0.3159722222222222 0.44921875 0.3159722222222222 0.451171875 0.3194444444444444
1 0.521484375 0.14930555555555555 0.5234375 0.1527777777777778 0.52734375 0.1527777777777778 0.533203125 0.14583333333333334 0.537109375 0.14930555555555555 0.53515625 0.1701388888888889 0.529296875 0.1840277777777778 0.529296875 0.1909722222222222 0.52734375 0.19444444444444445 0.525390625 0.2222222222222222 0.51953125 0.2222222222222222 0.50390625 0.21180555555555555 0.50390625 0.1736111111111111 0.501953125 0.1701388888888889 0.501953125 0.1527777777777778 0.5078125 0.14583333333333334 0.517578125 0.14583333333333334 0.51953125 0.14930555555555555
2 0.29296875 0.6875 0.298828125 0.6944444444444444 0.298828125 0.7013888888888888 0.30078125 0.7048611111111112 0.30078125 0.7222222222222222 0.30859375 0.7291666666666666 0.318359375 0.75 0.326171875 0.7569444444444444 0.3359375 0.7569444444444444 0.34375 0.75 0.349609375 0.75 0.359375 0.7361111111111112 0.361328125 0.7395833333333334 0.361328125 0.7465277777777778 0.357421875 0.7534722222222222 0.349609375 0.7604166666666666 0.345703125 0.7604166666666666 0.3359375 0.7708333333333334 0.328125 0.7708333333333334 0.326171875 0.7673611111111112 0.310546875 0.7673611111111112 0.30859375 0.7708333333333334 0.310546875 0.8923611111111112 0.30859375 0.8958333333333334 0.30859375 0.9131944444444444 0.306640625 0.9166666666666666 0.306640625 0.9236111111111112 0.298828125 0.9409722222222222 0.30078125 0.9826388888888888 0.296875 0.9826388888888888 0.2890625 0.96875 0.287109375 0.96875 0.28515625 0.9618055555555556 0.28515625 0.9479166666666666 0.279296875 0.9270833333333334 0.279296875 0.8819444444444444 0.27734375 0.8784722222222222 0.27734375 0.8055555555555556 0.279296875 0.8020833333333334 0.27734375 0.7986111111111112 0.27734375 0.7847222222222222 0.267578125 0.7638888888888888 0.255859375 0.7534722222222222 0.25390625 0.7465277777777778 0.25390625 0.7361111111111112 0.25 0.7222222222222222 0.25 0.7013888888888888 0.25390625 0.7013888888888888 0.255859375 0.7048611111111112 0.255859375 0.7222222222222222 0.259765625 0.7291666666666666 0.259765625 0.7361111111111112 0.26171875 0.7395833333333334 0.271484375 0.7326388888888888 0.27734375 0.7326388888888888 0.279296875 0.7291666666666666 0.279296875 0.7013888888888888 0.28125 0.6944444444444444 0.28515625 0.6875 0.291015625 0.6875
2 0.056640625 0.1527777777777778 0.060546875 0.14930555555555555 0.072265625 0.1527777777777778 0.078125 0.16319444444444445 0.080078125 0.17708333333333334 0.087890625 0.19444444444444445 0.0859375 0.22916666666666666 0.083984375 0.2326388888888889 0.083984375 0.2673611111111111 0.08984375 0.2847222222222222 0.091796875 0.3055555555555556 0.08984375 0.3125 0.08203125 0.3229166666666667 0.076171875 0.3402777777777778 0.078125 0.34375 0.08203125 0.34375 0.083984375 0.3541666666666667 0.091796875 0.3680555555555556 0.095703125 0.3680555555555556 0.099609375 0.375 0.099609375 0.3819444444444444 0.095703125 0.3888888888888889 0.091796875 0.3819444444444444 0.091796875 0.3715277777777778 0.0859375 0.3645833333333333 0.0859375 0.3576388888888889 0.08203125 0.3506944444444444 0.078125 0.3506944444444444 0.078125 0.34375 0.076171875 0.3402777777777778 0.0703125 0.3368055555555556 0.0625 0.3541666666666667 0.0625 0.3715277777777778 0.060546875 0.375 0.060546875 0.3819444444444444 0.048828125 0.3819444444444444 0.046875 0.3784722222222222 0.052734375 0.3576388888888889 0.05078125 0.3541666666666667 0.05078125 0.34375 0.0546875 0.3402777777777778 0.05859375 0.3263888888888889 0.0546875 0.3229166666666667 0.052734375 0.3159722222222222 0.052734375 0.2951388888888889 0.056640625 0.28125 0.056640625 0.24305555555555555 0.05078125 0.2361111111111111 0.041015625 0.2361111111111111 0.0390625 0.2326388888888889 0.04296875 0.22916666666666666 0.05078125 0.21180555555555555 0.052734375 0.16666666666666666 0.056640625 0.15625
2 0.568359375 0.2986111111111111 0.576171875 0.3055555555555556 0.578125 0.3125 0.578125 0.3229166666666667 0.587890625 0.3402777777777778 0.587890625 0.3506944444444444 0.58984375 0.3541666666666667 0.58984375 0.375 0.59375 0.3854166666666667 0.59375 0.4027777777777778 0.58984375 0.4201388888888889 0.58984375 0.4409722222222222 0.5859375 0.4513888888888889 0.5859375 0.46875 0.591796875 0.4826388888888889 0.591796875 0.4895833333333333 0.595703125 0.5 0.595703125 0.5069444444444444 0.599609375 0.5208333333333334 0.599609375 0.5347222222222222 0.595703125 0.5451388888888888 0.591796875 0.5486111111111112 0.587890625 0.5486111111111112 0.5859375 0.5451388888888888 0.58984375 0.53125 0.58984375 0.5138888888888888 0.58203125 0.4861111111111111 0.57421875 0.46875 0.57421875 0.4548611111111111 0.568359375 0.4444444444444444 0.55859375 0.4652777777777778 0.5625 0.5243055555555556 0.552734375 0.5451388888888888 0.546875 0.5451388888888888 0.552734375 0.5243055555555556 0.552734375 0.5 0.55078125 0.4965277777777778 0.55078125 0.4826388888888889 0.548828125 0.4791666666666667 0.55078125 0.4305555555555556 0.54296875 0.4201388888888889 0.54296875 0.40625 0.546875 0.3958333333333333 0.548828125 0.3715277777777778 0.552734375 0.3576388888888889 0.552734375 0.3368055555555556 0.556640625 0.3298611111111111 0.556640625 0.3125 0.560546875 0.3020833333333333 0.56640625 0.2986111111111111
2 0.30078125 0.0763888888888889 0.3046875 0.08680555555555555 0.3046875 0.10069444444444445 0.310546875 0.12152777777777778 0.310546875 0.13541666666666666 0.3125 0.1388888888888889 0.31640625 0.13541666666666666 0.322265625 0.13541666666666666 0.32421875 0.1388888888888889 0.32421875 0.14583333333333334 0.30859375 0.1701388888888889 0.30859375 0.1875 0.310546875 0.1909722222222222 0.310546875 0.20833333333333334 0.3125 0.21180555555555555 0.3125 0.22916666666666666 0.310546875 0.2326388888888889 0.310546875 0.2916666666666667 0.30859375 0.2951388888888889 0.30859375 0.3020833333333333 0.31640625 0.3159722222222222 0.3046875 0.3159722222222222 0.302734375 0.3125 0.302734375 0.24305555555555555 0.30078125 0.23958333333333334 0.296875 0.2465277777777778 0.287109375 0.28125 0.28515625 0.3020833333333333 0.283203125 0.3055555555555556 0.279296875 0.3055555555555556 0.27734375 0.3020833333333333 0.283203125 0.2743055555555556 0.283203125 0.2638888888888889 0.287109375 0.25 0.28515625 0.16666666666666666 0.283203125 0.16319444444444445 0.283203125 0.14930555555555555 0.279296875 0.1388888888888889 0.279296875 0.11805555555555555 0.28515625 0.1076388888888889 0.28515625 0.08333333333333333 0.2890625 0.0763888888888889 0.298828125 0.0763888888888889
2 0 0.4722222222222222 0.005859375 0.4756944444444444 0.009765625 0.4826388888888889 0.01171875 0.4861111111111111 0.01171875 0.4930555555555556 0.015625 0.5 0.01953125 0.5 0.021484375 0.4965277777777778 0.021484375 0.4826388888888889 0.025390625 0.4722222222222222 0.029296875 0.4722222222222222 0.033203125 0.4791666666666667 0.033203125 0.5381944444444444 0.02734375 0.5451388888888888 0.0234375 0.5451388888888888 0.021484375 0.5486111111111112 0.01171875 0.5486111111111112 0.009765625 0.5520833333333334 0.009765625 0.5625 0.01171875 0.5659722222222222 0.01171875 0.6041666666666666 0.013671875 0.6076388888888888 0.013671875 0.6423611111111112 0.01171875 0.6458333333333334 0.01171875 0.6631944444444444 0.009765625 0.6666666666666666 0.009765625 0.7256944444444444 0.013671875 0.7326388888888888 0.01953125 0.7361111111111112 0.021484375 0.7430555555555556 0.01171875 0.75 0 0.75 0 0.4756944444444444
2 0.14453125 0.5173611111111112 0.1484375 0.5208333333333334 0.15234375 0.53125 0.15234375 0.5590277777777778 0.16015625 0.5694444444444444 0.158203125 0.5972222222222222 0.166015625 0.6215277777777778 0.166015625 0.6284722222222222 0.1640625 0.6319444444444444 0.158203125 0.6319444444444444 0.15625 0.6354166666666666 0.15625 0.6597222222222222 0.158203125 0.6631944444444444 0.16015625 0.7395833333333334 0.166015625 0.7465277777777778 0.169921875 0.7465277777777778 0.169921875 0.7569444444444444 0.158203125 0.7708333333333334 0.154296875 0.7673611111111112 0.154296875 0.7465277777777778 0.15234375 0.7430555555555556 0.150390625 0.7118055555555556 0.1484375 0.7083333333333334 0.146484375 0.6909722222222222 0.14453125 0.6875 0.140625 0.6875 0.13671875 0.6979166666666666 0.13671875 0.7118055555555556 0.134765625 0.7152777777777778 0.134765625 0.7291666666666666 0.1328125 0.7326388888888888 0.1328125 0.7743055555555556 0.134765625 0.7777777777777778 0.134765625 0.7916666666666666 0.1328125 0.7951388888888888 0.126953125 0.7951388888888888 0.126953125 0.7743055555555556 0.125 0.7708333333333334 0.125 0.7048611111111112 0.126953125 0.7013888888888888 0.126953125 0.6909722222222222 0.125 0.6875 0.125 0.6458333333333334 0.126953125 0.6423611111111112 0.126953125 0.6284722222222222 0.12109375 0.6180555555555556 0.12109375 0.5972222222222222 0.1171875 0.5868055555555556 0.1171875 0.5659722222222222 0.12890625 0.5555555555555556 0.12890625 0.53125 0.130859375 0.5243055555555556 0.13671875 0.5173611111111112 0.142578125 0.5173611111111112
2 0.212890625 0.09722222222222222 0.220703125 0.1111111111111111 0.2265625 0.1597222222222222 0.244140625 0.1909722222222222 0.255859375 0.2013888888888889 0.255859375 0.21180555555555555 0.251953125 0.21875 0.248046875 0.2152777777777778 0.244140625 0.2048611111111111 0.228515625 0.1909722222222222 0.224609375 0.19444444444444445 0.224609375 0.2013888888888889 0.228515625 0.21180555555555555 0.228515625 0.2569444444444444 0.2265625 0.2604166666666667 0.2265625 0.3020833333333333 0.22265625 0.3125 0.22265625 0.3368055555555556 0.224609375 0.3402777777777778 0.224609375 0.3506944444444444 0.22265625 0.3541666666666667 0.216796875 0.3541666666666667 0.21484375 0.3506944444444444 0.21484375 0.34375 0.216796875 0.3402777777777778 0.216796875 0.2881944444444444 0.21484375 0.2847222222222222 0.212890625 0.2847222222222222 0.20703125 0.2951388888888889 0.205078125 0.3055555555555556 0.201171875 0.3125 0.201171875 0.3298611111111111 0.203125 0.3368055555555556 0.19921875 0.3368055555555556 0.197265625 0.3298611111111111 0.1953125 0.3055555555555556 0.201171875 0.2847222222222222 0.19921875 0.2569444444444444 0.197265625 0.2534722222222222 0.197265625 0.23958333333333334 0.19140625 0.22569444444444445 0.19140625 0.21875 0.181640625 0.2013888888888889 0.181640625 0.18055555555555555 0.1875 0.1597222222222222 0.1875 0.14583333333333334 0.19921875 0.13194444444444445 0.19921875 0.1076388888888889 0.205078125 0.09722222222222222 0.2109375 0.09722222222222222
2 0.435546875 0.28125 0.439453125 0.2847222222222222 0.44140625 0.2916666666666667 0.443359375 0.3125 0.453125 0.3194444444444444 0.45703125 0.3298611111111111 0.46484375 0.3298611111111111 0.470703125 0.3159722222222222 0.470703125 0.2916666666666667 0.47265625 0.2881944444444444 0.4765625 0.2881944444444444 0.478515625 0.2916666666666667 0.478515625 0.3159722222222222 0.474609375 0.3263888888888889 0.474609375 0.3333333333333333 0.470703125 0.3472222222222222 0.466796875 0.3506944444444444 0.453125 0.3506944444444444 0.44921875 0.3576388888888889 0.44921875 0.3645833333333333 0.447265625 0.3680555555555556 0.447265625 0.3993055555555556 0.44921875 0.4027777777777778 0.451171875 0.4375 0.453125 0.4409722222222222 0.453125 0.4652777777777778 0.455078125 0.46875 0.455078125 0.5173611111111112 0.462890625 0.5381944444444444 0.455078125 0.5381944444444444 0.447265625 0.5277777777777778 0.44921875 0.5069444444444444 0.4453125 0.4895833333333333 0.4453125 0.46875 0.435546875 0.4409722222222222 0.431640625 0.4583333333333333 0.435546875 0.5347222222222222 0.431640625 0.5381944444444444 0.421875 0.53125 0.421875 0.5243055555555556 0.427734375 0.5173611111111112 0.427734375 0.5104166666666666 0.42578125 0.5069444444444444 0.42578125 0.4930555555555556 0.423828125 0.4895833333333333 0.423828125 0.4756944444444444 0.421875 0.4722222222222222 0.421875 0.4548611111111111 0.419921875 0.4513888888888889 0.419921875 0.4305555555555556 0.41796875 0.4270833333333333 0.41796875 0.4166666666666667 0.419921875 0.4131944444444444 0.419921875 0.40625 0.41796875 0.4027777777777778 0.41796875 0.3611111111111111 0.4140625 0.3541666666666667 0.3984375 0.3541666666666667 0.39453125 0.3506944444444444 0.390625 0.34375 0.390625 0.3368055555555556 0.388671875 0.3333333333333333 0.388671875 0.3194444444444444 0.38671875 0.3125 0.388671875 0.3090277777777778 0.388671875 0.2916666666666667 0.390625 0.2881944444444444 0.39453125 0.2951388888888889 0.39453125 0.3159722222222222 0.3984375 0.3298611111111111 0.400390625 0.3333333333333333 0.404296875 0.3333333333333333 0.408203125 0.3298611111111111 0.412109375 0.3194444444444444 0.416015625 0.3159722222222222 0.421875 0.3159722222222222 0.423828125 0.3125 0.423828125 0.2986111111111111 0.427734375 0.2847222222222222 0.43359375 0.28125
2 0.529296875 0.11805555555555555 0.533203125 0.125 0.537109375 0.1527777777777778 0.541015625 0.1597222222222222 0.55078125 0.16666666666666666 0.55859375 0.16666666666666666 0.560546875 0.1701388888888889 0.57421875 0.16319444444444445 0.580078125 0.1701388888888889 0.576171875 0.17708333333333334 0.54296875 0.17708333333333334 0.541015625 0.1736111111111111 0.53515625 0.1736111111111111 0.529296875 0.1840277777777778 0.529296875 0.19444444444444445 0.52734375 0.19791666666666666 0.529296875 0.2465277777777778 0.525390625 0.2604166666666667 0.525390625 0.2986111111111111 0.5234375 0.3020833333333333 0.5234375 0.3263888888888889 0.52734375 0.3368055555555556 0.513671875 0.3368055555555556 0.51171875 0.3402777777777778 0.50390625 0.3402777777777778 0.501953125 0.3368055555555556 0.501953125 0.3159722222222222 0.5 0.3125 0.5 0.2847222222222222 0.50390625 0.2743055555555556 0.50390625 0.22569444444444445 0.501953125 0.2222222222222222 0.501953125 0.2013888888888889 0.50390625 0.19791666666666666 0.50390625 0.1909722222222222 0.501953125 0.1875 0.4921875 0.2013888888888889 0.486328125 0.2013888888888889 0.48046875 0.20833333333333334 0.4765625 0.20833333333333334 0.4765625 0.2013888888888889 0.484375 0.19444444444444445 0.5 0.16666666666666666 0.501953125 0.1527777777777778 0.513671875 0.1388888888888889 0.513671875 0.12152777777777778 0.515625 0.11805555555555555 0.51953125 0.11458333333333333 0.525390625 0.11458333333333333 0.52734375 0.11805555555555555