0 0.279296875 0.10069444444444445 0.283203125 0.1076388888888889 0.283203125 0.11458333333333333 0.28515625 0.11805555555555555 0.28515625 0.125 0.283203125 0.1284722222222222 0.275390625 0.1284722222222222 0.271484375 0.11805555555555555 0.271484375 0.10069444444444445 0.2734375 0.09722222222222222 0.27734375 0.10069444444444445
0 0.3828125 0.1284722222222222 0.390625 0.14583333333333334 0.38671875 0.15625 0.380859375 0.15625 0.37890625 0.14930555555555555 0.376953125 0.13194444444444445 0.380859375 0.1284722222222222
0 0.47265625 0.2777777777777778 0.48046875 0.2777777777777778 0.482421875 0.28125 0.482421875 0.2881944444444444 0.486328125 0.2951388888888889 0.486328125 0.3020833333333333 0.48046875 0.3125 0.4765625 0.3125 0.47265625 0.3020833333333333 0.47265625 0.28125
0 0.6067708333333334 0.30046296296296293 0.015625 0.03240740740740741
0 0.4765625 0.3159722222222222 0.48046875 0.3125 0.486328125 0.3125 0.490234375 0.3194444444444444 0.490234375 0.3263888888888889 0.486328125 0.3368055555555556 0.482421875 0.3368055555555556 0.482421875 0.3333333333333333 0.4765625 0.3263888888888889 0.4765625 0.3194444444444444
0 0.26171875 0.4166666666666667 0.265625 0.4236111111111111 0.265625 0.4375 0.267578125 0.4409722222222222 0.265625 0.4444444444444444 0.259765625 0.4444444444444444 0.25390625 0.4375 0.25390625 0.4236111111111111 0.259765625 0.4166666666666667
0 0.25390625 0.6041666666666666 0.2578125 0.6215277777777778 0.255859375 0.6284722222222222 0.2421875 0.625 0.2421875 0.6111111111111112 0.24609375 0.6041666666666666 0.251953125 0.6041666666666666
0 0.41015625 0.6875 0.41015625 0.6597222222222222 0.4140625 0.6527777777777778 0.419921875 0.6527777777777778 0.423828125 0.6597222222222222 0.423828125 0.6701388888888888 0.421875 0.6736111111111112 0.423828125 0.6840277777777778 0.421875 0.6875 0.412109375 0.6875
0 0.59765625 0.4548611111111111 0.607421875 0.4479166666666667 0.609375 0.4513888888888889 0.60546875 0.4652777777777778 0.6015625 0.4652777777777778 0.599609375 0.4583333333333333
1 0.2578125 0.6319444444444444 0.26171875 0.6354166666666666 0.26171875 0.6701388888888888 0.259765625 0.6701388888888888 0.25390625 0.6840277777777778 0.25390625 0.7013888888888888 0.25 0.7013888888888888 0.248046875 0.7048611111111112 0.2421875 0.7048611111111112 0.234375 0.6979166666666666 0.234375 0.6805555555555556 0.236328125 0.6770833333333334 0.236328125 0.6701388888888888 0.232421875 0.65625 0.232421875 0.6354166666666666 0.236328125 0.6284722222222222 0.25390625 0.6284722222222222 0.255859375 0.6319444444444444
1 0.465625 0.32083333333333336 0.02395833333333333 0.04722222222222222
1 0.37890625 0.14930555555555555 0.380859375 0.1527777777777778 0.384765625 0.1527777777777778 0.38671875 0.14930555555555555 0.38671875 0.1909722222222222 0.3828125 0.19444444444444445 0.373046875 0.19444444444444445 0.369140625 0.1875 0.369140625 0.1736111111111111 0.37109375 0.1701388888888889 0.373046875 0.1527777777777778 0.376953125 0.14930555555555555
1 0.240234375 0.4895833333333333 0.240234375 0.4548611111111111 0.244140625 0.4375 0.25390625 0.4375 0.255859375 0.4409722222222222 0.259765625 0.4409722222222222 0.263671875 0.4444444444444444 0.263671875 0.4548611111111111 0.26171875 0.4583333333333333 0.26171875 0.4791666666666667 0.2578125 0.4965277777777778 0.2421875 0.4895833333333333
1 0.275390625 0.125 0.27734375 0.1284722222222222 0.28125 0.1284722222222222 0.28515625 0.13541666666666666 0.28515625 0.15625 0.287109375 0.1597222222222222 0.287109375 0.1701388888888889 0.2890625 0.17708333333333334 0.283203125 0.1875 0.2734375 0.1840277777777778 0.26953125 0.17708333333333334 0.26953125 0.1701388888888889 0.267578125 0.16666666666666666 0.267578125 0.13194444444444445 0.2734375 0.125
1 0.474609375 0.3229166666666667 0.482421875 0.3402777777777778 0.484375 0.3819444444444444 0.482421875 0.3854166666666667 0.46875 0.3854166666666667 0.466796875 0.3888888888888889 0.4609375 0.3888888888888889 0.4609375 0.375 0.462890625 0.3715277777777778 0.462890625 0.3472222222222222 0.4609375 0.34375 0.47265625 0.3263888888888889
1 0.4296875 0.6875 0.431640625 0.6909722222222222 0.431640625 0.7118055555555556 0.4296875 0.7152777777777778 0.4296875 0.7291666666666666 0.427734375 0.7326388888888888 0.427734375 0.7465277777777778 0.42578125 0.75 0.41796875 0.75 0.416015625 0.7465277777777778 0.408203125 0.7465277777777778 0.40625 0.7430555555555556 0.404296875 0.7361111111111112 0.404296875 0.7256944444444444 0.3984375 0.7118055555555556 0.3984375 0.6944444444444444 0.400390625 0.6909722222222222 0.408203125 0.6909722222222222 0.41015625 0.7013888888888888 0.4140625 0.7048611111111112 0.421875 0.6875 0.427734375 0.6875
1 0.5940104166666667 0.3226851851851852 0.0265625 0.05092592592592592
1 0.583984375 0.4479166666666667 0.5859375 0.4409722222222222 0.609375 0.4375 0.611328125 0.4444444444444444 0.609375 0.4479166666666667 0.6015625 0.4479166666666667 0.595703125 0.4618055555555556 0.59375 0.4618055555555556 0.58984375 0.4513888888888889 0.5859375 0.4479166666666667
2 0.419921875 0.65625 0.421875 0.6597222222222222 0.421875 0.6770833333333334 0.42578125 0.6875 0.4296875 0.6875 0.431640625 0.6909722222222222 0.431640625 0.7013888888888888 0.435546875 0.7152777777777778 0.4375 0.71875 0.451171875 0.7222222222222222 0.451171875 0.7291666666666666 0.4375 0.7291666666666666 0.435546875 0.7256944444444444 0.431640625 0.7256944444444444 0.427734375 0.7326388888888888 0.427734375 0.7534722222222222 0.431640625 0.7673611111111112 0.43359375 0.7986111111111112 0.431640625 0.8020833333333334 0.431640625 0.8125 0.423828125 0.8333333333333334 0.423828125 0.84375 0.4140625 0.84375 0.412109375 0.8402777777777778 0.412109375 0.8298611111111112 0.408203125 0.8125 0.41015625 0.8090277777777778 0.41015625 0.7986111111111112 0.404296875 0.7708333333333334 0.404296875 0.7534722222222222 0.40625 0.7465277777777778 0.400390625 0.7395833333333334 0.39453125 0.75 0.39453125 0.7604166666666666 0.388671875 0.7673611111111112 0.388671875 0.7604166666666666 0.39453125 0.7395833333333334 0.396484375 0.71875 0.3984375 0.7152777777777778 0.3984375 0.6944444444444444 0.400390625 0.6909722222222222 0.404296875 0.6909722222222222 0.408203125 0.6840277777777778 0.408203125 0.6631944444444444 0.4140625 0.6527777777777778 0.41796875 0.65625
2 0.453125 0.3368055555555556 0.453125 0.3229166666666667 0.474609375 0.28125 0.48046875 0.28125 0.486328125 0.2986111111111111 0.484375 0.3020833333333333 0.484375 0.3090277777777778 0.478515625 0.3090277777777778 0.474609375 0.3159722222222222 0.474609375 0.3263888888888889 0.4765625 0.3333333333333333 0.470703125 0.3333333333333333 0.46484375 0.34375 0.46484375 0.3819444444444444 0.466796875 0.3854166666666667 0.46484375 0.3888888888888889 0.46484375 0.3993055555555556 0.474609375 0.40625 0.4765625 0.4375 0.47265625 0.4375 0.474609375 0.4236111111111111 0.46875 0.40625 0.4609375 0.3923611111111111 0.4609375 0.3541666666666667 0.458984375 0.3506944444444444 0.458984375 0.34375 0.455078125 0.3368055555555556
2 0.244140625 0 0.259765625 0 0.2578125 0.006944444444444444 0.2578125 0.017361111111111112 0.255859375 0.020833333333333332 0.255859375 0.03125 0.2578125 0.034722222222222224 0.255859375 0.03819444444444445 0.251953125 0.034722222222222224 0.248046875 0.04513888888888889 0.244140625 0.041666666666666664 0.244140625 0.003472222222222222
2 0.255859375 0.6041666666666666 0.255859375 0.625 0.26171875 0.6354166666666666 0.26171875 0.6597222222222222 0.263671875 0.6666666666666666 0.26171875 0.6736111111111112 0.2578125 0.6736111111111112 0.25390625 0.6840277777777778 0.25390625 0.7048611111111112 0.251953125 0.7083333333333334 0.251953125 0.7256944444444444 0.248046875 0.7395833333333334 0.248046875 0.7604166666666666 0.240234375 0.7777777777777778 0.23828125 0.7847222222222222 0.23828125 0.7986111111111112 0.236328125 0.8020833333333334 0.232421875 0.7986111111111112 0.232421875 0.7847222222222222 0.240234375 0.75 0.240234375 0.7152777777777778 0.234375 0.7013888888888888 0.234375 0.6770833333333334 0.236328125 0.6736111111111112 0.232421875 0.6597222222222222 0.232421875 0.6319444444444444 0.2421875 0.6180555555555556 0.2421875 0.6076388888888888 0.24609375 0.6006944444444444 0.251953125 0.6006944444444444 0.25390625 0.6041666666666666
2 0.4692708333333333 0.312037037037037 0.034375 0.06481481481481483
2 0.267578125 0.4895833333333333 0.271484375 0.5 0.263671875 0.5 0.259765625 0.5069444444444444 0.26171875 0.5104166666666666 0.26171875 0.5590277777777778 0.259765625 0.5625 0.259765625 0.5833333333333334 0.263671875 0.59375 0.251953125 0.59375 0.251953125 0.5868055555555556 0.248046875 0.5798611111111112 0.244140625 0.5833333333333334 0.23828125 0.5833333333333334 0.23828125 0.5486111111111112 0.240234375 0.5451388888888888 0.240234375 0.5208333333333334 0.23828125 0.5173611111111112 0.240234375 0.4791666666666667 0.23828125 0.4756944444444444 0.23828125 0.4583333333333333 0.2421875 0.4479166666666667 0.2421875 0.4409722222222222 0.24609375 0.4375 0.255859375 0.4166666666666667 0.26171875 0.4166666666666667 0.267578125 0.4270833333333333 0.267578125 0.4340277777777778 0.263671875 0.4444444444444444 0.263671875 0.4618055555555556 0.26171875 0.4652777777777778 0.26171875 0.4791666666666667 0.265625 0.4895833333333333
2 0.27734375 0.10069444444444445 0.28515625 0.1111111111111111 0.28515625 0.11805555555555555 0.287109375 0.12152777777777778 0.28515625 0.125 0.28515625 0.1423611111111111 0.29296875 0.1597222222222222 0.291015625 0.17708333333333334 0.294921875 0.19444444444444445 0.294921875 0.20833333333333334 0.298828125 0.21875 0.298828125 0.2326388888888889 0.30078125 0.2361111111111111 0.30078125 0.2534722222222222 0.302734375 0.2604166666666667 0.298828125 0.2604166666666667 0.291015625 0.21875 0.283203125 0.20833333333333334 0.275390625 0.22569444444444445 0.26171875 0.22569444444444445 0.259765625 0.2326388888888889 0.255859375 0.2361111111111111 0.255859375 0.2152777777777778 0.2578125 0.21180555555555555 0.26171875 0.2152777777777778 0.267578125 0.2152777777777778 0.26953125 0.21180555555555555 0.267578125 0.13194444444444445 0.271484375 0.125 0.271484375 0.1076388888888889 0.275390625 0.10416666666666667
2 0.607421875 0.2847222222222222 0.611328125 0.2881944444444444 0.611328125 0.2951388888888889 0.61328125 0.2986111111111111 0.611328125 0.3020833333333333 0.611328125 0.3125 0.599609375 0.3298611111111111 0.59765625 0.3368055555555556 0.59765625 0.3472222222222222 0.603515625 0.3541666666666667 0.609375 0.3645833333333333 0.609375 0.3680555555555556 0.59765625 0.3958333333333333 0.59765625 0.40625 0.599609375 0.4131944444444444 0.59375 0.4131944444444444 0.5859375 0.40625 0.5859375 0.3993055555555556 0.59765625 0.375 0.595703125 0.3680555555555556 0.58984375 0.3680555555555556 0.58203125 0.3819444444444444 0.58203125 0.3854166666666667 0.578125 0.3888888888888889 0.568359375 0.4131944444444444 0.568359375 0.4375 0.564453125 0.4375 0.560546875 0.4305555555555556 0.560546875 0.4236111111111111 0.55859375 0.4201388888888889 0.5625 0.4131944444444444 0.568359375 0.3888888888888889 0.57421875 0.3784722222222222 0.576171875 0.3472222222222222 0.580078125 0.3333333333333333 0.5859375 0.3229166666666667 0.58984375 0.3055555555555556 0.60546875 0.2881944444444444
2 0.3794270833333333 0.2013888888888889 0.024479166666666666 0.14907407407407405
2 0.4765625 0.3125 0.486328125 0.3125 0.490234375 0.3194444444444444 0.48828125 0.3333333333333333 0.482421875 0.3472222222222222 0.484375 0.375 0.490234375 0.3958333333333333 0.490234375 0.4444444444444444 0.49609375 0.4513888888888889 0.501953125 0.4513888888888889 0.50390625 0.4548611111111111 0.498046875 0.4618055555555556 0.48828125 0.4618055555555556 0.486328125 0.4548611111111111 0.4765625 0.4479166666666667 0.47265625 0.4340277777777778 0.474609375 0.4236111111111111 0.470703125 0.4097222222222222 0.4609375 0.3888888888888889 0.462890625 0.3402777777777778 0.46484375 0.3402777777777778 0.466796875 0.3333333333333333 0.47265625 0.3298611111111111 0.4765625 0.3159722222222222
2 0.627604166015625 0.4629629618055556 0.633854166015625 0.44999999999999996 0.633333333984375 0.44722222222222224 0.622395833984375 0.44999999999999996 0.6125 0.4444444444444444 0.604166666015625 0.43148148263888886 0.600520833984375 0.4166666666666667 0.5890625 0.4092592604166667 0.584895833984375 0.41018518402777776 0.584375 0.4138888888888889 0.58125 0.4564814826388889 0.5859375 0.47407407291666664 0.609895833984375 0.47777777777777775 0.627604166015625 0.4629629618055556