0 0.291015625 0.3333333333333333 0.30078125 0.3333333333333333 0.3046875 0.3472222222222222 0.3046875 0.3576388888888889 0.296875 0.3576388888888889 0.29296875 0.3506944444444444 0.291015625 0.3368055555555556
0 0.228515625 0.4201388888888889 0.232421875 0.4270833333333333 0.232421875 0.4479166666666667 0.22265625 0.4479166666666667 0.220703125 0.4409722222222222 0.220703125 0.4270833333333333 0.2265625 0.4201388888888889
0 0.275390625 0.3923611111111111 0.279296875 0.40625 0.27734375 0.4131944444444444 0.2734375 0.4166666666666667 0.26953125 0.4166666666666667 0.265625 0.4097222222222222 0.265625 0.3993055555555556 0.2734375 0.3923611111111111
0 0.296875 0.2569444444444444 0.30078125 0.2708333333333333 0.298828125 0.2777777777777778 0.29296875 0.2777777777777778 0.2890625 0.2743055555555556 0.2890625 0.2638888888888889 0.294921875 0.2569444444444444
0 0.30078125 0.2569444444444444 0.30859375 0.2569444444444444 0.310546875 0.2604166666666667 0.310546875 0.2743055555555556 0.3046875 0.2743055555555556 0.30078125 0.2604166666666667
0 0.33984375 0.2743055555555556 0.341796875 0.2777777777777778 0.34375 0.2743055555555556 0.34765625 0.2777777777777778 0.34765625 0.2847222222222222 0.349609375 0.2881944444444444 0.34765625 0.2916666666666667 0.3359375 0.2951388888888889 0.3359375 0.2777777777777778 0.337890625 0.2777777777777778
0 0.4265625 0.4263888888888889 0.014583333333333334 0.025
0 0.447265625 0.4027777777777778 0.44921875 0.40625 0.455078125 0.40625 0.455078125 0.4236111111111111 0.451171875 0.4270833333333333 0.443359375 0.4270833333333333 0.44140625 0.4236111111111111 0.44140625 0.40625 0.4453125 0.4027777777777778
0 0.419921875 0.28125 0.423828125 0.2951388888888889 0.412109375 0.2951388888888889 0.41015625 0.2916666666666667 0.412109375 0.2847222222222222 0.41796875 0.28125
0 0.44140625 0.2777777777777778 0.443359375 0.2916666666666667 0.431640625 0.2916666666666667 0.431640625 0.28125 0.43359375 0.2777777777777778 0.439453125 0.2777777777777778
0 0.6916666666666667 0.08148148148148147 0.015625 0.025925925925925925
0 0.75390625 0.1076388888888889 0.7578125 0.11805555555555555 0.75390625 0.13194444444444445 0.748046875 0.13194444444444445 0.74609375 0.1284722222222222 0.74609375 0.11458333333333333 0.751953125 0.1076388888888889
0 0.947265625 0.3888888888888889 0.951171875 0.40625 0.943359375 0.4166666666666667 0.939453125 0.4166666666666667 0.9375 0.4131944444444444 0.9375 0.3923611111111111 0.939453125 0.3888888888888889 0.9453125 0.3888888888888889
0 0.880859375 0.2881944444444444 0.87890625 0.2743055555555556 0.8828125 0.2604166666666667 0.888671875 0.2604166666666667 0.888671875 0.2638888888888889 0.892578125 0.2673611111111111 0.892578125 0.2743055555555556 0.884765625 0.2881944444444444 0.8828125 0.2881944444444444
0 0.97265625 0.3090277777777778 0.974609375 0.3125 0.974609375 0.3229166666666667 0.97265625 0.3263888888888889 0.974609375 0.3333333333333333 0.97265625 0.3368055555555556 0.95703125 0.3368055555555556 0.95703125 0.3263888888888889 0.9609375 0.3159722222222222 0.96484375 0.3090277777777778 0.970703125 0.3090277777777778
1 0.923828125 0.003472222222222222 0.927734375 0.010416666666666666 0.927734375 0.041666666666666664 0.9296875 0.04861111111111111 0.9140625 0.04861111111111111 0.9140625 0.034722222222222224 0.908203125 0.020833333333333332 0.912109375 0.010416666666666666 0.921875 0.003472222222222222
1 0.41796875 0.4305555555555556 0.423828125 0.4375 0.4296875 0.4375 0.435546875 0.4618055555555556 0.431640625 0.46875 0.427734375 0.46875 0.416015625 0.4895833333333333 0.3984375 0.4895833333333333 0.396484375 0.4861111111111111 0.3984375 0.4756944444444444 0.41015625 0.4513888888888889 0.412109375 0.4375 0.416015625 0.4340277777777778
1 0.421875 0.2916666666666667 0.431640625 0.3055555555555556 0.431640625 0.3159722222222222 0.42578125 0.3263888888888889 0.423828125 0.3368055555555556 0.416015625 0.34375 0.408203125 0.34375 0.40625 0.3402777777777778 0.40625 0.3090277777777778 0.4140625 0.2916666666666667 0.419921875 0.2916666666666667
1 0.876953125 0 0.892578125 0 0.892578125 0.03125 0.88671875 0.041666666666666664 0.876953125 0.03819444444444445 0.876953125 0.003472222222222222
1 0.427734375 0.2916666666666667 0.44140625 0.2916666666666667 0.443359375 0.2951388888888889 0.447265625 0.2951388888888889 0.44921875 0.3020833333333333 0.443359375 0.3159722222222222 0.443359375 0.34375 0.4296875 0.34375 0.42578125 0.3402777777777778 0.423828125 0.3333333333333333 0.427734375 0.3194444444444444 0.43359375 0.3125 0.427734375 0.2951388888888889
1 0.990234375 0.7986111111111112 0.994140625 0.8020833333333334 0.998046875 0.8125 0.998046875 0.8576388888888888 0.99609375 0.8611111111111112 0.9921875 0.8611111111111112 0.9765625 0.8333333333333334 0.9765625 0.8298611111111112 0.970703125 0.8229166666666666 0.96875 0.8159722222222222 0.96875 0.8125 0.9765625 0.8020833333333334 0.98828125 0.7986111111111112
1 0.29296875 0.3993055555555556 0.29296875 0.3888888888888889 0.283203125 0.3611111111111111 0.2890625 0.3506944444444444 0.296875 0.3506944444444444 0.298828125 0.3472222222222222 0.3046875 0.3472222222222222 0.310546875 0.3576388888888889 0.310546875 0.3680555555555556 0.314453125 0.3784722222222222 0.314453125 0.3888888888888889 0.310546875 0.3958333333333333 0.306640625 0.3958333333333333 0.3046875 0.3993055555555556 0.294921875 0.3993055555555556
1 0.939453125 0.4131944444444444 0.951171875 0.4097222222222222 0.955078125 0.4166666666666667 0.962890625 0.4479166666666667 0.962890625 0.4652777777777778 0.95703125 0.4826388888888889 0.95703125 0.4895833333333333 0.94921875 0.4895833333333333 0.9453125 0.4826388888888889 0.94140625 0.4826388888888889 0.939453125 0.4861111111111111 0.939453125 0.4791666666666667 0.935546875 0.4722222222222222 0.9375 0.4583333333333333 0.943359375 0.4479166666666667 0.943359375 0.4409722222222222 0.9375 0.4270833333333333 0.9375 0.4201388888888889 0.939453125 0.4166666666666667
1 0.306640625 0.2777777777777778 0.3125 0.2777777777777778 0.31640625 0.28125 0.31640625 0.3020833333333333 0.310546875 0.3090277777777778 0.310546875 0.3229166666666667 0.306640625 0.3368055555555556 0.302734375 0.3298611111111111 0.302734375 0.3159722222222222 0.306640625 0.3020833333333333 0.306640625 0.28125
1 0.939453125 0.4166666666666667 0.9453125 0.4097222222222222 0.951171875 0.4097222222222222 0.95703125 0.4201388888888889 0.95703125 0.4270833333333333 0.962890625 0.4444444444444444 0.962890625 0.4513888888888889 0.9609375 0.4548611111111111 0.953125 0.4583333333333333 0.947265625 0.4479166666666667 0.9453125 0.4479166666666667 0.939453125 0.4340277777777778 0.939453125 0.4201388888888889
1 0.220703125 0.4444444444444444 0.2265625 0.4513888888888889 0.23046875 0.4479166666666667 0.232421875 0.4513888888888889 0.23828125 0.4513888888888889 0.23828125 0.4618055555555556 0.232421875 0.4722222222222222 0.23046875 0.4930555555555556 0.2265625 0.5104166666666666 0.216796875 0.5104166666666666 0.20703125 0.5034722222222222 0.20703125 0.4895833333333333 0.2109375 0.4756944444444444 0.208984375 0.4513888888888889 0.212890625 0.4444444444444444 0.21875 0.4444444444444444
1 0.337890625 0.3020833333333333 0.345703125 0.2916666666666667 0.353515625 0.2951388888888889 0.361328125 0.3159722222222222 0.361328125 0.3263888888888889 0.3515625 0.3368055555555556 0.34375 0.3368055555555556 0.33984375 0.3055555555555556
1 0.3046875 0.2777777777777778 0.30859375 0.2881944444444444 0.30859375 0.2986111111111111 0.306640625 0.3020833333333333 0.3046875 0.3229166666666667 0.30078125 0.3333333333333333 0.296875 0.3298611111111111 0.2890625 0.3402777777777778 0.279296875 0.3402777777777778 0.279296875 0.3333333333333333 0.28125 0.3298611111111111 0.279296875 0.3229166666666667 0.279296875 0.3125 0.27734375 0.3090277777777778 0.279296875 0.2847222222222222 0.28515625 0.2777777777777778 0.302734375 0.2777777777777778
1 0.2778645833333333 0.42962962962962964 0.0265625 0.06666666666666667
1 0.455078125 0.4270833333333333 0.470703125 0.4618055555555556 0.470703125 0.4722222222222222 0.4609375 0.4826388888888889 0.45703125 0.4826388888888889 0.453125 0.4756944444444444 0.451171875 0.46875 0.451171875 0.4618055555555556 0.453125 0.4583333333333333 0.451171875 0.4513888888888889 0.44921875 0.4479166666666667 0.4453125 0.4479166666666667 0.443359375 0.4513888888888889 0.439453125 0.4444444444444444 0.443359375 0.4305555555555556 0.44921875 0.4305555555555556 0.453125 0.4270833333333333
1 0.421875 0.2916666666666667 0.42578125 0.2951388888888889 0.42578125 0.2986111111111111 0.431640625 0.3090277777777778 0.431640625 0.3159722222222222 0.4296875 0.3159722222222222 0.423828125 0.3298611111111111 0.423828125 0.34375 0.42578125 0.3472222222222222 0.42578125 0.3645833333333333 0.423828125 0.3680555555555556 0.40625 0.3680555555555556 0.404296875 0.3645833333333333 0.404296875 0.3298611111111111 0.40625 0.3263888888888889 0.40625 0.3090277777777778 0.4140625 0.2916666666666667 0.419921875 0.2916666666666667
1 0.443359375 0.4305555555555556 0.455078125 0.4270833333333333 0.46875 0.4548611111111111 0.4765625 0.4826388888888889 0.4765625 0.4930555555555556 0.474609375 0.4965277777777778 0.470703125 0.5243055555555556 0.466796875 0.53125 0.45703125 0.53125 0.453125 0.5277777777777778 0.451171875 0.5138888888888888 0.45703125 0.4861111111111111 0.451171875 0.46875 0.451171875 0.4513888888888889 0.44921875 0.4479166666666667 0.443359375 0.4513888888888889 0.439453125 0.4409722222222222 0.443359375 0.4340277777777778
1 0.696875 0.10555555555555556 0.019791666666666666 0.044444444444444446
1 0.765625 0.1284722222222222 0.77734375 0.1527777777777778 0.77734375 0.16666666666666666 0.7734375 0.17708333333333334 0.76171875 0.1736111111111111 0.755859375 0.16319444444444445 0.755859375 0.15625 0.75 0.1388888888888889 0.75 0.13541666666666666 0.755859375 0.125 0.76171875 0.125 0.763671875 0.1284722222222222
1 0.94140625 0.3819444444444444 0.955078125 0.3333333333333333 0.9609375 0.3333333333333333 0.966796875 0.3402777777777778 0.966796875 0.3645833333333333 0.962890625 0.375 0.962890625 0.3819444444444444 0.9609375 0.3854166666666667 0.95703125 0.3854166666666667 0.955078125 0.3923611111111111 0.94921875 0.3854166666666667 0.943359375 0.3854166666666667
1 0.876953125 0.3125 0.87890625 0.2916666666666667 0.888671875 0.2847222222222222 0.892578125 0.2777777777777778 0.89453125 0.2777777777777778 0.900390625 0.2881944444444444 0.908203125 0.3159722222222222 0.904296875 0.3229166666666667 0.90234375 0.3194444444444444 0.890625 0.3194444444444444 0.888671875 0.3159722222222222 0.8828125 0.3159722222222222 0.87890625 0.3125
2 0.91015625 0 0.921875 0 0.927734375 0.010416666666666666 0.927734375 0.041666666666666664 0.9296875 0.04513888888888889 0.9296875 0.04861111111111111 0.9140625 0.04861111111111111 0.9140625 0.03819444444444445 0.91015625 0.03125 0.90234375 0.03125 0.90234375 0.027777777777777776 0.90625 0.024305555555555556 0.91015625 0.010416666666666666 0.91015625 0.003472222222222222
2 0.7109375 0.1111111111111111 0.71484375 0.12152777777777778 0.716796875 0.14583333333333334 0.724609375 0.16319444444444445 0.724609375 0.1736111111111111 0.7109375 0.1701388888888889 0.701171875 0.15625 0.701171875 0.14930555555555555 0.697265625 0.1423611111111111 0.69140625 0.14930555555555555 0.693359375 0.1388888888888889 0.697265625 0.13194444444444445 0.6953125 0.1284722222222222 0.689453125 0.1284722222222222 0.69140625 0.11458333333333333 0.6875 0.10416666666666667 0.6875 0.09375 0.685546875 0.09027777777777778 0.685546875 0.07291666666666667 0.6875 0.06944444444444445 0.693359375 0.06944444444444445 0.708984375 0.1111111111111111
2 0.4067708333333333 0.49027777777777776 0.059375 0.1527777777777778
2 0.876953125 0 0.89453125 0 0.892578125 0.006944444444444444 0.892578125 0.03125 0.888671875 0.041666666666666664 0.888671875 0.04861111111111111 0.873046875 0.04861111111111111 0.873046875 0.041666666666666664 0.875 0.03819444444444445 0.875 0.020833333333333332 0.876953125 0.017361111111111112 0.876953125 0.003472222222222222
2 0.439453125 0.2777777777777778 0.44140625 0.28125 0.44140625 0.2881944444444444 0.44921875 0.2986111111111111 0.447265625 0.3125 0.453125 0.3333333333333333 0.453125 0.3402777777777778 0.447265625 0.3472222222222222 0.451171875 0.3611111111111111 0.451171875 0.3784722222222222 0.447265625 0.3958333333333333 0.439453125 0.40625 0.4375 0.40625 0.44140625 0.3993055555555556 0.443359375 0.3715277777777778 0.44140625 0.3680555555555556 0.431640625 0.3680555555555556 0.42578125 0.34375 0.42578125 0.3263888888888889 0.43359375 0.3159722222222222 0.43359375 0.3090277777777778 0.427734375 0.2986111111111111 0.427734375 0.2916666666666667 0.435546875 0.2777777777777778 0.4375 0.2777777777777778
2 0.970703125 0.8229166666666666 0.966796875 0.8055555555555556 0.966796875 0.7847222222222222 0.970703125 0.7777777777777778 0.98046875 0.7777777777777778 0.984375 0.7916666666666666 0.98828125 0.7986111111111112 0.9921875 0.7986111111111112 0.998046875 0.8090277777777778 0.998046875 0.8819444444444444 0.990234375 0.8923611111111112 0.990234375 0.8993055555555556 0.998046875 0.9201388888888888 0.998046875 0.9375 0.99609375 0.9375 0.984375 0.90625 0.98046875 0.8888888888888888 0.982421875 0.875 0.986328125 0.8645833333333334 0.986328125 0.8541666666666666 0.984375 0.8506944444444444 0.978515625 0.8611111111111112 0.978515625 0.8680555555555556 0.974609375 0.8784722222222222 0.96875 0.8784722222222222 0.96875 0.8715277777777778 0.974609375 0.8645833333333334 0.978515625 0.8472222222222222 0.9765625 0.8298611111111112 0.97265625 0.8229166666666666
2 0.953125 0.3333333333333333 0.958984375 0.3263888888888889 0.962890625 0.3125 0.97265625 0.3125 0.974609375 0.3159722222222222 0.974609375 0.3263888888888889 0.966796875 0.3472222222222222 0.966796875 0.3576388888888889 0.970703125 0.3645833333333333 0.96484375 0.375 0.96484375 0.3784722222222222 0.978515625 0.40625 0.982421875 0.4375 0.98828125 0.4479166666666667 0.982421875 0.4479166666666667 0.97265625 0.4131944444444444 0.96875 0.40625 0.958984375 0.3958333333333333 0.953125 0.3958333333333333 0.94921875 0.3993055555555556 0.94921875 0.3923611111111111 0.9453125 0.3854166666666667 0.94140625 0.3854166666666667 0.939453125 0.3888888888888889 0.943359375 0.3715277777777778 0.947265625 0.3645833333333333 0.94921875 0.3472222222222222 0.953125 0.3368055555555556
2 0.939453125 0.3888888888888889 0.9453125 0.3888888888888889 0.947265625 0.3923611111111111 0.94921875 0.40625 0.955078125 0.4166666666666667 0.962890625 0.4444444444444444 0.962890625 0.4652777777777778 0.958984375 0.4756944444444444 0.958984375 0.4895833333333333 0.96484375 0.5034722222222222 0.962890625 0.5173611111111112 0.958984375 0.5173611111111112 0.958984375 0.5069444444444444 0.947265625 0.4895833333333333 0.943359375 0.4895833333333333 0.939453125 0.4965277777777778 0.935546875 0.4965277777777778 0.93359375 0.5 0.9296875 0.4965277777777778 0.935546875 0.4895833333333333 0.935546875 0.4652777777777778 0.943359375 0.4479166666666667 0.943359375 0.4409722222222222 0.939453125 0.4340277777777778 0.9375 0.4270833333333333 0.9375 0.4166666666666667 0.935546875 0.4131944444444444 0.935546875 0.4027777777777778 0.939453125 0.3923611111111111
2 0.22265625 0.4236111111111111 0.228515625 0.4201388888888889 0.232421875 0.4270833333333333 0.232421875 0.4444444444444444 0.23828125 0.4513888888888889 0.23828125 0.4618055555555556 0.234375 0.46875 0.228515625 0.4965277777777778 0.224609375 0.5416666666666666 0.21875 0.5555555555555556 0.21875 0.5729166666666666 0.21484375 0.5729166666666666 0.212890625 0.5659722222222222 0.212890625 0.5555555555555556 0.21484375 0.5520833333333334 0.21484375 0.53125 0.208984375 0.5243055555555556 0.201171875 0.5243055555555556 0.19921875 0.5277777777777778 0.197265625 0.5347222222222222 0.197265625 0.5451388888888888 0.193359375 0.5555555555555556 0.193359375 0.5659722222222222 0.19140625 0.5729166666666666 0.1875 0.5729166666666666 0.1875 0.5625 0.19140625 0.5520833333333334 0.19140625 0.5277777777777778 0.1953125 0.5138888888888888 0.20703125 0.4895833333333333 0.20703125 0.4791666666666667 0.208984375 0.4756944444444444 0.208984375 0.4513888888888889 0.2109375 0.4444444444444444 0.216796875 0.4444444444444444 0.220703125 0.4375 0.220703125 0.4305555555555556 0.22265625 0.4270833333333333
2 0.298828125 0.2569444444444444 0.310546875 0.2569444444444444 0.310546875 0.2638888888888889 0.3125 0.2673611111111111 0.3125 0.2743055555555556 0.31640625 0.28125 0.318359375 0.2986111111111111 0.322265625 0.3055555555555556 0.322265625 0.3090277777777778 0.318359375 0.3125 0.314453125 0.3090277777777778 0.310546875 0.3159722222222222 0.310546875 0.3472222222222222 0.306640625 0.34375 0.302734375 0.3298611111111111 0.302734375 0.3229166666666667 0.3046875 0.3194444444444444 0.3046875 0.3090277777777778 0.306640625 0.3055555555555556 0.30859375 0.2881944444444444 0.298828125 0.2604166666666667
2 0.298828125 0.2569444444444444 0.310546875 0.2569444444444444 0.3125 0.2638888888888889 0.3125 0.2743055555555556 0.318359375 0.2881944444444444 0.318359375 0.2986111111111111 0.322265625 0.3020833333333333 0.322265625 0.3090277777777778 0.3203125 0.3125 0.314453125 0.3125 0.310546875 0.3194444444444444 0.310546875 0.3506944444444444 0.302734375 0.3333333333333333 0.302734375 0.3194444444444444 0.3046875 0.3159722222222222 0.30859375 0.2881944444444444 0.302734375 0.2743055555555556 0.30078125 0.2604166666666667
2 0.298828125 0.2569444444444444 0.30859375 0.2847222222222222 0.306640625 0.3159722222222222 0.30078125 0.3368055555555556 0.298828125 0.3333333333333333 0.29296875 0.3333333333333333 0.291015625 0.3368055555555556 0.291015625 0.34375 0.28125 0.3611111111111111 0.28125 0.3680555555555556 0.279296875 0.3715277777777778 0.271484375 0.3680555555555556 0.271484375 0.3576388888888889 0.27734375 0.34375 0.27734375 0.3368055555555556 0.279296875 0.3333333333333333 0.27734375 0.3263888888888889 0.2734375 0.3229166666666667 0.275390625 0.3159722222222222 0.275390625 0.3055555555555556 0.279296875 0.2916666666666667 0.279296875 0.28125 0.28515625 0.2777777777777778 0.2890625 0.2638888888888889 0.296875 0.2569444444444444
2 0.291015625 0.4340277777777778 0.29296875 0.5 0.294921875 0.5069444444444444 0.30078125 0.5138888888888888 0.3125 0.5381944444444444 0.31640625 0.5416666666666666 0.31640625 0.5520833333333334 0.314453125 0.5590277777777778 0.310546875 0.5590277777777778 0.310546875 0.5520833333333334 0.3046875 0.5347222222222222 0.287109375 0.5138888888888888 0.28515625 0.5069444444444444 0.28515625 0.4965277777777778 0.283203125 0.4930555555555556 0.27734375 0.4930555555555556 0.271484375 0.5 0.271484375 0.5069444444444444 0.26953125 0.5104166666666666 0.26953125 0.53125 0.265625 0.53125 0.263671875 0.5347222222222222 0.255859375 0.5347222222222222 0.251953125 0.53125 0.263671875 0.5173611111111112 0.263671875 0.4930555555555556 0.26953125 0.4722222222222222 0.26953125 0.4513888888888889 0.265625 0.4444444444444444 0.265625 0.4027777777777778 0.26953125 0.3958333333333333 0.279296875 0.3958333333333333 0.279296875 0.4131944444444444 0.2890625 0.4340277777777778
2 0.29296875 0.3368055555555556 0.30078125 0.3368055555555556 0.30859375 0.3506944444444444 0.3125 0.3680555555555556 0.3125 0.3784722222222222 0.314453125 0.3819444444444444 0.314453125 0.4027777777777778 0.318359375 0.4166666666666667 0.32421875 0.4270833333333333 0.32421875 0.4340277777777778 0.330078125 0.4444444444444444 0.330078125 0.4548611111111111 0.33203125 0.4583333333333333 0.33203125 0.4652777777777778 0.328125 0.4652777777777778 0.3203125 0.4444444444444444 0.310546875 0.4270833333333333 0.306640625 0.4270833333333333 0.302734375 0.4340277777777778 0.298828125 0.4340277777777778 0.296875 0.4270833333333333 0.29296875 0.4270833333333333 0.291015625 0.4236111111111111 0.29296875 0.3958333333333333 0.2890625 0.3784722222222222 0.283203125 0.3680555555555556 0.283203125 0.3611111111111111 0.29296875 0.3402777777777778
2 0.34375 0.2743055555555556 0.34765625 0.28125 0.349609375 0.2916666666666667 0.365234375 0.3159722222222222 0.365234375 0.3402777777777778 0.3671875 0.34375 0.365234375 0.3472222222222222 0.365234375 0.3645833333333333 0.369140625 0.3715277777777778 0.380859375 0.3715277777777778 0.3828125 0.3680555555555556 0.388671875 0.3680555555555556 0.390625 0.3715277777777778 0.390625 0.3784722222222222 0.388671875 0.3819444444444444 0.3828125 0.3819444444444444 0.37890625 0.3784722222222222 0.376953125 0.3819444444444444 0.369140625 0.3819444444444444 0.3671875 0.3854166666666667 0.35546875 0.3854166666666667 0.353515625 0.3888888888888889 0.353515625 0.4201388888888889 0.35546875 0.4270833333333333 0.33984375 0.4270833333333333 0.33984375 0.4236111111111111 0.345703125 0.4131944444444444 0.345703125 0.4027777777777778 0.34375 0.3993055555555556 0.34375 0.3680555555555556 0.345703125 0.3645833333333333 0.345703125 0.3472222222222222 0.341796875 0.3298611111111111 0.341796875 0.3159722222222222 0.333984375 0.2881944444444444 0.3359375 0.2847222222222222 0.3359375 0.2777777777777778 0.341796875 0.2743055555555556
2 0.755859375 0.1111111111111111 0.7578125 0.12152777777777778 0.765625 0.1284722222222222 0.771484375 0.1388888888888889 0.771484375 0.1423611111111111 0.779296875 0.1527777777777778 0.77734375 0.1597222222222222 0.77734375 0.1701388888888889 0.775390625 0.1736111111111111 0.77734375 0.19791666666666666 0.779296875 0.2013888888888889 0.794921875 0.2013888888888889 0.794921875 0.21875 0.79296875 0.21875 0.791015625 0.21180555555555555 0.765625 0.21180555555555555 0.765625 0.2013888888888889 0.7578125 0.1875 0.755859375 0.1875 0.75 0.19444444444444445 0.75 0.2013888888888889 0.748046875 0.2048611111111111 0.748046875 0.22569444444444445 0.736328125 0.22569444444444445 0.744140625 0.21180555555555555 0.744140625 0.1875 0.74609375 0.18055555555555555 0.755859375 0.16319444444444445 0.755859375 0.15625 0.751953125 0.1423611111111111 0.744140625 0.125 0.74609375 0.11458333333333333 0.75 0.1076388888888889 0.75390625 0.1111111111111111
2 0.44921875 0.4027777777777778 0.455078125 0.4097222222222222 0.455078125 0.4236111111111111 0.45703125 0.4305555555555556 0.46875 0.4548611111111111 0.4765625 0.4826388888888889 0.4765625 0.4930555555555556 0.46875 0.5277777777777778 0.46875 0.5416666666666666 0.470703125 0.5486111111111112 0.474609375 0.5520833333333334 0.474609375 0.5590277777777778 0.470703125 0.5659722222222222 0.470703125 0.5729166666666666 0.47265625 0.5763888888888888 0.46484375 0.5868055555555556 0.458984375 0.5868055555555556 0.46484375 0.5659722222222222 0.462890625 0.5625 0.462890625 0.5486111111111112 0.4609375 0.5416666666666666 0.455078125 0.53125 0.453125 0.53125 0.453125 0.5243055555555556 0.451171875 0.5208333333333334 0.453125 0.5 0.45703125 0.4861111111111111 0.451171875 0.46875 0.443359375 0.4652777777777778 0.439453125 0.4583333333333333 0.44140625 0.4097222222222222 0.447265625 0.4027777777777778
2 0.421875 0.2847222222222222 0.42578125 0.2916666666666667 0.42578125 0.2986111111111111 0.431640625 0.3055555555555556 0.431640625 0.3159722222222222 0.427734375 0.3194444444444444 0.423828125 0.3298611111111111 0.423828125 0.34375 0.42578125 0.3472222222222222 0.42578125 0.3888888888888889 0.41796875 0.4131944444444444 0.416015625 0.4097222222222222 0.41796875 0.3819444444444444 0.416015625 0.3784722222222222 0.412109375 0.3819444444444444 0.408203125 0.3993055555555556 0.408203125 0.4201388888888889 0.41015625 0.4236111111111111 0.408203125 0.4305555555555556 0.404296875 0.4305555555555556 0.40234375 0.4270833333333333 0.40234375 0.4097222222222222 0.404296875 0.40625 0.404296875 0.3263888888888889 0.40625 0.3229166666666667 0.40625 0.3055555555555556 0.41015625 0.2986111111111111 0.412109375 0.2881944444444444 0.4140625 0.2847222222222222 0.419921875 0.2847222222222222
2 0.876953125 0 0.89453125 0 0.892578125 0.006944444444444444 0.892578125 0.03125 0.888671875 0.04861111111111111 0.873046875 0.04861111111111111 0.875 0.020833333333333332 0.876953125 0.017361111111111112 0.876953125 0.003472222222222222
2 0.88671875 0.2604166666666667 0.892578125 0.2673611111111111 0.892578125 0.2743055555555556 0.900390625 0.2881944444444444 0.90234375 0.2986111111111111 0.90625 0.3055555555555556 0.90625 0.3194444444444444 0.896484375 0.3333333333333333 0.89453125 0.3506944444444444 0.88671875 0.3645833333333333 0.88671875 0.3784722222222222 0.880859375 0.3784722222222222 0.880859375 0.3541666666666667 0.8828125 0.3506944444444444 0.8828125 0.34375 0.880859375 0.3402777777777778 0.869140625 0.34375 0.865234375 0.3506944444444444 0.86328125 0.3611111111111111 0.859375 0.3611111111111111 0.859375 0.3506944444444444 0.869140625 0.3298611111111111 0.87109375 0.3055555555555556 0.87890625 0.2881944444444444 0.880859375 0.2638888888888889 0.884765625 0.2604166666666667