0 0.845703125 0.2951388888888889 0.84765625 0.2986111111111111 0.84765625 0.3298611111111111 0.837890625 0.34375 0.833984375 0.34375 0.83203125 0.3333333333333333 0.826171875 0.3229166666666667 0.826171875 0.3090277777777778 0.828125 0.3020833333333333 0.8359375 0.2916666666666667 0.841796875 0.2916666666666667 0.84375 0.2951388888888889
0 0.66796875 0.40625 0.67578125 0.4166666666666667 0.677734375 0.4236111111111111 0.677734375 0.4340277777777778 0.673828125 0.4340277777777778 0.671875 0.4375 0.65625 0.4375 0.654296875 0.4409722222222222 0.646484375 0.4340277777777778 0.6484375 0.4131944444444444 0.654296875 0.4027777777777778 0.6640625 0.4027777777777778 0.666015625 0.40625
0 0.716796875 0.46875 0.720703125 0.4722222222222222 0.724609375 0.4826388888888889 0.724609375 0.4965277777777778 0.720703125 0.5069444444444444 0.720703125 0.5173611111111112 0.716796875 0.5277777777777778 0.705078125 0.5243055555555556 0.697265625 0.5138888888888888 0.697265625 0.4861111111111111 0.705078125 0.4722222222222222 0.708984375 0.46875 0.71484375 0.46875
0 0.171875 0.3541666666666667 0.17578125 0.3611111111111111 0.17578125 0.3819444444444444 0.169921875 0.40625 0.16015625 0.40625 0.15234375 0.3958333333333333 0.146484375 0.3923611111111111 0.140625 0.3819444444444444 0.146484375 0.3611111111111111 0.150390625 0.3541666666666667 0.154296875 0.3506944444444444 0.16796875 0.3506944444444444 0.169921875 0.3541666666666667
0 0.8515625 0.4097222222222222 0.85546875 0.4131944444444444 0.857421875 0.4201388888888889 0.857421875 0.4305555555555556 0.849609375 0.4513888888888889 0.8359375 0.4479166666666667 0.83203125 0.4409722222222222 0.83203125 0.4236111111111111 0.833984375 0.4166666666666667 0.83984375 0.4097222222222222 0.849609375 0.4097222222222222
0 0.447265625 0.4375 0.44921875 0.4409722222222222 0.455078125 0.4409722222222222 0.458984375 0.4444444444444444 0.462890625 0.4513888888888889 0.46484375 0.4583333333333333 0.46484375 0.4791666666666667 0.458984375 0.4965277777777778 0.4453125 0.5104166666666666 0.443359375 0.5104166666666666 0.443359375 0.5 0.44140625 0.4930555555555556 0.4296875 0.46875 0.4296875 0.4583333333333333 0.43359375 0.4479166666666667 0.4453125 0.4375
0 0.6020833333333333 0.4680555555555556 0.03333333333333333 0.07314814814814814
0 0.62890625 0.4652777777777778 0.630859375 0.46875 0.634765625 0.46875 0.642578125 0.4826388888888889 0.64453125 0.4826388888888889 0.64453125 0.4930555555555556 0.63671875 0.5069444444444444 0.6328125 0.5208333333333334 0.6328125 0.5277777777777778 0.625 0.5416666666666666 0.619140625 0.5416666666666666 0.62109375 0.5347222222222222 0.615234375 0.5243055555555556 0.615234375 0.5173611111111112 0.61328125 0.5138888888888888 0.615234375 0.5104166666666666 0.615234375 0.4756944444444444 0.62109375 0.4652777777777778 0.626953125 0.4652777777777778
0 0.287109375 0.2777777777777778 0.294921875 0.2881944444444444 0.296875 0.3090277777777778 0.28515625 0.3263888888888889 0.279296875 0.3263888888888889 0.265625 0.3090277777777778 0.265625 0.2951388888888889 0.2734375 0.2743055555555556 0.283203125 0.2743055555555556 0.28515625 0.2777777777777778
0 0.3828125 0.4340277777777778 0.380859375 0.4270833333333333 0.380859375 0.4166666666666667 0.3828125 0.4097222222222222 0.39453125 0.3923611111111111 0.404296875 0.3923611111111111 0.40625 0.3958333333333333 0.41015625 0.3958333333333333 0.416015625 0.40625 0.416015625 0.4131944444444444 0.41796875 0.4166666666666667 0.416015625 0.4409722222222222 0.408203125 0.4583333333333333 0.404296875 0.4618055555555556 0.396484375 0.4618055555555556 0.392578125 0.4548611111111111 0.390625 0.4444444444444444 0.384765625 0.4340277777777778
0 0.693359375 0.3472222222222222 0.697265625 0.3576388888888889 0.697265625 0.3784722222222222 0.685546875 0.3958333333333333 0.681640625 0.3958333333333333 0.6796875 0.3923611111111111 0.677734375 0.3819444444444444 0.66796875 0.3645833333333333 0.66796875 0.3576388888888889 0.671875 0.34375 0.689453125 0.34375 0.69140625 0.3472222222222222
0 0.55078125 0.4305555555555556 0.55859375 0.4444444444444444 0.55859375 0.4826388888888889 0.5546875 0.4895833333333333 0.55078125 0.4930555555555556 0.544921875 0.4930555555555556 0.54296875 0.4965277777777778 0.53515625 0.4930555555555556 0.53125 0.4861111111111111 0.52734375 0.4444444444444444 0.529296875 0.4375 0.537109375 0.4270833333333333 0.546875 0.4270833333333333 0.548828125 0.4305555555555556
0 0.69921875 0.4375 0.701171875 0.4409722222222222 0.705078125 0.4409722222222222 0.7109375 0.4513888888888889 0.7109375 0.4583333333333333 0.712890625 0.4618055555555556 0.705078125 0.46875 0.69140625 0.4965277777777778 0.685546875 0.4965277777777778 0.685546875 0.4895833333333333 0.68359375 0.4861111111111111 0.68359375 0.4513888888888889 0.6875 0.4409722222222222 0.693359375 0.4409722222222222 0.697265625 0.4375
0 0.6640625 0.2604166666666667 0.66796875 0.2673611111111111 0.669921875 0.2743055555555556 0.669921875 0.2847222222222222 0.671875 0.2881944444444444 0.671875 0.2951388888888889 0.66796875 0.3055555555555556 0.65625 0.3020833333333333 0.646484375 0.2881944444444444 0.640625 0.2847222222222222 0.640625 0.2743055555555556 0.646484375 0.2638888888888889 0.654296875 0.2569444444444444 0.66015625 0.2569444444444444 0.662109375 0.2604166666666667
0 0.76953125 0.4166666666666667 0.775390625 0.4270833333333333 0.77734375 0.4444444444444444 0.767578125 0.4722222222222222 0.76171875 0.4826388888888889 0.751953125 0.4826388888888889 0.75 0.4791666666666667 0.74609375 0.4513888888888889 0.748046875 0.4479166666666667 0.748046875 0.4340277777777778 0.751953125 0.4236111111111111 0.76171875 0.4166666666666667 0.767578125 0.4166666666666667
1 0.46875 0.4652777777777778 0.47265625 0.4618055555555556 0.490234375 0.4583333333333333 0.498046875 0.4513888888888889 0.505859375 0.4513888888888889 0.513671875 0.4444444444444444 0.5234375 0.4444444444444444 0.52734375 0.4548611111111111 0.529296875 0.4861111111111111 0.533203125 0.4965277777777778 0.521484375 0.5208333333333334 0.515625 0.5208333333333334 0.513671875 0.5104166666666666 0.509765625 0.5034722222222222 0.505859375 0.5034722222222222 0.498046875 0.5104166666666666 0.494140625 0.5208333333333334 0.482421875 0.5208333333333334 0.462890625 0.5069444444444444 0.462890625 0.4965277777777778 0.46875 0.46875
1 0.794921875 0.5 0.80859375 0.5138888888888888 0.814453125 0.5277777777777778 0.814453125 0.5555555555555556 0.81640625 0.5625 0.8125 0.5625 0.810546875 0.5659722222222222 0.80859375 0.5625 0.8046875 0.5625 0.771484375 0.5868055555555556 0.755859375 0.5868055555555556 0.75390625 0.5833333333333334 0.751953125 0.5763888888888888 0.751953125 0.5659722222222222 0.748046875 0.5555555555555556 0.748046875 0.5486111111111112 0.744140625 0.5347222222222222 0.744140625 0.5208333333333334 0.740234375 0.5104166666666666 0.736328125 0.5104166666666666 0.73046875 0.5208333333333334 0.728515625 0.5277777777777778 0.728515625 0.5451388888888888 0.720703125 0.53125 0.72265625 0.5034722222222222 0.728515625 0.4930555555555556 0.75 0.4930555555555556 0.751953125 0.4965277777777778 0.79296875 0.5
1 0.677734375 0.4166666666666667 0.67578125 0.4131944444444444 0.671875 0.4131944444444444 0.6640625 0.4027777777777778 0.654296875 0.4027777777777778 0.6484375 0.4131944444444444 0.6484375 0.4201388888888889 0.642578125 0.4340277777777778 0.619140625 0.4375 0.6171875 0.4409722222222222 0.61328125 0.4409722222222222 0.61328125 0.4305555555555556 0.62109375 0.4166666666666667 0.630859375 0.4097222222222222 0.63671875 0.3993055555555556 0.638671875 0.3993055555555556 0.642578125 0.3888888888888889 0.66015625 0.3680555555555556 0.669921875 0.3680555555555556 0.67578125 0.3784722222222222 0.681640625 0.3958333333333333 0.681640625 0.40625 0.6796875 0.4131944444444444
1 0.58203125 0.4548611111111111 0.583984375 0.4548611111111111 0.587890625 0.4652777777777778 0.587890625 0.4791666666666667 0.59765625 0.5 0.59765625 0.5104166666666666 0.599609375 0.5138888888888888 0.59765625 0.5208333333333334 0.587890625 0.5243055555555556 0.58203125 0.5138888888888888 0.5703125 0.5104166666666666 0.56640625 0.5173611111111112 0.56640625 0.53125 0.564453125 0.5381944444444444 0.5546875 0.5381944444444444 0.54296875 0.5486111111111112 0.541015625 0.5486111111111112 0.533203125 0.5347222222222222 0.529296875 0.5347222222222222 0.52734375 0.5277777777777778 0.52734375 0.5173611111111112 0.53515625 0.5 0.544921875 0.5 0.5546875 0.4930555555555556 0.560546875 0.4826388888888889 0.5625 0.46875 0.568359375 0.4652777777777778 0.572265625 0.4583333333333333 0.57421875 0.4652777777777778 0.578125 0.4618055555555556 0.58203125 0.4652777777777778 0.583984375 0.4583333333333333
1 0.396484375 0.4652777777777778 0.39453125 0.4895833333333333 0.38671875 0.5034722222222222 0.38671875 0.5555555555555556 0.3828125 0.5520833333333334 0.376953125 0.5520833333333334 0.376953125 0.5451388888888888 0.375 0.5416666666666666 0.376953125 0.5277777777777778 0.373046875 0.5173611111111112 0.3671875 0.5104166666666666 0.361328125 0.53125 0.361328125 0.5381944444444444 0.36328125 0.5416666666666666 0.361328125 0.5520833333333334 0.341796875 0.5520833333333334 0.337890625 0.5451388888888888 0.330078125 0.5381944444444444 0.326171875 0.5381944444444444 0.3203125 0.53125 0.3203125 0.5243055555555556 0.328125 0.5173611111111112 0.333984375 0.5069444444444444 0.341796875 0.4791666666666667 0.3515625 0.4618055555555556 0.3515625 0.4583333333333333 0.365234375 0.4375 0.37109375 0.4375 0.373046875 0.4340277777777778 0.384765625 0.4375 0.388671875 0.4444444444444444 0.39453125 0.4652777777777778
1 0.560546875 0.4826388888888889 0.560546875 0.4652777777777778 0.564453125 0.4583333333333333 0.568359375 0.4583333333333333 0.57421875 0.4513888888888889 0.583984375 0.4513888888888889 0.5859375 0.4548611111111111 0.587890625 0.4618055555555556 0.587890625 0.4791666666666667 0.583984375 0.4791666666666667 0.58203125 0.4756944444444444 0.5703125 0.4756944444444444 0.5625 0.4826388888888889
1 0.43359375 0.4791666666666667 0.439453125 0.4895833333333333 0.439453125 0.4965277777777778 0.44140625 0.5 0.44140625 0.5208333333333334 0.435546875 0.53125 0.435546875 0.5347222222222222 0.42578125 0.5416666666666666 0.423828125 0.5347222222222222 0.423828125 0.5243055555555556 0.41796875 0.5138888888888888 0.416015625 0.5173611111111112 0.416015625 0.5277777777777778 0.412109375 0.5347222222222222 0.41015625 0.5451388888888888 0.404296875 0.5555555555555556 0.3984375 0.5555555555555556 0.39453125 0.5486111111111112 0.390625 0.5486111111111112 0.388671875 0.5416666666666666 0.388671875 0.5138888888888888 0.390625 0.5104166666666666 0.390625 0.5 0.40234375 0.4861111111111111 0.408203125 0.4861111111111111 0.419921875 0.4756944444444444 0.4296875 0.4756944444444444 0.431640625 0.4791666666666667
1 0.142578125 0.3888888888888889 0.158203125 0.40625 0.158203125 0.4270833333333333 0.15625 0.4270833333333333 0.146484375 0.4444444444444444 0.140625 0.4444444444444444 0.13671875 0.4340277777777778 0.12890625 0.4201388888888889 0.126953125 0.4201388888888889 0.12109375 0.4305555555555556 0.1171875 0.4444444444444444 0.1171875 0.4513888888888889 0.11328125 0.4583333333333333 0.11328125 0.4652777777777778 0.109375 0.46875 0.091796875 0.4652777777777778 0.078125 0.4548611111111111 0.08203125 0.4444444444444444 0.0859375 0.4375 0.095703125 0.4305555555555556 0.103515625 0.4166666666666667 0.1171875 0.4097222222222222 0.130859375 0.3888888888888889 0.140625 0.3888888888888889
1 0.822265625 0.3263888888888889 0.828125 0.3333333333333333 0.830078125 0.3472222222222222 0.833984375 0.3541666666666667 0.83203125 0.3576388888888889 0.83203125 0.3645833333333333 0.822265625 0.3819444444444444 0.81640625 0.4027777777777778 0.81640625 0.4201388888888889 0.810546875 0.4201388888888889 0.8046875 0.4131944444444444 0.80078125 0.4131944444444444 0.7890625 0.3958333333333333 0.779296875 0.3958333333333333 0.779296875 0.3888888888888889 0.79296875 0.3645833333333333 0.79296875 0.3611111111111111 0.80078125 0.3506944444444444 0.802734375 0.34375 0.8046875 0.34375 0.810546875 0.3333333333333333 0.8203125 0.3263888888888889
1 0.869140625 0.4756944444444444 0.8671875 0.4548611111111111 0.86328125 0.4479166666666667 0.85546875 0.4618055555555556 0.853515625 0.4618055555555556 0.8515625 0.4583333333333333 0.8515625 0.4444444444444444 0.859375 0.4270833333333333 0.865234375 0.4270833333333333 0.8671875 0.4236111111111111 0.880859375 0.4236111111111111 0.890625 0.4166666666666667 0.923828125 0.4166666666666667 0.927734375 0.4236111111111111 0.927734375 0.4375 0.916015625 0.4479166666666667 0.904296875 0.4722222222222222 0.880859375 0.4722222222222222 0.876953125 0.4791666666666667 0.873046875 0.4791666666666667 0.87109375 0.4756944444444444
1 0.677734375 0.4375 0.68359375 0.4444444444444444 0.68359375 0.4513888888888889 0.681640625 0.4548611111111111 0.681640625 0.4861111111111111 0.68359375 0.4895833333333333 0.68359375 0.4965277777777778 0.681640625 0.5034722222222222 0.666015625 0.5034722222222222 0.65234375 0.4930555555555556 0.64453125 0.4930555555555556 0.640625 0.4895833333333333 0.638671875 0.4826388888888889 0.626953125 0.4826388888888889 0.619140625 0.4965277777777778 0.619140625 0.5 0.62890625 0.5138888888888888 0.623046875 0.5208333333333334 0.623046875 0.5277777777777778 0.619140625 0.5416666666666666 0.6171875 0.5381944444444444 0.609375 0.5381944444444444 0.607421875 0.5416666666666666 0.60546875 0.5381944444444444 0.60546875 0.5069444444444444 0.6171875 0.4756944444444444 0.62109375 0.4583333333333333 0.623046875 0.4548611111111111 0.63671875 0.4513888888888889 0.64453125 0.4444444444444444 0.67578125 0.4409722222222222
1 0.654296875 0.4965277777777778 0.65625 0.5 0.662109375 0.5 0.66796875 0.5069444444444444 0.673828125 0.5069444444444444 0.681640625 0.5138888888888888 0.693359375 0.5138888888888888 0.701171875 0.5243055555555556 0.720703125 0.5381944444444444 0.7265625 0.5590277777777778 0.7265625 0.5902777777777778 0.72265625 0.6076388888888888 0.716796875 0.6076388888888888 0.71484375 0.6006944444444444 0.6953125 0.6006944444444444 0.689453125 0.6076388888888888 0.685546875 0.6076388888888888 0.68359375 0.6041666666666666 0.681640625 0.6076388888888888 0.673828125 0.6076388888888888 0.66796875 0.6006944444444444 0.662109375 0.6006944444444444 0.662109375 0.5902777777777778 0.671875 0.5729166666666666 0.671875 0.5659722222222222 0.66015625 0.5347222222222222 0.66015625 0.5173611111111112 0.658203125 0.5138888888888888 0.650390625 0.5173611111111112 0.638671875 0.5381944444444444 0.638671875 0.5451388888888888 0.63671875 0.5486111111111112 0.634765625 0.5451388888888888 0.634765625 0.5381944444444444 0.63671875 0.5347222222222222 0.63671875 0.5138888888888888 0.638671875 0.5069444444444444 0.646484375 0.4965277777777778 0.65234375 0.4965277777777778
1 0.642578125 0.2881944444444444 0.666015625 0.3125 0.669921875 0.3229166666666667 0.669921875 0.3368055555555556 0.662109375 0.3541666666666667 0.662109375 0.3611111111111111 0.658203125 0.3680555555555556 0.65234375 0.3715277777777778 0.650390625 0.3784722222222222 0.6484375 0.3784722222222222 0.640625 0.3923611111111111 0.6328125 0.3923611111111111 0.630859375 0.3888888888888889 0.625 0.3888888888888889 0.62109375 0.3854166666666667 0.62109375 0.3784722222222222 0.625 0.3645833333333333 0.625 0.3541666666666667 0.623046875 0.3506944444444444 0.625 0.3472222222222222 0.625 0.3298611111111111 0.626953125 0.3263888888888889 0.625 0.3229166666666667 0.625 0.3159722222222222 0.6328125 0.2951388888888889 0.640625 0.2881944444444444
1 0.26953125 0.3159722222222222 0.27734375 0.3263888888888889 0.279296875 0.3368055555555556 0.283203125 0.34375 0.283203125 0.3506944444444444 0.287109375 0.3611111111111111 0.287109375 0.3680555555555556 0.291015625 0.3819444444444444 0.296875 0.3888888888888889 0.30078125 0.3888888888888889 0.30078125 0.3958333333333333 0.296875 0.3993055555555556 0.26953125 0.3993055555555556 0.265625 0.3958333333333333 0.2578125 0.4131944444444444 0.2421875 0.4131944444444444 0.23828125 0.4201388888888889 0.22265625 0.4201388888888889 0.21875 0.4166666666666667 0.21875 0.4097222222222222 0.23046875 0.3819444444444444 0.23046875 0.375 0.240234375 0.34375 0.25390625 0.3194444444444444 0.2578125 0.3159722222222222 0.267578125 0.3159722222222222
1 0.779296875 0.4444444444444444 0.783203125 0.4444444444444444 0.78515625 0.4409722222222222 0.7890625 0.4444444444444444 0.791015625 0.4409722222222222 0.796875 0.4409722222222222 0.798828125 0.4444444444444444 0.81640625 0.4444444444444444 0.818359375 0.4479166666666667 0.841796875 0.4513888888888889 0.84375 0.4548611111111111 0.84765625 0.4548611111111111 0.85546875 0.4722222222222222 0.85546875 0.4930555555555556 0.8515625 0.4965277777777778 0.83984375 0.4965277777777778 0.837890625 0.5 0.83203125 0.5 0.830078125 0.5034722222222222 0.826171875 0.5034722222222222 0.8203125 0.5173611111111112 0.814453125 0.5173611111111112 0.80859375 0.5069444444444444 0.796875 0.4965277777777778 0.765625 0.4930555555555556 0.765625 0.4826388888888889 0.76953125 0.4756944444444444 0.771484375 0.4618055555555556 0.779296875 0.4479166666666667
2 0.767578125 0.4305555555555556 0.779296875 0.4444444444444444 0.783203125 0.4409722222222222 0.798828125 0.4409722222222222 0.80078125 0.4444444444444444 0.82421875 0.4444444444444444 0.826171875 0.4479166666666667 0.833984375 0.4479166666666667 0.849609375 0.4583333333333333 0.85546875 0.46875 0.857421875 0.5069444444444444 0.845703125 0.5451388888888888 0.84375 0.5590277777777778 0.857421875 0.5694444444444444 0.86328125 0.5798611111111112 0.873046875 0.5833333333333334 0.888671875 0.5972222222222222 0.888671875 0.6111111111111112 0.876953125 0.6319444444444444 0.873046875 0.6319444444444444 0.87109375 0.6284722222222222 0.873046875 0.625 0.873046875 0.6111111111111112 0.8671875 0.6006944444444444 0.857421875 0.59375 0.837890625 0.5902777777777778 0.833984375 0.5972222222222222 0.8359375 0.6006944444444444 0.841796875 0.6006944444444444 0.845703125 0.6076388888888888 0.845703125 0.6145833333333334 0.84375 0.6180555555555556 0.837890625 0.6180555555555556 0.833984375 0.6145833333333334 0.83203125 0.6111111111111112 0.83203125 0.6006944444444444 0.818359375 0.5729166666666666 0.818359375 0.53125 0.806640625 0.5069444444444444 0.796875 0.4965277777777778 0.765625 0.4930555555555556 0.76171875 0.4791666666666667 0.751953125 0.4791666666666667 0.75 0.4756944444444444 0.75 0.46875 0.748046875 0.4652777777777778 0.748046875 0.4444444444444444 0.765625 0.4305555555555556
2 0.283203125 0.2743055555555556 0.2890625 0.28125 0.29296875 0.28125 0.296875 0.2881944444444444 0.296875 0.2951388888888889 0.298828125 0.2986111111111111 0.298828125 0.3090277777777778 0.283203125 0.3402777777777778 0.2890625 0.375 0.294921875 0.3854166666666667 0.298828125 0.3854166666666667 0.30078125 0.3888888888888889 0.3046875 0.3888888888888889 0.310546875 0.3819444444444444 0.3203125 0.3819444444444444 0.32421875 0.3923611111111111 0.322265625 0.3993055555555556 0.30859375 0.3993055555555556 0.306640625 0.3958333333333333 0.302734375 0.3958333333333333 0.30078125 0.3993055555555556 0.283203125 0.3993055555555556 0.28125 0.4027777777777778 0.271484375 0.4027777777777778 0.265625 0.3958333333333333 0.259765625 0.4097222222222222 0.263671875 0.4236111111111111 0.26171875 0.4479166666666667 0.263671875 0.4513888888888889 0.263671875 0.4652777777777778 0.267578125 0.4791666666666667 0.26953125 0.5659722222222222 0.271484375 0.5694444444444444 0.271484375 0.5763888888888888 0.287109375 0.6006944444444444 0.283203125 0.6041666666666666 0.26171875 0.5972222222222222 0.26171875 0.5625 0.2578125 0.5520833333333334 0.25390625 0.5069444444444444 0.24609375 0.4791666666666667 0.240234375 0.46875 0.236328125 0.4722222222222222 0.232421875 0.4965277777777778 0.212890625 0.5347222222222222 0.201171875 0.5659722222222222 0.201171875 0.5833333333333334 0.20703125 0.59375 0.20703125 0.6006944444444444 0.205078125 0.6041666666666666 0.1953125 0.6041666666666666 0.185546875 0.5972222222222222 0.18359375 0.5902777777777778 0.185546875 0.5868055555555556 0.185546875 0.5798611111111112 0.193359375 0.5625 0.193359375 0.5555555555555556 0.201171875 0.53125 0.201171875 0.5243055555555556 0.21484375 0.4930555555555556 0.216796875 0.4548611111111111 0.21875 0.4513888888888889 0.21875 0.4097222222222222 0.23046875 0.3819444444444444 0.23046875 0.375 0.240234375 0.34375 0.25390625 0.3194444444444444 0.26171875 0.3159722222222222 0.265625 0.3090277777777778 0.265625 0.2986111111111111 0.271484375 0.2777777777777778 0.275390625 0.2743055555555556 0.28125 0.2743055555555556
2 0.771484375 0.4166666666666667 0.775390625 0.4236111111111111 0.77734375 0.4375 0.76171875 0.4340277777777778 0.7578125 0.4375 0.75 0.4548611111111111 0.75390625 0.4652777777777778 0.763671875 0.4722222222222222 0.76171875 0.4791666666666667 0.763671875 0.4861111111111111 0.76171875 0.4895833333333333 0.748046875 0.4895833333333333 0.748046875 0.4583333333333333 0.74609375 0.4548611111111111 0.74609375 0.4479166666666667 0.748046875 0.4444444444444444 0.748046875 0.4305555555555556 0.755859375 0.4166666666666667 0.76953125 0.4166666666666667
2 0.623046875 0.40625 0.623046875 0.3993055555555556 0.62109375 0.3958333333333333 0.62109375 0.3784722222222222 0.623046875 0.375 0.625 0.3576388888888889 0.6171875 0.34375 0.615234375 0.3368055555555556 0.615234375 0.3229166666666667 0.62890625 0.3055555555555556 0.640625 0.28125 0.640625 0.2743055555555556 0.650390625 0.2604166666666667 0.6640625 0.2604166666666667 0.669921875 0.2743055555555556 0.669921875 0.3020833333333333 0.66796875 0.3055555555555556 0.66796875 0.3159722222222222 0.669921875 0.3194444444444444 0.669921875 0.3402777777777778 0.666015625 0.3506944444444444 0.666015625 0.3576388888888889 0.662109375 0.3645833333333333 0.65234375 0.3715277777777778 0.650390625 0.3784722222222222 0.6484375 0.3784722222222222 0.630859375 0.40625 0.626953125 0.4097222222222222 0.625 0.40625
2 0.677734375 0.4201388888888889 0.6640625 0.4027777777777778 0.654296875 0.4027777777777778 0.6484375 0.4131944444444444 0.64453125 0.4270833333333333 0.63671875 0.4305555555555556 0.630859375 0.4375 0.62109375 0.4375 0.619140625 0.4409722222222222 0.615234375 0.4409722222222222 0.61328125 0.4375 0.61328125 0.4305555555555556 0.62109375 0.4166666666666667 0.638671875 0.3993055555555556 0.65625 0.3715277777777778 0.662109375 0.3680555555555556 0.66796875 0.3576388888888889 0.66796875 0.3506944444444444 0.671875 0.34375 0.689453125 0.34375 0.697265625 0.3611111111111111 0.697265625 0.3784722222222222 0.681640625 0.4027777777777778 0.6796875 0.4166666666666667
2 0.55078125 0.4305555555555556 0.55859375 0.4444444444444444 0.55859375 0.4826388888888889 0.55078125 0.4930555555555556 0.53515625 0.4965277777777778 0.5234375 0.5208333333333334 0.5234375 0.53125 0.525390625 0.5347222222222222 0.525390625 0.5416666666666666 0.53125 0.5520833333333334 0.533203125 0.5729166666666666 0.529296875 0.5798611111111112 0.521484375 0.5798611111111112 0.51953125 0.5763888888888888 0.513671875 0.5868055555555556 0.5078125 0.625 0.501953125 0.6388888888888888 0.501953125 0.6423611111111112 0.5078125 0.6527777777777778 0.509765625 0.6527777777777778 0.51171875 0.6597222222222222 0.515625 0.6597222222222222 0.521484375 0.6666666666666666 0.517578125 0.6701388888888888 0.50390625 0.6701388888888888 0.501953125 0.6666666666666666 0.486328125 0.6631944444444444 0.48828125 0.6458333333333334 0.49609375 0.6180555555555556 0.49609375 0.6041666666666666 0.494140625 0.6006944444444444 0.474609375 0.6458333333333334 0.474609375 0.6666666666666666 0.484375 0.6805555555555556 0.482421875 0.6840277777777778 0.45703125 0.6840277777777778 0.453125 0.6770833333333334 0.453125 0.6666666666666666 0.458984375 0.65625 0.462890625 0.6388888888888888 0.466796875 0.6319444444444444 0.470703125 0.6180555555555556 0.470703125 0.6111111111111112 0.48046875 0.5798611111111112 0.470703125 0.5659722222222222 0.466796875 0.5659722222222222 0.453125 0.5486111111111112 0.4453125 0.53125 0.4453125 0.5208333333333334 0.447265625 0.5208333333333334 0.44921875 0.5138888888888888 0.45703125 0.5069444444444444 0.46484375 0.4930555555555556 0.470703125 0.4652777777777778 0.484375 0.4618055555555556 0.498046875 0.4513888888888889 0.505859375 0.4513888888888889 0.515625 0.4444444444444444 0.525390625 0.4444444444444444 0.537109375 0.4270833333333333 0.546875 0.4270833333333333 0.548828125 0.4305555555555556
2 0.6484375 0.4930555555555556 0.650390625 0.4965277777777778 0.66015625 0.5 0.666015625 0.5069444444444444 0.671875 0.5069444444444444 0.677734375 0.5138888888888888 0.69140625 0.5138888888888888 0.693359375 0.5173611111111112 0.697265625 0.5173611111111112 0.701171875 0.5243055555555556 0.720703125 0.5381944444444444 0.724609375 0.5451388888888888 0.724609375 0.5520833333333334 0.728515625 0.5659722222222222 0.73046875 0.6006944444444444 0.7265625 0.6006944444444444 0.724609375 0.6076388888888888 0.720703125 0.6076388888888888 0.71484375 0.6145833333333334 0.70703125 0.6388888888888888 0.70703125 0.6458333333333334 0.71484375 0.6527777777777778 0.73046875 0.6527777777777778 0.732421875 0.65625 0.7578125 0.65625 0.765625 0.6736111111111112 0.765625 0.6840277777777778 0.763671875 0.6875 0.76171875 0.7048611111111112 0.7578125 0.7118055555555556 0.75390625 0.7118055555555556 0.751953125 0.7048611111111112 0.751953125 0.6909722222222222 0.748046875 0.6805555555555556 0.7421875 0.6736111111111112 0.689453125 0.6770833333333334 0.6875 0.6840277777777778 0.6953125 0.7048611111111112 0.6953125 0.7152777777777778 0.689453125 0.7222222222222222 0.677734375 0.7222222222222222 0.673828125 0.71875 0.673828125 0.7118055555555556 0.67578125 0.7083333333333334 0.67578125 0.6840277777777778 0.673828125 0.6770833333333334 0.666015625 0.6631944444444444 0.6640625 0.6631944444444444 0.65234375 0.6388888888888888 0.65234375 0.6354166666666666 0.64453125 0.625 0.64453125 0.6145833333333334 0.642578125 0.6111111111111112 0.642578125 0.5833333333333334 0.638671875 0.5763888888888888 0.63671875 0.5520833333333334 0.6328125 0.5451388888888888 0.6328125 0.5347222222222222 0.62890625 0.5277777777777778 0.62890625 0.5104166666666666 0.626953125 0.5069444444444444 0.623046875 0.5069444444444444 0.623046875 0.4861111111111111 0.626953125 0.4791666666666667 0.6328125 0.4791666666666667 0.634765625 0.4826388888888889 0.638671875 0.4826388888888889 0.642578125 0.4930555555555556 0.646484375 0.4930555555555556
2 0.61328125 0.4861111111111111 0.615234375 0.4930555555555556 0.615234375 0.5138888888888888 0.61328125 0.5173611111111112 0.619140625 0.53125 0.619140625 0.5451388888888888 0.625 0.5520833333333334 0.62109375 0.5590277777777778 0.6171875 0.5590277777777778 0.611328125 0.5694444444444444 0.611328125 0.5833333333333334 0.609375 0.5868055555555556 0.615234375 0.6041666666666666 0.591796875 0.6041666666666666 0.591796875 0.5902777777777778 0.599609375 0.5694444444444444 0.599609375 0.5625 0.603515625 0.5486111111111112 0.603515625 0.5208333333333334 0.60546875 0.5173611111111112 0.60546875 0.5069444444444444 0.609375 0.4930555555555556 0.61328125 0.4895833333333333
2 0.84375 0.2951388888888889 0.84765625 0.3020833333333333 0.84765625 0.3263888888888889 0.845703125 0.3333333333333333 0.837890625 0.34375 0.83203125 0.3611111111111111 0.83203125 0.3680555555555556 0.82421875 0.3784722222222222 0.818359375 0.3993055555555556 0.818359375 0.4097222222222222 0.8203125 0.4131944444444444 0.818359375 0.4409722222222222 0.8046875 0.4409722222222222 0.802734375 0.4375 0.779296875 0.4375 0.77734375 0.4305555555555556 0.779296875 0.3888888888888889 0.8046875 0.3402777777777778 0.806640625 0.3402777777777778 0.8125 0.3298611111111111 0.818359375 0.3263888888888889 0.83203125 0.2951388888888889 0.841796875 0.2951388888888889
2 0.681640625 0.4375 0.68359375 0.4409722222222222 0.693359375 0.4409722222222222 0.6953125 0.4375 0.69921875 0.4409722222222222 0.705078125 0.4409722222222222 0.7109375 0.4548611111111111 0.7109375 0.4652777777777778 0.70703125 0.4652777777777778 0.701171875 0.4722222222222222 0.69140625 0.5 0.685546875 0.5 0.677734375 0.5069444444444444 0.673828125 0.5034722222222222 0.666015625 0.5034722222222222 0.650390625 0.4895833333333333 0.64453125 0.4895833333333333 0.642578125 0.4826388888888889 0.634765625 0.4791666666666667 0.62890625 0.46875 0.625 0.46875 0.623046875 0.4722222222222222 0.626953125 0.4791666666666667 0.619140625 0.4930555555555556 0.62109375 0.4965277777777778 0.62109375 0.5034722222222222 0.625 0.5069444444444444 0.626953125 0.5138888888888888 0.62109375 0.5277777777777778 0.62109375 0.5416666666666666 0.625 0.5486111111111112 0.630859375 0.5486111111111112 0.62890625 0.5590277777777778 0.623046875 0.5486111111111112 0.6171875 0.5486111111111112 0.61328125 0.5451388888888888 0.609375 0.5347222222222222 0.60546875 0.5486111111111112 0.60546875 0.5104166666666666 0.609375 0.5 0.61328125 0.4965277777777778 0.61328125 0.4861111111111111 0.623046875 0.4722222222222222 0.62109375 0.46875 0.62109375 0.4618055555555556 0.625 0.4548611111111111 0.63671875 0.4548611111111111 0.646484375 0.4444444444444444 0.65234375 0.4444444444444444 0.654296875 0.4409722222222222 0.67578125 0.4409722222222222 0.6796875 0.4375
2 0.455078125 0.4409722222222222 0.458984375 0.4444444444444444 0.46484375 0.4583333333333333 0.46484375 0.4791666666666667 0.462890625 0.4826388888888889 0.462890625 0.4895833333333333 0.44921875 0.5069444444444444 0.439453125 0.5243055555555556 0.4375 0.53125 0.4375 0.5416666666666666 0.435546875 0.5451388888888888 0.435546875 0.5763888888888888 0.439453125 0.59375 0.443359375 0.6006944444444444 0.4453125 0.625 0.443359375 0.6319444444444444 0.427734375 0.6319444444444444 0.419921875 0.6493055555555556 0.419921875 0.6666666666666666 0.421875 0.6736111111111112 0.427734375 0.6840277777777778 0.435546875 0.6875 0.43359375 0.6944444444444444 0.41796875 0.6944444444444444 0.416015625 0.6909722222222222 0.40234375 0.6909722222222222 0.400390625 0.6875 0.40234375 0.6840277777777778 0.40234375 0.6736111111111112 0.40625 0.6631944444444444 0.40625 0.6493055555555556 0.41015625 0.6354166666666666 0.412109375 0.59375 0.408203125 0.5798611111111112 0.40625 0.5798611111111112 0.39453125 0.5590277777777778 0.390625 0.5590277777777778 0.390625 0.5451388888888888 0.388671875 0.5416666666666666 0.388671875 0.5138888888888888 0.390625 0.5104166666666666 0.390625 0.5 0.396484375 0.4930555555555556 0.404296875 0.4861111111111111 0.41015625 0.4861111111111111 0.42578125 0.4722222222222222 0.4296875 0.4652777777777778 0.4296875 0.4583333333333333 0.435546875 0.4444444444444444 0.439453125 0.4409722222222222 0.453125 0.4409722222222222
2 0.41015625 0.3958333333333333 0.416015625 0.40625 0.416015625 0.4166666666666667 0.41796875 0.4201388888888889 0.416015625 0.4409722222222222 0.408203125 0.4618055555555556 0.404296875 0.4618055555555556 0.396484375 0.4722222222222222 0.39453125 0.4791666666666667 0.39453125 0.4930555555555556 0.388671875 0.5 0.388671875 0.5069444444444444 0.38671875 0.5104166666666666 0.388671875 0.5173611111111112 0.38671875 0.5243055555555556 0.38671875 0.53125 0.388671875 0.5347222222222222 0.388671875 0.5625 0.392578125 0.5729166666666666 0.3984375 0.5729166666666666 0.404296875 0.5833333333333334 0.404296875 0.6041666666666666 0.40625 0.6076388888888888 0.404296875 0.6145833333333334 0.400390625 0.6145833333333334 0.3984375 0.6111111111111112 0.39453125 0.6145833333333334 0.396484375 0.6215277777777778 0.400390625 0.6215277777777778 0.400390625 0.6284722222222222 0.39453125 0.6388888888888888 0.38671875 0.6666666666666666 0.3828125 0.7395833333333334 0.396484375 0.7673611111111112 0.404296875 0.7708333333333334 0.40234375 0.7777777777777778 0.37109375 0.7743055555555556 0.369140625 0.7708333333333334 0.37109375 0.75 0.373046875 0.7465277777777778 0.37109375 0.7083333333333334 0.3671875 0.6909722222222222 0.369140625 0.6840277777777778 0.369140625 0.6458333333333334 0.361328125 0.6319444444444444 0.349609375 0.6215277777777778 0.341796875 0.6076388888888888 0.3359375 0.6145833333333334 0.326171875 0.6319444444444444 0.322265625 0.6458333333333334 0.310546875 0.6597222222222222 0.275390625 0.7256944444444444 0.275390625 0.7465277777777778 0.27734375 0.7534722222222222 0.283203125 0.7604166666666666 0.26953125 0.7604166666666666 0.267578125 0.7569444444444444 0.2578125 0.7534722222222222 0.25390625 0.7465277777777778 0.25390625 0.7395833333333334 0.2734375 0.7013888888888888 0.2734375 0.6979166666666666 0.279296875 0.6875 0.279296875 0.6805555555555556 0.3046875 0.6319444444444444 0.3125 0.6006944444444444 0.3125 0.5868055555555556 0.314453125 0.5833333333333334 0.314453125 0.5590277777777778 0.3125 0.5555555555555556 0.3203125 0.53125 0.3203125 0.5243055555555556 0.328125 0.5173611111111112 0.333984375 0.5069444444444444 0.341796875 0.4791666666666667 0.361328125 0.4409722222222222 0.375 0.4340277777777778 0.380859375 0.4236111111111111 0.3828125 0.4097222222222222 0.390625 0.3958333333333333 0.408203125 0.3958333333333333
2 0.60546875 0.4340277777777778 0.609375 0.4375 0.6171875 0.4583333333333333 0.6171875 0.4652777777777778 0.60546875 0.5 0.599609375 0.5104166666666666 0.599609375 0.5243055555555556 0.59375 0.5243055555555556 0.58984375 0.53125 0.59375 0.5486111111111112 0.591796875 0.5520833333333334 0.591796875 0.5625 0.587890625 0.5625 0.58203125 0.5763888888888888 0.58203125 0.6284722222222222 0.5859375 0.6458333333333334 0.5859375 0.6597222222222222 0.58203125 0.6631944444444444 0.576171875 0.6631944444444444 0.57421875 0.6597222222222222 0.57421875 0.6527777777777778 0.5703125 0.6458333333333334 0.55078125 0.6458333333333334 0.548828125 0.6423611111111112 0.548828125 0.6319444444444444 0.55078125 0.6284722222222222 0.55078125 0.6215277777777778 0.5546875 0.6076388888888888 0.5546875 0.59375 0.556640625 0.5902777777777778 0.556640625 0.5833333333333334 0.5546875 0.5798611111111112 0.552734375 0.5798611111111112 0.541015625 0.6006944444444444 0.5390625 0.6006944444444444 0.537109375 0.6076388888888888 0.53515625 0.6076388888888888 0.533203125 0.6145833333333334 0.53125 0.6145833333333334 0.517578125 0.6388888888888888 0.5234375 0.6597222222222222 0.51171875 0.65625 0.505859375 0.6458333333333334 0.505859375 0.6354166666666666 0.515625 0.6145833333333334 0.525390625 0.5833333333333334 0.53125 0.5798611111111112 0.53515625 0.5694444444444444 0.53515625 0.5590277777777778 0.537109375 0.5520833333333334 0.53125 0.5416666666666666 0.529296875 0.5416666666666666 0.52734375 0.5347222222222222 0.52734375 0.5173611111111112 0.529296875 0.5104166666666666 0.53515625 0.5 0.552734375 0.4965277777777778 0.560546875 0.4826388888888889 0.5625 0.46875 0.572265625 0.4548611111111111 0.576171875 0.4513888888888889 0.583984375 0.4513888888888889 0.59375 0.4340277777777778 0.603515625 0.4340277777777778
2 0.849609375 0.4097222222222222 0.861328125 0.4270833333333333 0.8671875 0.4270833333333333 0.869140625 0.4236111111111111 0.880859375 0.4236111111111111 0.890625 0.4166666666666667 0.923828125 0.4166666666666667 0.931640625 0.4375 0.931640625 0.4444444444444444 0.935546875 0.4583333333333333 0.935546875 0.46875 0.9375 0.4722222222222222 0.9375 0.4791666666666667 0.931640625 0.4930555555555556 0.931640625 0.5104166666666666 0.9296875 0.5138888888888888 0.935546875 0.5243055555555556 0.947265625 0.5277777777777778 0.951171875 0.5347222222222222 0.9609375 0.5416666666666666 0.966796875 0.5520833333333334 0.970703125 0.5520833333333334 0.98046875 0.5625 0.98046875 0.5729166666666666 0.966796875 0.5902777777777778 0.962890625 0.5902777777777778 0.96484375 0.5659722222222222 0.95703125 0.5590277777777778 0.951171875 0.5590277777777778 0.9453125 0.5520833333333334 0.9375 0.5520833333333334 0.935546875 0.5555555555555556 0.939453125 0.5625 0.939453125 0.5729166666666666 0.935546875 0.5798611111111112 0.92578125 0.5868055555555556 0.91796875 0.5833333333333334 0.921875 0.5729166666666666 0.921875 0.5590277777777778 0.900390625 0.5347222222222222 0.88671875 0.5138888888888888 0.884765625 0.5069444444444444 0.884765625 0.4930555555555556 0.890625 0.4791666666666667 0.88671875 0.4722222222222222 0.880859375 0.4791666666666667 0.876953125 0.4965277777777778 0.876953125 0.5069444444444444 0.86328125 0.5416666666666666 0.861328125 0.5625 0.85546875 0.5625 0.857421875 0.5451388888888888 0.861328125 0.5347222222222222 0.861328125 0.5243055555555556 0.865234375 0.5069444444444444 0.865234375 0.4930555555555556 0.857421875 0.4791666666666667 0.857421875 0.46875 0.84765625 0.4513888888888889 0.837890625 0.4479166666666667 0.83203125 0.4375 0.83203125 0.4236111111111111 0.833984375 0.4166666666666667 0.841796875 0.4097222222222222 0.84765625 0.4097222222222222
2 0.166015625 0.3506944444444444 0.17578125 0.3611111111111111 0.17578125 0.3819444444444444 0.169921875 0.40625 0.1640625 0.40625 0.16015625 0.4131944444444444 0.16015625 0.4236111111111111 0.146484375 0.4479166666666667 0.14453125 0.4791666666666667 0.134765625 0.5138888888888888 0.134765625 0.5347222222222222 0.12890625 0.5555555555555556 0.126953125 0.6041666666666666 0.134765625 0.6215277777777778 0.138671875 0.625 0.14453125 0.625 0.146484375 0.6284722222222222 0.13671875 0.6354166666666666 0.123046875 0.6319444444444444 0.12109375 0.6354166666666666 0.123046875 0.6423611111111112 0.12109375 0.6458333333333334 0.091796875 0.6458333333333334 0.091796875 0.6319444444444444 0.095703125 0.6180555555555556 0.09375 0.6111111111111112 0.09375 0.5972222222222222 0.091796875 0.59375 0.091796875 0.5694444444444444 0.095703125 0.5520833333333334 0.095703125 0.5381944444444444 0.091796875 0.53125 0.08984375 0.5173611111111112 0.083984375 0.5 0.083984375 0.4930555555555556 0.078125 0.4791666666666667 0.078125 0.4548611111111111 0.0859375 0.4375 0.095703125 0.4305555555555556 0.103515625 0.4166666666666667 0.107421875 0.4131944444444444 0.11328125 0.4131944444444444 0.130859375 0.3888888888888889 0.138671875 0.3854166666666667 0.150390625 0.3541666666666667 0.154296875 0.3506944444444444 0.1640625 0.3506944444444444
2 0.71484375 0.46875 0.71875 0.4722222222222222 0.728515625 0.4930555555555556 0.75 0.4930555555555556 0.751953125 0.4965277777777778 0.794921875 0.5 0.806640625 0.5104166666666666 0.814453125 0.5277777777777778 0.814453125 0.5486111111111112 0.81640625 0.5520833333333334 0.81640625 0.5625 0.810546875 0.5763888888888888 0.80859375 0.6145833333333334 0.810546875 0.6180555555555556 0.82421875 0.6180555555555556 0.826171875 0.6215277777777778 0.837890625 0.625 0.841796875 0.6319444444444444 0.849609375 0.6354166666666666 0.859375 0.6458333333333334 0.859375 0.6597222222222222 0.85546875 0.6666666666666666 0.853515625 0.6805555555555556 0.8515625 0.6840277777777778 0.84375 0.6840277777777778 0.841796875 0.6805555555555556 0.841796875 0.6631944444444444 0.833984375 0.6458333333333334 0.806640625 0.6423611111111112 0.8046875 0.6388888888888888 0.798828125 0.6388888888888888 0.7890625 0.6319444444444444 0.78515625 0.6145833333333334 0.78515625 0.59375 0.779296875 0.5833333333333334 0.77734375 0.5868055555555556 0.7734375 0.5868055555555556 0.767578125 0.5972222222222222 0.771484375 0.6041666666666666 0.77734375 0.6319444444444444 0.783203125 0.6388888888888888 0.783203125 0.6423611111111112 0.794921875 0.6666666666666666 0.794921875 0.6770833333333334 0.783203125 0.6875 0.77734375 0.6875 0.7734375 0.6840277777777778 0.7734375 0.6770833333333334 0.775390625 0.6736111111111112 0.775390625 0.65625 0.76171875 0.6319444444444444 0.759765625 0.6354166666666666 0.759765625 0.6527777777777778 0.7578125 0.65625 0.751953125 0.6527777777777778 0.751953125 0.6319444444444444 0.748046875 0.625 0.74609375 0.6145833333333334 0.73828125 0.6006944444444444 0.736328125 0.5763888888888888 0.73046875 0.5659722222222222 0.73046875 0.5555555555555556 0.7265625 0.5486111111111112 0.724609375 0.5381944444444444 0.720703125 0.53125 0.70703125 0.5243055555555556 0.69921875 0.5138888888888888 0.697265625 0.5069444444444444 0.69921875 0.4826388888888889 0.701171875 0.4826388888888889 0.703125 0.4756944444444444 0.712890625 0.46875
2 0.662109375 0.4027777777777778 0.66796875 0.4097222222222222 0.671875 0.4097222222222222 0.677734375 0.4201388888888889 0.6796875 0.4340277777777778 0.67578125 0.4375 0.654296875 0.4375 0.65234375 0.4409722222222222 0.646484375 0.4409722222222222 0.640625 0.4479166666666667 0.6328125 0.4479166666666667 0.623046875 0.4548611111111111 0.619140625 0.4548611111111111 0.61328125 0.4444444444444444 0.61328125 0.4340277777777778 0.615234375 0.4375 0.62109375 0.4375 0.626953125 0.4305555555555556 0.642578125 0.4270833333333333 0.654296875 0.4027777777777778 0.66015625 0.4027777777777778