0 0.69140625 0.34375 0.701171875 0.3576388888888889 0.701171875 0.3645833333333333 0.681640625 0.3541666666666667 0.677734375 0.3472222222222222 0.6796875 0.34375 0.689453125 0.34375
0 0.67578125 0.3472222222222222 0.677734375 0.3576388888888889 0.673828125 0.3645833333333333 0.671875 0.375 0.662109375 0.3854166666666667 0.658203125 0.3784722222222222 0.658203125 0.3645833333333333 0.66796875 0.3472222222222222 0.673828125 0.3472222222222222
0 0.70703125 0.3888888888888889 0.712890625 0.3958333333333333 0.716796875 0.40625 0.716796875 0.4270833333333333 0.7109375 0.4305555555555556 0.69921875 0.4513888888888889 0.693359375 0.4513888888888889 0.69140625 0.4305555555555556 0.6875 0.4166666666666667 0.693359375 0.3958333333333333 0.705078125 0.3888888888888889
0 0.71875 0.34375 0.7265625 0.3333333333333333 0.740234375 0.3333333333333333 0.73828125 0.3506944444444444 0.732421875 0.3506944444444444 0.7265625 0.34375 0.720703125 0.34375
0 0.56640625 0.40625 0.57421875 0.4236111111111111 0.57421875 0.4375 0.568359375 0.4444444444444444 0.564453125 0.46875 0.55859375 0.46875 0.556640625 0.4618055555555556 0.541015625 0.4340277777777778 0.537109375 0.4305555555555556 0.537109375 0.4166666666666667 0.544921875 0.4027777777777778 0.5625 0.4027777777777778 0.564453125 0.40625
0 0.853515625 0.4027777777777778 0.861328125 0.4166666666666667 0.861328125 0.4236111111111111 0.859375 0.4236111111111111 0.849609375 0.4444444444444444 0.849609375 0.4548611111111111 0.84765625 0.4583333333333333 0.849609375 0.4618055555555556 0.849609375 0.46875 0.841796875 0.4652777777777778 0.8359375 0.4444444444444444 0.83203125 0.4375 0.83203125 0.4131944444444444 0.833984375 0.40625 0.841796875 0.3958333333333333 0.84765625 0.3958333333333333 0.8515625 0.4027777777777778
0 0.107421875 0.3819444444444444 0.109375 0.3854166666666667 0.11328125 0.3854166666666667 0.119140625 0.3958333333333333 0.119140625 0.40625 0.12109375 0.4097222222222222 0.12109375 0.4305555555555556 0.119140625 0.4340277777777778 0.119140625 0.4409722222222222 0.115234375 0.4479166666666667 0.109375 0.4444444444444444 0.09765625 0.4236111111111111 0.0859375 0.4131944444444444 0.0859375 0.3923611111111111 0.087890625 0.3888888888888889 0.095703125 0.3819444444444444 0.10546875 0.3819444444444444
0 0.998046875 0.3958333333333333 0.998046875 0.46875 0.994140625 0.46875 0.990234375 0.4618055555555556 0.990234375 0.4548611111111111 0.98828125 0.4513888888888889 0.98828125 0.4270833333333333 0.990234375 0.4236111111111111 0.9921875 0.40625 0.99609375 0.3993055555555556
0 0.634765625 0.4791666666666667 0.638671875 0.5034722222222222 0.630859375 0.5138888888888888 0.630859375 0.5173611111111112 0.619140625 0.5416666666666666 0.611328125 0.5486111111111112 0.607421875 0.5486111111111112 0.599609375 0.53125 0.59765625 0.5 0.6015625 0.4826388888888889 0.607421875 0.4722222222222222 0.611328125 0.4722222222222222 0.61328125 0.46875 0.623046875 0.46875 0.625 0.4722222222222222 0.62890625 0.4722222222222222 0.6328125 0.4791666666666667
0 0.40234375 0.4652777777777778 0.408203125 0.4826388888888889 0.408203125 0.5 0.412109375 0.5138888888888888 0.412109375 0.5243055555555556 0.408203125 0.53125 0.3984375 0.5381944444444444 0.39453125 0.5381944444444444 0.38671875 0.53125 0.376953125 0.5138888888888888 0.375 0.5138888888888888 0.369140625 0.5 0.369140625 0.4861111111111111 0.373046875 0.4722222222222222 0.37890625 0.4652777777777778 0.3828125 0.4652777777777778 0.384765625 0.4618055555555556 0.3984375 0.4618055555555556 0.400390625 0.4652777777777778
0 0.431640625 0.4444444444444444 0.435546875 0.4479166666666667 0.44140625 0.4618055555555556 0.44140625 0.4930555555555556 0.439453125 0.4965277777777778 0.439453125 0.5034722222222222 0.435546875 0.5104166666666666 0.427734375 0.5069444444444444 0.421875 0.5138888888888888 0.421875 0.5208333333333334 0.4140625 0.5208333333333334 0.4140625 0.5104166666666666 0.41015625 0.4965277777777778 0.41015625 0.4826388888888889 0.404296875 0.46875 0.40234375 0.4548611111111111 0.408203125 0.4444444444444444 0.412109375 0.4444444444444444 0.4140625 0.4409722222222222 0.427734375 0.4409722222222222 0.4296875 0.4444444444444444
0 0.69140625 0.3472222222222222 0.69921875 0.3576388888888889 0.705078125 0.3819444444444444 0.6953125 0.3888888888888889 0.689453125 0.3993055555555556 0.6875 0.3993055555555556 0.6875 0.3958333333333333 0.6796875 0.3819444444444444 0.669921875 0.3784722222222222 0.662109375 0.3854166666666667 0.658203125 0.3784722222222222 0.658203125 0.3680555555555556 0.6640625 0.3541666666666667 0.671875 0.3472222222222222 0.689453125 0.3472222222222222
0 0.771484375 0.2951388888888889 0.775390625 0.2986111111111111 0.779296875 0.3125 0.779296875 0.3333333333333333 0.775390625 0.34375 0.765625 0.3368055555555556 0.75390625 0.3194444444444444 0.75390625 0.3055555555555556 0.759765625 0.2951388888888889 0.76953125 0.2951388888888889
0 0.873046875 0.3645833333333333 0.873046875 0.34375 0.87890625 0.3298611111111111 0.892578125 0.3298611111111111 0.900390625 0.3472222222222222 0.900390625 0.3645833333333333 0.89453125 0.3784722222222222 0.890625 0.3784722222222222 0.888671875 0.3819444444444444 0.8828125 0.3819444444444444 0.8828125 0.3784722222222222 0.875 0.3645833333333333
0 0.6171875 0.3680555555555556 0.626953125 0.375 0.630859375 0.3993055555555556 0.62890625 0.4027777777777778 0.626953125 0.4305555555555556 0.625 0.4340277777777778 0.619140625 0.4340277777777778 0.615234375 0.4444444444444444 0.611328125 0.4444444444444444 0.609375 0.4409722222222222 0.59375 0.3993055555555556 0.59375 0.3888888888888889 0.595703125 0.3819444444444444 0.6015625 0.3784722222222222 0.609375 0.3680555555555556 0.615234375 0.3680555555555556
0 0.662109375 0.3854166666666667 0.658203125 0.3784722222222222 0.658203125 0.3680555555555556 0.66015625 0.3611111111111111 0.666015625 0.3506944444444444 0.669921875 0.3472222222222222 0.677734375 0.3472222222222222 0.6796875 0.34375 0.689453125 0.34375 0.69140625 0.3472222222222222 0.6953125 0.3472222222222222 0.701171875 0.3611111111111111 0.703125 0.3819444444444444 0.701171875 0.3854166666666667 0.697265625 0.3854166666666667 0.693359375 0.3923611111111111 0.69140625 0.3923611111111111 0.693359375 0.3854166666666667 0.689453125 0.3784722222222222 0.68359375 0.3819444444444444 0.681640625 0.3784722222222222 0.67578125 0.3784722222222222 0.671875 0.375 0.6640625 0.3819444444444444
0 0.732421875 0.3506944444444444 0.736328125 0.3576388888888889 0.73828125 0.3854166666666667 0.734375 0.3923611111111111 0.73046875 0.3923611111111111 0.728515625 0.3958333333333333 0.716796875 0.3958333333333333 0.712890625 0.3923611111111111 0.70703125 0.3854166666666667 0.705078125 0.3715277777777778 0.708984375 0.3611111111111111 0.708984375 0.3541666666666667 0.71484375 0.3472222222222222 0.728515625 0.3472222222222222 0.73046875 0.3506944444444444
0 0.68359375 0.3472222222222222 0.689453125 0.3541666666666667 0.6953125 0.3506944444444444 0.701171875 0.3611111111111111 0.701171875 0.3680555555555556 0.705078125 0.375 0.705078125 0.3854166666666667 0.701171875 0.3854166666666667 0.689453125 0.3993055555555556 0.6875 0.3993055555555556 0.6875 0.3958333333333333 0.681640625 0.3854166666666667 0.67578125 0.3819444444444444 0.671875 0.375 0.677734375 0.3576388888888889 0.677734375 0.3506944444444444 0.681640625 0.3472222222222222
0 0.224609375 0.3159722222222222 0.2265625 0.3194444444444444 0.232421875 0.3194444444444444 0.236328125 0.3263888888888889 0.236328125 0.3402777777777778 0.23828125 0.34375 0.23828125 0.3506944444444444 0.23046875 0.3680555555555556 0.23046875 0.375 0.228515625 0.3784722222222222 0.21875 0.3715277777777778 0.20703125 0.3576388888888889 0.20703125 0.3368055555555556 0.208984375 0.3298611111111111 0.21484375 0.3194444444444444 0.22265625 0.3159722222222222
1 0.732421875 0.4375 0.748046875 0.4618055555555556 0.75390625 0.4791666666666667 0.775390625 0.5208333333333334 0.775390625 0.5277777777777778 0.76953125 0.5243055555555556 0.759765625 0.5416666666666666 0.755859375 0.5416666666666666 0.75390625 0.5451388888888888 0.7421875 0.5451388888888888 0.736328125 0.5520833333333334 0.73046875 0.5486111111111112 0.73046875 0.5451388888888888 0.7265625 0.5416666666666666 0.7265625 0.5381944444444444 0.716796875 0.5208333333333334 0.716796875 0.4826388888888889 0.71484375 0.4756944444444444 0.708984375 0.4652777777777778 0.705078125 0.4652777777777778 0.6953125 0.4756944444444444 0.6953125 0.4618055555555556 0.70703125 0.4375 0.716796875 0.4305555555555556 0.72265625 0.4305555555555556 0.73046875 0.4375
1 0.54296875 0.4409722222222222 0.556640625 0.4652777777777778 0.55859375 0.4756944444444444 0.552734375 0.4861111111111111 0.552734375 0.4895833333333333 0.54296875 0.5034722222222222 0.537109375 0.5208333333333334 0.53515625 0.5208333333333334 0.529296875 0.5347222222222222 0.525390625 0.5347222222222222 0.5078125 0.5520833333333334 0.49609375 0.5520833333333334 0.486328125 0.5381944444444444 0.474609375 0.5347222222222222 0.466796875 0.5277777777777778 0.4609375 0.5277777777777778 0.4609375 0.5173611111111112 0.47265625 0.4965277777777778 0.48046875 0.4930555555555556 0.494140625 0.4756944444444444 0.515625 0.4409722222222222 0.5234375 0.4409722222222222 0.525390625 0.4375 0.5390625 0.4375 0.541015625 0.4409722222222222
1 0.908203125 0.4305555555555556 0.9140625 0.4375 0.927734375 0.4444444444444444 0.93359375 0.4548611111111111 0.93359375 0.4583333333333333 0.9296875 0.4652777777777778 0.91796875 0.4652777777777778 0.9140625 0.46875 0.8984375 0.4930555555555556 0.892578125 0.4930555555555556 0.888671875 0.4861111111111111 0.880859375 0.4583333333333333 0.873046875 0.4444444444444444 0.87109375 0.4444444444444444 0.865234375 0.4548611111111111 0.861328125 0.46875 0.85546875 0.46875 0.8515625 0.4618055555555556 0.8515625 0.4444444444444444 0.85546875 0.4340277777777778 0.86328125 0.4236111111111111 0.88671875 0.4270833333333333 0.888671875 0.4305555555555556 0.892578125 0.4305555555555556 0.89453125 0.4270833333333333 0.8984375 0.4305555555555556 0.90625 0.4305555555555556
1 0.0859375 0.4305555555555556 0.08984375 0.4375 0.09765625 0.4375 0.103515625 0.4479166666666667 0.103515625 0.4618055555555556 0.095703125 0.4861111111111111 0.083984375 0.4722222222222222 0.080078125 0.4722222222222222 0.076171875 0.4791666666666667 0.07421875 0.4861111111111111 0.07421875 0.5173611111111112 0.072265625 0.5208333333333334 0.072265625 0.53125 0.0703125 0.5381944444444444 0.064453125 0.5451388888888888 0.060546875 0.5451388888888888 0.05078125 0.5347222222222222 0.02734375 0.5347222222222222 0.0234375 0.53125 0.029296875 0.5138888888888888 0.037109375 0.5034722222222222 0.0390625 0.4930555555555556 0.052734375 0.4652777777777778 0.064453125 0.4513888888888889 0.0703125 0.4375 0.078125 0.4305555555555556 0.083984375 0.4305555555555556
1 0.208984375 0.3611111111111111 0.22265625 0.3819444444444444 0.224609375 0.3819444444444444 0.2265625 0.3888888888888889 0.2265625 0.4027777777777778 0.23046875 0.4166666666666667 0.23046875 0.4236111111111111 0.2265625 0.4201388888888889 0.22265625 0.4236111111111111 0.2265625 0.4340277777777778 0.220703125 0.4270833333333333 0.212890625 0.4305555555555556 0.19921875 0.4513888888888889 0.19921875 0.4583333333333333 0.1953125 0.4652777777777778 0.18359375 0.4652777777777778 0.181640625 0.4618055555555556 0.17578125 0.4618055555555556 0.171875 0.4583333333333333 0.16796875 0.4652777777777778 0.158203125 0.4652777777777778 0.15625 0.46875 0.15234375 0.4652777777777778 0.154296875 0.4513888888888889 0.169921875 0.4097222222222222 0.171875 0.3993055555555556 0.173828125 0.3993055555555556 0.1875 0.375 0.197265625 0.3680555555555556 0.201171875 0.3611111111111111 0.20703125 0.3611111111111111
1 0.7578125 0.3263888888888889 0.76953125 0.34375 0.775390625 0.3472222222222222 0.775390625 0.3541666666666667 0.77734375 0.3576388888888889 0.77734375 0.375 0.7734375 0.3819444444444444 0.76953125 0.3784722222222222 0.763671875 0.3854166666666667 0.763671875 0.4097222222222222 0.751953125 0.4097222222222222 0.748046875 0.40625 0.7421875 0.3958333333333333 0.740234375 0.3715277777777778 0.73828125 0.3680555555555556 0.73828125 0.3541666666666667 0.740234375 0.3506944444444444 0.740234375 0.3368055555555556 0.7421875 0.3298611111111111 0.748046875 0.3229166666666667 0.75390625 0.3229166666666667 0.755859375 0.3263888888888889
1 0.658203125 0.3854166666666667 0.662109375 0.3888888888888889 0.66796875 0.3819444444444444 0.677734375 0.3819444444444444 0.681640625 0.3854166666666667 0.689453125 0.4027777777777778 0.68359375 0.4131944444444444 0.68359375 0.4166666666666667 0.681640625 0.4166666666666667 0.68359375 0.4131944444444444 0.681640625 0.40625 0.669921875 0.40625 0.666015625 0.4131944444444444 0.666015625 0.4270833333333333 0.673828125 0.4409722222222222 0.677734375 0.4409722222222222 0.6796875 0.4444444444444444 0.677734375 0.4548611111111111 0.673828125 0.4548611111111111 0.666015625 0.4618055555555556 0.6640625 0.46875 0.666015625 0.4756944444444444 0.658203125 0.4930555555555556 0.65234375 0.4930555555555556 0.64453125 0.4826388888888889 0.63671875 0.4791666666666667 0.630859375 0.46875 0.623046875 0.4652777777777778 0.623046875 0.4583333333333333 0.62890625 0.4479166666666667 0.6328125 0.4340277777777778 0.6328125 0.4131944444444444 0.63671875 0.4027777777777778 0.638671875 0.3993055555555556 0.638671875 0.40625 0.640625 0.4097222222222222 0.642578125 0.4027777777777778 0.6484375 0.3958333333333333 0.654296875 0.3958333333333333 0.658203125 0.3888888888888889
1 0.873046875 0.3645833333333333 0.876953125 0.3680555555555556 0.8828125 0.3819444444444444 0.88671875 0.3854166666666667 0.892578125 0.3819444444444444 0.892578125 0.3888888888888889 0.88671875 0.4027777777777778 0.88671875 0.4166666666666667 0.884765625 0.4201388888888889 0.865234375 0.4201388888888889 0.849609375 0.3958333333333333 0.849609375 0.3923611111111111 0.859375 0.375 0.87109375 0.3645833333333333
1 0.595703125 0.40625 0.59765625 0.4166666666666667 0.60546875 0.4305555555555556 0.607421875 0.4409722222222222 0.611328125 0.4479166666666667 0.611328125 0.4618055555555556 0.595703125 0.4861111111111111 0.595703125 0.4930555555555556 0.59375 0.4861111111111111 0.59765625 0.4722222222222222 0.591796875 0.4618055555555556 0.591796875 0.4583333333333333 0.5859375 0.4513888888888889 0.576171875 0.4513888888888889 0.564453125 0.4756944444444444 0.564453125 0.4930555555555556 0.5625 0.4965277777777778 0.5625 0.5034722222222222 0.564453125 0.5069444444444444 0.564453125 0.5243055555555556 0.55859375 0.53125 0.5546875 0.5243055555555556 0.548828125 0.5243055555555556 0.541015625 0.5173611111111112 0.546875 0.5 0.55078125 0.4965277777777778 0.560546875 0.4756944444444444 0.564453125 0.4756944444444444 0.56640625 0.4722222222222222 0.5703125 0.4548611111111111 0.5703125 0.4444444444444444 0.576171875 0.4375 0.576171875 0.4201388888888889 0.57421875 0.4166666666666667 0.578125 0.4097222222222222 0.59375 0.4097222222222222
1 0.373046875 0.5104166666666666 0.39453125 0.5451388888888888 0.396484375 0.5590277777777778 0.412109375 0.5868055555555556 0.412109375 0.59375 0.41015625 0.6006944444444444 0.404296875 0.6076388888888888 0.396484375 0.6041666666666666 0.388671875 0.59375 0.384765625 0.59375 0.3828125 0.5902777777777778 0.380859375 0.59375 0.375 0.59375 0.359375 0.6215277777777778 0.34765625 0.6354166666666666 0.34375 0.6354166666666666 0.3359375 0.6423611111111112 0.33203125 0.6423611111111112 0.330078125 0.6354166666666666 0.326171875 0.6354166666666666 0.314453125 0.6215277777777778 0.306640625 0.6076388888888888 0.306640625 0.5972222222222222 0.310546875 0.59375 0.318359375 0.59375 0.3203125 0.5902777777777778 0.3203125 0.5659722222222222 0.328125 0.5520833333333334 0.33203125 0.5520833333333334 0.33984375 0.5451388888888888 0.357421875 0.5173611111111112 0.365234375 0.5104166666666666 0.37109375 0.5104166666666666
1 0.734375 0.3958333333333333 0.744140625 0.4027777777777778 0.75 0.4131944444444444 0.755859375 0.4166666666666667 0.755859375 0.4201388888888889 0.7734375 0.4479166666666667 0.794921875 0.4722222222222222 0.798828125 0.4826388888888889 0.798828125 0.5034722222222222 0.796875 0.5104166666666666 0.79296875 0.5069444444444444 0.787109375 0.5069444444444444 0.78515625 0.5104166666666666 0.775390625 0.5104166666666666 0.771484375 0.5069444444444444 0.771484375 0.5034722222222222 0.75390625 0.4756944444444444 0.748046875 0.4583333333333333 0.736328125 0.4375 0.728515625 0.4305555555555556 0.724609375 0.4305555555555556 0.720703125 0.4236111111111111 0.720703125 0.4027777777777778 0.724609375 0.3993055555555556 0.732421875 0.3993055555555556
1 0.67578125 0.5138888888888888 0.685546875 0.5208333333333334 0.69921875 0.5208333333333334 0.69921875 0.5277777777777778 0.689453125 0.5416666666666666 0.689453125 0.5451388888888888 0.673828125 0.5763888888888888 0.662109375 0.5763888888888888 0.66015625 0.5798611111111112 0.654296875 0.5798611111111112 0.654296875 0.5486111111111112 0.6484375 0.5347222222222222 0.63671875 0.5590277777777778 0.6328125 0.5590277777777778 0.630859375 0.5625 0.625 0.5555555555555556 0.625 0.5381944444444444 0.6328125 0.5208333333333334 0.63671875 0.5208333333333334 0.638671875 0.5138888888888888 0.64453125 0.5069444444444444 0.654296875 0.5069444444444444 0.65625 0.5104166666666666 0.66796875 0.5104166666666666 0.669921875 0.5138888888888888 0.673828125 0.5138888888888888
2 0.849609375 0.3923611111111111 0.859375 0.375 0.87109375 0.3611111111111111 0.873046875 0.3402777777777778 0.87890625 0.3298611111111111 0.892578125 0.3298611111111111 0.900390625 0.3472222222222222 0.900390625 0.3680555555555556 0.89453125 0.3888888888888889 0.888671875 0.3993055555555556 0.888671875 0.40625 0.88671875 0.4097222222222222 0.888671875 0.4166666666666667 0.88671875 0.4201388888888889 0.8671875 0.4201388888888889 0.861328125 0.4097222222222222 0.85546875 0.40625 0.8515625 0.3958333333333333
2 0.71484375 0.3993055555555556 0.71875 0.4236111111111111 0.72265625 0.4305555555555556 0.73046875 0.4340277777777778 0.736328125 0.4409722222222222 0.74609375 0.4583333333333333 0.75390625 0.4791666666666667 0.775390625 0.5173611111111112 0.779296875 0.5347222222222222 0.796875 0.5625 0.796875 0.5659722222222222 0.791015625 0.5763888888888888 0.791015625 0.5833333333333334 0.787109375 0.59375 0.787109375 0.6145833333333334 0.802734375 0.6493055555555556 0.810546875 0.6840277777777778 0.81640625 0.6944444444444444 0.8203125 0.7083333333333334 0.8203125 0.7222222222222222 0.818359375 0.7256944444444444 0.810546875 0.7256944444444444 0.8046875 0.6944444444444444 0.7890625 0.6701388888888888 0.78515625 0.65625 0.765625 0.6111111111111112 0.759765625 0.625 0.759765625 0.6354166666666666 0.77734375 0.6736111111111112 0.787109375 0.6805555555555556 0.787109375 0.6944444444444444 0.783203125 0.7048611111111112 0.783203125 0.7118055555555556 0.78125 0.7118055555555556 0.779296875 0.71875 0.7734375 0.7256944444444444 0.771484375 0.7256944444444444 0.771484375 0.71875 0.76953125 0.7152777777777778 0.76953125 0.6875 0.740234375 0.65625 0.740234375 0.6527777777777778 0.734375 0.6423611111111112 0.732421875 0.6354166666666666 0.732421875 0.6180555555555556 0.73828125 0.6111111111111112 0.7421875 0.6111111111111112 0.74609375 0.6041666666666666 0.74609375 0.5902777777777778 0.73828125 0.5729166666666666 0.736328125 0.5590277777777778 0.716796875 0.5208333333333334 0.712890625 0.5208333333333334 0.708984375 0.5277777777777778 0.69921875 0.5208333333333334 0.69921875 0.5 0.693359375 0.4791666666666667 0.6953125 0.4583333333333333 0.697265625 0.4548611111111111 0.693359375 0.4479166666666667 0.693359375 0.4375 0.689453125 0.4236111111111111 0.689453125 0.4097222222222222 0.693359375 0.3993055555555556 0.69921875 0.3923611111111111 0.708984375 0.3923611111111111 0.712890625 0.3993055555555556
2 0.876953125 0.3333333333333333 0.880859375 0.3298611111111111 0.890625 0.3298611111111111 0.89453125 0.3333333333333333 0.900390625 0.3472222222222222 0.900390625 0.3680555555555556 0.88671875 0.40625 0.88671875 0.4201388888888889 0.86328125 0.4201388888888889 0.86328125 0.4166666666666667 0.85546875 0.40625 0.8515625 0.4027777777777778 0.845703125 0.4027777777777778 0.83984375 0.4097222222222222 0.83203125 0.4270833333333333 0.83203125 0.4340277777777778 0.83984375 0.4618055555555556 0.84375 0.4652777777777778 0.84765625 0.4756944444444444 0.86328125 0.5 0.86328125 0.5243055555555556 0.859375 0.53125 0.85546875 0.53125 0.853515625 0.5347222222222222 0.84375 0.5381944444444444 0.837890625 0.5451388888888888 0.83203125 0.5451388888888888 0.828125 0.5486111111111112 0.82421875 0.5555555555555556 0.82421875 0.5763888888888888 0.818359375 0.5763888888888888 0.814453125 0.5729166666666666 0.80859375 0.5555555555555556 0.80859375 0.5520833333333334 0.81640625 0.5381944444444444 0.814453125 0.5347222222222222 0.802734375 0.5347222222222222 0.80078125 0.53125 0.80078125 0.5243055555555556 0.8046875 0.5173611111111112 0.80859375 0.5138888888888888 0.818359375 0.5138888888888888 0.826171875 0.5034722222222222 0.828125 0.4826388888888889 0.830078125 0.4791666666666667 0.83203125 0.4131944444444444 0.8359375 0.4027777777777778 0.841796875 0.3958333333333333 0.849609375 0.3923611111111111 0.859375 0.375 0.8671875 0.3680555555555556 0.87109375 0.3611111111111111 0.873046875 0.34375 0.876953125 0.3368055555555556
2 0.564453125 0.40625 0.572265625 0.4201388888888889 0.57421875 0.4305555555555556 0.568359375 0.4444444444444444 0.56640625 0.4618055555555556 0.537109375 0.5173611111111112 0.537109375 0.5243055555555556 0.53515625 0.5277777777777778 0.53515625 0.5451388888888888 0.533203125 0.5486111111111112 0.53515625 0.5590277777777778 0.533203125 0.5625 0.529296875 0.5590277777777778 0.5234375 0.5416666666666666 0.517578125 0.5416666666666666 0.509765625 0.5520833333333334 0.509765625 0.5625 0.525390625 0.5972222222222222 0.525390625 0.6076388888888888 0.51953125 0.6180555555555556 0.51171875 0.6215277777777778 0.49609375 0.6354166666666666 0.4921875 0.6423611111111112 0.48828125 0.6423611111111112 0.48046875 0.6493055555555556 0.451171875 0.6979166666666666 0.443359375 0.7222222222222222 0.453125 0.7395833333333334 0.453125 0.7430555555555556 0.4375 0.7430555555555556 0.435546875 0.7395833333333334 0.427734375 0.7395833333333334 0.421875 0.7291666666666666 0.421875 0.7256944444444444 0.423828125 0.71875 0.43359375 0.7048611111111112 0.435546875 0.6944444444444444 0.4453125 0.6770833333333334 0.451171875 0.6527777777777778 0.455078125 0.6493055555555556 0.46484375 0.6284722222222222 0.46484375 0.6145833333333334 0.462890625 0.6111111111111112 0.462890625 0.5798611111111112 0.4609375 0.5763888888888888 0.458984375 0.5451388888888888 0.45703125 0.5416666666666666 0.4609375 0.5173611111111112 0.47265625 0.4965277777777778 0.48046875 0.4930555555555556 0.494140625 0.4756944444444444 0.498046875 0.4652777777777778 0.5078125 0.4548611111111111 0.515625 0.4409722222222222 0.533203125 0.4375 0.537109375 0.4305555555555556 0.5390625 0.4131944444444444 0.54296875 0.40625 0.546875 0.4027777777777778 0.560546875 0.4027777777777778 0.5625 0.40625
2 0.861328125 0.4166666666666667 0.86328125 0.4236111111111111 0.88671875 0.4270833333333333 0.888671875 0.4305555555555556 0.892578125 0.4305555555555556 0.89453125 0.4270833333333333 0.8984375 0.4305555555555556 0.908203125 0.4305555555555556 0.9140625 0.4375 0.9296875 0.4444444444444444 0.93359375 0.4513888888888889 0.939453125 0.4722222222222222 0.94140625 0.4930555555555556 0.94921875 0.5104166666666666 0.9453125 0.5138888888888888 0.935546875 0.4965277777777778 0.931640625 0.5034722222222222 0.9296875 0.53125 0.923828125 0.5520833333333334 0.9296875 0.5625 0.93359375 0.5625 0.939453125 0.5694444444444444 0.947265625 0.5902777777777778 0.96484375 0.6145833333333334 0.96484375 0.625 0.962890625 0.6284722222222222 0.93359375 0.6284722222222222 0.931640625 0.6319444444444444 0.9296875 0.6319444444444444 0.9296875 0.6215277777777778 0.931640625 0.6180555555555556 0.931640625 0.5972222222222222 0.892578125 0.5486111111111112 0.888671875 0.5486111111111112 0.88671875 0.5520833333333334 0.88671875 0.59375 0.880859375 0.6006944444444444 0.87109375 0.6006944444444444 0.8671875 0.5868055555555556 0.8671875 0.5034722222222222 0.86328125 0.4895833333333333 0.841796875 0.4548611111111111 0.83984375 0.4479166666666667 0.83984375 0.4375 0.837890625 0.4340277777777778 0.83984375 0.4201388888888889 0.849609375 0.4097222222222222 0.85546875 0.4097222222222222 0.859375 0.4166666666666667
2 0.8359375 0.3993055555555556 0.83984375 0.3958333333333333 0.849609375 0.3958333333333333 0.853515625 0.4027777777777778 0.853515625 0.40625 0.84375 0.4097222222222222 0.833984375 0.4305555555555556 0.83984375 0.4583333333333333 0.845703125 0.4652777777777778 0.859375 0.4930555555555556 0.861328125 0.4930555555555556 0.86328125 0.5 0.86328125 0.5243055555555556 0.85546875 0.5347222222222222 0.849609375 0.5347222222222222 0.837890625 0.5451388888888888 0.828125 0.5486111111111112 0.82421875 0.5555555555555556 0.82421875 0.5763888888888888 0.818359375 0.5763888888888888 0.814453125 0.5729166666666666 0.80859375 0.5590277777777778 0.80859375 0.5520833333333334 0.81640625 0.5381944444444444 0.814453125 0.5347222222222222 0.80078125 0.5347222222222222 0.80078125 0.5208333333333334 0.8046875 0.5138888888888888 0.814453125 0.5138888888888888 0.82421875 0.5069444444444444 0.82421875 0.5 0.830078125 0.4756944444444444 0.830078125 0.4652777777777778 0.828125 0.4618055555555556 0.828125 0.4375 0.83203125 0.4236111111111111 0.83203125 0.4131944444444444 0.8359375 0.4027777777777778
2 0.10546875 0.3819444444444444 0.1171875 0.3923611111111111 0.119140625 0.3993055555555556 0.119140625 0.4097222222222222 0.12109375 0.4131944444444444 0.12109375 0.4305555555555556 0.119140625 0.4340277777777778 0.119140625 0.4409722222222222 0.11328125 0.4479166666666667 0.109375 0.4479166666666667 0.103515625 0.4583333333333333 0.103515625 0.4652777777777778 0.099609375 0.4791666666666667 0.091796875 0.4930555555555556 0.08984375 0.5208333333333334 0.095703125 0.5416666666666666 0.11328125 0.5555555555555556 0.115234375 0.5625 0.115234375 0.5729166666666666 0.107421875 0.5729166666666666 0.09765625 0.5590277777777778 0.091796875 0.5590277777777778 0.08203125 0.5520833333333334 0.080078125 0.5555555555555556 0.0859375 0.5625 0.095703125 0.5833333333333334 0.095703125 0.59375 0.08203125 0.6284722222222222 0.07421875 0.6423611111111112 0.07421875 0.6458333333333334 0.06640625 0.65625 0.06640625 0.6770833333333334 0.068359375 0.6805555555555556 0.068359375 0.6875 0.0546875 0.6875 0.046875 0.6805555555555556 0.046875 0.6701388888888888 0.05078125 0.6597222222222222 0.05859375 0.6493055555555556 0.068359375 0.6111111111111112 0.07421875 0.6006944444444444 0.06640625 0.5902777777777778 0.060546875 0.5902777777777778 0.05859375 0.59375 0.05859375 0.6076388888888888 0.05078125 0.6284722222222222 0.046875 0.6319444444444444 0.041015625 0.6423611111111112 0.041015625 0.6458333333333334 0.03125 0.65625 0.025390625 0.6666666666666666 0.025390625 0.6701388888888888 0.015625 0.6805555555555556 0.013671875 0.6909722222222222 0.01953125 0.7013888888888888 0.0234375 0.7013888888888888 0.0234375 0.7048611111111112 0.01953125 0.7048611111111112 0.017578125 0.7083333333333334 0 0.7048611111111112 0 0.6805555555555556 0.001953125 0.6805555555555556 0.01171875 0.6631944444444444 0.013671875 0.6527777777777778 0.02734375 0.6284722222222222 0.02734375 0.625 0.029296875 0.625 0.03515625 0.6145833333333334 0.037109375 0.6041666666666666 0.029296875 0.5694444444444444 0.0234375 0.5590277777777778 0.015625 0.5520833333333334 0.01171875 0.5416666666666666 0.013671875 0.5381944444444444 0.01953125 0.5381944444444444 0.02734375 0.5173611111111112 0.037109375 0.5034722222222222 0.0390625 0.4895833333333333 0.052734375 0.4652777777777778 0.064453125 0.4513888888888889 0.0703125 0.4375 0.080078125 0.4305555555555556 0.0859375 0.4201388888888889 0.0859375 0.3923611111111111 0.087890625 0.3888888888888889 0.09765625 0.3819444444444444 0.103515625 0.3819444444444444
2 0.384765625 0.5972222222222222 0.396484375 0.6076388888888888 0.408203125 0.6076388888888888 0.41015625 0.6111111111111112 0.40625 0.6284722222222222 0.396484375 0.6493055555555556 0.388671875 0.6701388888888888 0.384765625 0.6875 0.380859375 0.6944444444444444 0.380859375 0.7083333333333334 0.38671875 0.71875 0.39453125 0.7222222222222222 0.396484375 0.7256944444444444 0.39453125 0.7326388888888888 0.38671875 0.7326388888888888 0.3828125 0.7256944444444444 0.380859375 0.7083333333333334 0.36328125 0.6736111111111112 0.365234375 0.6666666666666666 0.373046875 0.6597222222222222 0.37890625 0.6597222222222222 0.380859375 0.65625 0.380859375 0.6493055555555556 0.376953125 0.6423611111111112 0.373046875 0.6423611111111112 0.375 0.6354166666666666 0.373046875 0.6284722222222222 0.359375 0.6284722222222222 0.359375 0.625 0.361328125 0.625 0.3671875 0.6145833333333334 0.3671875 0.6111111111111112 0.369140625 0.6111111111111112 0.376953125 0.5972222222222222 0.3828125 0.5972222222222222
2 0.171875 0.3993055555555556 0.173828125 0.3993055555555556 0.1875 0.375 0.197265625 0.3680555555555556 0.20703125 0.3541666666666667 0.20703125 0.3368055555555556 0.212890625 0.3229166666666667 0.216796875 0.3194444444444444 0.23046875 0.3194444444444444 0.236328125 0.3298611111111111 0.236328125 0.3576388888888889 0.23046875 0.375 0.23046875 0.3854166666666667 0.2265625 0.3993055555555556 0.232421875 0.4236111111111111 0.236328125 0.4305555555555556 0.240234375 0.4305555555555556 0.2421875 0.4340277777777778 0.259765625 0.4375 0.265625 0.4270833333333333 0.265625 0.4166666666666667 0.271484375 0.4097222222222222 0.283203125 0.4270833333333333 0.283203125 0.4340277777777778 0.28515625 0.4375 0.283203125 0.4409722222222222 0.283203125 0.4479166666666667 0.279296875 0.4513888888888889 0.2734375 0.4513888888888889 0.271484375 0.4479166666666667 0.23828125 0.4513888888888889 0.220703125 0.4340277777777778 0.2109375 0.4340277777777778 0.205078125 0.4409722222222222 0.19921875 0.4548611111111111 0.19921875 0.4618055555555556 0.203125 0.46875 0.20703125 0.4895833333333333 0.220703125 0.5173611111111112 0.2265625 0.5381944444444444 0.2265625 0.5451388888888888 0.224609375 0.5486111111111112 0.224609375 0.5763888888888888 0.22265625 0.5798611111111112 0.22265625 0.6041666666666666 0.220703125 0.6076388888888888 0.220703125 0.6284722222222222 0.23046875 0.6458333333333334 0.236328125 0.6493055555555556 0.234375 0.65625 0.2265625 0.65625 0.220703125 0.6493055555555556 0.20703125 0.6493055555555556 0.20703125 0.6354166666666666 0.208984375 0.6319444444444444 0.208984375 0.5520833333333334 0.205078125 0.5416666666666666 0.185546875 0.5208333333333334 0.181640625 0.5208333333333334 0.1796875 0.5243055555555556 0.181640625 0.5277777777777778 0.181640625 0.5416666666666666 0.18359375 0.5451388888888888 0.181640625 0.5486111111111112 0.181640625 0.5590277777777778 0.177734375 0.5694444444444444 0.158203125 0.5972222222222222 0.15625 0.5972222222222222 0.1484375 0.6111111111111112 0.14453125 0.6215277777777778 0.14453125 0.6319444444444444 0.142578125 0.6354166666666666 0.14453125 0.6388888888888888 0.14453125 0.6493055555555556 0.142578125 0.6527777777777778 0.134765625 0.6527777777777778 0.130859375 0.6458333333333334 0.1328125 0.6145833333333334 0.14453125 0.5902777777777778 0.1484375 0.5763888888888888 0.16015625 0.5590277777777778 0.16015625 0.5347222222222222 0.15625 0.5243055555555556 0.154296875 0.5 0.15234375 0.4965277777777778 0.15234375 0.4583333333333333 0.171875 0.4027777777777778
2 0.5135416666666667 0.4444444444444444 0.046875 0.05
2 0.771484375 0.2951388888888889 0.775390625 0.2986111111111111 0.779296875 0.3125 0.779296875 0.3298611111111111 0.775390625 0.34375 0.775390625 0.3506944444444444 0.77734375 0.3541666666666667 0.77734375 0.3784722222222222 0.779296875 0.3819444444444444 0.787109375 0.3611111111111111 0.791015625 0.3611111111111111 0.79296875 0.3645833333333333 0.79296875 0.375 0.791015625 0.3819444444444444 0.775390625 0.40625 0.771484375 0.4097222222222222 0.76171875 0.4097222222222222 0.759765625 0.4131944444444444 0.755859375 0.4131944444444444 0.748046875 0.40625 0.7421875 0.3958333333333333 0.740234375 0.3888888888888889 0.740234375 0.3784722222222222 0.73828125 0.375 0.73828125 0.3506944444444444 0.740234375 0.3472222222222222 0.740234375 0.3368055555555556 0.7421875 0.3298611111111111 0.751953125 0.3159722222222222 0.75390625 0.3055555555555556 0.759765625 0.2951388888888889 0.76953125 0.2951388888888889
2 0.681640625 0.3506944444444444 0.6875 0.3576388888888889 0.69921875 0.3576388888888889 0.703125 0.3715277777777778 0.703125 0.3854166666666667 0.6953125 0.3888888888888889 0.685546875 0.4097222222222222 0.685546875 0.4236111111111111 0.689453125 0.4340277777777778 0.689453125 0.4652777777777778 0.685546875 0.4652777777777778 0.68359375 0.46875 0.681640625 0.4652777777777778 0.673828125 0.4652777777777778 0.669921875 0.46875 0.666015625 0.4791666666666667 0.66796875 0.4895833333333333 0.67578125 0.5 0.67578125 0.5104166666666666 0.673828125 0.5138888888888888 0.671875 0.5138888888888888 0.6640625 0.5 0.65625 0.5034722222222222 0.650390625 0.4930555555555556 0.64453125 0.4895833333333333 0.62890625 0.46875 0.625 0.46875 0.623046875 0.4652777777777778 0.623046875 0.4583333333333333 0.62890625 0.4479166666666667 0.6328125 0.4340277777777778 0.6328125 0.4097222222222222 0.640625 0.3958333333333333 0.64453125 0.3993055555555556 0.646484375 0.3958333333333333 0.654296875 0.3958333333333333 0.658203125 0.3888888888888889 0.658203125 0.3680555555555556 0.666015625 0.3541666666666667 0.6796875 0.3506944444444444
2 0.61328125 0.3680555555555556 0.615234375 0.3715277777777778 0.623046875 0.3715277777777778 0.626953125 0.375 0.630859375 0.3993055555555556 0.62890625 0.4027777777777778 0.626953125 0.4340277777777778 0.62109375 0.4375 0.615234375 0.4479166666666667 0.61328125 0.4479166666666667 0.611328125 0.4513888888888889 0.611328125 0.4618055555555556 0.599609375 0.4791666666666667 0.595703125 0.4930555555555556 0.595703125 0.5243055555555556 0.6015625 0.5451388888888888 0.62109375 0.5763888888888888 0.625 0.5902777777777778 0.625 0.6076388888888888 0.619140625 0.6180555555555556 0.6171875 0.6180555555555556 0.609375 0.6006944444444444 0.609375 0.59375 0.59375 0.5659722222222222 0.58984375 0.5659722222222222 0.5859375 0.5763888888888888 0.5859375 0.59375 0.58203125 0.6076388888888888 0.55859375 0.6666666666666666 0.560546875 0.6805555555555556 0.56640625 0.6875 0.568359375 0.6944444444444444 0.560546875 0.6944444444444444 0.55859375 0.6979166666666666 0.54296875 0.6979166666666666 0.541015625 0.7048611111111112 0.537109375 0.7083333333333334 0.529296875 0.7013888888888888 0.52734375 0.6944444444444444 0.513671875 0.6736111111111112 0.513671875 0.6631944444444444 0.51953125 0.6527777777777778 0.525390625 0.6493055555555556 0.529296875 0.6388888888888888 0.537109375 0.6284722222222222 0.544921875 0.6076388888888888 0.5546875 0.59375 0.548828125 0.5833333333333334 0.5390625 0.5763888888888888 0.533203125 0.5659722222222222 0.533203125 0.5451388888888888 0.54296875 0.5104166666666666 0.56640625 0.46875 0.5703125 0.4548611111111111 0.5703125 0.4479166666666667 0.576171875 0.4340277777777778 0.576171875 0.4236111111111111 0.58203125 0.4166666666666667 0.591796875 0.4131944444444444 0.59375 0.4097222222222222 0.59375 0.3993055555555556 0.591796875 0.3923611111111111 0.599609375 0.3784722222222222 0.607421875 0.3715277777777778 0.611328125 0.3715277777777778
2 0.625 0.46875 0.638671875 0.4861111111111111 0.638671875 0.5034722222222222 0.646484375 0.5138888888888888 0.66015625 0.5138888888888888 0.662109375 0.5173611111111112 0.671875 0.5173611111111112 0.673828125 0.5208333333333334 0.693359375 0.5208333333333334 0.6953125 0.5243055555555556 0.69921875 0.5243055555555556 0.708984375 0.5381944444444444 0.716796875 0.5416666666666666 0.732421875 0.5694444444444444 0.734375 0.5694444444444444 0.73828125 0.5833333333333334 0.744140625 0.59375 0.744140625 0.6006944444444444 0.7421875 0.6041666666666666 0.734375 0.6111111111111112 0.734375 0.6076388888888888 0.73046875 0.6041666666666666 0.724609375 0.6145833333333334 0.720703125 0.6319444444444444 0.716796875 0.6388888888888888 0.71484375 0.6527777777777778 0.708984375 0.6631944444444444 0.70703125 0.6736111111111112 0.7109375 0.6805555555555556 0.716796875 0.6805555555555556 0.72265625 0.6875 0.7265625 0.6875 0.734375 0.6944444444444444 0.73828125 0.7013888888888888 0.755859375 0.7152777777777778 0.76171875 0.7256944444444444 0.763671875 0.7256944444444444 0.76953125 0.7395833333333334 0.76953125 0.7569444444444444 0.767578125 0.7604166666666666 0.767578125 0.7673611111111112 0.76171875 0.7777777777777778 0.759765625 0.7743055555555556 0.755859375 0.7743055555555556 0.75390625 0.7708333333333334 0.75390625 0.75 0.75 0.7361111111111112 0.744140625 0.7256944444444444 0.740234375 0.7256944444444444 0.732421875 0.71875 0.724609375 0.71875 0.72265625 0.7152777777777778 0.7109375 0.7118055555555556 0.703125 0.7048611111111112 0.697265625 0.7048611111111112 0.689453125 0.6979166666666666 0.685546875 0.6805555555555556 0.685546875 0.6527777777777778 0.681640625 0.6493055555555556 0.671875 0.6631944444444444 0.671875 0.6770833333333334 0.677734375 0.6944444444444444 0.677734375 0.7013888888888888 0.681640625 0.7083333333333334 0.68359375 0.7326388888888888 0.6953125 0.7743055555555556 0.6953125 0.7847222222222222 0.693359375 0.7881944444444444 0.6640625 0.7881944444444444 0.662109375 0.7847222222222222 0.658203125 0.7847222222222222 0.673828125 0.7673611111111112 0.67578125 0.7604166666666666 0.67578125 0.7465277777777778 0.671875 0.7395833333333334 0.66796875 0.7222222222222222 0.654296875 0.6909722222222222 0.65234375 0.6909722222222222 0.64453125 0.7083333333333334 0.640625 0.7083333333333334 0.640625 0.6944444444444444 0.650390625 0.6597222222222222 0.650390625 0.6458333333333334 0.6484375 0.6423611111111112 0.64453125 0.6493055555555556 0.642578125 0.6597222222222222 0.630859375 0.6909722222222222 0.630859375 0.7118055555555556 0.62109375 0.7118055555555556 0.62109375 0.7048611111111112 0.623046875 0.7013888888888888 0.623046875 0.6840277777777778 0.626953125 0.6701388888888888 0.62890625 0.6354166666666666 0.6328125 0.6284722222222222 0.6328125 0.6215277777777778 0.634765625 0.6180555555555556 0.634765625 0.5833333333333334 0.6328125 0.5798611111111112 0.6328125 0.5694444444444444 0.62109375 0.5451388888888888 0.6171875 0.5451388888888888 0.615234375 0.5486111111111112 0.609375 0.5486111111111112 0.60546875 0.5451388888888888 0.6015625 0.5347222222222222 0.599609375 0.5104166666666666 0.59765625 0.5069444444444444 0.599609375 0.5034722222222222 0.599609375 0.4930555555555556 0.6015625 0.4861111111111111 0.609375 0.4722222222222222 0.623046875 0.46875
2 0.640625 0.3958333333333333 0.642578125 0.3958333333333333 0.640625 0.4027777777777778 0.63671875 0.4027777777777778 0.634765625 0.40625 0.6328125 0.4131944444444444 0.6328125 0.4236111111111111 0.630859375 0.4270833333333333 0.630859375 0.4375 0.623046875 0.4583333333333333 0.6171875 0.4652777777777778 0.609375 0.4652777777777778 0.609375 0.4548611111111111 0.6171875 0.4375 0.625 0.4375 0.62890625 0.4305555555555556 0.62890625 0.4201388888888889 0.6328125 0.4027777777777778 0.638671875 0.3993055555555556
2 0.681640625 0.3506944444444444 0.6875 0.3576388888888889 0.697265625 0.3576388888888889 0.703125 0.3715277777777778 0.703125 0.3854166666666667 0.6953125 0.3888888888888889 0.685546875 0.4097222222222222 0.685546875 0.4270833333333333 0.689453125 0.4375 0.689453125 0.4618055555555556 0.677734375 0.4583333333333333 0.671875 0.4652777777777778 0.669921875 0.4618055555555556 0.666015625 0.46875 0.666015625 0.4861111111111111 0.67578125 0.5 0.67578125 0.5104166666666666 0.671875 0.5104166666666666 0.662109375 0.4965277777777778 0.654296875 0.4965277777777778 0.650390625 0.4930555555555556 0.64453125 0.4826388888888889 0.638671875 0.4791666666666667 0.634765625 0.4722222222222222 0.626953125 0.4652777777777778 0.623046875 0.4652777777777778 0.623046875 0.4583333333333333 0.630859375 0.4409722222222222 0.630859375 0.4201388888888889 0.634765625 0.4027777777777778 0.642578125 0.3958333333333333 0.64453125 0.3888888888888889 0.650390625 0.3888888888888889 0.654296875 0.3923611111111111 0.65625 0.3888888888888889 0.65625 0.375 0.658203125 0.3680555555555556 0.666015625 0.3541666666666667 0.669921875 0.3506944444444444 0.6796875 0.3506944444444444
2 0.400390625 0.4652777777777778 0.408203125 0.4861111111111111 0.41015625 0.5277777777777778 0.404296875 0.5347222222222222 0.400390625 0.5347222222222222 0.39453125 0.5451388888888888 0.396484375 0.5590277777777778 0.404296875 0.5729166666666666 0.408203125 0.5729166666666666 0.412109375 0.5659722222222222 0.423828125 0.5659722222222222 0.42578125 0.5694444444444444 0.4296875 0.5694444444444444 0.431640625 0.5729166666666666 0.431640625 0.5798611111111112 0.427734375 0.5798611111111112 0.423828125 0.5902777777777778 0.404296875 0.6076388888888888 0.396484375 0.6041666666666666 0.38671875 0.59375 0.376953125 0.59375 0.373046875 0.5972222222222222 0.37109375 0.6041666666666666 0.369140625 0.6041666666666666 0.36328125 0.6145833333333334 0.36328125 0.6180555555555556 0.357421875 0.625 0.359375 0.6319444444444444 0.37109375 0.6319444444444444 0.373046875 0.6388888888888888 0.37890625 0.6458333333333334 0.37890625 0.65625 0.373046875 0.65625 0.37109375 0.6631944444444444 0.36328125 0.6736111111111112 0.36328125 0.6770833333333334 0.376953125 0.7048611111111112 0.376953125 0.7118055555555556 0.380859375 0.71875 0.3828125 0.7326388888888888 0.380859375 0.7361111111111112 0.380859375 0.7430555555555556 0.375 0.7534722222222222 0.357421875 0.7708333333333334 0.34765625 0.7847222222222222 0.34375 0.7847222222222222 0.328125 0.8055555555555556 0.330078125 0.8263888888888888 0.3359375 0.8402777777777778 0.333984375 0.84375 0.32421875 0.84375 0.3203125 0.8402777777777778 0.3203125 0.8368055555555556 0.314453125 0.8263888888888888 0.30859375 0.8229166666666666 0.3046875 0.8159722222222222 0.3046875 0.8090277777777778 0.306640625 0.8020833333333334 0.322265625 0.7881944444444444 0.330078125 0.7743055555555556 0.330078125 0.7708333333333334 0.333984375 0.7708333333333334 0.3359375 0.7673611111111112 0.337890625 0.7465277777777778 0.34375 0.7430555555555556 0.349609375 0.7326388888888888 0.349609375 0.7291666666666666 0.345703125 0.71875 0.341796875 0.71875 0.333984375 0.7118055555555556 0.328125 0.7013888888888888 0.318359375 0.6909722222222222 0.3125 0.6979166666666666 0.298828125 0.7222222222222222 0.298828125 0.7256944444444444 0.287109375 0.7395833333333334 0.279296875 0.7430555555555556 0.271484375 0.7534722222222222 0.26171875 0.7604166666666666 0.2578125 0.7673611111111112 0.25 0.7708333333333334 0.24609375 0.7777777777777778 0.232421875 0.7881944444444444 0.224609375 0.8055555555555556 0.224609375 0.8194444444444444 0.23046875 0.8298611111111112 0.21875 0.8298611111111112 0.2109375 0.8229166666666666 0.208984375 0.8159722222222222 0.203125 0.8090277777777778 0.203125 0.7916666666666666 0.2109375 0.7847222222222222 0.21484375 0.7847222222222222 0.21875 0.7777777777777778 0.228515625 0.7708333333333334 0.25 0.7395833333333334 0.265625 0.7256944444444444 0.27734375 0.7048611111111112 0.28515625 0.6770833333333334 0.279296875 0.6597222222222222 0.279296875 0.6527777777777778 0.296875 0.6284722222222222 0.296875 0.6215277777777778 0.306640625 0.5972222222222222 0.310546875 0.59375 0.31640625 0.59375 0.3203125 0.5868055555555556 0.3203125 0.5659722222222222 0.328125 0.5520833333333334 0.33203125 0.5520833333333334 0.33984375 0.5416666666666666 0.345703125 0.5381944444444444 0.34765625 0.53125 0.359375 0.5138888888888888 0.36328125 0.5138888888888888 0.369140625 0.5034722222222222 0.369140625 0.4861111111111111 0.373046875 0.4722222222222222 0.38671875 0.4618055555555556 0.396484375 0.4618055555555556 0.3984375 0.4652777777777778
2 0.998046875 0.3958333333333333 0.998046875 0.46875 0.994140625 0.46875 0.98828125 0.4548611111111111 0.98828125 0.4270833333333333 0.990234375 0.4236111111111111 0.9921875 0.40625 0.99609375 0.3993055555555556
2 0.7265625 0.3506944444444444 0.73046875 0.3541666666666667 0.73046875 0.3645833333333333 0.736328125 0.3854166666666667 0.736328125 0.3923611111111111 0.759765625 0.4270833333333333 0.76953125 0.4375 0.7734375 0.4479166666666667 0.787109375 0.4652777777777778 0.79296875 0.46875 0.798828125 0.4826388888888889 0.798828125 0.4895833333333333 0.80078125 0.4930555555555556 0.798828125 0.5 0.798828125 0.5208333333333334 0.796875 0.5243055555555556 0.796875 0.5381944444444444 0.79296875 0.5486111111111112 0.787109375 0.5451388888888888 0.78125 0.5347222222222222 0.78125 0.5277777777777778 0.77734375 0.5138888888888888 0.7734375 0.5104166666666666 0.76953125 0.5 0.755859375 0.4791666666666667 0.748046875 0.4583333333333333 0.736328125 0.4375 0.72265625 0.4270833333333333 0.71875 0.4131944444444444 0.71875 0.4027777777777778 0.7109375 0.3888888888888889 0.7109375 0.3784722222222222 0.712890625 0.375 0.708984375 0.3645833333333333 0.708984375 0.3576388888888889 0.716796875 0.3472222222222222 0.724609375 0.3506944444444444